                       ESOI    ATHN    MXCO    ROME    AATB    LMKS    DRBS    MOSC    NEWK    KIEL    KERG    CALG    OULU    APTY    FSMT    INVK    NAIN    PWNK    THUL    SOPB    SOPO    TERA
2003-10-29 01:10:00;161.682; 51.530;205.333;119.553;1319.740;394.930;   null;200.100; 84.946;152.617;198.175;291.893; 98.992;155.880;196.222;174.666;191.754;193.538;109.684; 46.534;263.344;103.422
2003-10-29 01:15:00;162.184; 51.157;205.300;121.207;1308.300;398.090;101.338;198.022; 85.390;150.690;198.214;293.295; 96.849;155.160;194.822;173.456;191.782;192.536;111.186; 46.610;263.576;103.713
2003-10-29 01:20:00;161.018; 50.907;204.767;120.297;1318.140;392.087;   null;201.482; 86.402;152.190;196.205;293.354; 95.153;155.380;192.848;176.010;191.690;193.554;109.794; 46.050;263.256;102.701
2003-10-29 01:25:00;162.046; 51.397;201.267;120.990;1313.400;391.703;   null;201.546; 86.156;152.610;196.206;291.463; 95.543;156.200;193.856;173.466;190.170;192.996;110.684; 46.816;261.130;100.840
2003-10-29 01:30:00;161.394; 52.117;205.167;119.607;1322.900;395.687;101.736;200.062; 85.722;152.683;197.715;291.362; 96.526;154.220;194.714;173.310;191.104;192.164;110.336; 45.952;261.708;104.253
2003-10-29 01:35:00;163.620; 53.207;204.067;121.293;1318.460;395.850;   null;201.590; 86.584;152.123;197.383;293.204; 97.339;155.260;193.974;174.368;190.400;191.470;111.500; 46.462;261.644;102.060
2003-10-29 01:40:00;160.634; 52.190;201.500;121.990;1319.680;396.323;   null;203.752; 85.742;153.810;197.217;291.092; 98.148;154.800;193.336;172.928;188.770;191.576;111.124; 46.672;260.798;103.865
2003-10-29 01:45:00;162.078; 52.520;203.633;120.480;1321.040;398.063; 99.831;201.564; 85.452;153.217;196.424;288.509; 97.427;156.020;191.858;172.068;188.820;192.258;110.958; 46.512;261.936;102.371
2003-10-29 01:50:00;159.272; 51.010;203.000;122.893;1317.100;397.533;   null;201.020; 86.172;152.407;195.673;291.150; 95.465;154.780;194.548;173.824;189.342;190.946;111.158; 46.444;260.882;104.307
2003-10-29 01:55:00;161.758; 51.173;200.133;120.617;1316.840;396.687;   null;199.940; 86.648;149.973;197.937;291.737; 95.948;155.000;192.666;173.062;188.396;191.434;109.854; 46.144;261.088;104.229
2003-10-29 02:00:00;162.274; 52.650;203.867;121.293;1312.760;395.980;101.615;202.230; 85.214;151.447;196.664;290.629; 96.686;156.820;192.714;173.166;188.138;191.660;110.036; 46.172;261.830;103.136
2003-10-29 02:05:00;160.784; 52.027;204.300;121.340;1314.580;397.017;   null;197.058; 85.616;152.323;194.768;285.484; 96.427;156.000;194.792;174.406;188.924;192.072;111.238; 46.016;261.120;102.341
2003-10-29 02:10:00;160.944; 51.653;204.567;120.913;1320.520;398.174;   null;200.304; 86.950;153.626;198.723;289.853; 95.337;157.040;191.572;172.930;188.502;191.086;109.790; 46.138;262.380;103.325
2003-10-29 02:15:00;160.094; 53.023;203.900;118.933;1316.380;395.363; 99.986;201.734; 85.256;151.690;197.281;289.085; 97.769;157.420;191.124;171.874;191.886;191.238;109.178; 46.518;262.764;102.706
2003-10-29 02:20:00;162.712; 53.320;202.767;120.460;1316.440;396.660;   null;199.738; 85.808;150.990;196.463;292.835; 96.479;156.140;192.830;173.134;188.192;193.332;109.978; 46.402;260.316;102.629
2003-10-29 02:25:00;163.258; 53.210;205.067;119.857;1313.080;394.250;   null;199.260; 87.414;153.287;196.463;288.674; 95.346;155.520;193.650;173.132;191.192;191.464;109.860; 46.000;263.282;104.155
2003-10-29 02:30:00;162.392; 52.897;203.600;120.620;1323.640;390.063;100.991;199.956; 85.336;150.957;196.791;289.677; 98.099;154.700;191.638;174.504;189.192;194.112;110.532; 46.840;261.578;102.242
2003-10-29 02:35:00;162.248; 52.843;201.133;120.677;1319.780;394.487;   null;200.736; 85.094;154.553;195.543;290.607; 96.582;153.740;192.582;172.490;191.670;192.828;110.456; 46.086;260.798;103.015
2003-10-29 02:40:00;160.446; 52.093;202.867;120.433;1319.060;394.330;   null;198.792; 84.510;151.313;198.219;287.507; 95.773;155.660;193.466;173.476;187.858;192.012;109.916; 45.800;261.582;103.325
2003-10-29 02:45:00;164.124; 51.190;203.033;120.860;1324.260;396.920;100.346;198.678; 84.598;154.280;196.525;288.534; 95.767;156.900;193.852;171.516;189.666;191.382;109.060; 45.232;262.588;104.562
2003-10-29 02:50:00;160.768; 51.120;203.233;118.737;1328.180;396.880;   null;199.180; 86.560;154.960;196.432;285.950; 97.317;155.540;192.528;171.484;188.682;191.364;110.816; 45.286;262.052;103.172
2003-10-29 02:55:00;160.682; 52.083;200.100;119.013;1328.880;392.843;   null;202.144; 86.060;151.720;197.633;287.420; 97.424;156.420;192.902;170.196;188.748;191.740;110.058; 46.264;260.958;102.224
2003-10-29 03:00:00;161.824; 52.637;204.867;121.330;1318.560;395.870;100.638;199.218; 87.388;154.123;198.501;289.537; 96.928;155.680;193.588;172.196;188.946;190.232;111.498; 46.236;260.182;102.728
2003-10-29 03:05:00;160.700; 51.970;205.767;119.467;1319.540;394.610;   null;200.234; 87.022;152.867;195.769;285.810; 97.834;155.060;193.282;171.586;188.396;192.276;110.226; 46.188;259.372;102.960
2003-10-29 03:10:00;162.734; 51.963;203.267;119.910;1323.000;394.540;   null;203.162; 85.722;152.677;196.310;288.926; 95.812;155.040;191.432;173.068;190.084;192.334;110.078; 45.850;263.778;102.706
2003-10-29 03:15:00;162.546; 52.487;203.633;119.317;1325.980;393.824; 99.668;201.718; 86.484;154.683;194.485;290.760; 97.282;156.460;191.348;174.544;188.838;193.784;109.938; 46.162;259.950;103.634
2003-10-29 03:20:00;163.620; 50.830;201.767;119.797;1319.240;397.057;   null;202.022; 85.998;152.533;196.970;287.403; 96.787;155.640;191.782;171.836;188.066;190.678;110.596; 45.578;262.864;102.010
2003-10-29 03:25:00;160.978; 51.047;204.400;120.147;1328.660;398.210;   null;203.008; 85.956;150.777;197.020;289.701; 96.386;156.840;190.122;172.096;191.822;192.024;110.220; 46.196;258.474;104.717
2003-10-29 03:30:00;160.962; 51.627;201.633;119.217;1328.160;394.367;100.319;202.112; 85.218;151.390;195.040;285.143; 97.339;155.240;191.416;174.452;189.560;193.660;111.308; 45.528;261.412;103.497
2003-10-29 03:35:00;163.624; 52.447;206.133;120.330;1336.120;395.187;   null;202.198; 86.580;152.173;193.898;285.554; 96.700;154.180;191.260;172.066;189.328;190.922;109.898; 46.462;258.338;102.723
2003-10-29 03:40:00;163.034; 52.093;203.167;120.433;1326.480;397.790;   null;201.318; 85.982;152.670;194.678;285.434; 97.041;154.720;191.344;171.422;187.864;191.728;109.916; 46.316;259.932;102.551
2003-10-29 03:45:00;162.204; 50.490;203.267;119.690;1328.780;395.350;101.299;200.662; 86.416;151.600;196.703;285.642; 96.299;154.320;191.942;172.390;185.984;191.944;110.622; 46.192;262.092;101.874
2003-10-29 03:50:00;162.060; 52.387;203.567;119.657;1330.040;396.120;   null;202.186; 84.932;153.047;196.409;287.113; 96.691;154.200;192.136;173.902;188.448;191.208;109.044; 45.930;260.820;101.757
2003-10-29 03:55:00;161.978; 51.387;202.133;120.193;1326.980;396.740;   null;200.564; 87.224;152.560;197.606;287.242; 97.187;154.140;188.900;174.334;188.694;192.790;109.046; 45.250;260.856;100.753
2003-10-29 04:00:00;162.994; 51.287;202.333;119.227;1326.000;390.493;101.729;200.156; 85.852;152.617;195.342;291.868; 99.008;156.160;190.724;172.218;191.992;192.956;108.820; 45.794;260.876;102.066
2003-10-29 04:05:00;162.886; 52.440;202.333;123.017;1329.480;397.313;   null;199.194; 86.020;152.080;196.610;290.483; 97.676;154.800;190.544;172.636;190.736;192.702;110.448; 45.902;260.224;103.380
2003-10-29 04:10:00;160.810; 51.870;202.800;121.260;1328.800;396.280;   null;202.004; 85.086;153.796;197.724;287.720; 95.365;154.540;191.360;172.552;189.488;191.546;109.636; 46.530;263.552; 99.903
2003-10-29 04:15:00;162.738; 52.703;201.267;120.023;1327.220;394.027;100.460;200.496; 86.604;154.497;198.342;285.094; 95.835;156.900;190.410;173.922;188.922;191.794;111.090; 45.862;259.900;102.066
2003-10-29 04:20:00;162.452; 51.013;203.333;122.627;1335.260;395.173;   null;199.418; 85.738;154.477;195.698;285.628; 95.862;153.840;190.916;173.114;189.516;192.478;110.246; 46.324;260.684;101.834
2003-10-29 04:25:00;165.742; 52.833;202.200;120.263;1319.120;395.170;   null;200.584; 85.518;150.773;197.182;285.894; 96.155;155.480;192.792;172.944;191.302;191.454;109.232; 45.856;259.210;100.521
2003-10-29 04:30:00;164.280; 50.460;202.233;118.500;1326.900;395.977;100.593;202.036; 86.178;151.650;197.059;286.251; 97.336;155.640;191.414;172.684;190.628;190.756;109.930; 45.406;259.006;102.066
2003-10-29 04:35:00;164.778; 51.763;205.467;120.340;1333.280;397.727;   null;200.084; 85.838;152.363;197.803;289.213; 97.385;155.000;191.228;170.508;190.672;190.680;110.060; 45.200;259.572;102.551
2003-10-29 04:40:00;162.814; 52.307;202.867;121.497;1333.460;399.637;   null;201.362; 85.852;154.380;197.717;286.609; 95.957;155.380;192.402;171.124;190.664;191.430;110.826; 46.274;260.174;101.778
2003-10-29 04:45:00;165.450; 51.880;203.133;121.953;1332.100;393.957;101.293;199.620; 85.148;150.980;196.108;286.668; 95.432;155.560;188.836;171.300;188.718;190.822;110.300; 46.078;261.152;101.391
2003-10-29 04:50:00;166.034; 53.607;203.633;122.217;1336.260;395.107;   null;200.520; 85.632;149.870;194.904;287.083; 96.065;153.040;189.812;172.508;189.642;193.022;110.178; 45.610;260.486;102.629
2003-10-29 04:55:00;165.994; 52.447;204.233;122.147;1329.000;396.043;   null;195.756; 86.178;152.193;198.181;283.381; 95.331;156.520;193.188;172.398;189.824;190.820;109.774; 45.194;262.670;102.125
2003-10-29 05:00:00;165.830; 52.630;204.933;120.690;1339.820;391.463; 99.986;200.974; 87.206;154.733;195.744;285.248; 96.014;155.180;190.884;174.800;190.074;192.458;111.106; 45.326;259.648;100.850
2003-10-29 05:05:00;165.230; 52.400;202.600;120.843;1333.140;396.330;   null;200.272; 85.672;152.373;196.293;284.122; 95.468;154.620;191.702;171.694;188.232;192.548;109.634; 45.660;260.904;103.537
2003-10-29 05:10:00;166.418; 52.257;203.567;121.873;1329.560;395.010;   null;200.182; 86.382;152.223;196.417;286.702; 95.422;155.880;190.408;170.018;190.496;192.288;109.800; 45.672;259.634;102.375
2003-10-29 05:15:00;163.666; 52.673;204.033;121.703;1325.220;396.220; 99.796;198.422; 85.162;151.467;198.434;285.574; 96.671;154.780;193.158;173.658;189.726;189.842;110.412; 46.020;260.796;102.045
2003-10-29 05:20:00;164.774; 53.267;204.033;122.780;1332.260;394.770;   null;199.874; 85.716;151.600;198.226;284.092; 96.407;156.380;190.870;170.542;191.094;192.948;110.008; 44.430;260.102;102.809
2003-10-29 05:25:00;164.272; 52.947;202.467;121.013;1331.400;393.750;   null;204.636; 86.102;152.933;195.424;287.626; 95.785;156.220;190.280;173.096;191.306;191.812;110.000; 45.408;258.588;100.726
2003-10-29 05:30:00;164.168; 52.933;203.333;121.613;1331.340;397.413;101.591;202.810; 86.076;153.957;195.257;285.012; 93.507;155.580;190.308;173.226;189.982;191.248;109.522; 45.048;261.062;102.114
2003-10-29 05:35:00;164.636; 54.370;202.300;120.883;1333.640;398.017;   null;203.020; 85.852;152.663;196.409;288.734; 95.579;154.740;192.150;171.250;189.460;190.144;109.998; 45.382;260.290;100.802
2003-10-29 05:40:00;165.662; 54.123;205.867;121.847;1336.180;398.610;   null;200.314; 86.470;152.237;197.476;282.898; 96.625;155.200;189.846;171.898;189.466;191.022;108.950; 46.010;259.574; 99.780
2003-10-29 05:45:00;165.616; 52.400;201.367;122.377;1332.080;403.983;102.450;201.048; 85.774;155.197;199.372;284.386; 96.504;154.480;190.312;172.720;191.652;191.178;108.458; 45.354;258.878;100.936
2003-10-29 05:50:00;165.794; 52.563;201.000;123.690;1335.760;401.893;   null;204.148; 84.968;157.240;198.302;286.591; 94.784;154.980;190.658;171.798;189.676;190.268;109.402; 45.354;259.756;100.551
2003-10-29 05:55:00;163.508; 53.733;204.867;123.663;1333.040;401.210;   null;204.300; 86.034;154.250;200.570;285.338; 95.674;154.920;190.012;172.594;189.592;192.762;111.088; 44.924;258.962;100.801
2003-10-29 06:00:00;165.616; 53.007;202.633;124.690;1322.560;400.580;102.805;203.766; 85.012;154.723;201.149;284.472; 97.597;156.740;190.972;172.610;190.926;191.996;109.534; 44.982;259.626;101.378
2003-10-29 06:05:00;165.040; 52.343;202.633;123.860;1336.180;404.247;   null;204.112; 86.428;153.313;197.801;284.139; 97.048;158.160;191.548;172.402;188.812;192.336;109.282; 45.156;256.166;100.550
2003-10-29 06:10:00;165.096; 53.107;202.867;122.760;1318.200;401.117;   null;205.654; 85.852;153.060;199.535;283.087; 97.788;156.480;193.278;169.614;189.842;193.694;110.200; 45.230;260.058;100.165
2003-10-29 06:15:00;164.282; 53.777;203.133;122.800;1321.440;397.447;101.995;203.882; 82.980;152.673;199.743;282.691; 97.225;156.720;191.976;170.686;188.100;192.786;111.630; 44.940;257.312;101.785
2003-10-29 06:20:00;164.082; 51.543;199.233;120.867;1315.780;396.827;   null;203.648; 81.084;156.757;198.635;279.603; 95.794;154.300;191.958;171.400;183.164;189.484;110.328; 44.036;250.506;100.551
2003-10-29 06:25:00;162.840; 52.843;200.533;121.307;1314.800;393.370;   null;203.362; 81.534;152.673;196.532;281.256; 98.394;156.680;191.064;170.590;185.294;188.444;110.246; 42.026;242.808;100.840
2003-10-29 06:30:00;161.712; 51.720;197.367;121.880;1300.240;393.763;100.114;203.348; 83.082;152.910;193.945;280.966; 96.773;155.080;188.912;171.490;186.198;189.128;109.082; 41.212;237.206; 96.100
2003-10-29 06:35:00;161.536; 52.340;196.400;120.673;1290.640;385.023;   null;200.360; 81.458;152.630;192.092;276.879; 97.118;155.340;190.082;170.058;186.156;187.704;109.294; 41.336;236.518; 94.522
2003-10-29 06:40:00;162.492; 51.547;195.633;119.020;1294.200;378.337;   null;193.692; 80.896;147.630;188.195;278.193; 94.148;152.780;184.926;169.906;183.654;186.056;107.096; 41.170;233.404; 96.081
2003-10-29 06:45:00;162.636; 52.383;197.067;118.790;1305.920;386.333; 97.950;196.028; 80.758;148.546;190.520;271.164; 94.005;148.400;181.540;166.226;181.728;182.852;103.192; 41.664;239.228; 95.832
2003-10-29 06:50:00;163.894; 51.730;196.733;120.387;1304.480;384.677;   null;196.750; 80.850;148.997;189.747;272.999; 91.863;146.340;183.832;163.098;184.852;184.516;104.362; 42.220;245.266; 98.451
2003-10-29 06:55:00;164.094; 53.183;198.733;120.833;1306.560;391.267;   null;197.196; 83.400;150.007;191.058;270.610; 91.253;149.100;182.552;162.420;184.068;185.888;104.728; 43.194;245.606;100.300
2003-10-29 07:00:00;166.908; 51.860;200.667;122.447;1307.580;391.497; 98.408;196.704; 83.262;147.540;191.838;273.839; 93.329;147.480;183.904;166.980;187.160;185.318;105.552; 43.138;247.288; 98.143
2003-10-29 07:05:00;164.594; 53.483;197.833;120.500;1312.060;390.540;   null;198.390; 84.006;147.980;189.909;271.114; 93.597;147.120;185.896;165.946;185.656;185.540;104.994; 43.594;246.442; 97.352
2003-10-29 07:10:00;176.888; 51.857;199.367;121.370;1314.740;391.527;   null;195.774; 83.466;148.486;189.784;270.355; 93.494;149.300;182.488;162.900;181.106;184.262;104.214; 42.262;246.196; 97.810
2003-10-29 07:15:00;164.320; 52.613;198.000;121.163;1314.080;387.960; 99.746;199.480; 82.874;146.663;192.249;272.635; 92.117;149.300;185.296;161.676;182.994;182.240;104.380; 42.642;248.166; 99.426
2003-10-29 07:20:00;162.802; 52.463;200.300;120.963;1321.420;388.407;   null;192.870; 84.142;148.433;192.660;272.316; 91.919;148.960;183.948;162.732;184.388;184.444;103.636; 43.086;247.242; 99.657
2003-10-29 07:25:00;165.750; 54.043;198.867;120.697;1319.900;388.703;   null;194.342; 82.188;150.420;191.515;269.746; 93.583;148.220;181.808;160.762;182.996;184.950;104.448; 42.562;246.846; 99.118
2003-10-29 07:30:00;165.350; 52.723;197.000;120.270;1322.300;389.933; 98.546;196.426; 82.960;150.520;191.620;271.877; 93.293;149.380;180.808;161.106;183.664;184.810;105.502; 43.130;245.150; 99.406
2003-10-29 07:35:00;165.188; 52.840;198.400;119.710;1308.320;386.120;   null;193.704; 84.186;148.220;194.401;270.857; 92.201;148.400;184.422;163.828;183.566;184.138;104.726; 42.410;244.940; 98.408
2003-10-29 07:40:00;163.364; 53.093;197.833;120.130;1306.980;386.230;   null;195.392; 83.618;149.090;191.910;274.237; 93.293;148.540;184.608;163.592;185.702;186.144;106.674; 43.392;246.676; 98.177
2003-10-29 07:45:00;162.884; 50.910;197.533;119.803;1301.740;384.360; 98.967;197.780; 83.340;150.773;192.896;274.371; 93.989;148.880;186.418;162.942;182.590;184.058;106.576; 42.386;245.510; 99.253
2003-10-29 07:50:00;164.680; 50.547;197.433;119.390;1300.560;388.707;   null;196.152; 83.812;150.087;192.200;270.650; 91.918;148.760;183.342;162.554;183.292;183.596;106.840; 42.588;244.824; 97.562
2003-10-29 07:55:00;165.198; 52.117;201.300;120.693;1308.540;389.677;   null;197.846; 83.172;152.103;189.794;269.822; 93.640;149.420;180.808;162.434;180.138;184.082;105.848; 42.478;245.208; 96.524
2003-10-29 08:00:00;163.628; 51.233;200.233;120.420;1299.240;388.533; 97.629;197.016; 83.150;148.244;192.172;268.558; 91.979;149.980;184.190;164.922;181.126;182.164;105.902; 42.128;241.852; 96.487
2003-10-29 08:05:00;161.536; 52.243;200.767;119.013;1296.660;389.807;   null;201.180; 82.164;146.780;189.569;266.255; 94.386;151.420;182.848;164.140;182.152;179.410;106.320; 42.504;242.806; 97.007
2003-10-29 08:10:00;162.976; 54.013;198.033;121.773;1292.840;387.987;   null;198.038; 82.730;146.743;189.858;269.656; 93.693;150.860;181.394;165.192;180.778;182.416;105.112; 42.348;244.684; 97.004
2003-10-29 08:15:00;164.464; 51.650;199.833;118.663;1286.840;386.137; 97.456;197.824; 82.440;148.480;189.419;271.998; 93.835;151.560;181.302;164.646;180.260;183.168;106.060; 42.116;242.944; 97.443
2003-10-29 08:20:00;163.030; 49.813;198.600;119.817;1283.120;382.240;   null;194.866; 82.640;147.620;189.709;264.626; 91.243;149.820;181.064;164.462;181.738;180.984;104.952; 43.052;243.106; 94.799
2003-10-29 08:25:00;162.106; 52.437;197.933;119.670;1293.200;384.453;   null;196.370; 83.794;148.113;186.353;266.169; 91.157;149.180;180.714;163.826;181.602;177.610;104.996; 42.476;242.890; 97.023
2003-10-29 08:30:00;162.552; 51.617;199.100;121.170;1287.560;385.117; 98.743;194.886; 82.374;148.330;190.192;263.359; 92.111;149.480;180.612;161.772;181.040;178.892;104.848; 42.980;242.710; 96.796
2003-10-29 08:35:00;162.030; 51.037;199.233;121.853;1286.780;391.677;   null;197.520; 83.214;150.840;193.133;265.719; 92.686;148.200;179.050;163.804;180.184;178.486;104.422; 42.576;243.366; 95.321
2003-10-29 08:40:00;161.694; 52.660;198.733;120.250;1283.060;393.917;   null;197.564; 82.930;149.770;192.201;266.177; 92.560;150.240;181.044;164.150;179.364;181.742;105.004; 41.982;243.504; 96.336
2003-10-29 08:45:00;162.062; 51.747;199.467;119.483;1280.660;392.473; 99.083;199.480; 84.516;153.397;196.647;265.898; 95.214;150.040;180.858;165.558;180.862;179.532;105.224; 42.210;243.524; 96.083
2003-10-29 08:50:00;161.412; 52.467;200.467;121.387;1291.180;394.890;   null;200.166; 83.766;151.460;193.967;267.384; 94.443;150.400;181.184;162.610;183.428;179.990;105.964; 41.958;242.042; 96.677
2003-10-29 08:55:00;161.642; 51.200;202.100;120.983;1288.560;390.290;   null;197.814; 83.872;152.017;190.225;264.047; 94.984;150.420;176.636;163.888;179.356;180.374;103.582; 42.454;241.110; 95.471
2003-10-29 09:00:00;162.266; 52.050;204.233;118.567;1285.340;389.803; 99.090;194.522; 84.374;150.173;190.876;263.818; 93.831;147.780;177.878;158.948;181.784;180.702;102.554; 42.730;242.014; 95.624
2003-10-29 09:05:00;161.412; 52.240;198.800;119.213;1278.140;385.660;   null;197.162; 82.718;151.167;191.126;263.411; 93.325;147.120;177.958;160.812;179.754;177.768;102.412; 42.298;242.576; 96.830
2003-10-29 09:10:00;161.012; 51.207;198.100;119.890;1282.840;385.127;   null;195.154; 82.902;148.597;188.911;267.360; 94.106;148.160;178.476;160.156;183.400;183.480;103.444; 42.004;242.518; 95.073
2003-10-29 09:15:00;158.944; 51.070;199.233;118.870;1263.340;384.180; 97.278;196.220; 84.420;147.660;187.778;265.285; 91.663;148.000;181.492;161.470;180.894;181.532;104.072; 41.806;242.544; 96.678
2003-10-29 09:20:00;161.090; 52.223;197.733;118.397;1274.020;382.907;   null;195.630; 83.586;147.557;186.025;269.313; 89.328;147.820;178.854;160.976;180.370;181.402;103.026; 41.792;242.840; 95.916
2003-10-29 09:25:00;160.708; 51.050;197.167;117.313;1262.080;381.723;   null;193.884; 82.570;146.587;186.523;264.914; 90.768;145.980;179.184;162.458;181.882;181.990;103.670; 42.112;240.464; 96.203
2003-10-29 09:30:00;159.646; 51.540;197.033;119.110;1271.960;378.533; 96.812;194.174; 83.220;146.470;187.419;268.082; 91.598;148.300;179.398;160.236;182.490;180.420;103.372; 41.574;239.060; 95.211
2003-10-29 09:35:00;159.670; 51.010;196.133;118.783;1269.720;380.690;   null;194.188; 83.274;146.600;186.775;269.754; 90.971;146.600;181.294;160.690;183.770;182.256;104.592; 42.358;240.542; 94.349
2003-10-29 09:40:00;158.440; 52.520;197.667;118.410;1265.260;379.010;   null;191.654; 82.060;147.800;183.008;266.670; 92.400;145.480;183.306;160.806;182.856;183.932;104.654; 41.606;241.418; 95.035
2003-10-29 09:45:00;159.414; 50.163;192.433;117.553;1263.500;380.237; 97.075;193.826; 81.780;146.107;185.596;267.975; 92.133;146.520;180.322;162.126;182.264;180.942;103.336; 42.032;240.818; 94.730
2003-10-29 09:50:00;157.212; 51.523;196.733;117.630;1250.160;381.120;   null;193.520; 81.850;147.827;189.133;265.516; 91.402;147.260;182.150;162.054;180.780;180.850;104.566; 41.496;239.620; 94.981
2003-10-29 09:55:00;158.418; 50.620;195.833;118.270;1250.040;382.760;   null;191.162; 83.276;148.137;185.632;266.248; 91.053;145.040;181.668;161.760;181.128;179.290;105.674; 42.098;238.504; 94.944
2003-10-29 10:00:00;157.154; 51.363;194.700;117.417;1252.040;380.270; 96.135;192.362; 82.178;146.423;186.797;264.292; 90.888;146.520;181.192;163.514;179.288;181.818;105.206; 41.022;239.672; 94.240
2003-10-29 10:05:00;159.046; 51.660;193.300;117.270;1245.880;376.930;   null;191.748; 82.888;147.217;185.825;265.662; 93.267;146.620;181.550;161.826;181.558;180.514;105.468; 40.502;237.680; 95.157
2003-10-29 10:10:00;159.254; 51.470;191.300;118.463;1247.400;379.423;   null;190.642; 81.982;144.917;183.699;266.523; 91.754;147.400;180.102;163.048;179.202;179.960;105.402; 41.430;237.958; 93.786
2003-10-29 10:15:00;157.220; 50.477;191.233;116.947;1255.460;380.717; 96.831;193.316; 81.828;146.687;185.983;264.311; 93.194;145.580;180.320;161.978;179.854;180.374;104.970; 41.200;236.398; 96.598
2003-10-29 10:20:00;159.324; 50.193;185.800;116.770;1262.740;381.423;   null;191.172; 82.806;147.790;187.320;261.984; 93.277;145.940;178.776;160.830;178.748;180.360;103.102; 41.116;238.340; 94.677
2003-10-29 10:25:00;159.354; 51.740;187.867;118.627;1260.260;383.700;   null;194.170; 81.260;145.567;184.235;260.744; 91.642;145.900;174.114;162.206;179.594;179.434;103.328; 41.066;236.132; 94.604
2003-10-29 10:30:00;158.704; 51.777;191.533;117.640;1253.080;380.503; 96.408;191.698; 80.588;147.080;184.378;253.975; 89.722;144.620;176.872;158.914;178.754;177.892;101.584; 40.934;235.868; 94.812
2003-10-29 10:35:00;156.276; 51.430;188.767;116.180;1264.400;378.853;   null;191.654; 80.032;145.720;186.045;254.097; 89.741;144.860;172.562;156.458;179.534;176.830;101.528; 39.964;234.634; 96.619
2003-10-29 10:40:00;156.812; 51.093;187.733;117.913;1231.620;378.777;   null;191.270; 79.310;145.520;186.247;245.853; 90.270;143.820;169.838;157.394;178.988;175.034;101.598; 40.238;233.458; 93.653
2003-10-29 10:45:00;156.076; 49.307;188.033;116.917;1225.880;376.677; 95.349;192.260; 79.982;145.350;184.827;241.901; 90.978;145.660;162.394;148.008;175.296;171.692;103.334; 40.922;235.256; 95.042
2003-10-29 10:50:00;155.136; 51.193;186.867;117.950;1218.320;377.547;   null;189.282; 78.920;144.573;184.750;239.033; 90.901;144.420;159.120;144.342;174.264;170.088;100.234; 40.486;232.032; 93.142
2003-10-29 10:55:00;155.610; 51.260;187.433;115.647;1212.740;370.343;   null;189.016; 77.586;144.117;183.579;234.011; 89.335;142.260;160.050;145.202;172.484;167.550;101.272; 39.984;232.616; 93.143
2003-10-29 11:00:00;155.982; 49.007;184.733;115.110;1205.520;370.580; 94.322;188.900; 77.676;142.860;183.293;234.814; 90.948;140.940;156.338;144.272;167.954;168.718; 99.968; 39.624;231.098; 94.036
2003-10-29 11:05:00;153.654; 49.363;183.467;115.793;1208.320;368.833;   null;189.148; 76.318;142.197;184.309;230.217; 87.900;140.480;159.706;142.562;166.690;167.540; 96.110; 39.718;229.760; 91.686
2003-10-29 11:10:00;151.794; 49.870;181.167;113.893;1203.320;368.797;   null;186.842; 76.376;141.570;184.452;228.660; 88.750;140.360;155.380;140.336;164.650;164.424; 94.162; 38.214;227.186; 92.066
2003-10-29 11:15:00;152.002; 50.707;183.000;114.037;1194.080;367.643; 92.498;185.400; 75.000;142.333;184.331;227.635; 87.278;139.940;154.158;138.866;164.002;163.558; 94.488; 38.552;225.260; 92.218
2003-10-29 11:20:00;153.086; 48.070;185.700;114.790;1200.760;360.853;   null;186.572; 75.962;139.140;183.116;226.675; 86.684;139.480;155.422;140.790;162.926;162.822; 95.776; 38.554;222.544; 92.597
2003-10-29 11:25:00;153.462; 48.543;182.467;115.277;1199.500;362.843;   null;187.656; 75.362;138.670;181.047;232.034; 88.810;140.160;157.030;137.588;164.312;161.872; 94.956; 38.880;224.750; 94.624
2003-10-29 11:30:00;151.860; 49.547;182.133;114.437;1199.400;361.303; 92.656;184.782; 76.182;139.870;179.192;228.142; 86.269;140.420;154.260;138.862;164.030;159.404; 92.378; 38.938;226.924; 90.501
2003-10-29 11:35:00;151.960; 49.910;184.833;113.840;1195.540;359.253;   null;184.052; 75.044;139.870;176.719;226.857; 86.155;139.800;152.510;139.018;162.760;160.830; 92.784; 38.598;225.446; 93.004
2003-10-29 11:40:00;152.240; 48.997;182.300;113.243;1196.760;356.650;   null;185.152; 74.896;139.760;178.088;224.523; 86.277;138.100;153.092;140.170;160.096;156.582; 92.786; 37.762;221.446; 90.658
2003-10-29 11:45:00;152.744; 49.977;182.233;112.933;1177.220;357.797; 90.470;185.256; 74.958;138.630;177.932;222.157; 87.146;137.240;153.246;136.688;161.048;156.266; 90.144; 37.746;222.264; 90.431
2003-10-29 11:50:00;154.668; 50.263;179.767;112.400;1185.920;360.283;   null;181.978; 74.364;137.587;179.658;223.521; 84.000;139.320;152.554;138.128;159.958;154.960; 91.510; 37.586;220.196; 90.809
2003-10-29 11:55:00;151.408; 48.263;180.667;112.923;1174.000;357.460;   null;181.782; 75.054;137.997;174.920;220.625; 85.483;136.660;154.168;140.404;163.036;154.236; 91.910; 38.118;220.746; 91.058
2003-10-29 12:00:00;151.130; 49.007;180.700;112.210;1176.040;354.943; 91.413;181.766; 73.306;138.817;176.943;218.674; 86.719;137.500;150.496;137.708;163.818;155.588; 89.444; 38.206;221.896; 89.066
2003-10-29 12:05:00;149.124; 48.563;181.333;113.897;1176.740;356.653;   null;181.798; 74.284;136.557;176.473;217.747; 86.713;137.280;152.980;136.380;163.866;157.130; 89.624; 38.428;223.888; 88.635
2003-10-29 12:10:00;151.478; 47.593;178.867;112.973;1170.340;353.800;   null;181.528; 73.472;137.610;174.936;219.705; 85.346;136.140;150.310;137.194;165.424;155.466; 88.526; 37.638;220.590; 85.773
2003-10-29 12:15:00;151.656; 49.003;178.967;111.777;1159.320;354.750; 90.444;181.370; 74.442;137.607;176.477;217.303; 84.284;136.880;150.118;137.264;162.486;154.288; 89.490; 37.442;217.996; 84.727
2003-10-29 12:20:00;152.118; 48.237;177.267;112.560;1157.440;353.600;   null;179.072; 73.800;137.450;174.970;221.880; 84.950;137.020;147.716;135.934;161.028;156.694; 88.482; 36.452;214.486; 85.572
2003-10-29 12:25:00;152.224; 47.893;178.167;111.750;1147.540;354.493;   null;179.478; 73.584;137.780;173.170;220.145; 83.405;135.700;149.214;137.252;159.114;156.002; 88.928; 37.136;217.092; 85.615
2003-10-29 12:30:00;148.898; 50.000;178.167;109.663;1145.440;349.167; 88.645;178.168; 72.140;135.583;172.444;217.545; 83.570;134.060;149.900;134.668;158.812;155.484; 87.094; 37.024;215.188; 84.871
2003-10-29 12:35:00;150.960; 49.520;176.467;111.583;1137.800;346.264;   null;177.850; 71.502;136.000;173.466;219.034; 83.459;133.120;150.482;133.642;155.988;156.952; 89.134; 36.326;210.400; 86.062
2003-10-29 12:40:00;148.944; 47.467;175.567;109.747;1123.860;341.407;   null;175.840; 71.276;134.317;172.981;222.041; 82.800;132.100;151.228;132.948;155.756;154.192; 88.974; 36.352;213.664; 85.143
2003-10-29 12:45:00;147.618; 46.817;173.767;108.703;1117.660;336.783; 87.521;176.404; 71.712;131.443;168.269;220.589; 82.435;130.360;150.940;134.926;156.432;154.692; 87.412; 36.240;212.120; 83.109
2003-10-29 12:50:00;150.114; 46.930;174.533;109.690;1098.140;337.457;   null;173.254; 71.184;128.993;168.166;219.733; 81.720;128.640;151.422;134.718;155.510;153.302; 86.672; 35.954;213.606; 83.436
2003-10-29 12:55:00;145.786; 46.573;175.000;107.757;1093.940;336.327;   null;173.262; 71.330;131.487;168.495;219.000; 81.786;128.760;147.816;133.482;155.930;154.202; 87.424; 35.940;210.226; 84.384
2003-10-29 13:00:00;147.654; 47.190;173.300;108.153;1089.700;334.300; 85.746;172.806; 71.042;131.750;167.852;219.249; 81.501;127.380;149.656;133.946;156.288;153.786; 88.402; 35.024;204.250; 82.279
2003-10-29 13:05:00;146.598; 45.593;171.500;105.903;1077.260;331.897;   null;172.016; 71.010;131.220;165.669;218.185; 80.308;127.680;151.242;131.002;154.652;153.562; 85.922; 34.430;204.544; 82.082
2003-10-29 13:10:00;146.528; 47.037;170.467;107.397;1075.140;329.627;   null;171.734; 70.400;129.790;165.825;218.197; 77.812;126.420;149.338;132.504;151.506;152.286; 87.966; 33.866;199.242; 80.538
2003-10-29 13:15:00;144.984; 45.883;171.967;105.750;1061.880;327.170; 84.475;170.560; 70.346;128.126;161.615;216.177; 80.659;126.700;150.168;131.902;153.404;152.254; 87.130; 33.322;199.734; 81.966
2003-10-29 13:20:00;143.912; 45.793;174.700;104.987;1056.460;321.383;   null;169.018; 69.280;128.247;162.030;214.623; 79.223;126.800;148.486;131.634;152.370;152.184; 87.278; 32.502;195.842; 81.156
2003-10-29 13:25:00;145.082; 46.533;170.767;105.790;1057.860;325.683;   null;169.292; 68.868;126.363;160.885;216.835; 80.333;126.320;147.806;132.380;150.876;151.148; 87.222; 32.976;195.002; 80.303
2003-10-29 13:30:00;143.910; 45.813;170.033;104.150;1048.480;324.683; 83.434;167.822; 67.362;123.977;161.647;215.071; 78.620;125.180;149.564;134.068;151.530;148.280; 86.248; 33.280;195.938; 79.361
2003-10-29 13:35:00;143.074; 46.223;169.767;105.693;1045.480;324.553;   null;168.044; 68.672;127.010;161.194;212.583; 77.952;125.840;146.854;131.526;148.776;149.906; 86.848; 33.748;196.206; 77.749
2003-10-29 13:40:00;143.684; 45.480;170.467;103.897;1052.600;322.543;   null;167.922; 67.048;127.453;160.401;213.503; 77.083;122.320;146.852;130.730;150.676;151.784; 86.598; 32.628;193.412; 76.955
2003-10-29 13:45:00;140.238; 44.717;169.067;104.113;1052.060;323.907; 83.300;165.628; 68.504;125.923;160.644;212.472; 78.381;122.660;148.124;129.486;151.432;148.982; 85.564; 32.708;192.736; 77.445
2003-10-29 13:50:00;141.134; 45.857;169.267;103.173;1049.480;320.887;   null;165.570; 67.922;125.483;159.949;211.319; 78.005;124.640;146.784;130.344;150.106;150.070; 85.332; 33.058;193.952; 75.792
2003-10-29 13:55:00;140.760; 45.360;166.933;103.317;1052.520;320.293;   null;164.770; 68.294;124.927;159.744;209.317; 76.581;122.900;144.966;132.276;150.842;150.164; 86.682; 32.772;191.892; 77.824
2003-10-29 14:00:00;141.620; 44.960;166.400;103.520;1045.000;323.417; 81.714;164.536; 68.528;125.093;157.683;209.576; 79.108;122.940;145.506;133.114;150.446;149.084; 85.958; 32.612;191.126; 76.534
2003-10-29 14:05:00;141.002; 45.437;167.967;102.723;1044.340;319.667;   null;163.504; 68.290;125.490;156.223;207.173; 76.947;123.160;143.978;131.236;150.862;146.324; 87.228; 32.370;191.262; 76.276
2003-10-29 14:10:00;141.814; 44.767;169.067;102.630;1044.100;317.857;   null;163.068; 67.874;121.863;155.828;208.946; 76.244;121.400;146.132;131.188;150.272;147.406; 86.536; 31.940;189.456; 77.075
2003-10-29 14:15:00;139.838; 43.660;167.533;102.080;1036.880;312.710; 81.005;160.478; 68.074;123.447;155.190;208.430; 76.689;120.540;145.200;132.488;149.762;149.630; 86.376; 31.686;189.768; 75.950
2003-10-29 14:20:00;139.440; 44.963;167.733;101.973;1043.480;314.470;   null;159.668; 67.786;124.273;153.215;209.520; 75.620;121.320;147.280;131.108;147.966;149.210; 85.760; 32.552;190.354; 76.439
2003-10-29 14:25:00;139.528; 44.043;168.033;102.157;1047.560;313.746;   null;161.492; 69.884;122.187;152.851;209.556; 76.507;119.920;146.398;130.986;149.992;147.704; 85.054; 32.680;189.794; 76.021
2003-10-29 14:30:00;138.524; 44.430;171.767;101.443;1046.120;310.530; 80.796;156.746; 67.378;122.220;153.548;211.610; 73.547;118.660;146.784;132.916;148.962;150.084; 83.922; 32.354;191.296; 77.584
2003-10-29 14:35:00;140.324; 43.573;167.100;101.170;1058.040;314.777;   null;158.508; 67.024;121.540;154.641;212.066; 74.407;120.500;144.698;132.006;147.660;149.230; 84.200; 31.790;192.922; 78.836
2003-10-29 14:40:00;138.284; 44.977;168.667;100.797;1058.080;311.670;   null;159.758; 67.130;123.733;153.131;211.952; 74.685;120.320;145.140;131.560;149.838;149.498; 84.770; 33.236;193.212; 75.756
2003-10-29 14:45:00;138.468; 45.050;166.567;101.677;1055.160;311.820; 80.323;162.390; 68.512;123.893;154.957;217.279; 75.864;118.880;145.652;130.680;149.290;152.246; 83.200; 32.318;193.278; 77.215
2003-10-29 14:50:00;138.748; 45.353;167.200;101.880;1054.520;306.713;   null;161.230; 68.562;121.073;152.187;219.124; 75.430;120.580;146.458;131.174;151.460;149.240; 85.246; 32.976;192.978; 77.864
2003-10-29 14:55:00;139.442; 44.237;168.600;100.237;1065.060;309.567;   null;161.186; 69.510;123.317;152.917;219.039; 74.948;118.720;148.026;133.784;149.724;153.244; 84.946; 32.404;193.980; 77.451
2003-10-29 15:00:00;138.488; 45.243;167.900;100.950;1070.600;306.710; 79.955;159.224; 69.124;121.107;151.269;217.230; 76.309;119.220;149.540;132.904;151.508;153.266; 84.350; 32.660;191.560; 77.775
2003-10-29 15:05:00;138.866; 44.977;167.933;100.863;1080.120;308.483;   null;157.142; 68.567;119.167;151.667;216.430; 75.482;117.140;147.050;132.204;151.002;149.614; 84.712; 32.674;192.264; 79.126
2003-10-29 15:10:00;141.948; 44.940;168.067;100.670;1074.980;303.897;   null;157.848; 69.828;119.620;152.497;219.071; 75.326;119.240;148.480;134.436;152.446;151.716; 84.366; 32.312;193.498; 77.550
2003-10-29 15:15:00;141.100; 44.823;167.867;101.000;1084.900;303.290; 78.657;157.134; 68.090;121.117;151.735;219.536; 75.536;121.100;146.484;134.492;150.176;148.514; 83.886; 32.770;193.202; 77.838
2003-10-29 15:20:00;139.868; 43.957;169.433;101.327;1085.260;302.407;   null;157.932; 68.766;120.140;148.524;220.561; 74.370;119.220;147.260;134.294;151.886;152.226; 84.950; 33.046;193.424; 77.118
2003-10-29 15:25:00;139.234; 45.270;169.433;100.813;1090.700;303.400;   null;155.394; 68.324;121.940;148.733;220.407; 73.274;117.120;148.208;132.788;150.854;152.984; 85.836; 32.792;192.518; 77.206
2003-10-29 15:30:00;139.570; 42.847;168.533;101.100;1078.240;306.010; 80.018;156.966; 67.445;120.687;148.792;220.976; 74.913;117.920;149.192;134.460;151.382;155.064; 85.682; 32.746;193.688; 77.616
2003-10-29 15:35:00;138.602; 42.800;167.633; 99.357;1081.600;302.953;   null;156.360; 69.536;123.763;148.977;217.108; 73.591;119.400;148.616;134.360;154.316;151.896; 86.288; 32.946;194.144; 76.677
2003-10-29 15:40:00;139.010; 43.313;168.300;100.990;1088.780;300.907;   null;156.834; 68.934;120.817;146.377;220.228; 73.593;120.960;149.252;133.736;150.664;151.460; 84.814; 33.354;194.330; 76.717
2003-10-29 15:45:00;139.158; 44.913;166.533;100.707;1092.520;301.687; 77.694;154.686; 69.292;117.933;146.836;220.125; 72.839;116.660;147.210;133.814;148.796;152.134; 84.356; 32.896;193.270; 78.461
2003-10-29 15:50:00;140.158; 43.463;167.933; 99.560;1087.760;299.957;   null;152.986; 68.216;116.883;147.418;217.981; 71.574;118.520;145.184;132.628;152.538;152.744; 84.408; 33.146;193.290; 77.519
2003-10-29 15:55:00;141.924; 44.763;165.633;100.337;1098.300;301.343;   null;153.254; 69.344;117.950;149.990;217.141; 73.483;120.040;145.516;132.924;152.888;155.294; 83.632; 32.624;193.008; 78.470
2003-10-29 16:00:00;139.656; 43.783;166.833;101.783;1096.660;304.777; 78.127;155.914; 69.110;118.610;149.379;217.937; 73.946;119.080;144.036;130.922;150.914;151.928; 82.876; 32.216;193.934; 79.871
2003-10-29 16:05:00;142.276; 45.547;168.333;100.827;1108.520;306.280;   null;158.658; 68.140;118.570;149.746;215.820; 73.319;119.080;146.364;131.156;149.866;152.526; 83.470; 32.614;192.204; 79.262
2003-10-29 16:10:00;140.194; 44.677;166.700;103.193;1102.920;310.320;   null;159.796; 68.404;118.220;152.924;216.081; 73.110;120.440;147.614;132.290;149.114;150.928; 84.230; 31.924;190.520; 80.035
2003-10-29 16:15:00;140.654; 44.537;168.867;101.730;1092.120;311.867; 80.438;160.602; 68.838;120.057;154.910;215.479; 75.643;123.140;146.710;135.008;147.442;149.920; 85.096; 31.814;190.230; 78.867
2003-10-29 16:20:00;141.366; 44.053;167.767;101.000;1093.960;310.217;   null;159.048; 69.476;118.893;153.658;217.024; 75.699;122.400;147.428;133.524;148.744;148.936; 85.356; 31.966;191.608; 80.614
2003-10-29 16:25:00;137.066; 45.833;167.733;102.400;1091.940;314.380;   null;159.084; 68.216;120.247;153.046;217.706; 75.948;122.380;149.892;135.428;152.006;149.918; 86.136; 32.600;192.112; 79.828
2003-10-29 16:30:00;138.592; 44.883;170.267;101.970;1080.800;312.783; 79.109;158.038; 67.470;121.150;151.913;220.364; 76.188;121.240;151.130;135.924;148.042;149.576; 86.524; 32.748;193.962; 79.766
2003-10-29 16:35:00;140.406; 43.650;167.100;101.393;1083.660;311.960;   null;159.192; 69.610;122.470;152.499;219.761; 74.457;121.620;149.816;132.574;150.666;149.518; 85.544; 32.414;192.462; 77.829
2003-10-29 16:40:00;137.964; 44.633;167.100;102.443;1078.520;312.530;   null;159.434; 68.044;122.024;153.909;218.024; 74.243;121.840;149.980;131.674;150.142;150.648; 84.876; 32.492;191.736; 80.253
2003-10-29 16:45:00;138.546; 44.767;166.600;103.757;1073.620;310.167; 80.212;159.102; 70.104;120.997;150.167;216.995; 74.725;122.000;150.936;135.982;149.210;150.232; 85.198; 31.546;190.222; 79.824
2003-10-29 16:50:00;137.690; 43.370;167.500;100.430;1064.380;309.337;   null;157.914; 67.314;121.357;152.190;218.183; 75.142;119.740;151.910;133.018;149.984;150.836; 85.704; 31.644;188.864; 79.328
2003-10-29 16:55:00;138.008; 45.327;165.233;100.933;1060.020;305.086;   null;158.868; 67.446;121.000;152.286;219.292; 74.669;120.640;151.276;134.212;149.122;151.734; 84.628; 31.520;185.404; 79.676
2003-10-29 17:00:00;135.044; 43.820;166.433; 99.597;1053.920;303.207; 78.785;157.784; 66.458;119.177;147.118;215.992; 74.220;120.640;150.150;132.636;145.912;150.806; 85.824; 31.342;185.110; 77.120
2003-10-29 17:05:00;135.860; 43.317;167.267; 99.277;1045.300;303.957;   null;156.644; 67.240;118.660;149.608;213.121; 73.158;120.080;148.608;134.082;147.264;149.014; 84.400; 31.318;184.472; 77.714
2003-10-29 17:10:00;135.562; 43.037;168.100; 98.973;1037.040;300.970;   null;155.000; 66.616;118.837;148.067;213.415; 73.295;118.700;145.808;134.290;144.808;147.184; 84.870; 31.668;187.986; 77.433
2003-10-29 17:15:00;136.562; 42.833;167.533; 98.867;1041.660;303.593; 77.880;155.342; 67.366;119.277;150.595;213.519; 72.494;118.840;148.486;132.756;146.302;147.200; 85.922; 31.472;186.906; 78.804
2003-10-29 17:20:00;136.000; 43.963;167.200;100.690;1031.780;301.473;   null;154.272; 66.980;117.127;150.102;213.055; 73.278;118.560;146.964;135.900;144.328;146.282; 85.086; 31.706;187.588; 78.405
2003-10-29 17:25:00;136.840; 42.287;167.867; 99.733;1042.880;302.707;   null;157.438; 67.802;117.333;151.951;214.485; 72.223;116.980;150.106;135.436;145.902;146.698; 84.112; 32.216;189.622; 79.577
2003-10-29 17:30:00;136.810; 43.437;166.800;100.263;1042.300;301.157; 78.324;154.326; 66.874;119.440;149.513;215.540; 73.462;117.240;146.916;132.408;145.784;147.088; 84.642; 30.916;189.732; 78.629
2003-10-29 17:35:00;136.700; 43.323;168.200; 98.763;1038.320;300.700;   null;154.758; 67.000;119.570;149.792;211.763; 71.303;118.520;146.186;135.446;146.298;147.740; 84.494; 32.404;191.696; 78.556
2003-10-29 17:40:00;135.860; 44.193;168.167; 99.087;1040.900;297.850;   null;155.600; 67.296;118.026;150.718;215.145; 73.308;120.160;147.052;137.104;147.468;150.048; 85.358; 31.376;190.098; 79.540
2003-10-29 17:45:00;135.672; 41.130;170.867;100.287;1033.140;302.987; 79.429;156.762; 66.692;119.750;151.148;213.850; 72.215;117.280;149.888;136.594;147.080;147.948; 84.664; 31.830;191.008; 78.484
2003-10-29 17:50:00;136.428; 43.123;166.467;100.430;1039.120;303.087;   null;153.758; 67.234;119.897;152.567;215.443; 72.793;118.340;149.882;136.200;145.364;149.306; 86.292; 32.690;193.634; 79.863
2003-10-29 17:55:00;136.800; 44.287;170.567;101.470;1033.640;308.917;   null;155.554; 67.908;118.817;154.538;214.873; 75.566;119.100;150.654;135.662;146.828;146.042; 85.964; 31.928;192.328; 81.342
2003-10-29 18:00:00;137.442; 43.433;168.867;100.970;1052.740;309.336; 80.881;158.852; 67.828;119.197;156.295;214.716; 74.943;118.420;147.620;133.736;146.970;146.356; 86.032; 32.998;198.222; 81.365
2003-10-29 18:05:00;137.538; 44.180;170.567;103.267;1057.020;315.497;   null;158.894; 66.486;120.610;155.184;212.381; 73.410;118.760;146.032;134.304;148.550;149.416; 85.104; 33.898;200.734; 81.371
2003-10-29 18:10:00;139.158; 44.677;172.100;103.917;1068.960;317.910;   null;157.460; 68.736;123.337;158.054;214.891; 74.019;120.220;149.194;134.636;147.706;147.012; 86.078; 34.078;201.772; 81.963
2003-10-29 18:15:00;138.512; 44.460;172.400;104.310;1073.560;319.430; 81.012;160.012; 69.008;122.607;159.041;213.765; 74.573;120.140;146.416;137.172;148.918;150.734; 85.474; 33.254;202.852; 81.611
2003-10-29 18:20:00;140.650; 45.037;173.133;104.527;1069.580;315.960;   null;161.022; 70.284;123.640;157.312;214.597; 73.972;120.760;147.350;134.670;150.048;147.980; 87.214; 34.152;203.644; 82.439
2003-10-29 18:25:00;140.640; 45.027;175.400;102.943;1076.400;316.723;   null;159.932; 68.908;122.820;158.525;212.517; 74.273;118.920;148.508;135.922;147.364;148.478; 87.494; 33.934;201.058; 81.372
2003-10-29 18:30:00;139.814; 44.450;171.100;103.213;1082.620;316.410; 81.873;164.366; 67.504;123.480;155.493;215.398; 74.357;122.460;148.098;133.982;148.612;151.030; 88.756; 33.652;201.182; 84.512
2003-10-29 18:35:00;143.012; 46.197;174.100;102.890;1089.000;316.613;   null;163.232; 68.634;124.223;157.189;211.196; 75.799;121.740;148.086;135.460;149.954;149.354; 87.470; 33.514;200.886; 84.965
2003-10-29 18:40:00;142.032; 46.177;175.200;102.700;1098.860;319.060;   null;160.228; 68.234;121.410;154.480;211.349; 75.300;123.500;145.692;132.656;147.644;147.706; 86.586; 33.942;202.198; 84.209
2003-10-29 18:45:00;143.230; 44.387;174.900;103.357;1104.080;318.290; 81.248;163.270; 68.036;124.753;159.210;214.912; 77.165;122.540;149.012;133.348;145.316;145.554; 85.208; 34.074;202.556; 84.587
2003-10-29 18:50:00;141.862; 45.163;174.400;104.250;1099.840;322.730;   null;163.168; 69.594;124.040;157.784;214.739; 76.280;122.720;149.324;133.946;147.434;147.938; 85.106; 34.584;203.154; 83.764
2003-10-29 18:55:00;143.380; 46.270;175.133;105.403;1102.000;324.953;   null;163.634; 69.968;123.837;159.210;212.459; 77.083;122.780;147.408;133.178;147.484;145.792; 85.180; 33.398;200.682; 84.490
2003-10-29 19:00:00;141.532; 45.617;176.600;106.190;1097.080;325.473; 82.697;165.342; 68.634;126.943;161.559;212.215; 77.700;124.560;147.132;133.402;147.700;148.530; 85.530; 34.888;201.666; 85.172
2003-10-29 19:05:00;144.210; 46.800;174.267;105.657;1096.960;326.900;   null;165.840; 70.690;124.904;161.559;215.139; 76.333;124.380;149.242;133.566;147.328;147.920; 84.938; 34.386;201.546; 83.515
2003-10-29 19:10:00;143.272; 45.163;176.867;106.867;1100.000;325.113;   null;165.138; 70.602;126.083;160.693;215.628; 77.601;125.180;148.816;134.824;147.116;149.218; 84.672; 34.902;201.758; 84.216
2003-10-29 19:15:00;142.108; 46.167;177.233;107.043;1085.480;324.160; 83.345;165.422; 69.940;124.957;159.234;215.733; 78.601;125.600;147.532;133.950;147.886;149.018; 84.894; 34.030;202.154; 82.551
2003-10-29 19:20:00;142.754; 45.023;178.600;105.647;1090.900;324.907;   null;166.616; 70.280;124.703;160.928;216.117; 75.843;126.400;149.134;133.118;146.720;148.360; 83.732; 34.942;202.764; 85.478
2003-10-29 19:25:00;145.572; 45.593;176.567;105.343;1090.420;322.790;   null;166.088; 70.200;126.587;161.637;217.567; 78.946;125.540;148.876;135.054;146.570;148.066; 85.370; 34.186;201.982; 82.916
2003-10-29 19:30:00;143.872; 45.387;178.633;104.837;1096.100;325.153; 81.999;165.462; 70.766;123.027;159.053;220.279; 77.961;124.880;152.224;133.656;149.306;149.830; 85.252; 34.224;202.450; 85.222
2003-10-29 19:35:00;143.284; 45.960;177.800;106.130;1093.380;325.447;   null;163.922; 69.982;124.403;160.075;217.459; 77.261;124.860;152.102;135.660;146.766;150.594; 85.152; 33.712;202.372; 83.993
2003-10-29 19:40:00;143.238; 46.430;179.633;105.290;1090.920;325.083;   null;165.574; 69.158;123.677;158.458;219.629; 77.815;124.740;149.644;135.564;148.476;150.610; 86.192; 33.724;204.280; 82.688
2003-10-29 19:45:00;142.950; 45.780;176.633;105.497;1096.140;321.133; 82.573;164.542; 70.362;125.237;158.952;214.107; 77.475;127.300;151.050;133.206;147.904;151.538; 85.258; 34.142;204.730; 83.662
2003-10-29 19:50:00;144.112; 45.497;179.633;106.030;1092.080;327.137;   null;165.302; 70.866;125.730;158.083;218.555; 78.432;124.220;148.966;134.590;148.240;151.436; 84.390; 34.138;200.954; 83.362
2003-10-29 19:55:00;143.582; 45.363;178.533;104.550;1087.680;323.850;   null;165.342; 70.108;124.690;161.164;222.163; 77.344;125.160;152.160;133.668;147.290;153.530; 85.066; 33.836;201.206; 84.228
2003-10-29 20:00:00;142.350; 45.437;178.867;106.740;1095.100;326.336; 82.176;164.624; 70.328;125.784;159.714;222.044; 77.735;124.760;153.056;136.876;149.062;153.972; 84.912; 33.910;201.452; 83.822
2003-10-29 20:05:00;144.448; 46.057;179.467;106.023;1087.260;326.553;   null;165.592; 70.774;123.410;161.426;223.423; 77.908;123.820;154.322;137.888;149.376;152.146; 85.554; 34.204;201.632; 84.439
2003-10-29 20:10:00;143.472; 46.047;178.100;105.913;1082.620;325.063;   null;166.952; 70.496;126.150;159.816;221.786; 76.695;124.340;150.610;137.332;151.170;152.650; 87.022; 33.818;203.370; 84.946
2003-10-29 20:15:00;144.482; 46.513;181.433;106.173;1090.280;326.110; 83.100;164.560; 69.764;123.913;160.672;219.756; 77.241;125.760;151.860;135.146;151.542;151.226; 85.448; 34.672;201.546; 83.993
2003-10-29 20:20:00;143.280; 45.030;180.700;105.793;1088.400;324.630;   null;166.268; 70.376;125.203;160.302;222.343; 78.800;126.780;154.460;139.650;151.284;152.390; 87.116; 34.180;204.964; 83.658
2003-10-29 20:25:00;143.472; 46.167;180.067;105.320;1094.960;328.663;   null;165.636; 70.062;124.160;162.882;223.937; 78.329;125.780;152.154;138.282;150.542;151.464; 87.520; 33.794;203.728; 84.034
2003-10-29 20:30:00;145.510; 46.707;181.400;106.790;1106.100;326.973; 81.695;166.422; 71.406;125.930;161.932;220.297; 79.920;126.820;154.410;137.322;149.576;152.570; 87.328; 34.714;203.504; 85.110
2003-10-29 20:35:00;142.086; 46.243;181.467;105.123;1104.220;329.083;   null;165.072; 70.570;125.493;163.072;216.962; 76.652;126.360;151.368;138.260;151.674;149.762; 87.730; 33.976;206.010; 85.010
2003-10-29 20:40:00;145.456; 45.667;180.500;104.883;1094.520;324.120;   null;165.562; 70.216;123.733;160.583;215.642; 76.966;127.720;150.730;139.894;149.914;152.762; 87.796; 34.234;204.564; 83.831
2003-10-29 20:45:00;145.744; 46.597;180.600;106.233;1094.200;320.977; 82.175;165.418; 70.726;124.323;161.292;219.129; 77.377;124.020;150.126;139.214;151.214;151.318; 86.014; 34.328;202.070; 83.756
2003-10-29 20:50:00;147.216; 45.347;178.867;106.813;1084.740;321.320;   null;164.896; 72.166;125.746;159.845;219.322; 76.484;123.380;152.268;137.348;151.098;149.442; 86.642; 34.406;202.440; 83.440
2003-10-29 20:55:00;143.760; 45.360;178.800;103.853;1082.920;319.280;   null;163.216; 72.482;123.533;159.686;215.605; 77.349;121.860;150.260;139.576;149.812;151.480; 85.968; 33.952;201.660; 83.335
2003-10-29 21:00:00;144.460; 45.717;180.667;104.130;1080.460;317.644; 80.678;166.166; 72.438;127.136;156.249;218.936; 75.998;121.400;152.294;136.094;148.764;149.830; 86.200; 35.926;212.314; 87.689
2003-10-29 21:05:00;145.450; 45.877;180.233;104.597;1072.160;314.517;   null;163.992; 77.244;131.330;159.048;218.779; 77.001;123.300;151.560;138.856;150.372;151.950; 88.292; 45.410;249.844; 95.651
2003-10-29 21:10:00;144.820; 44.720;181.667;104.470;1078.460;316.347;   null;165.234; 74.912;126.534;160.146;219.661; 76.720;123.040;153.972;138.334;150.718;152.210; 86.922; 48.322;261.006; 92.350
2003-10-29 21:15:00;144.066; 46.650;180.933;104.737;1077.140;317.333; 81.558;164.180; 78.952;125.487;158.516;220.665; 76.232;122.420;158.238;141.392;150.254;150.830; 86.100; 48.134;262.744; 92.133
2003-10-29 21:20:00;143.190; 46.000;180.267;105.653;1081.740;318.230;   null;164.096; 80.646;126.450;159.553;222.222; 77.398;122.060;157.578;139.012;150.600;153.630; 87.746; 46.318;254.176; 90.692
2003-10-29 21:25:00;143.804; 45.380;180.733;104.733;1081.520;321.207;   null;164.034; 78.278;126.550;162.221;226.757; 75.709;125.440;156.424;140.456;154.470;155.322; 87.386; 49.198;262.828; 90.044
2003-10-29 21:30:00;142.388; 45.560;180.533;103.027;1080.060;327.060; 82.767;168.746; 79.154;131.257;167.531;229.693; 77.378;125.580;159.416;143.826;154.328;155.242; 88.202; 49.680;270.278; 86.853
2003-10-29 21:35:00;142.420; 46.680;179.833;104.937;1081.500;329.277;   null;169.500; 80.254;131.753;173.177;235.599; 77.506;124.760;162.064;142.528;153.148;153.072; 89.208; 50.758;269.160; 89.158
2003-10-29 21:40:00;144.308; 46.353;180.667;104.713;1081.780;329.440;   null;167.374; 79.112;132.797;167.654;228.667; 77.931;124.140;163.736;144.410;152.662;155.758; 90.108; 50.460;267.342; 87.646
2003-10-29 21:45:00;142.188; 44.997;180.433;105.477;1081.800;328.267; 83.139;166.570; 78.626;130.687;169.338;230.604; 77.961;126.520;162.586;143.974;152.690;157.284; 90.350; 47.112;255.062; 86.426
2003-10-29 21:50:00;142.324; 44.947;178.267;105.503;1079.880;326.683;   null;169.078; 78.234;131.323;168.567;233.245; 79.688;127.020;166.492;142.910;153.536;155.478; 89.768; 49.594;262.760; 86.913
2003-10-29 21:55:00;143.568; 45.270;179.567;103.990;1076.220;325.330;   null;167.602; 78.720;130.030;170.309;234.840; 78.843;129.500;165.470;146.556;156.414;159.138; 91.344; 48.138;260.986; 87.152
2003-10-29 22:00:00;142.422; 45.923;180.200;106.747;1086.540;324.787; 82.481;170.820; 78.978;133.783;169.885;240.472; 78.690;130.760;163.678;145.554;157.740;161.322; 91.926; 47.996;258.192; 89.845
2003-10-29 22:05:00;143.230; 46.567;179.067;103.707;1086.980;321.710;   null;170.096; 78.910;132.493;170.799;239.159; 79.034;131.100;164.300;149.054;157.272;161.344; 91.396; 46.124;250.876; 89.561
2003-10-29 22:10:00;144.494; 44.757;180.467;104.673;1084.160;319.837;   null;171.084; 78.922;131.984;166.941;234.431; 79.798;127.900;166.094;147.064;155.132;159.460; 92.452; 47.434;255.438; 91.466
2003-10-29 22:15:00;142.838; 44.703;180.400;102.133;1085.180;318.103; 81.340;171.252; 78.380;134.157;171.916;232.674; 79.124;127.360;165.512;148.738;159.070;158.536; 93.708; 46.724;255.358; 92.614
2003-10-29 22:20:00;143.820; 44.890;179.700;104.193;1092.140;320.017;   null;169.420; 79.318;127.920;173.901;229.483; 80.286;129.480;165.746;143.884;156.384;162.330; 92.248; 48.618;262.492; 93.749
2003-10-29 22:25:00;142.704; 45.663;179.000;103.690;1083.800;317.013;   null;171.228; 77.882;128.590;173.042;229.223; 80.428;133.300;165.002;146.234;157.866;162.456; 93.394; 47.276;254.020; 92.580
2003-10-29 22:30:00;143.832; 45.697;178.633;104.347;1091.340;318.253; 80.698;168.736; 78.642;128.917;169.060;232.987; 80.912;131.100;165.856;149.458;158.124;163.612; 93.306; 45.686;251.928; 93.802
2003-10-29 22:35:00;143.662; 45.917;178.733;104.170;1093.260;314.870;   null;164.956; 77.986;126.567;173.054;231.589; 80.500;130.880;164.570;148.840;158.098;164.460; 93.126; 48.060;258.616; 93.730
2003-10-29 22:40:00;141.886; 44.817;179.767;103.453;1090.160;315.987;   null;167.532; 76.342;125.723;172.829;231.331; 80.511;129.500;163.276;147.246;162.182;162.964; 92.604; 47.274;249.644; 94.389
2003-10-29 22:45:00;143.142; 44.667;181.400;104.517;1085.340;319.853; 83.249;167.590; 78.836;128.497;170.486;228.752; 81.421;128.460;162.412;146.328;162.550;162.302; 93.068; 46.260;247.840; 93.939
2003-10-29 22:50:00;145.522; 45.963;180.867;104.713;1087.420;325.610;   null;169.068; 77.274;129.313;172.345;229.573; 78.604;127.660;161.722;146.818;163.012;163.104; 92.982; 47.528;255.960; 93.299
2003-10-29 22:55:00;144.406; 43.967;182.433;104.510;1090.580;324.570;   null;167.308; 77.680;129.840;170.119;238.703; 79.878;129.980;161.216;147.046;157.814;165.060; 93.284; 47.648;256.100; 92.256
2003-10-29 23:00:00;143.930; 46.677;181.400;103.860;1093.860;322.007; 83.459;167.006; 77.918;127.713;168.370;239.167; 82.602;127.440;164.536;146.652;158.878;164.028; 93.308; 47.482;257.534; 91.464
2003-10-29 23:05:00;145.610; 46.167;182.333;103.930;1090.480;323.620;   null;167.084; 76.146;130.230;171.484;241.772; 80.604;131.020;164.460;146.120;160.670;163.582; 92.756; 47.584;253.842; 91.318
2003-10-29 23:10:00;145.338; 46.503;180.967;105.747;1100.800;325.717;   null;168.484; 77.610;130.403;172.870;240.125; 81.679;131.600;165.120;147.474;163.730;164.450; 93.670; 45.562;249.920; 92.759
2003-10-29 23:15:00;145.300; 45.840;182.267;104.053;1096.320;330.130; 84.317;170.890; 77.034;132.597;169.015;240.332; 81.662;130.980;162.746;146.400;162.128;164.144; 94.246; 44.556;243.402; 90.166
2003-10-29 23:20:00;144.790; 46.250;181.800;104.330;1097.400;328.033;   null;169.224; 76.262;132.160;168.839;239.042; 81.484;128.000;162.898;145.144;159.178;165.606; 93.276; 43.816;241.306; 89.518
2003-10-29 23:25:00;144.178; 46.287;180.200;104.003;1099.620;329.160;   null;170.300; 76.112;132.327;168.736;243.158; 78.927;130.900;166.126;145.330;160.802;164.456; 94.326; 42.966;239.674; 90.526
2003-10-29 23:30:00;145.172; 46.103;180.533;103.973;1106.980;326.883; 84.581;169.722; 76.654;129.973;169.989;247.605; 79.290;127.280;163.046;143.668;161.890;165.030; 93.582; 43.122;239.614; 91.534
2003-10-29 23:35:00;144.446; 46.753;182.300;106.360;1114.260;328.770;   null;169.036; 76.934;130.307;168.948;244.379; 78.709;129.520;166.200;143.820;164.236;164.954; 94.840; 43.842;238.572; 92.147
2003-10-29 23:40:00;147.414; 46.760;181.367;105.637;1124.160;330.727;   null;170.650; 77.622;131.433;170.742;249.007; 80.066;130.400;164.138;145.410;163.168;166.900; 92.536; 42.232;236.862; 89.648
2003-10-29 23:45:00;146.966; 46.020;182.600;104.813;1122.900;331.440; 85.437;171.786; 79.536;132.820;167.751;248.183; 81.184;130.700;166.240;146.566;165.658;165.770; 91.902; 42.538;237.184; 90.564
2003-10-29 23:50:00;147.422; 45.590;184.500;107.153;1132.280;328.667;   null;173.956; 77.008;132.180;168.829;246.782; 80.285;128.840;165.244;146.966;166.644;167.528; 91.504; 42.952;234.496; 91.736
2003-10-29 23:55:00;146.884; 45.567;183.200;107.193;1144.420;333.893;   null;171.650; 77.768;134.284;170.065;246.208; 80.505;129.620;164.570;143.728;165.736;166.580; 90.822; 42.422;237.774; 89.865
2003-10-30 00:00:00;146.456; 47.293;186.633;105.807;1150.260;335.093; 85.430;172.886; 77.318;133.903;169.767;244.946; 82.963;131.200;165.740;143.436;166.094;164.608; 90.460; 42.946;233.052; 91.391
2003-10-30 00:05:00;147.540; 45.773;185.800;105.297;1153.040;335.690;   null;173.424; 78.290;134.590;171.265;240.767; 80.604;130.880;163.462;145.084;164.532;166.294; 91.422; 42.510;233.826; 92.327
2003-10-30 00:10:00;149.238; 46.367;183.600;104.783;1142.260;333.843;   null;173.302; 76.732;130.710;169.502;243.324; 81.507;132.640;165.736;144.964;166.868;165.372; 90.678; 42.684;235.520; 90.890
2003-10-30 00:15:00;148.700; 46.397;186.867;106.633;1150.760;337.943; 85.282;171.844; 77.838;133.067;172.829;240.547; 82.437;132.480;165.286;144.532;165.384;164.534; 92.586; 41.962;236.618; 91.102
2003-10-30 00:20:00;149.368; 47.297;183.667;107.113;1142.460;336.857;   null;174.138; 76.756;134.023;170.742;241.006; 82.462;130.880;164.464;143.274;164.536;165.132; 91.746; 41.616;231.700; 91.462
2003-10-30 00:25:00;147.180; 44.470;187.367;107.360;1153.020;335.330;   null;170.910; 77.300;134.153;171.128;241.620; 81.518;132.480;162.856;142.398;162.678;163.348; 90.940; 41.980;232.056; 91.462
2003-10-30 00:30:00;148.076; 46.010;184.400;109.113;1149.920;337.803; 85.405;172.038; 75.774;132.013;170.222;240.804; 81.311;131.740;165.084;143.102;162.438;163.258; 90.332; 41.338;233.408; 90.814
2003-10-30 00:35:00;148.586; 48.033;185.100;105.963;1150.620;335.697;   null;172.802; 77.056;131.020;170.515;238.906; 82.868;130.520;161.792;146.188;162.398;162.162; 89.850; 42.380;233.056; 89.717
2003-10-30 00:40:00;146.772; 46.623;185.167;106.687;1153.960;336.830;   null;172.754; 76.928;133.440;170.393;244.578; 80.864;130.940;160.328;143.502;161.800;164.060; 89.482; 41.998;233.600; 91.265
2003-10-30 00:45:00;147.102; 46.563;186.133;107.133;1150.160;335.160; 83.691;173.264; 75.922;132.423;170.833;242.494; 83.831;128.600;160.386;145.208;163.124;163.902; 90.360; 40.990;230.324; 90.601
2003-10-30 00:50:00;146.828; 46.303;182.133;106.087;1147.260;334.314;   null;173.302; 74.228;131.870;169.970;241.725; 80.689;128.720;159.756;142.368;162.322;163.984; 89.572; 40.732;229.148; 91.846
2003-10-30 00:55:00;147.674; 46.127;184.800;106.443;1139.560;334.717;   null;171.542; 75.334;133.107;170.035;239.436; 80.773;129.580;161.396;143.574;160.280;160.270; 90.038; 41.198;228.318; 90.260
2003-10-30 01:00:00;147.018; 47.410;182.867;106.553;1129.640;334.000; 82.907;173.840; 75.522;131.750;170.484;237.728; 81.821;128.660;162.190;146.550;158.532;162.776; 89.690; 40.582;228.858; 91.053
2003-10-30 01:05:00;147.396; 45.567;182.167;107.260;1122.260;333.533;   null;171.992; 74.182;127.773;171.265;234.776; 80.096;131.020;163.606;146.076;161.566;161.626; 89.940; 40.954;226.136; 89.827
2003-10-30 01:10:00;145.012; 46.087;180.967;107.230;1126.740;333.643;   null;173.360; 76.942;131.517;171.613;233.879; 80.814;129.580;161.444;142.806;163.450;160.240; 89.356; 39.570;224.428; 90.112
2003-10-30 01:15:00;144.516; 46.647;184.167;106.580;1122.420;331.957; 83.098;167.974; 75.784;130.897;170.452;236.308; 81.715;127.460;159.288;143.322;161.376;162.372; 88.576; 39.304;222.482; 90.166
2003-10-30 01:20:00;144.056; 46.233;183.767;106.877;1126.780;331.470;   null;166.886; 74.548;129.870;169.747;231.405; 78.925;127.720;161.716;144.946;163.200;160.184; 90.378; 39.436;221.296; 90.526
2003-10-30 01:25:00;144.586; 46.757;183.933;105.480;1115.220;332.513;   null;167.854; 74.502;132.013;168.559;232.734; 78.758;126.920;161.006;142.338;159.434;163.128; 89.512; 39.104;222.066; 90.022
2003-10-30 01:30:00;146.354; 47.483;181.033;105.563;1122.000;332.353; 83.561;166.202; 74.598;128.783;169.700;232.638; 79.161;126.780;160.196;142.916;159.902;159.970; 89.118; 38.288;219.968; 87.645
2003-10-30 01:35:00;144.522; 44.543;180.200;105.433;1120.640;332.083;   null;166.542; 73.864;128.230;169.754;232.613; 78.880;126.500;162.234;141.976;160.016;161.402; 88.236; 38.410;220.430; 86.709
2003-10-30 01:40:00;143.572; 45.313;180.467;105.593;1128.660;326.293;   null;165.528; 72.934;126.973;167.824;233.765; 79.015;126.820;159.632;143.074;156.834;158.096; 88.686; 38.436;222.832; 88.582
2003-10-30 01:45:00;143.472; 45.117;180.467;104.393;1124.580;326.067; 82.204;166.040; 73.744;126.523;168.219;232.396; 77.788;128.200;162.280;141.192;159.274;157.174; 89.374; 38.632;220.748; 89.593
2003-10-30 01:50:00;145.352; 45.073;179.967;103.620;1130.620;323.893;   null;166.510; 73.760;124.583;166.200;233.558; 77.598;125.200;160.368;144.502;162.370;158.992; 90.408; 39.166;221.104; 88.818
2003-10-30 01:55:00;146.618; 45.443;181.200;103.207;1125.580;323.897;   null;166.914; 73.862;127.114;169.130;230.531; 78.129;125.060;159.930;143.072;159.878;159.958; 89.490; 38.994;218.658; 88.097
2003-10-30 02:00:00;145.474; 45.387;179.267;105.213;1122.220;322.720; 80.500;165.688; 73.914;125.453;165.081;231.608; 77.940;127.460;157.622;143.540;159.112;159.690; 89.238; 38.084;218.496; 86.511
2003-10-30 02:05:00;146.928; 45.500;178.500;103.477;1126.920;322.037;   null;168.006; 74.212;124.720;165.150;232.554; 77.804;125.680;157.954;140.332;159.958;157.912; 88.600; 38.570;219.804; 87.592
2003-10-30 02:10:00;145.618; 45.937;176.967;103.687;1126.680;321.234;   null;165.684; 73.928;124.080;163.267;232.869; 78.905;126.400;157.320;142.696;159.552;156.566; 89.512; 38.430;217.324; 87.088
2003-10-30 02:15:00;146.338; 44.673;180.633;103.543;1126.360;320.930; 80.180;163.748; 74.286;124.317;163.740;234.179; 78.708;127.060;157.978;143.010;160.104;158.208; 89.422; 37.722;219.584; 87.805
2003-10-30 02:20:00;143.856; 45.497;178.100;105.073;1124.000;322.563;   null;165.374; 72.100;125.523;163.759;235.151; 78.985;125.780;158.376;140.430;156.662;157.506; 88.668; 38.196;218.458; 87.027
2003-10-30 02:25:00;146.078; 45.163;176.400;104.843;1117.480;318.867;   null;164.594; 72.858;124.367;163.733;229.601; 78.999;128.160;156.992;140.984;158.182;158.092; 89.774; 37.994;219.646; 87.533
2003-10-30 02:30:00;145.470; 44.010;179.567;105.683;1109.320;320.370; 79.784;165.210; 73.594;125.867;165.644;229.054; 77.789;126.400;157.346;142.564;156.048;158.128; 88.190; 38.180;216.828; 87.100
2003-10-30 02:35:00;143.116; 46.103;176.667;102.303;1106.500;316.500;   null;164.422; 71.798;125.733;162.768;228.158; 78.945;126.820;156.752;140.282;157.214;157.044; 88.848; 38.372;216.928; 86.811
2003-10-30 02:40:00;144.918; 45.047;174.833;102.447;1113.400;314.943;   null;166.190; 71.612;127.050;165.174;228.231; 79.305;125.180;157.038;141.650;156.806;155.920; 88.484; 38.448;217.220; 88.038
2003-10-30 02:45:00;145.150; 45.367;177.833;104.520;1118.400;318.327; 80.494;165.580; 71.768;125.020;163.282;229.018; 78.069;127.700;153.524;141.406;155.910;156.516; 88.634; 37.782;216.562; 87.821
2003-10-30 02:50:00;144.840; 45.147;175.933;103.657;1115.740;316.883;   null;165.266; 70.826;123.393;166.045;231.364; 78.981;129.220;154.156;140.530;158.138;155.784; 90.312; 37.762;215.316; 87.605
2003-10-30 02:55:00;146.014; 44.363;177.133;103.683;1114.020;319.780;   null;166.658; 72.800;127.763;162.394;228.909; 78.117;126.780;156.790;138.170;156.506;156.670; 89.534; 38.084;219.036; 87.601
2003-10-30 03:00:00;143.606; 45.180;182.433;103.770;1118.400;319.717; 81.228;165.856; 72.490;126.600;163.469;230.475; 78.566;127.620;154.998;139.658;155.232;156.670; 88.922; 38.362;219.864; 86.624
2003-10-30 03:05:00;144.482; 45.927;179.000;104.780;1116.860;318.670;   null;170.428; 73.654;126.427;164.652;229.055; 78.506;127.760;157.166;141.748;155.982;157.020; 89.104; 38.588;220.232; 86.606
2003-10-30 03:10:00;148.456; 45.607;180.967;106.797;1119.480;320.900;   null;168.582; 72.556;126.703;164.848;226.814; 77.171;127.620;154.808;140.060;156.420;157.926; 88.760; 38.556;221.516; 87.256
2003-10-30 03:15:00;145.312; 45.520;178.733;104.350;1106.540;321.713; 81.177;167.950; 71.396;126.113;164.969;228.930; 80.075;127.440;156.526;140.688;155.430;157.838; 89.792; 37.654;218.188; 89.352
2003-10-30 03:20:00;144.452; 45.967;178.067;106.317;1110.640;321.420;   null;168.752; 70.794;124.213;164.857;231.022; 79.518;126.000;157.890;140.318;155.234;158.620; 88.906; 36.614;212.676; 88.123
2003-10-30 03:25:00;143.440; 45.593;177.433;103.203;1109.240;321.004;   null;165.486; 70.762;126.620;164.790;228.550; 79.830;124.900;155.936;140.784;152.406;157.152; 88.640; 37.050;209.154; 88.556
2003-10-30 03:30:00;143.758; 45.337;177.267;105.523;1116.900;323.980; 80.709;168.386; 71.190;126.637;163.735;230.082; 78.207;126.800;156.906;141.354;154.274;156.526; 88.472; 36.154;212.142; 87.762
2003-10-30 03:35:00;145.792; 44.870;177.567;105.263;1112.480;318.923;   null;165.462; 70.916;123.694;163.723;229.645; 78.902;125.960;156.728;140.998;154.346;155.430; 88.720; 36.116;209.358; 87.112
2003-10-30 03:40:00;145.636; 45.553;176.733;105.813;1109.900;320.997;   null;164.890; 72.456;125.803;162.210;232.140; 78.106;125.720;154.850;141.786;155.676;156.640; 88.950; 36.598;210.096; 87.400
2003-10-30 03:45:00;146.294; 45.217;173.933;104.467;1115.020;319.283; 80.151;167.426; 71.032;125.987;164.507;230.096; 78.306;127.020;156.112;141.170;155.628;156.100; 89.358; 35.996;212.420; 88.217
2003-10-30 03:50:00;145.764; 44.820;175.333;105.940;1106.520;319.763;   null;166.438; 70.892;127.220;164.034;231.507; 77.675;126.100;156.532;140.448;156.034;155.046; 89.136; 36.674;209.836; 86.917
2003-10-30 03:55:00;145.884; 45.870;175.167;106.290;1115.800;318.966;   null;164.732; 70.520;126.247;160.687;230.266; 78.491;126.760;156.242;138.748;152.734;156.576; 89.170; 36.702;210.056; 86.450
2003-10-30 04:00:00;145.412; 46.623;175.800;105.970;1119.520;320.603; 81.538;166.218; 72.172;126.207;162.463;227.237; 79.502;126.960;156.320;143.464;152.936;155.350; 89.026; 36.318;210.840; 88.759
2003-10-30 04:05:00;145.440; 46.187;175.500;105.893;1117.160;321.323;   null;167.150; 71.516;124.697;164.055;229.463; 78.537;125.400;154.266;140.908;155.246;157.046; 88.528; 35.856;211.176; 86.145
2003-10-30 04:10:00;144.026; 46.493;177.100;106.263;1114.680;322.450;   null;165.492; 70.996;125.187;161.121;230.498; 77.800;127.840;155.778;143.142;153.620;156.496; 89.710; 36.566;210.448; 87.172
2003-10-30 04:15:00;142.470; 45.077;175.500;105.907;1111.240;319.000; 81.407;164.844; 70.576;126.560;161.648;226.541; 78.026;128.160;155.242;140.874;154.958;154.690; 87.972; 37.124;211.248; 87.533
2003-10-30 04:20:00;146.294; 46.133;176.433;104.640;1114.980;322.143;   null;164.660; 69.644;126.463;162.662;227.471; 79.257;127.540;156.506;140.646;154.624;155.228; 88.856; 36.730;209.164; 87.249
2003-10-30 04:25:00;143.812; 45.033;175.133;104.253;1122.740;319.063;   null;165.402; 70.508;126.343;162.315;226.396; 79.581;125.700;155.874;140.618;154.730;156.024; 88.476; 35.764;209.122; 86.312
2003-10-30 04:30:00;145.810; 46.717;175.933;104.420;1114.820;322.200; 80.499;166.238; 69.988;125.473;163.802;227.836; 77.154;126.920;155.538;140.224;152.190;156.630; 88.164; 36.432;209.760; 87.249
2003-10-30 04:35:00;145.804; 45.373;178.200;104.537;1119.440;320.673;   null;166.480; 70.414;125.433;163.228;230.776; 77.710;125.960;155.730;140.286;153.486;156.758; 89.322; 37.528;209.776; 87.016
2003-10-30 04:40:00;148.386; 45.067;172.867;105.210;1111.640;319.517;   null;169.498; 70.436;125.087;162.421;228.893; 78.772;127.080;156.930;139.804;153.136;155.936; 87.518; 36.012;207.514; 85.285
2003-10-30 04:45:00;146.056; 46.243;177.100;104.750;1111.720;321.457; 80.748;167.176; 70.846;124.660;162.786;229.761; 79.138;127.620;156.982;138.018;152.574;154.124; 89.160; 35.824;209.622; 87.016
2003-10-30 04:50:00;145.676; 46.930;174.167;104.147;1111.160;321.373;   null;165.630; 70.476;124.900;159.182;227.349; 78.635;126.540;155.032;139.072;153.898;154.956; 89.028; 35.708;207.806; 86.727
2003-10-30 04:55:00;145.826; 45.833;173.567;104.697;1110.900;322.580;   null;165.126; 71.002;122.240;160.770;229.907; 78.086;123.200;154.868;139.772;153.220;153.428; 88.510; 35.640;207.086; 87.194
2003-10-30 05:00:00;144.996; 46.090;177.633;103.783;1121.320;321.057; 81.101;167.092; 71.178;125.090;162.110;227.259; 78.234;126.780;156.622;139.458;155.686;153.554; 89.276; 35.324;206.210; 86.162
2003-10-30 05:05:00;143.908; 46.047;173.733;103.967;1112.500;322.233;   null;164.980; 71.022;125.377;162.203;227.589; 77.829;127.820;156.484;140.318;150.816;153.426; 89.054; 36.054;208.524; 85.368
2003-10-30 05:10:00;144.182; 45.943;173.500;103.773;1111.520;320.587;   null;167.402; 70.868;125.804;163.665;226.473; 76.935;127.920;156.152;137.944;153.072;153.868; 89.422; 35.698;206.738; 86.079
2003-10-30 05:15:00;145.668; 45.113;174.900;105.637;1110.100;316.390; 80.289;163.612; 69.904;125.860;163.037;227.810; 79.042;126.500;157.122;139.482;152.000;153.354; 89.206; 36.334;207.396; 84.276
2003-10-30 05:20:00;143.440; 46.670;171.367;104.270;1113.920;322.777;   null;166.052; 71.886;124.977;160.301;228.726; 77.657;125.960;155.034;138.870;154.358;154.308; 88.734; 35.208;208.640; 84.132
2003-10-30 05:25:00;145.254; 45.553;174.533;104.997;1111.940;319.077;   null;163.534; 70.112;126.110;160.956;225.667; 78.112;127.480;156.102;141.110;154.440;154.546; 89.158; 35.842;207.490; 85.862
2003-10-30 05:30:00;143.792; 46.650;174.733;104.193;1116.280;320.140; 80.575;167.118; 70.794;125.543;160.926;228.413; 77.394;127.540;154.068;140.436;153.078;154.148; 89.466; 35.200;206.656; 86.295
2003-10-30 05:35:00;144.048; 45.443;173.567;104.200;1118.960;319.997;   null;165.588; 70.002;126.850;163.806;225.557; 77.413;126.660;154.562;140.392;152.042;156.044; 87.860; 34.948;203.788; 85.646
2003-10-30 05:40:00;145.578; 45.827;174.067;105.260;1113.980;318.823;   null;167.322; 70.622;125.453;164.351;222.865; 76.419;128.460;155.164;140.736;155.964;154.746; 89.092; 35.056;207.072; 85.718
2003-10-30 05:45:00;143.982; 46.267;173.400;104.527;1114.060;320.663; 80.585;165.254; 70.440;125.867;163.965;228.929; 77.488;126.580;153.634;141.470;155.120;155.184; 88.698; 36.194;205.844; 85.502
2003-10-30 05:50:00;145.468; 46.450;173.533;104.417;1118.200;322.360;   null;164.214; 69.884;126.603;164.084;225.979; 79.236;125.880;155.322;139.624;154.504;154.530; 88.682; 35.848;205.750; 85.368
2003-10-30 05:55:00;143.422; 44.480;173.033;105.287;1115.920;319.777;   null;164.436; 71.094;126.457;161.944;224.311; 76.901;125.140;157.046;140.224;155.500;155.810; 87.146; 35.810;203.946; 84.791
2003-10-30 06:00:00;144.018; 44.733;176.833;104.973;1118.040;320.913; 80.680;165.050; 71.168;127.477;161.850;227.189; 78.571;125.720;156.694;138.790;153.708;155.436; 89.188; 34.982;204.388; 85.512
2003-10-30 06:05:00;145.094; 45.363;173.800;106.103;1116.540;321.107;   null;165.940; 70.920;124.423;161.491;225.960; 76.203;125.480;155.628;139.966;154.660;154.832; 87.986; 35.122;204.712; 86.090
2003-10-30 06:10:00;145.500; 43.693;174.067;107.000;1116.780;323.307;   null;166.062; 70.648;124.633;161.112;225.483; 77.889;127.180;154.124;139.428;154.962;154.346; 88.258; 35.596;208.040; 85.801
2003-10-30 06:15:00;144.700; 44.840;174.600;105.037;1112.960;322.637; 80.482;166.970; 69.334;123.780;161.929;225.189; 79.417;127.580;156.206;138.568;153.046;153.556; 88.934; 35.444;204.494; 85.978
2003-10-30 06:20:00;142.932; 46.233;173.133;104.493;1121.480;324.060;   null;165.832; 70.930;126.600;163.315;224.730; 78.525;127.900;154.738;139.802;151.746;154.960; 88.546; 35.756;205.088; 85.450
2003-10-30 06:25:00;144.992; 46.573;172.033;106.277;1113.840;321.440;   null;166.578; 68.924;125.440;160.170;225.666; 79.327;127.340;154.654;137.994;155.008;153.186; 88.430; 35.308;204.140; 84.423
2003-10-30 06:30:00;145.080; 46.340;172.900;105.057;1112.820;321.790; 80.127;165.950; 70.548;125.473;160.839;226.161; 79.099;125.880;154.854;138.962;155.778;154.200; 88.218; 34.752;205.766; 84.583
2003-10-30 06:35:00;143.654; 45.247;174.567;104.290;1114.680;318.250;   null;164.628; 70.784;123.907;160.384;225.609; 80.077;128.140;156.756;136.034;154.860;155.230; 89.920; 35.206;204.324; 84.839
2003-10-30 06:40:00;144.780; 45.280;173.900;103.040;1116.260;320.217;   null;168.234; 69.782;126.967;161.304;226.308; 77.991;126.380;155.018;138.114;154.994;154.690; 89.294; 35.274;204.664; 85.667
2003-10-30 06:45:00;144.822; 45.773;173.233;103.037;1110.200;320.663; 80.699;163.520; 70.244;125.267;161.031;226.325; 77.416;126.280;155.416;138.888;154.358;156.256; 88.652; 34.882;204.886; 84.728
2003-10-30 06:50:00;142.440; 45.810;173.167;105.153;1119.460;317.983;   null;165.238; 70.114;125.393;160.726;225.736; 78.495;127.400;155.184;140.162;155.186;153.930; 88.700; 35.232;201.896; 85.956
2003-10-30 06:55:00;145.656; 45.047;175.067;104.937;1114.740;322.460;   null;165.454; 69.708;124.573;161.915;228.225; 79.691;126.620;154.464;137.410;156.250;155.478; 88.180; 34.926;205.148; 85.234
2003-10-30 07:00:00;146.384; 44.423;173.933;104.703;1110.080;320.203; 81.443;166.764; 71.548;125.787;162.143;223.250; 78.564;127.280;154.910;139.544;154.292;154.668; 89.408; 34.660;203.952; 84.367
2003-10-30 07:05:00;144.514; 46.010;175.600;103.703;1105.940;321.973;   null;169.248; 71.344;128.040;161.335;225.316; 78.360;127.520;155.786;140.038;153.056;155.898; 89.322; 35.138;204.242; 84.367
2003-10-30 07:10:00;143.436; 45.897;177.233;104.730;1117.580;318.933;   null;164.612; 70.490;124.560;163.792;226.842; 78.160;126.440;156.512;140.286;153.364;156.584; 89.342; 35.284;204.892; 84.475
2003-10-30 07:15:00;144.628; 45.020;176.033;104.493;1114.160;324.163; 81.255;164.042; 71.460;126.173;161.104;223.965; 77.897;127.880;156.504;137.968;154.950;154.566; 88.566; 35.056;203.582; 85.829
2003-10-30 07:20:00;145.784; 44.430;175.467;105.240;1111.100;320.633;   null;165.476; 70.672;124.697;163.489;224.908; 78.721;127.060;157.230;140.156;154.704;155.802; 89.832; 35.152;203.850; 85.795
2003-10-30 07:25:00;145.800; 45.573;174.567;103.147;1117.260;319.797;   null;167.322; 70.842;125.533;162.748;228.020; 78.029;126.460;155.042;140.018;152.346;156.388; 88.636; 35.180;207.436; 84.368
2003-10-30 07:30:00;145.104; 45.637;172.533;103.600;1114.640;319.730; 79.016;165.760; 72.172;126.433;161.955;225.363; 78.588;126.800;154.588;140.612;154.690;154.906; 88.424; 35.098;204.962; 84.623
2003-10-30 07:35:00;146.260; 45.397;175.500;104.873;1120.960;321.080;   null;163.798; 71.256;124.480;161.551;225.202; 77.997;129.120;156.470;139.526;155.620;155.564; 90.842; 34.926;204.564; 85.296
2003-10-30 07:40:00;145.182; 47.410;175.967;103.840;1111.980;322.380;   null;166.030; 70.944;125.427;161.512;227.505; 78.395;128.040;155.896;139.316;155.082;155.288; 89.256; 35.680;203.758; 84.863
2003-10-30 07:45:00;144.314; 45.477;175.267;103.280;1115.100;318.040; 81.597;163.656; 70.152;124.503;160.667;224.604; 77.991;128.360;157.138;139.132;155.582;152.340; 89.442; 34.598;204.454; 83.877
2003-10-30 07:50:00;146.076; 46.053;172.667;104.507;1119.880;319.847;   null;165.098; 70.858;125.327;161.162;227.006; 78.561;127.080;157.750;138.494;152.796;156.344; 88.350; 35.772;202.522; 85.895
2003-10-30 07:55:00;146.204; 44.753;172.700;104.440;1114.840;326.050;   null;164.242; 70.518;123.887;159.950;228.004; 78.933;124.660;157.486;139.512;152.934;155.724; 89.076; 34.898;203.108; 84.420
2003-10-30 08:00:00;146.224; 46.403;173.267;105.220;1124.300;321.266; 80.367;164.236; 70.342;125.170;162.182;225.602; 79.414;127.120;154.832;139.182;154.862;155.824; 88.348; 35.192;203.158; 85.069
2003-10-30 08:05:00;146.020; 45.210;175.667;105.743;1119.620;322.467;   null;164.906; 70.660;127.320;161.768;227.007; 75.540;127.140;156.740;139.918;155.898;155.602; 89.988; 35.210;203.610; 85.423
2003-10-30 08:10:00;146.320; 45.033;174.800;104.690;1118.340;322.263;   null;166.156; 69.934;123.750;160.937;227.671; 78.012;125.540;156.302;140.974;153.536;154.414; 88.472; 34.816;203.216; 84.381
2003-10-30 08:15:00;144.234; 45.130;174.233;106.167;1119.860;319.847; 81.550;166.602; 70.684;124.727;160.522;224.968; 79.201;126.480;156.120;139.256;155.040;156.192; 89.072; 35.236;202.578; 84.325
2003-10-30 08:20:00;147.708; 45.050;175.833;104.997;1119.340;320.870;   null;165.810; 70.968;126.403;161.880;223.912; 76.214;125.780;155.526;140.256;155.918;154.208; 87.410; 34.990;202.578; 84.581
2003-10-30 08:25:00;145.672; 46.903;175.167;105.430;1121.300;320.887;   null;167.326; 71.424;126.793;159.326;225.186; 78.180;127.760;155.622;140.408;154.906;153.992; 89.360; 34.958;204.670; 85.628
2003-10-30 08:30:00;144.914; 46.170;176.900;104.527;1116.120;322.390; 80.519;166.650; 72.124;125.433;160.365;223.816; 77.565;128.260;155.392;138.364;154.300;154.276; 89.946; 35.390;203.918; 85.261
2003-10-30 08:35:00;147.926; 47.150;175.900;105.487;1118.820;320.383;   null;166.422; 70.766;127.823;159.601;226.612; 79.130;125.920;154.972;139.164;155.532;156.558; 89.398; 35.002;201.374; 83.123
2003-10-30 08:40:00;146.978; 45.923;174.533;105.993;1114.620;322.020;   null;166.618; 71.152;126.903;160.573;225.346; 77.908;125.520;156.752;137.582;152.348;156.498; 88.924; 34.490;203.592; 84.150
2003-10-30 08:45:00;146.490; 44.303;177.833;105.190;1120.460;322.767; 80.344;166.382; 70.804;126.837;159.792;225.309; 78.442;125.360;156.748;140.856;154.786;155.254; 89.690; 34.622;202.016; 84.584
2003-10-30 08:50:00;146.450; 45.583;174.167;103.573;1120.280;319.570;   null;164.998; 70.576;124.707;160.828;224.737; 79.467;126.180;154.090;138.042;153.626;155.054; 88.636; 35.554;203.298; 82.956
2003-10-30 08:55:00;146.262; 45.797;175.700;103.943;1117.520;320.997;   null;166.642; 72.002;123.983;161.115;225.288; 79.059;127.120;155.142;140.760;156.650;155.700; 89.228; 34.362;200.490; 85.521
2003-10-30 09:00:00;144.922; 45.457;173.500;104.917;1113.480;322.803; 81.488;165.116; 71.690;125.810;160.954;226.588; 78.648;127.000;156.898;139.002;154.712;156.800; 88.818; 35.034;202.588; 84.295
2003-10-30 09:05:00;146.328; 46.213;175.500;106.483;1117.360;322.393;   null;165.880; 71.472;124.240;161.656;226.998; 77.711;126.680;156.048;141.372;156.326;154.774; 89.542; 34.160;201.738; 83.934
2003-10-30 09:10:00;147.692; 45.753;174.733;104.640;1119.980;322.813;   null;164.718; 72.138;125.533;160.539;224.358; 80.346;125.440;154.446;139.004;153.282;154.722; 90.700; 34.182;202.496; 85.667
2003-10-30 09:15:00;147.234; 45.967;175.933;105.837;1116.440;320.427; 82.062;166.714; 72.010;125.167;160.222;227.629; 77.059;126.080;158.164;140.170;153.766;155.016; 88.944; 34.938;202.046; 82.344
2003-10-30 09:20:00;146.814; 46.780;177.367;106.703;1128.020;319.927;   null;164.528; 71.682;124.933;161.225;226.233; 77.636;126.060;156.054;138.902;155.140;155.752; 89.866; 34.078;203.458; 84.511
2003-10-30 09:25:00;148.444; 46.833;176.000;104.017;1123.480;321.037;   null;166.414; 71.062;127.007;160.158;228.187; 78.889;126.220;156.798;139.604;155.278;158.948; 89.234; 34.316;203.356; 84.437
2003-10-30 09:30:00;144.724; 44.843;177.833;104.907;1114.080;320.077; 80.861;165.660; 71.972;126.200;161.576;223.271; 78.102;126.260;155.046;139.392;153.336;154.580; 90.288; 33.780;202.078; 84.150
2003-10-30 09:35:00;148.654; 47.057;175.300;105.280;1120.840;323.390;   null;166.360; 70.560;125.360;160.619;224.947; 80.341;126.260;155.966;140.860;156.838;156.112; 89.912; 34.118;204.684; 83.480
2003-10-30 09:40:00;146.096; 46.480;177.267;105.937;1125.160;320.954;   null;166.372; 70.248;124.794;161.050;223.236; 77.693;126.600;157.924;136.930;155.106;156.098; 89.684; 34.532;205.066; 84.599
2003-10-30 09:45:00;144.924; 46.487;177.233;105.550;1127.580;321.173; 81.559;165.670; 70.656;123.600;158.911;225.915; 77.666;126.880;156.396;139.648;156.402;156.556; 89.396; 34.378;202.728; 83.732
2003-10-30 09:50:00;146.216; 45.640;174.700;104.293;1124.220;322.113;   null;166.634; 71.384;126.033;161.019;224.463; 76.843;125.900;155.950;138.826;151.546;157.864; 89.058; 34.142;203.682; 82.638
2003-10-30 09:55:00;147.042; 44.967;176.867;105.597;1125.160;323.543;   null;164.680; 72.996;124.640;161.113;226.398; 77.598;127.260;155.684;138.666;156.478;155.600; 89.366; 34.134;201.286; 83.378
2003-10-30 10:00:00;146.906; 46.460;177.033;106.013;1124.900;323.500; 81.584;167.534; 71.904;126.780;159.262;226.324; 78.109;124.760;155.458;137.756;156.906;155.934; 88.884; 34.642;203.880; 85.043
2003-10-30 10:05:00;145.322; 46.550;177.033;103.103;1126.600;324.043;   null;166.030; 71.582;125.540;161.178;225.081; 79.538;125.260;157.302;139.902;155.214;157.526; 89.682; 34.792;204.430; 84.520
2003-10-30 10:10:00;144.336; 45.550;178.067;104.740;1128.440;323.093;   null;164.952; 70.566;125.143;159.886;226.983; 77.470;124.840;157.952;142.396;155.052;156.004; 89.628; 34.924;201.446; 84.471
2003-10-30 10:15:00;145.512; 47.467;176.667;105.340;1120.400;322.223; 81.831;163.908; 71.458;126.170;161.225;229.116; 78.354;126.100;155.816;138.838;155.756;156.392; 89.680; 34.412;201.746; 82.695
2003-10-30 10:20:00;146.116; 45.250;176.667;103.277;1117.200;320.460;   null;167.604; 71.928;125.990;160.173;229.283; 78.059;126.120;157.646;141.880;157.930;157.134; 89.014; 34.638;204.850; 83.885
2003-10-30 10:25:00;146.872; 44.753;176.967;105.610;1123.080;322.127;   null;163.764; 72.246;126.500;160.124;229.488; 78.218;126.360;156.650;139.636;155.074;155.342; 88.036; 34.562;202.632; 83.523
2003-10-30 10:30:00;147.096; 46.427;177.400;107.493;1119.080;324.107; 80.734;164.896; 71.914;125.617;158.592;227.027; 77.108;126.100;158.894;139.642;155.610;155.134; 88.610; 34.528;203.272; 84.925
2003-10-30 10:35:00;145.866; 45.193;178.267;105.913;1121.280;321.203;   null;165.536; 70.954;128.463;159.772;229.339; 78.634;126.480;154.604;138.464;154.874;160.860; 89.794; 34.974;205.714; 83.769
2003-10-30 10:40:00;145.870; 46.300;178.067;105.877;1120.980;321.050;   null;167.802; 70.526;126.860;160.554;227.254; 77.940;125.140;155.878;138.244;155.446;157.112; 90.832; 34.468;202.626; 81.987
2003-10-30 10:45:00;145.960; 46.500;174.900;105.373;1131.540;323.447; 81.759;166.518; 71.802;123.047;159.661;228.611; 77.654;126.020;157.066;139.010;156.798;159.062; 90.532; 34.526;202.468; 83.884
2003-10-30 10:50:00;148.124; 45.980;177.067;105.160;1116.180;322.507;   null;166.208; 70.376;125.480;161.560;228.389; 78.402;126.780;156.674;141.170;153.586;156.610; 87.382; 34.468;204.230; 83.885
2003-10-30 10:55:00;146.550; 45.233;177.667;106.040;1124.340;324.533;   null;164.888; 69.758;125.300;161.817;229.134; 77.834;125.800;157.960;138.914;155.424;155.690; 89.622; 33.948;203.742; 84.697
2003-10-30 11:00:00;145.640; 46.923;177.833;104.477;1116.780;323.807; 82.017;166.804; 72.072;126.337;159.349;226.506; 79.213;125.560;156.752;141.554;156.386;157.726; 89.344; 34.540;202.076; 83.482
2003-10-30 11:05:00;147.210; 46.223;179.433;106.030;1119.660;326.600;   null;166.888; 73.190;125.297;161.731;230.103; 77.497;128.160;156.736;139.126;154.880;156.494; 89.616; 34.826;204.154; 83.957
2003-10-30 11:10:00;148.188; 46.283;176.133;104.617;1119.500;322.590;   null;168.090; 72.194;126.760;159.495;228.833; 78.434;126.840;157.052;142.124;155.158;157.166; 90.654; 33.758;203.190; 84.730
2003-10-30 11:15:00;147.674; 46.030;175.133;105.160;1120.500;322.157; 80.445;168.042; 73.486;126.390;158.454;227.957; 79.443;128.460;155.196;139.172;156.062;157.608; 90.592; 34.250;205.486; 83.917
2003-10-30 11:20:00;147.804; 46.173;176.900;104.920;1121.060;324.273;   null;167.098; 72.968;125.467;160.811;227.845; 77.013;127.040;155.682;141.702;154.266;158.072; 89.524; 34.870;204.942; 83.595
2003-10-30 11:25:00;146.246; 46.253;177.900;105.640;1128.800;324.757;   null;166.508; 72.100;126.703;159.709;227.109; 79.004;126.580;158.080;140.958;157.754;157.344; 89.486; 35.210;203.340; 82.654
2003-10-30 11:30:00;148.620; 45.250;178.167;106.653;1116.620;322.613; 81.478;168.062; 72.064;125.443;160.906;227.275; 79.010;128.580;154.790;139.608;156.022;158.188; 90.478; 34.008;205.620; 82.340
2003-10-30 11:35:00;147.470; 45.260;175.100;106.493;1128.620;323.103;   null;165.058; 71.830;126.710;162.198;226.977; 80.262;127.520;157.700;140.700;157.178;159.092; 89.532; 34.558;204.012; 81.802
2003-10-30 11:40:00;144.624; 47.223;178.933;105.440;1116.740;319.980;   null;164.124; 71.796;125.810;159.567;228.040; 78.196;127.240;157.598;140.062;157.308;155.002; 90.458; 34.352;203.058; 83.668
2003-10-30 11:45:00;147.658; 46.613;178.533;106.283;1122.000;321.733; 82.477;167.970; 73.154;126.333;161.448;232.142; 76.761;127.000;157.110;141.872;154.802;158.210; 90.424; 34.870;204.524; 85.565
2003-10-30 11:50:00;147.170; 46.197;175.867;106.950;1119.840;324.950;   null;165.592; 70.646;126.017;160.107;230.571; 77.689;127.280;157.620;139.542;156.904;157.034; 90.236; 34.300;204.494; 83.571
2003-10-30 11:55:00;146.812; 46.997;175.833;105.293;1117.420;324.470;   null;165.134; 73.818;124.777;161.225;227.537; 77.604;127.540;155.608;140.496;155.102;157.376; 89.338; 34.524;201.860; 82.035
2003-10-30 12:00:00;146.108; 46.193;177.833;105.330;1111.260;323.583; 82.303;165.570; 72.398;125.720;160.924;231.394; 79.463;128.800;157.606;138.690;156.094;159.234; 90.892; 34.150;202.328; 85.783
2003-10-30 12:05:00;144.892; 45.423;175.800;106.690;1115.540;321.750;   null;166.628; 72.788;126.753;162.075;226.970; 79.201;126.940;156.132;137.736;157.000;158.022; 90.118; 34.358;202.852; 83.603
