ESOI    MXCO    ROME    AATB    LMKS    DRBS    MOSC    NEWK    KIEL    CALG    OULU    APTY    FSMT    INVK    NAIN    PWNK    THUL    SOPB    SOPO
2005-01-21 12:10:00;155.870;206.933;141.543;1391.260;403.800;   null;203.944; 87.320;153.760;280.398; 94.621;156.360;188.874;167.802;187.246;186.810;107.908;136.674;265.774
2005-01-21 12:15:00;155.286;205.500;141.477;1390.920;405.857;101.856;203.170; 86.478;154.240;277.409; 95.657;155.960;185.318;170.470;186.550;185.720;108.750;137.596;263.014
2005-01-21 12:20:00;156.054;204.967;142.267;1389.940;405.497;   null;205.508; 88.302;156.803;277.823; 96.587;155.980;186.954;167.930;188.910;189.052;107.126;135.584;264.948
2005-01-21 12:25:00;156.148;205.300;140.903;1394.340;403.180;   null;204.782; 88.274;152.503;277.532; 95.706;156.780;188.482;167.770;185.760;187.898;108.756;137.258;266.022
2005-01-21 12:30:00;157.002;206.033;142.693;1386.060;403.560;103.266;204.566; 87.074;153.033;276.255; 97.346;155.740;186.918;169.284;189.168;188.312;106.680;137.120;265.388
2005-01-21 12:35:00;156.438;208.367;143.713;1388.220;406.033;   null;203.790; 87.856;153.850;275.893; 95.589;155.600;185.568;167.538;188.180;188.754;108.556;134.904;265.074
2005-01-21 12:40:00;155.596;206.833;141.043;1395.400;405.197;   null;204.048; 86.898;155.530;278.080; 95.817;156.380;186.244;169.054;184.372;189.184;107.472;137.342;264.578
2005-01-21 12:45:00;155.730;203.767;141.773;1389.900;406.720;102.544;205.600; 87.192;154.310;279.129; 95.272;156.220;185.816;168.992;188.524;190.046;107.756;138.094;263.876
2005-01-21 12:50:00;156.610;205.533;142.987;1397.220;404.530;   null;204.568; 87.174;153.220;278.733; 96.032;156.360;187.246;169.016;187.074;187.428;107.806;137.296;266.672
2005-01-21 12:55:00;156.434;206.467;139.767;1394.820;403.630;   null;204.874; 87.432;153.327;278.892; 94.332;157.160;186.906;167.718;187.632;189.608;109.364;137.584;265.682
2005-01-21 13:00:00;156.912;208.233;142.053;1391.500;405.347;102.393;203.682; 87.834;155.643;281.396; 95.726;155.580;187.314;169.286;188.314;190.750;108.638;138.512;263.914
2005-01-21 13:05:00;156.672;208.133;141.543;1387.080;401.937;   null;205.566; 88.474;153.537;278.380; 97.292;154.640;188.036;168.444;187.544;189.178;107.274;137.224;266.296
2005-01-21 13:10:00;156.404;206.367;141.007;1386.980;403.283;   null;204.960; 87.886;156.130;279.407; 96.492;156.000;187.290;166.110;188.252;188.454;107.114;136.120;263.830
2005-01-21 13:15:00;155.466;208.333;144.033;1399.220;403.233;102.875;204.132; 88.224;156.110;280.133; 95.363;157.620;188.068;169.598;188.206;189.742;107.306;137.012;267.042
2005-01-21 13:20:00;155.986;205.633;142.747;1393.160;402.850;   null;205.488; 86.888;155.517;279.876; 95.561;155.560;188.694;166.756;188.254;186.208;107.846;136.970;265.784
2005-01-21 13:25:00;156.984;204.200;142.973;1391.040;403.200;   null;205.882; 86.686;155.210;277.179; 95.210;158.140;185.872;170.148;189.860;186.308;108.854;137.140;268.770
2005-01-21 13:30:00;156.050;206.467;139.603;1393.840;403.290;102.620;204.988; 89.016;153.587;278.883; 95.630;154.520;189.296;168.260;188.920;188.392;107.620;137.056;264.968
2005-01-21 13:35:00;156.782;210.933;142.133;1396.860;403.157;   null;205.542; 88.216;154.707;278.882; 96.121;156.500;186.932;168.682;188.528;190.590;108.180;138.190;264.676
2005-01-21 13:40:00;154.450;207.367;143.707;1391.940;403.263;   null;204.132; 88.018;154.867;278.386; 95.077;156.560;188.796;167.492;189.372;188.508;106.848;138.352;263.856
2005-01-21 13:45:00;156.644;210.033;142.497;1389.220;402.653;102.361;202.388; 88.818;154.960;275.818; 95.030;154.720;187.308;168.230;188.596;189.882;108.342;137.356;265.542
2005-01-21 13:50:00;155.302;207.733;142.413;1393.400;400.753;   null;204.292; 89.436;154.353;278.686; 96.544;157.360;187.196;166.462;190.614;189.846;107.556;138.566;265.564
2005-01-21 13:55:00;156.450;205.133;140.773;1390.360;402.940;   null;204.478; 88.008;155.270;278.970; 96.092;156.380;186.676;167.538;192.666;191.216;107.310;137.228;265.980
2005-01-21 14:00:00;154.930;206.700;141.283;1403.080;404.357;101.949;203.542; 88.132;157.297;280.347; 96.080;155.180;187.664;167.144;190.402;188.390;108.278;136.164;267.852
2005-01-21 14:05:00;156.820;204.100;140.583;1399.000;403.873;   null;205.428; 88.518;153.887;279.921; 95.720;156.180;187.608;167.826;189.542;189.046;106.360;136.872;266.182
2005-01-21 14:10:00;156.226;207.600;141.633;1390.840;404.117;   null;206.204; 88.566;152.763;278.060; 95.458;156.740;188.980;169.748;189.672;190.450;107.676;137.226;264.126
2005-01-21 14:15:00;156.748;209.667;141.747;1405.860;400.330;102.478;204.046; 88.228;154.650;278.951; 96.287;155.900;187.722;168.404;190.732;190.576;107.648;133.646;263.616
2005-01-21 14:20:00;155.932;207.367;140.280;1389.840;400.993;   null;206.354; 87.668;155.640;277.148; 97.368;155.820;187.524;165.638;191.260;190.432;108.104;136.840;266.998
2005-01-21 14:25:00;156.388;206.833;142.597;1394.100;406.004;   null;205.282; 89.160;155.263;280.739; 95.206;156.940;186.514;168.984;191.774;190.220;110.212;136.966;264.888
2005-01-21 14:30:00;154.968;205.600;140.807;1400.400;401.510;102.487;204.262; 88.420;156.010;279.276; 94.657;155.060;190.478;168.286;191.528;187.844;108.118;137.546;265.634
2005-01-21 14:35:00;158.004;207.433;141.057;1393.680;402.293;   null;204.196; 87.858;154.240;280.873; 96.395;156.180;187.892;169.754;189.622;189.316;108.444;137.032;264.960
2005-01-21 14:40:00;156.740;208.233;140.990;1390.620;399.580;   null;203.954; 87.266;155.503;280.292; 95.734;157.580;187.622;166.574;189.986;189.396;108.254;135.256;265.158
2005-01-21 14:45:00;156.240;207.633;141.487;1396.600;403.083;102.166;202.328; 88.120;156.867;280.389; 97.534;157.900;188.494;168.228;188.658;189.000;107.036;137.414;263.806
2005-01-21 14:50:00;156.248;206.633;141.170;1401.420;402.443;   null;205.138; 89.002;154.447;278.744; 96.454;153.580;188.640;168.706;189.826;191.546;107.482;136.118;266.588
2005-01-21 14:55:00;156.924;207.367;142.953;1395.140;403.987;   null;202.654; 89.420;154.980;278.949; 95.214;155.880;187.882;168.400;190.096;190.984;107.102;136.400;263.344
2005-01-21 15:00:00;156.678;208.400;143.483;1396.300;404.737;103.864;203.982; 87.606;155.927;279.438; 96.578;157.400;188.176;169.140;191.990;190.326;108.582;134.792;261.542
2005-01-21 15:05:00;156.414;208.633;142.900;1381.580;401.393;   null;203.686; 87.736;154.324;279.187; 96.132;156.700;188.520;167.680;192.572;188.240;109.630;136.824;264.072
2005-01-21 15:10:00;155.536;208.200;143.137;1400.320;399.560;   null;204.478; 90.816;157.913;276.452; 96.282;155.300;189.990;168.626;193.006;192.470;108.626;135.854;263.844
2005-01-21 15:15:00;154.858;207.867;142.137;1395.820;402.737;102.476;201.886; 90.262;156.803;280.313; 97.119;154.360;188.606;168.440;193.054;189.912;108.448;136.916;261.948
2005-01-21 15:20:00;157.050;206.900;141.727;1394.120;402.547;   null;203.474; 89.426;155.294;279.656; 97.166;155.440;190.674;169.514;191.152;188.128;108.364;136.182;262.934
2005-01-21 15:25:00;157.272;208.267;144.007;1391.680;402.353;   null;202.604; 89.344;154.473;279.442; 96.604;157.120;189.844;169.552;191.674;189.438;108.964;135.466;262.608
2005-01-21 15:30:00;158.546;206.500;140.737;1396.860;402.797;102.269;203.938; 89.024;152.577;278.255; 96.177;157.720;189.638;170.296;190.254;189.820;108.562;135.416;261.946
2005-01-21 15:35:00;155.696;208.367;141.463;1394.420;403.063;   null;202.768; 89.030;154.653;280.642; 94.971;156.880;189.730;169.872;191.140;190.934;108.244;136.332;263.518
2005-01-21 15:40:00;155.000;206.933;142.273;1386.740;404.650;   null;203.452; 88.692;153.117;282.516; 96.077;156.260;188.132;169.838;191.198;190.952;107.968;134.782;263.064
2005-01-21 15:45:00;156.090;210.933;141.297;1401.340;402.533;102.635;202.422; 89.882;155.040;280.379; 96.511;157.240;189.376;172.184;189.338;191.490;108.246;135.224;262.222
2005-01-21 15:50:00;158.534;209.867;142.947;1397.360;398.360;   null;204.778; 89.924;154.117;279.297; 96.223;156.360;186.662;169.930;191.602;191.442;109.832;135.884;261.656
2005-01-21 15:55:00;156.342;207.767;141.340;1396.500;401.667;   null;203.668; 88.864;154.423;281.821; 96.808;156.860;185.986;170.698;189.822;191.914;107.658;135.454;262.834
2005-01-21 16:00:00;155.226;208.167;143.327;1396.260;402.383;102.316;200.936; 89.958;153.633;280.571; 96.669;156.180;189.360;170.058;192.080;192.246;110.194;135.310;263.134
2005-01-21 16:05:00;155.780;206.067;142.123;1386.020;400.353;   null;200.878; 88.176;155.060;278.541; 95.191;155.940;187.930;170.114;191.814;195.070;107.482;137.454;263.772
2005-01-21 16:10:00;157.150;208.633;141.873;1394.220;401.957;   null;203.458; 89.114;153.787;282.098; 96.081;156.560;188.640;169.082;191.256;191.814;108.958;135.402;262.120
2005-01-21 16:15:00;156.368;207.200;142.113;1391.000;400.760;102.802;201.282; 89.514;154.620;281.005; 95.383;156.280;189.652;171.102;191.262;192.762;107.464;136.552;265.642
2005-01-21 16:20:00;155.282;208.200;142.787;1387.860;398.086;   null;203.122; 88.936;154.263;279.885; 95.031;157.340;189.360;168.918;191.250;193.360;109.082;137.442;263.934
2005-01-21 16:25:00;155.972;207.733;140.923;1390.100;401.157;   null;199.644; 89.680;153.993;282.619; 97.275;158.860;187.552;169.040;191.176;193.788;109.006;136.442;262.330
2005-01-21 16:30:00;156.600;207.800;141.820;1391.860;404.967;102.345;202.680; 89.362;154.223;278.633; 97.319;156.400;190.062;171.444;192.816;192.986;109.724;136.410;262.140
2005-01-21 16:35:00;157.722;207.200;141.163;1393.560;398.867;   null;202.226; 87.950;154.293;283.792; 96.095;155.980;189.214;169.994;192.406;190.728;108.406;135.938;262.842
2005-01-21 16:40:00;157.542;209.033;143.760;1397.160;402.153;   null;203.988; 89.844;154.817;283.766; 96.677;154.720;189.302;169.808;192.014;193.998;109.400;136.384;265.288
2005-01-21 16:45:00;156.792;208.600;142.347;1393.300;401.220;102.210;202.282; 87.978;154.230;283.467; 97.475;157.100;189.808;170.348;193.342;191.948;108.818;136.440;266.046
2005-01-21 16:50:00;156.960;207.433;144.937;1403.580;399.523;   null;203.496; 89.094;154.277;285.059; 96.427;156.660;192.668;169.066;192.738;194.420;107.472;136.782;262.250
2005-01-21 16:55:00;158.134;207.067;142.737;1397.440;403.663;   null;203.806; 88.394;154.580;284.154; 96.450;156.520;187.824;170.356;194.848;190.568;109.038;136.472;266.130
2005-01-21 17:00:00;157.738;208.767;144.433;1393.420;402.990;103.072;202.278; 88.886;155.047;287.085; 95.361;155.940;189.522;171.284;194.032;192.180;109.720;137.410;263.476
2005-01-21 17:05:00;156.316;206.567;140.840;1404.480;401.290;   null;202.076; 87.964;154.623;285.991; 96.461;157.700;192.000;171.242;193.470;193.664;108.794;136.534;263.480
2005-01-21 17:10:00;155.536;207.967;140.567;1387.040;397.490;   null;202.140; 87.750;154.203;284.325; 95.701;156.780;189.756;170.210;192.200;191.686;109.476;137.904;264.726
2005-01-21 17:15:00;153.228;207.367;141.290;1371.720;392.820;101.836;205.458; 86.966;152.630;285.883; 96.554;155.440;190.556;170.714;192.206;191.566;109.310;137.078;264.010
2005-01-21 17:20:00;154.282;206.833;141.487;1368.820;397.567;   null;203.908; 86.210;154.240;285.773; 96.099;154.500;190.536;169.970;191.958;191.870;109.628;134.306;261.214
2005-01-21 17:25:00;155.028;205.733;140.640;1365.540;396.420;   null;202.968; 87.764;151.993;284.769; 95.999;156.720;189.980;169.774;191.494;190.412;109.538;135.630;264.650
2005-01-21 17:30:00;155.282;208.067;140.923;1382.760;399.857;101.477;204.636; 87.728;153.810;282.237; 96.100;157.700;191.640;170.104;190.632;194.010;109.620;137.996;262.908
2005-01-21 17:35:00;154.380;207.333;141.903;1379.640;397.313;   null;202.628; 87.490;155.607;280.499; 95.089;158.220;192.530;170.430;192.004;193.210;110.338;136.098;263.262
2005-01-21 17:40:00;155.066;207.533;143.800;1379.760;393.727;   null;202.530; 86.336;155.147;284.832; 96.529;156.100;190.158;171.906;193.338;194.412;110.448;135.508;262.944
2005-01-21 17:45:00;155.618;207.867;141.437;1386.240;398.176;102.431;202.420; 86.694;155.067;285.910; 97.154;156.680;193.578;172.070;191.860;192.490;110.512;135.228;263.846
2005-01-21 17:50:00;155.936;206.033;141.353;1389.900;398.930;   null;202.592; 88.064;153.436;283.953; 96.347;156.420;191.370;170.442;190.646;193.774;109.962;136.022;264.262
2005-01-21 17:55:00;153.680;207.667;140.910;1379.580;401.620;   null;204.092; 86.976;153.273;280.366; 95.651;156.100;189.394;172.644;190.570;194.976;109.164;135.742;267.240
2005-01-21 18:00:00;154.736;210.500;140.637;1380.760;398.997;100.942;203.248; 86.494;153.933;280.040; 96.593;157.500;191.920;170.474;189.826;192.558;110.770;135.196;262.780
2005-01-21 18:05:00;153.900;208.667;141.070;1384.780;397.040;   null;203.796; 86.600;152.423;277.504; 94.470;157.300;193.240;170.446;188.092;191.276;110.046;135.996;262.062
2005-01-21 18:10:00;159.066;209.733;141.650;1379.200;391.970;   null;201.728; 87.258;152.153;278.844; 96.090;157.660;187.124;171.102;188.312;185.788;110.630;134.506;263.294
2005-01-21 18:15:00;155.882;210.633;140.353;1385.620;392.980;101.852;202.576; 87.626;151.367;279.714; 95.866;156.840;187.168;169.360;187.494;186.910;109.194;134.262;262.144
2005-01-21 18:20:00;155.770;205.133;141.660;1386.220;394.777;   null;202.248; 88.592;151.670;280.197; 93.945;156.600;188.820;169.556;189.390;186.894;109.054;135.432;258.402
2005-01-21 18:25:00;158.436;208.633;143.017;1388.720;395.617;   null;202.646; 86.342;152.933;278.590; 96.269;154.440;185.406;170.128;185.848;188.872;108.388;135.654;262.100
2005-01-21 18:30:00;156.794;206.100;142.023;1381.720;400.113;101.907;201.890; 88.534;154.103;281.030; 96.152;156.020;186.066;169.326;187.908;190.432;107.782;135.770;266.030
2005-01-21 18:35:00;157.240;209.633;141.777;1395.080;401.517;   null;204.564; 86.644;152.250;282.949; 92.245;155.760;186.968;164.368;182.364;184.940;109.860;135.454;267.698
2005-01-21 18:40:00;157.448;206.600;142.837;1394.260;401.070;   null;204.018; 86.324;151.723;284.336; 92.600;155.560;186.694;164.920;183.662;184.322;107.488;137.996;264.732
2005-01-21 18:45:00;155.514;207.967;140.127;1379.300;393.114; 99.780;198.286; 83.576;151.354;279.088; 94.958;155.780;189.044;167.114;176.720;182.830;102.900;136.092;263.452
2005-01-21 18:50:00;156.162;206.333;142.973;1385.660;396.140;   null;199.414; 80.274;149.307;273.535; 92.602;152.200;188.682;165.706;173.980;174.820;101.008;133.554;259.224
2005-01-21 18:55:00;157.560;203.000;141.927;1377.920;391.393;   null;195.978; 79.492;147.653;262.399; 91.037;149.460;185.484;165.446;174.858;174.644;100.668;134.152;257.282
2005-01-21 19:00:00;155.562;199.167;139.283;1411.860;387.520; 99.249;198.426; 81.346;145.427;261.387; 91.196;149.420;182.046;165.220;174.184;175.398;101.772;132.886;254.998
2005-01-21 19:05:00;155.590;202.333;141.057;1413.760;389.143;   null;196.786; 79.508;148.397;264.098; 89.831;148.320;177.442;163.962;174.902;174.710;101.412;131.012;256.292
2005-01-21 19:10:00;156.380;198.933;139.720;1407.320;387.803;   null;195.538; 80.816;146.150;259.110; 89.680;147.040;175.208;162.252;172.912;174.498;101.442;129.414;254.774
2005-01-21 19:15:00;153.490;199.100;137.990;1413.680;384.110; 97.698;193.870; 81.592;145.483;258.784; 88.774;146.440;174.206;160.280;176.646;174.702;100.156;127.572;249.550
2005-01-21 19:20:00;154.874;196.867;134.957;1421.780;379.103;   null;193.386; 81.310;143.333;255.138; 89.819;144.700;173.192;158.596;174.362;172.862;100.014;125.594;244.878
2005-01-21 19:25:00;154.664;195.833;137.890;1408.740;376.613;   null;190.628; 81.424;142.977;257.200; 91.739;145.080;171.892;157.988;172.464;173.976;101.516;125.756;246.990
2005-01-21 19:30:00;156.362;195.167;136.127;1412.760;374.210; 96.306;188.360; 80.806;144.893;255.650; 90.255;143.640;172.510;157.104;172.790;174.390;100.104;123.542;243.986
2005-01-21 19:35:00;154.590;198.300;135.800;1404.380;376.420;   null;188.398; 81.818;144.397;255.071; 90.088;144.120;172.324;157.120;175.644;174.730;100.028;122.686;242.952
2005-01-21 19:40:00;153.274;198.067;136.830;1413.180;373.580;   null;187.522; 81.022;143.023;254.129; 90.438;145.900;170.516;155.024;176.904;176.648;101.670;122.082;240.580
2005-01-21 19:45:00;156.802;195.500;135.660;1414.900;374.087; 96.022;188.604; 82.296;143.993;251.487; 90.322;146.240;174.320;156.810;175.624;175.616;102.032;121.592;239.640
2005-01-21 19:50:00;152.598;199.200;134.477;1412.100;374.423;   null;188.576; 82.172;143.953;254.090; 89.127;145.700;174.128;157.486;176.404;177.326;101.038;120.962;238.038
2005-01-21 19:55:00;152.188;198.867;137.383;1408.580;377.663;   null;186.104; 82.476;141.193;254.342; 91.020;145.820;172.996;155.032;175.416;175.704;101.236;122.676;241.540
2005-01-21 20:00:00;150.848;198.967;137.107;1414.460;377.477; 95.937;186.234; 82.788;144.697;252.714; 89.974;145.480;172.462;156.030;176.762;173.214;100.614;121.876;238.618
2005-01-21 20:05:00;153.750;201.400;136.327;1419.080;376.887;   null;192.272; 81.766;145.154;252.174; 88.486;147.040;171.762;154.288;177.612;175.298;101.794;121.740;240.156
2005-01-21 20:10:00;152.998;199.933;138.480;1409.120;377.607;   null;191.054; 82.066;143.723;256.410; 89.896;144.620;171.798;154.646;175.226;177.374;100.588;121.594;238.560
2005-01-21 20:15:00;153.644;198.600;136.837;1412.020;378.430; 97.386;188.608; 82.232;145.397;253.659; 89.620;146.420;174.336;155.392;176.188;174.410; 99.718;120.260;239.846
2005-01-21 20:20:00;155.622;199.833;136.657;1414.840;380.293;   null;187.550; 81.442;144.283;251.340; 90.734;146.620;171.194;156.198;175.824;173.594;100.274;121.010;239.550
2005-01-21 20:25:00;155.490;196.700;136.747;1408.900;382.353;   null;188.770; 81.976;143.057;252.244; 89.577;146.380;171.796;156.380;173.288;173.838;100.152;121.308;239.868
2005-01-21 20:30:00;154.664;199.933;136.337;1404.760;378.780; 96.147;188.168; 80.696;143.773;254.048; 89.660;143.720;174.528;154.070;173.152;172.660; 99.590;122.758;240.346
2005-01-21 20:35:00;153.464;200.233;136.957;1410.500;375.427;   null;187.600; 80.152;144.040;254.115; 90.209;144.020;170.686;155.478;173.158;174.314; 99.688;120.872;240.604
2005-01-21 20:40:00;152.684;199.933;137.457;1411.160;374.513;   null;190.346; 81.082;144.610;255.055; 88.176;143.820;169.914;157.152;171.248;176.476; 99.200;121.132;243.216
2005-01-21 20:45:00;151.976;197.467;137.973;1406.840;374.470; 95.890;188.324; 80.484;143.457;248.876; 86.924;142.680;170.260;154.566;175.458;175.848;100.140;121.550;242.344
2005-01-21 20:50:00;152.634;198.367;137.700;1397.220;376.253;   null;187.962; 80.752;144.917;249.667; 87.111;141.540;170.990;154.296;175.096;173.278;100.276;124.370;241.328
2005-01-21 20:55:00;151.674;197.000;136.490;1403.140;373.097;   null;185.770; 80.968;143.640;254.322; 87.849;145.740;171.794;153.146;172.956;174.206; 99.858;121.954;242.480
2005-01-21 21:00:00;152.308;198.767;137.247;1409.960;374.143; 94.342;187.860; 80.800;143.280;252.695; 88.112;143.920;171.306;153.994;171.772;172.394;100.312;122.164;239.658
2005-01-21 21:05:00;155.518;198.767;136.970;1412.880;377.123;   null;186.574; 80.418;142.167;255.145; 88.413;141.580;172.314;154.466;172.580;172.540;100.034;121.346;243.958
2005-01-21 21:10:00;155.192;194.100;136.713;1418.900;374.717;   null;187.368; 80.882;142.646;252.766; 86.416;143.940;173.524;155.696;172.438;175.664; 98.064;123.068;242.132
2005-01-21 21:15:00;154.004;199.000;137.717;1411.800;377.087; 95.783;185.498; 82.872;141.397;253.806; 86.329;141.900;172.694;158.104;172.564;172.312;100.524;122.440;239.504
2005-01-21 21:20:00;156.468;198.367;138.503;1417.780;379.270;   null;187.618; 80.430;141.777;252.984; 85.850;142.880;170.922;154.378;172.796;174.152; 98.810;123.166;240.738
2005-01-21 21:25:00;154.792;198.233;136.853;1412.000;377.087;   null;188.928; 82.294;140.850;256.227; 86.867;142.880;173.852;154.558;173.732;176.478;100.052;121.392;241.702
2005-01-21 21:30:00;155.370;200.100;136.430;1412.560;378.527; 96.145;188.004; 80.140;140.797;255.650; 88.410;144.780;175.488;157.314;172.592;177.220;100.824;122.562;242.350
2005-01-21 21:35:00;154.488;196.567;138.477;1406.480;381.777;   null;186.476; 82.574;143.500;256.249; 87.340;144.000;173.200;156.098;171.964;177.382; 99.294;123.260;241.252
2005-01-21 21:40:00;154.406;196.133;140.337;1411.080;381.057;   null;188.510; 81.130;140.323;256.069; 87.697;143.780;170.462;152.266;172.486;179.756;101.352;122.926;244.700
2005-01-21 21:45:00;155.342;198.200;139.247;1408.440;375.830; 96.703;187.972; 80.436;141.943;256.285; 88.745;142.900;172.334;153.570;174.940;174.506;101.876;122.838;243.438
2005-01-21 21:50:00;154.372;195.900;138.367;1400.340;382.156;   null;187.750; 81.200;141.913;253.982; 88.544;142.900;172.332;152.524;171.102;175.036; 99.710;123.298;244.916
2005-01-21 21:55:00;153.128;198.633;138.443;1396.660;381.153;   null;190.060; 80.316;142.833;252.906; 87.756;141.620;170.754;151.662;172.992;178.246;101.590;122.632;245.766
2005-01-21 22:00:00;155.166;198.300;139.140;1392.520;379.733; 95.013;191.332; 80.926;140.900;254.028; 88.606;144.400;171.930;155.628;174.244;177.600; 99.704;124.706;248.050
2005-01-21 22:05:00;155.088;196.733;137.467;1404.260;380.797;   null;190.152; 82.906;144.797;256.652; 88.708;143.460;171.016;154.384;173.642;178.628; 99.602;125.580;247.232
2005-01-21 22:10:00;152.580;197.633;137.287;1393.360;378.290;   null;189.286; 82.356;143.770;254.455; 88.392;140.860;173.914;153.746;173.064;175.944;100.292;125.310;244.950
2005-01-21 22:15:00;153.360;201.367;137.923;1400.860;380.120; 96.137;188.966; 79.516;143.457;254.672; 87.141;143.460;172.160;152.836;175.658;173.468;101.004;126.104;245.352
2005-01-21 22:20:00;153.678;198.433;138.643;1392.680;377.423;   null;188.600; 80.062;143.820;255.573; 88.218;142.460;175.388;152.798;174.012;177.038;100.090;126.410;249.216
2005-01-21 22:25:00;151.648;196.900;138.047;1387.400;381.670;   null;188.026; 80.836;141.817;254.264; 88.581;140.760;174.404;152.832;172.618;176.504;100.772;127.094;246.734
2005-01-21 22:30:00;153.080;199.700;137.160;1373.020;379.917; 95.782;189.118; 81.172;144.963;253.072; 87.653;142.880;173.108;154.002;174.580;176.096; 99.828;126.158;248.902
2005-01-21 22:35:00;153.344;198.100;137.600;1375.040;376.653;   null;189.626; 81.088;144.380;254.617; 87.389;141.460;171.428;152.998;175.150;177.348; 99.546;126.466;247.556
2005-01-21 22:40:00;153.730;199.067;136.453;1368.160;379.477;   null;190.760; 81.020;141.127;253.437; 87.497;141.620;175.282;154.564;173.532;173.648; 99.936;125.644;248.728
2005-01-21 22:45:00;153.840;198.767;136.233;1367.340;381.833; 96.448;192.044; 80.112;143.763;251.598; 87.459;144.020;171.026;154.576;171.738;176.462; 98.688;126.738;249.174
2005-01-21 22:50:00;151.942;201.033;139.857;1368.960;376.907;   null;189.050; 83.016;142.370;253.072; 88.986;143.800;174.298;152.304;172.990;176.698; 99.732;126.412;248.494
2005-01-21 22:55:00;151.208;199.867;135.387;1355.460;379.250;   null;190.046; 81.864;142.303;256.883; 86.501;144.740;171.780;151.558;172.484;176.882; 98.786;128.440;247.460
2005-01-21 23:00:00;151.688;198.233;135.413;1352.000;377.520; 96.716;191.738; 82.122;143.057;254.905; 88.557;144.080;173.796;155.014;174.844;177.458;101.414;125.586;246.836
2005-01-21 23:05:00;151.224;198.600;136.013;1345.420;377.197;   null;189.304; 81.774;144.494;257.997; 87.744;143.980;174.614;154.778;173.108;176.012;100.464;124.634;246.290
2005-01-21 23:10:00;151.206;197.000;135.943;1339.520;377.003;   null;191.240; 80.620;142.713;255.473; 88.230;146.920;173.520;152.996;172.008;176.942;100.172;126.254;244.144
2005-01-21 23:15:00;151.894;199.800;136.397;1347.860;375.890; 95.862;189.790; 82.318;143.113;257.844; 87.876;143.960;172.036;152.776;173.070;175.676;100.396;125.462;243.828
2005-01-21 23:20:00;151.810;198.433;136.837;1340.780;378.617;   null;186.920; 82.528;142.433;259.029; 87.124;144.680;172.808;155.450;173.234;175.196;100.162;122.510;245.786
2005-01-21 23:25:00;152.714;197.300;133.977;1349.300;374.723;   null;188.750; 82.738;142.750;260.871; 87.805;144.520;177.254;156.194;174.060;176.252;100.828;122.656;244.038
2005-01-21 23:30:00;149.570;195.600;134.533;1344.700;377.110; 94.687;186.304; 82.232;142.517;258.418; 88.769;145.380;175.322;157.932;173.248;177.466; 99.538;123.724;242.008
2005-01-21 23:35:00;151.870;197.967;136.940;1349.180;372.377;   null;188.104; 82.052;141.420;263.147; 88.591;144.280;176.668;157.408;171.708;175.704;100.950;123.732;245.274
2005-01-21 23:40:00;151.052;195.967;134.123;1344.920;370.130;   null;185.204; 82.678;142.707;259.988; 88.342;144.580;174.418;158.732;174.160;175.276;100.682;122.964;245.058
2005-01-21 23:45:00;151.768;197.933;135.243;1351.580;371.130; 95.029;189.250; 82.440;141.960;264.569; 87.889;143.600;177.396;157.714;174.946;178.194;100.066;124.984;244.794
2005-01-21 23:50:00;150.794;195.233;136.630;1356.160;371.067;   null;188.782; 83.452;140.670;262.417; 87.492;143.100;176.354;159.050;174.456;174.564;101.658;124.246;243.890
2005-01-21 23:55:00;151.482;196.733;134.527;1356.260;369.197;   null;189.670; 80.958;142.867;262.154; 88.382;144.000;177.830;158.478;173.326;177.634;100.558;125.010;245.128
2005-01-22 00:00:00;150.268;195.933;133.923;1359.520;369.527; 94.441;185.572; 81.276;140.443;261.340; 88.097;142.200;177.464;158.432;175.842;178.502;100.660;125.342;244.982
2005-01-22 00:05:00;153.178;198.067;134.520;1354.480;370.393;   null;187.034; 81.106;141.307;262.775; 88.598;142.260;175.614;158.578;175.412;177.246;101.438;123.088;241.846
2005-01-22 00:10:00;152.646;197.700;134.720;1354.440;371.647;   null;188.060; 82.954;144.340;260.970; 89.550;145.420;175.832;160.444;172.116;178.442;100.430;123.292;243.542
2005-01-22 00:15:00;150.958;198.333;133.577;1353.060;371.887; 95.826;186.566; 82.056;141.507;261.245; 87.596;144.940;175.278;157.732;173.666;177.102;101.152;124.188;243.456
2005-01-22 00:20:00;151.034;196.667;136.203;1353.100;369.800;   null;187.896; 83.216;143.173;260.465; 88.966;142.620;176.900;156.632;173.600;177.106;101.272;124.996;245.300
2005-01-22 00:25:00;151.690;198.167;134.650;1351.940;371.897;   null;184.790; 81.402;140.537;261.424; 87.163;142.720;175.232;157.294;176.328;177.178;100.728;125.038;243.740
2005-01-22 00:30:00;149.930;198.567;135.793;1350.500;372.120; 96.398;189.008; 81.340;141.330;260.003; 87.593;143.940;175.296;156.132;176.548;178.142;102.536;125.446;248.260
2005-01-22 00:35:00;150.976;196.567;136.373;1346.020;371.610;   null;187.766; 82.492;142.543;260.013; 86.205;142.940;174.942;155.756;176.118;175.606;100.348;126.122;247.964
2005-01-22 00:40:00;150.794;197.500;135.200;1358.600;371.273;   null;187.496; 81.456;143.393;263.229; 88.830;144.460;177.528;158.736;175.022;176.206; 99.930;124.498;246.502
2005-01-22 00:45:00;151.222;194.733;133.417;1355.140;370.817; 96.540;187.284; 81.046;141.713;260.219; 87.029;144.540;174.612;156.094;176.564;176.346;102.004;125.306;245.632
2005-01-22 00:50:00;150.984;195.700;134.907;1350.800;369.770;   null;189.162; 80.310;141.403;259.860; 88.336;144.420;174.580;157.742;175.616;175.292;100.622;124.688;247.412
2005-01-22 00:55:00;149.624;198.200;134.240;1355.180;375.013;   null;182.892; 82.916;144.603;261.484; 90.270;142.780;176.596;157.776;175.386;177.480;100.030;125.956;247.288
2005-01-22 01:00:00;149.260;194.567;134.923;1347.020;372.407; 95.626;186.830; 82.240;144.080;259.834; 88.854;144.540;175.510;156.506;175.686;177.706;100.960;126.282;248.454
2005-01-22 01:05:00;151.478;196.800;134.453;1346.200;371.490;   null;186.936; 83.666;143.593;262.440; 88.538;143.240;173.976;155.832;172.848;177.456; 99.900;126.584;244.452
2005-01-22 01:10:00;149.296;198.133;134.167;1346.640;373.486;   null;189.098; 81.438;145.477;259.188; 87.488;143.720;174.504;158.378;171.972;177.872;101.034;122.752;243.194
2005-01-22 01:15:00;150.644;196.600;133.220;1349.500;374.497; 96.098;188.586; 80.998;143.946;258.481; 89.258;143.980;175.954;157.448;173.872;179.760;100.350;123.290;245.886
2005-01-22 01:20:00;151.076;197.100;134.940;1354.120;372.253;   null;187.550; 82.794;142.133;259.798; 88.520;143.200;174.026;156.788;176.926;177.656;101.546;123.996;245.968
2005-01-22 01:25:00;151.686;199.200;131.850;1350.120;370.100;   null;187.996; 82.414;142.787;259.548; 88.404;144.360;173.566;159.338;176.308;177.944;100.330;124.866;245.688
2005-01-22 01:30:00;152.434;198.533;133.690;1354.040;368.257; 95.356;190.004; 82.358;142.813;260.029; 89.756;144.080;175.270;161.054;175.996;176.630;102.660;123.584;244.490
2005-01-22 01:35:00;150.722;197.600;133.367;1349.860;368.747;   null;184.238; 80.994;140.343;259.144; 87.448;142.400;175.702;156.966;175.362;177.596;100.556;124.958;242.976
2005-01-22 01:40:00;151.560;198.500;132.837;1360.560;364.673;   null;185.284; 81.694;142.387;260.279; 88.428;143.540;176.736;160.196;176.600;177.548;101.206;124.216;243.536
2005-01-22 01:45:00;151.074;199.400;133.267;1348.200;365.343; 95.400;186.768; 82.928;143.057;260.864; 87.967;143.840;175.908;158.686;175.726;176.678;102.012;124.324;244.860
2005-01-22 01:50:00;151.960;200.100;135.023;1358.860;364.830;   null;186.946; 83.494;142.450;259.949; 88.087;142.280;174.550;156.772;176.252;177.218;102.328;124.226;242.906
2005-01-22 01:55:00;151.004;197.433;134.447;1358.400;365.327;   null;186.808; 80.972;143.953;259.046; 87.607;144.060;176.502;158.958;175.524;178.206;101.350;125.154;244.972
2005-01-22 02:00:00;150.988;197.867;134.167;1354.820;364.293; 95.010;184.830; 82.828;143.860;260.354; 88.211;144.680;177.414;156.708;174.942;178.030;100.986;123.996;245.586
2005-01-22 02:05:00;151.494;197.900;133.500;1355.340;369.050;   null;186.474; 81.960;143.584;262.365; 88.450;145.540;177.782;156.264;174.954;176.020;102.668;123.914;243.298
2005-01-22 02:10:00;151.070;199.067;134.143;1365.660;366.607;   null;186.904; 80.848;143.933;258.240; 89.438;145.120;176.622;160.036;174.902;177.406;101.262;123.916;242.276
2005-01-22 02:15:00;151.520;197.733;133.937;1356.200;366.023; 94.515;183.498; 82.336;141.503;262.289; 87.695;143.760;175.202;161.306;175.080;178.318;101.822;124.136;245.396
2005-01-22 02:20:00;152.760;198.433;133.180;1360.420;367.833;   null;186.042; 82.408;141.570;261.967; 87.524;143.520;175.988;157.146;176.182;178.426;102.196;124.022;244.096
2005-01-22 02:25:00;150.974;198.200;134.623;1362.920;367.464;   null;186.596; 82.060;141.340;262.154; 89.565;144.200;175.000;157.166;174.984;176.310;102.028;124.444;244.308
2005-01-22 02:30:00;151.352;196.233;135.137;1360.420;367.767; 93.895;187.332; 81.062;140.520;260.294; 88.795;142.660;174.944;158.892;177.986;177.654;101.932;124.304;243.730
2005-01-22 02:35:00;150.382;198.533;135.030;1354.500;366.743;   null;187.310; 81.502;141.950;260.694; 88.570;143.360;175.324;158.248;174.312;178.308;100.746;123.084;242.204
2005-01-22 02:40:00;150.588;199.067;133.780;1361.940;367.620;   null;184.706; 83.656;140.380;262.822; 87.742;142.160;175.014;156.930;176.470;175.942;101.852;123.912;243.710
2005-01-22 02:45:00;150.028;196.200;136.507;1356.420;368.467; 94.302;187.838; 81.702;140.157;258.850; 85.993;144.560;178.116;159.668;176.154;179.068;101.182;124.190;243.474
2005-01-22 02:50:00;152.212;199.433;134.647;1362.540;366.187;   null;188.934; 82.806;140.850;260.500; 89.371;143.440;176.538;160.020;175.440;179.518;100.808;124.962;246.970
2005-01-22 02:55:00;151.064;198.867;133.440;1363.420;364.807;   null;186.048; 82.972;140.790;260.111; 87.791;140.860;173.502;157.534;176.916;178.570;100.464;122.960;245.210
2005-01-22 03:00:00;152.164;198.767;132.067;1360.000;367.390; 94.338;188.014; 82.110;140.727;260.514; 88.515;143.400;176.996;159.690;177.044;177.380;102.390;125.144;243.150
2005-01-22 03:05:00;151.446;197.467;135.900;1363.520;366.210;   null;185.660; 82.850;142.000;259.380; 86.987;142.480;176.640;159.060;176.274;178.950;101.510;123.926;242.434
2005-01-22 03:10:00;149.624;198.033;133.547;1355.160;368.083;   null;187.036; 83.486;141.277;262.940; 88.459;142.580;176.560;160.312;176.170;178.024;101.098;122.938;241.988
2005-01-22 03:15:00;151.460;198.733;135.180;1358.640;364.683; 93.870;186.422; 81.942;141.073;260.703; 86.344;143.240;175.996;158.740;180.402;178.638;102.688;122.142;241.702
2005-01-22 03:20:00;150.858;198.833;134.677;1353.440;368.117;   null;185.426; 81.756;141.187;258.567; 87.533;143.240;176.480;160.228;175.738;177.788;101.322;122.590;239.596
2005-01-22 03:25:00;149.978;197.100;133.323;1356.020;367.043;   null;185.424; 83.078;142.957;261.986; 86.961;143.500;176.518;159.024;174.424;178.118;101.102;120.652;239.882
2005-01-22 03:30:00;150.368;197.300;135.047;1359.120;365.070; 93.605;186.374; 82.696;141.313;260.018; 86.298;140.220;177.726;160.694;177.484;177.006;101.088;119.974;238.142
2005-01-22 03:35:00;149.684;199.133;135.260;1359.100;366.137;   null;186.176; 81.452;141.897;262.269; 86.327;143.400;175.636;160.026;177.688;176.704;101.486;119.832;235.994
2005-01-22 03:40:00;151.074;198.900;134.280;1357.980;367.640;   null;186.254; 81.738;139.673;263.506; 86.777;141.740;177.472;158.728;177.344;177.180;101.760;118.202;236.226
2005-01-22 03:45:00;150.954;199.133;133.203;1353.900;367.130; 93.618;184.788; 81.496;141.450;263.294; 86.066;142.880;177.012;158.690;175.438;176.378;100.386;120.866;235.098
2005-01-22 03:50:00;151.892;199.200;132.177;1354.940;365.567;   null;185.876; 82.232;141.033;262.375; 87.254;142.940;177.824;157.934;177.176;180.406;102.948;118.292;233.488
2005-01-22 03:55:00;152.812;198.200;134.167;1363.360;367.677;   null;184.894; 82.862;140.090;264.088; 87.224;141.420;176.220;160.330;176.896;180.062;102.648;118.670;235.176
2005-01-22 04:00:00;150.232;197.167;133.090;1362.760;365.443; 94.578;185.850; 83.190;141.630;263.112; 87.657;141.980;176.996;163.536;174.440;178.744;101.252;118.194;234.610
2005-01-22 04:05:00;151.116;197.900;135.063;1351.760;366.450;   null;184.186; 80.906;140.103;263.137; 87.470;141.520;177.068;160.070;177.586;179.458;101.106;117.788;234.756
2005-01-22 04:10:00;150.684;200.767;132.650;1357.800;365.980;   null;183.146; 82.834;142.090;261.518; 86.554;141.880;178.224;158.604;177.102;177.828; 99.872;119.150;231.552
2005-01-22 04:15:00;150.538;198.300;135.000;1356.420;366.760; 94.346;184.906; 82.918;139.754;267.040; 86.021;141.100;177.700;157.116;175.900;180.446;101.278;116.654;234.048
2005-01-22 04:20:00;151.218;196.133;133.543;1362.520;365.953;   null;187.550; 82.542;139.743;263.514; 86.638;141.500;175.652;158.214;175.192;179.002;101.832;117.780;235.392
2005-01-22 04:25:00;153.394;196.167;134.307;1354.980;367.887;   null;185.494; 81.256;137.153;265.947; 86.050;142.360;176.364;159.096;179.304;179.134;102.170;118.288;234.494
2005-01-22 04:30:00;151.962;198.300;134.163;1363.440;365.767; 94.019;185.470; 80.866;140.787;263.303; 86.670;141.800;176.910;158.646;176.826;178.978;101.566;118.022;234.158
2005-01-22 04:35:00;150.216;195.633;133.610;1361.080;364.180;   null;185.734; 80.674;142.340;259.938; 88.145;142.000;178.628;159.818;178.724;179.312;101.562;119.326;234.074
2005-01-22 04:40:00;152.330;199.667;133.727;1363.280;365.393;   null;186.366; 82.266;140.473;260.439; 86.703;142.480;176.922;158.470;177.302;178.280;101.432;117.668;232.544
2005-01-22 04:45:00;153.112;197.267;135.073;1355.260;366.497; 94.427;182.328; 80.926;140.807;261.795; 87.163;142.480;176.598;158.672;177.018;178.778;102.932;116.712;233.884
2005-01-22 04:50:00;150.510;198.600;133.593;1361.580;363.743;   null;187.846; 81.018;140.653;260.284; 87.554;140.740;177.046;160.158;177.274;179.522;102.718;120.458;236.174
2005-01-22 04:55:00;151.622;198.733;132.293;1356.400;365.400;   null;185.694; 80.656;140.540;264.503; 86.456;142.140;175.176;159.244;178.360;180.452;101.404;118.144;231.218
2005-01-22 05:00:00;151.022;197.567;133.177;1356.420;368.770; 95.183;185.324; 82.622;140.437;263.781; 87.474;144.160;177.566;159.472;177.206;177.892;101.440;119.496;234.364
2005-01-22 05:05:00;149.642;199.333;135.317;1372.320;364.260;   null;186.076; 82.222;144.020;263.746; 87.747;143.460;175.554;159.086;178.352;179.360;101.396;118.184;231.210
2005-01-22 05:10:00;151.928;201.167;132.897;1367.560;365.780;   null;188.206; 80.360;141.574;260.516; 87.979;142.900;178.692;157.982;176.480;180.194;101.728;116.914;233.192
2005-01-22 05:15:00;151.388;197.833;135.220;1365.440;367.403; 93.789;185.548; 82.496;141.133;262.362; 86.047;142.960;179.438;159.196;176.534;178.362;100.956;119.596;233.850
2005-01-22 05:20:00;151.720;198.000;136.523;1363.840;367.567;   null;186.542; 81.102;140.313;264.275; 87.478;141.620;175.798;159.042;174.968;179.186;101.064;118.274;231.768
2005-01-22 05:25:00;149.676;197.033;134.553;1364.540;368.233;   null;187.344; 80.618;142.327;266.537; 86.706;141.860;175.766;159.762;177.106;179.468;102.510;118.244;234.848
2005-01-22 05:30:00;150.382;196.533;134.823;1371.800;370.193; 94.295;187.496; 81.692;141.833;259.315; 85.883;142.220;176.440;159.948;177.452;179.066;102.810;117.894;230.350
2005-01-22 05:35:00;152.758;200.500;135.137;1376.780;369.017;   null;186.942; 79.800;142.800;263.837; 88.307;142.240;175.968;159.818;174.310;180.166;102.222;117.290;235.833
2005-01-22 05:40:00;150.890;200.267;135.633;1369.600;370.177;   null;185.328; 81.718;140.440;263.715; 88.052;141.840;176.748;158.930;175.370;181.468;103.534;118.146;236.807
2005-01-22 05:45:00;152.794;197.700;135.477;1374.620;366.870; 93.707;187.894; 80.660;141.760;263.715; 86.484;143.280;175.756;158.540;174.830;179.272;102.336;119.202;235.165
2005-01-22 05:50:00;150.848;198.300;135.567;1370.000;369.790;   null;185.964; 81.052;139.557;265.129; 86.448;143.180;179.660;161.758;176.124;178.450;102.338;116.734;232.130
2005-01-22 05:55:00;153.732;200.167;133.720;1375.100;366.643;   null;183.750; 80.468;141.480;261.722; 86.216;140.760;174.882;158.790;176.734;179.380;103.116;118.390;234.572
2005-01-22 06:00:00;150.936;198.300;136.107;1372.820;372.073; 94.018;186.500; 81.414;141.137;261.705; 87.968;143.480;177.554;161.618;176.222;177.912;101.248;119.390;232.442
2005-01-22 06:05:00;151.608;197.933;135.833;1372.820;367.333;   null;185.440; 80.048;143.820;263.278; 86.597;141.180;176.566;159.930;175.836;180.974;101.700;118.992;236.310
2005-01-22 06:10:00;150.456;198.533;135.500;1365.440;368.723;   null;186.314; 81.042;141.957;261.183; 88.212;142.620;178.896;159.784;175.476;180.916;101.322;118.644;233.406
2005-01-22 06:15:00;151.668;196.433;133.473;1369.520;370.923; 94.768;186.788; 81.982;140.623;263.767; 86.689;142.860;175.694;162.064;171.682;180.176;102.630;117.724;236.592
2005-01-22 06:20:00;152.584;197.133;136.207;1372.340;368.647;   null;187.880; 80.504;140.990;262.475; 85.726;143.520;178.126;160.616;173.076;182.092;103.138;119.354;233.542
2005-01-22 06:25:00;151.942;197.233;134.647;1384.080;370.753;   null;187.068; 83.066;140.387;263.537; 86.889;143.000;176.412;161.616;174.694;179.692;101.714;117.734;234.070
2005-01-22 06:30:00;150.464;195.633;135.133;1375.920;368.640; 93.374;184.792; 81.966;138.990;261.450; 87.378;144.080;175.800;159.390;173.704;178.628;102.264;119.328;232.748
2005-01-22 06:35:00;151.602;197.733;134.063;1375.220;369.507;   null;186.474; 80.634;140.990;264.911; 86.413;142.780;178.472;160.492;174.878;179.744;102.786;118.558;233.070
2005-01-22 06:40:00;153.754;199.333;135.673;1377.580;373.173;   null;187.366; 81.432;142.563;262.145; 87.116;143.460;177.570;161.052;174.754;182.046;103.122;118.306;233.838
2005-01-22 06:45:00;150.640;198.833;134.457;1390.660;374.103; 95.384;186.544; 80.808;142.843;262.075; 86.720;142.300;176.166;161.756;171.628;180.146;104.072;118.698;234.646
2005-01-22 06:50:00;153.052;199.033;135.727;1371.340;369.957;   null;187.330; 81.160;143.573;261.937; 86.977;142.960;178.356;158.720;173.922;181.502;103.034;119.212;232.646
2005-01-22 06:55:00;151.126;199.867;135.377;1385.180;372.323;   null;187.336; 81.730;141.450;264.015; 87.062;142.180;178.008;160.378;173.946;179.118;101.928;119.600;232.750
2005-01-22 07:00:00;152.336;199.433;133.560;1388.920;369.780; 94.535;186.786; 81.060;141.487;264.670; 90.121;141.540;177.790;161.232;176.158;181.460;101.486;118.212;233.004
2005-01-22 07:05:00;153.380;198.067;134.947;1379.300;367.587;   null;186.064; 82.020;138.693;262.989; 87.561;143.180;177.764;161.528;176.098;179.478;101.940;118.978;233.580
2005-01-22 07:10:00;151.788;199.700;133.637;1380.060;373.467;   null;187.574; 81.408;143.240;262.674; 88.085;142.100;176.938;161.348;174.176;179.942;102.460;118.940;232.534
2005-01-22 07:15:00;152.446;198.567;135.977;1379.660;369.347; 94.160;188.140; 80.718;143.033;263.070; 86.174;141.380;176.196;162.344;174.748;177.642;103.736;118.586;234.864
2005-01-22 07:20:00;152.188;198.067;133.710;1378.160;372.250;   null;185.966; 82.410;140.813;264.437; 88.334;143.640;179.764;158.764;173.172;177.806;101.820;117.424;234.202
2005-01-22 07:25:00;153.378;198.400;132.860;1382.480;374.920;   null;187.448; 80.960;140.207;260.671; 87.534;143.240;177.808;158.938;172.260;179.350;101.842;118.828;234.930
2005-01-22 07:30:00;152.572;198.133;133.597;1395.840;372.293; 95.048;185.576; 81.198;141.600;261.150; 89.014;143.140;177.600;161.710;172.442;179.658;101.966;118.042;233.894
2005-01-22 07:35:00;154.248;196.667;134.383;1397.740;370.050;   null;187.432; 82.096;141.787;261.843; 88.452;143.240;175.578;159.464;173.134;177.080;102.298;119.174;238.168
2005-01-22 07:40:00;152.456;197.100;134.270;1388.900;373.957;   null;186.330; 80.106;140.050;260.272; 87.966;144.100;179.050;161.148;173.158;176.384;101.070;118.072;232.710
2005-01-22 07:45:00;151.828;197.833;135.107;1395.440;373.153; 94.847;188.380; 81.082;142.647;259.290; 86.173;142.900;178.928;160.698;172.516;178.010;101.642;119.008;234.664
2005-01-22 07:50:00;151.202;198.167;135.763;1396.600;373.087;   null;187.914; 80.754;140.830;261.282; 88.000;143.200;176.292;162.336;174.320;176.314;100.546;119.342;232.838
2005-01-22 07:55:00;151.324;197.300;135.087;1399.200;375.860;   null;188.456; 81.318;141.410;260.837; 87.075;142.280;176.996;159.918;173.178;176.868;101.828;117.234;233.842
2005-01-22 08:00:00;151.808;198.933;134.460;1397.040;375.257; 95.393;188.942; 82.270;143.000;264.623; 87.282;144.040;177.356;161.978;174.454;175.668;101.552;120.496;233.074
2005-01-22 08:05:00;153.146;199.633;136.217;1402.560;372.063;   null;189.040; 81.214;141.993;261.076; 87.404;142.620;177.678;162.000;173.654;177.526;100.912;119.782;232.484
2005-01-22 08:10:00;151.034;199.900;135.083;1402.200;373.070;   null;188.468; 80.762;141.550;261.403; 88.086;142.700;178.120;163.436;174.638;176.406;102.100;119.176;233.766
2005-01-22 08:15:00;153.542;199.500;135.697;1396.900;373.803; 95.807;188.786; 80.424;145.687;261.022; 86.714;144.160;177.798;160.522;174.470;177.870;100.076;119.920;233.320
2005-01-22 08:20:00;151.934;200.633;135.400;1396.320;370.853;   null;187.772; 80.040;140.837;262.788; 85.989;143.980;176.508;160.252;173.298;174.360; 99.898;118.474;232.972
2005-01-22 08:25:00;151.536;199.400;133.550;1389.580;374.317;   null;188.412; 83.930;142.880;261.206; 88.118;143.780;176.072;161.150;173.458;176.482;101.384;117.114;233.384
2005-01-22 08:30:00;153.386;199.800;135.447;1378.540;371.877; 95.501;188.620; 81.470;143.380;260.555; 89.273;142.760;175.660;160.846;175.486;176.002;100.920;119.984;233.018
2005-01-22 08:35:00;152.220;199.333;133.347;1384.540;370.303;   null;189.394; 80.102;141.467;257.199; 88.448;142.180;177.486;160.870;174.450;174.600;100.772;119.720;232.314
2005-01-22 08:40:00;150.778;198.333;136.167;1381.380;374.583;   null;188.506; 81.214;140.733;261.372; 87.706;143.500;177.494;161.914;173.834;174.088;100.214;117.858;231.896
2005-01-22 08:45:00;154.800;199.200;137.173;1371.380;374.767; 94.364;186.988; 79.846;140.953;260.277; 88.163;142.760;177.152;161.308;173.030;176.260;101.534;118.994;233.870
2005-01-22 08:50:00;153.886;198.767;135.737;1363.380;374.767;   null;189.786; 81.168;142.480;258.309; 88.924;143.340;178.102;159.966;172.872;176.472;101.644;120.510;233.878
2005-01-22 08:55:00;153.530;196.800;137.830;1365.700;374.950;   null;189.518; 80.130;143.230;257.933; 87.384;143.040;177.780;163.082;174.744;175.546;100.834;118.698;233.392
2005-01-22 09:00:00;153.318;197.433;135.857;1356.800;374.093; 95.719;187.750; 80.806;142.797;258.002; 88.294;142.700;176.120;160.734;174.232;175.870;101.230;118.944;235.014
2005-01-22 09:05:00;153.352;198.867;134.773;1344.880;375.460;   null;187.258; 81.034;141.867;257.029; 88.585;144.720;175.742;161.154;174.912;176.626;100.992;120.246;234.302
2005-01-22 09:10:00;152.854;196.833;136.807;1348.400;373.573;   null;191.290; 80.042;143.720;256.056; 89.125;143.820;175.848;158.964;171.948;176.690;101.280;118.958;234.526
2005-01-22 09:15:00;154.336;196.533;136.760;1349.660;373.313; 94.209;187.872; 81.152;142.333;258.665; 88.375;144.060;176.154;162.778;173.624;177.088;101.102;119.828;234.926
2005-01-22 09:20:00;152.938;198.100;136.753;1352.740;377.100;   null;190.042; 81.608;142.723;257.317; 87.684;142.980;175.104;161.686;172.724;177.318;100.610;120.112;236.334
2005-01-22 09:25:00;153.826;199.367;136.577;1357.500;374.053;   null;190.206; 81.972;142.987;255.735; 89.333;143.480;174.288;159.660;173.616;177.300;101.500;119.392;234.742
2005-01-22 09:30:00;151.874;198.300;137.023;1351.340;373.130; 94.957;189.056; 81.150;142.493;257.317; 88.479;144.860;176.058;161.042;174.538;175.266; 99.508;119.398;237.136
2005-01-22 09:35:00;154.978;195.533;134.897;1348.480;372.633;   null;187.298; 80.780;142.670;259.462; 88.208;143.300;173.782;164.096;175.342;177.560;101.508;119.572;233.836
2005-01-22 09:40:00;155.186;197.767;136.073;1349.280;376.093;   null;187.480; 80.896;144.877;258.542; 88.962;143.840;174.468;160.878;175.172;176.034;101.214;120.338;235.320
2005-01-22 09:45:00;153.912;198.467;136.020;1351.180;375.780; 94.997;190.488; 79.842;142.770;257.213; 87.467;143.380;175.720;159.596;175.192;175.562;100.084;119.050;236.868
2005-01-22 09:50:00;154.184;198.500;138.543;1348.580;375.347;   null;188.574; 80.086;143.690;258.825; 87.532;143.960;176.114;159.968;174.518;177.512;100.398;120.682;234.928
2005-01-22 09:55:00;152.620;198.367;137.217;1353.400;374.257;   null;189.992; 81.316;142.550;256.449; 86.635;144.120;173.396;160.720;173.738;176.858;101.218;119.968;234.756
2005-01-22 10:00:00;153.602;198.500;136.350;1348.140;373.657; 95.931;189.294; 81.558;141.493;258.505; 88.154;142.960;173.874;160.642;176.330;176.492;100.566;119.862;235.868
2005-01-22 10:05:00;154.772;195.733;136.603;1355.960;375.264;   null;189.402; 81.104;141.577;255.939; 88.648;144.480;175.344;161.812;175.672;175.990;100.726;119.386;236.330
2005-01-22 10:10:00;156.164;198.267;137.353;1356.160;371.900;   null;188.942; 81.666;144.013;258.602; 88.407;142.040;173.598;161.384;174.550;175.844;100.676;119.294;235.918
2005-01-22 10:15:00;155.282;199.467;137.207;1363.000;374.637; 95.075;189.188; 80.602;143.130;256.617; 87.982;144.240;173.878;160.314;176.980;176.616;100.582;119.980;236.084
2005-01-22 10:20:00;152.324;198.100;135.940;1362.320;376.997;   null;192.054; 80.814;141.160;259.005; 88.030;144.320;173.272;160.700;176.842;177.658;100.836;119.046;235.500
2005-01-22 10:25:00;154.436;197.833;138.887;1369.600;374.453;   null;191.444; 80.068;143.393;259.607; 88.785;144.780;174.496;157.724;175.706;175.374;100.818;119.964;235.030
2005-01-22 10:30:00;155.604;199.767;137.537;1368.680;376.920; 96.243;190.502; 81.606;145.317;258.906; 89.670;143.600;174.962;160.674;174.110;178.006;102.404;119.846;236.750
2005-01-22 10:35:00;154.012;198.867;137.597;1366.320;379.690;   null;191.638; 81.474;143.217;260.625; 88.563;144.920;172.160;161.322;175.400;176.846;100.910;119.270;236.842
2005-01-22 10:40:00;154.736;198.267;138.280;1372.740;378.140;   null;193.378; 80.846;143.030;259.255; 88.586;144.160;173.704;159.444;174.258;176.048;102.192;119.578;236.040
2005-01-22 10:45:00;154.692;196.767;137.450;1370.000;380.787; 95.475;193.226; 83.578;146.117;260.234; 89.201;144.900;173.408;161.684;174.640;176.172;101.556;119.600;236.994
2005-01-22 10:50:00;155.300;197.367;136.207;1364.320;381.517;   null;193.174; 81.404;144.503;258.952; 90.086;145.300;174.126;160.146;175.654;176.250;101.456;119.882;236.288
2005-01-22 10:55:00;156.478;197.333;137.737;1375.920;381.540;   null;193.968; 80.874;143.600;256.437; 89.030;145.760;174.104;161.496;175.874;177.356;100.652;121.692;237.040
2005-01-22 11:00:00;155.360;198.667;138.923;1365.480;381.353; 95.762;194.314; 82.872;142.370;259.685; 89.810;146.300;175.582;159.318;176.708;175.328;101.808;121.148;233.566
2005-01-22 11:05:00;153.838;196.667;138.570;1374.340;381.390;   null;194.786; 80.650;144.130;256.251; 88.751;147.160;172.020;158.968;177.416;176.762;101.242;120.520;234.664
2005-01-22 11:10:00;154.880;198.900;138.303;1368.640;384.063;   null;197.400; 82.944;144.073;257.410; 88.876;147.620;174.262;159.944;175.768;176.538;101.414;120.826;236.718
2005-01-22 11:15:00;152.602;195.100;140.063;1371.340;384.563; 96.690;194.702; 80.894;145.513;258.924; 89.975;147.160;174.196;159.412;175.828;179.120;100.596;119.836;237.320
2005-01-22 11:20:00;155.520;199.200;139.123;1366.280;386.757;   null;195.672; 82.474;145.477;262.357; 88.626;146.940;173.544;159.334;175.926;177.272;101.150;119.882;236.910
2005-01-22 11:25:00;154.866;195.900;140.013;1375.520;387.093;   null;195.382; 80.584;145.397;257.510; 90.239;147.500;175.560;159.958;174.378;178.648;101.564;121.794;236.054
2005-01-22 11:30:00;155.482;197.200;141.027;1377.660;389.717; 96.928;195.472; 83.422;144.496;257.807; 88.583;150.120;171.648;157.946;175.508;177.480;100.502;120.726;236.462
2005-01-22 11:35:00;153.546;196.433;139.747;1369.200;386.903;   null;196.680; 82.154;143.990;258.378; 89.527;148.100;174.586;158.450;177.964;173.594;102.042;120.880;238.150
2005-01-22 11:40:00;153.686;200.900;140.750;1374.680;386.050;   null;194.182; 82.302;145.223;254.126; 89.897;150.740;174.108;157.304;176.950;174.942;100.814;120.540;237.598
2005-01-22 11:45:00;155.638;197.733;139.237;1370.560;390.043; 97.079;195.260; 81.740;144.573;256.323; 89.054;148.080;173.070;156.790;175.234;178.268;100.498;120.660;237.470
2005-01-22 11:50:00;156.060;201.167;139.880;1370.740;388.677;   null;195.738; 82.266;145.787;257.893; 90.561;147.720;175.294;156.234;176.694;177.298;100.436;120.726;237.056
2005-01-22 11:55:00;156.108;199.033;139.040;1366.920;390.897;   null;193.842; 82.656;146.940;257.570; 90.841;148.580;174.222;156.386;177.946;173.982;100.348;121.404;237.350
2005-01-22 12:00:00;157.682;196.967;139.823;1358.720;390.993; 98.132;194.492; 83.688;146.057;260.807; 90.477;148.040;172.078;158.318;175.526;178.188; 99.702;121.922;240.746
2005-01-22 12:05:00;156.062;199.000;139.710;1366.280;392.437;   null;196.674; 82.162;144.083;256.761; 91.379;150.160;174.350;159.294;175.074;176.840;100.710;121.582;239.204
2005-01-22 12:10:00;156.686;199.933;140.507;1361.240;393.420;   null;197.132; 80.738;145.453;255.422; 91.461;148.900;172.824;158.296;175.428;175.990; 99.652;122.272;240.746
2005-01-22 12:15:00;155.176;199.067;141.113;1352.680;392.650; 99.007;197.260; 82.644;147.593;257.755; 91.747;148.700;173.774;159.774;175.798;176.800;100.964;122.060;238.940
2005-01-22 12:20:00;154.646;198.433;139.903;1348.720;394.390;   null;196.834; 80.520;145.820;259.878; 92.095;148.060;173.438;159.878;174.492;178.002;101.128;123.928;241.670
2005-01-22 12:25:00;155.088;197.633;142.137;1355.340;395.710;   null;196.798; 82.324;147.827;259.400; 92.086;148.560;173.594;159.820;175.972;178.034;101.464;123.772;241.134
2005-01-22 12:30:00;157.024;200.000;139.290;1350.060;394.367;100.238;196.614; 80.250;149.613;260.146; 92.276;149.720;174.786;160.508;176.546;176.672;101.096;122.398;242.256
2005-01-22 12:35:00;155.838;199.800;139.800;1358.180;395.307;   null;196.568; 81.702;148.497;260.778; 91.380;148.340;173.278;158.206;176.182;178.266;103.108;122.238;242.036
2005-01-22 12:40:00;154.642;200.667;142.397;1344.940;394.140;   null;197.578; 82.096;148.620;259.067; 92.010;149.980;171.154;160.236;176.666;176.552;101.168;122.652;242.158
2005-01-22 12:45:00;156.804;200.333;141.377;1354.820;395.057;100.388;196.584; 83.764;150.243;261.097; 90.624;150.240;172.988;161.978;176.200;177.108;101.828;122.386;242.800
2005-01-22 12:50:00;153.408;199.800;142.517;1346.660;391.007;   null;199.934; 82.910;148.360;260.840; 92.450;147.380;172.896;161.312;175.668;176.304;101.320;123.456;241.970
2005-01-22 12:55:00;156.762;198.767;139.537;1354.100;398.490;   null;200.400; 82.560;149.610;259.287; 92.833;149.400;172.782;157.076;176.978;175.340;101.282;124.532;242.788
2005-01-22 13:00:00;155.784;198.467;140.170;1361.720;394.910; 99.945;201.742; 79.866;151.633;262.619; 94.291;148.620;173.868;159.490;176.580;179.696;102.788;123.774;243.638
2005-01-22 13:05:00;153.686;199.433;141.263;1363.840;398.977;   null;200.130; 80.644;150.670;259.971; 91.022;150.500;174.322;159.382;176.580;178.830;101.858;122.812;242.810
2005-01-22 13:10:00;156.896;201.367;142.503;1361.080;401.777;   null;202.902; 82.226;151.967;260.213; 92.065;150.660;173.366;160.208;177.876;177.092;101.650;122.782;245.650
2005-01-22 13:15:00;154.552;201.867;142.663;1371.440;401.513;100.316;202.022; 82.400;150.280;261.308; 91.607;150.640;174.370;157.966;178.778;176.974;103.090;124.616;243.040
2005-01-22 13:20:00;154.944;199.233;141.780;1360.580;400.637;   null;201.742; 83.360;149.353;259.649; 93.253;150.160;173.704;159.136;178.528;179.578;103.584;123.370;244.142
2005-01-22 13:25:00;155.888;199.333;143.113;1361.300;399.404;   null;202.310; 82.580;151.043;261.349; 92.665;153.860;173.768;161.198;178.976;179.358;102.754;123.608;241.100
2005-01-22 13:30:00;154.314;200.800;142.140;1372.340;399.327;100.481;202.056; 82.818;150.653;261.356; 92.611;152.220;173.728;162.310;177.588;179.148;102.922;123.550;243.420
2005-01-22 13:35:00;155.292;202.867;141.000;1369.660;403.130;   null;202.432; 82.294;151.697;261.489; 94.834;154.420;174.554;160.092;175.578;179.112;101.968;125.276;241.712
2005-01-22 13:40:00;155.610;200.600;140.317;1371.760;403.440;   null;202.154; 81.454;151.167;261.754; 93.835;155.860;174.588;159.834;176.240;176.262;102.426;123.828;242.784
2005-01-22 13:45:00;155.512;201.467;142.853;1365.080;401.050;100.723;202.758; 82.050;151.890;261.183; 95.940;153.700;173.586;161.104;177.596;180.054;103.076;124.312;243.102
2005-01-22 13:50:00;154.316;202.467;142.110;1359.220;399.910;   null;203.872; 82.106;150.387;260.553; 96.086;156.320;173.890;158.940;176.798;179.428;104.090;125.566;243.304
2005-01-22 13:55:00;155.574;200.233;142.873;1357.180;400.664;   null;201.616; 81.138;151.517;262.343; 94.182;154.600;175.130;160.972;178.454;179.080;104.322;124.020;243.758
2005-01-22 14:00:00;153.960;200.167;141.673;1369.160;399.333;101.966;202.710; 82.510;150.227;262.277; 97.037;156.720;172.400;160.872;177.914;176.752;103.536;124.632;243.116
2005-01-22 14:05:00;153.788;201.433;143.947;1360.940;401.033;   null;202.378; 81.740;153.677;262.417; 95.604;156.400;176.184;159.946;178.312;177.870;103.652;124.980;246.576
2005-01-22 14:10:00;155.780;200.567;144.660;1361.920;401.950;   null;202.586; 81.834;151.913;260.727; 96.223;157.740;174.366;159.042;178.240;177.498;103.824;125.866;244.770
2005-01-22 14:15:00;154.076;201.967;142.117;1360.140;402.533;101.711;203.410; 83.116;151.843;260.438; 94.953;157.420;175.176;159.604;177.442;179.028;105.514;124.702;245.834
2005-01-22 14:20:00;154.850;203.000;140.157;1364.400;400.047;   null;203.202; 81.808;150.017;260.215; 94.582;156.900;173.940;159.076;174.738;177.266;103.916;125.626;244.394
2005-01-22 14:25:00;155.414;203.300;140.943;1364.420;401.590;   null;203.670; 82.882;153.803;263.033; 95.964;157.520;174.910;160.342;177.524;177.740;104.048;126.304;247.158
2005-01-22 14:30:00;154.664;204.200;141.633;1369.860;399.457;100.671;203.578; 83.316;152.017;261.817; 95.278;154.960;176.050;160.228;176.896;176.966;104.374;125.398;246.138
2005-01-22 14:35:00;154.090;204.967;142.573;1369.300;399.273;   null;204.464; 82.938;154.313;262.147; 95.516;155.840;176.472;158.674;179.186;178.834;103.850;126.176;245.848
2005-01-22 14:40:00;156.892;203.833;142.770;1372.060;401.350;   null;203.766; 83.880;151.034;259.240; 94.738;155.940;176.256;161.742;178.604;176.330;105.988;126.858;248.442
2005-01-22 14:45:00;155.582;205.167;143.253;1362.940;402.450;101.584;204.558; 83.652;150.727;261.303; 97.565;155.380;174.172;159.466;179.504;180.784;105.426;127.596;247.136
2005-01-22 14:50:00;155.914;203.767;142.773;1364.980;404.740;   null;201.728; 82.492;152.287;262.266; 96.916;155.320;174.658;160.648;178.552;178.072;106.054;127.116;249.248
2005-01-22 14:55:00;156.602;205.433;142.373;1363.540;397.763;   null;203.624; 83.282;154.427;261.078; 95.457;155.320;177.176;158.902;179.238;178.242;104.938;128.436;247.440
2005-01-22 15:00:00;154.100;203.767;142.650;1366.760;399.887;102.776;204.584; 83.586;154.197;260.058; 97.277;156.740;174.454;160.482;177.828;179.738;104.114;128.442;250.004
2005-01-22 15:05:00;156.064;202.900;142.980;1370.560;401.800;   null;204.032; 84.468;153.497;263.683; 97.405;156.400;175.380;158.014;179.338;178.048;106.376;125.580;246.626
2005-01-22 15:10:00;153.070;204.667;142.247;1362.600;405.630;   null;203.942; 83.456;153.710;263.161; 95.407;154.660;176.814;158.356;181.428;179.120;106.052;129.464;250.362
2005-01-22 15:15:00;156.976;204.433;143.077;1368.040;402.253;102.868;205.274; 84.558;155.177;262.343; 95.573;155.560;175.168;159.618;178.402;178.426;107.036;127.812;249.228
2005-01-22 15:20:00;154.832;206.167;140.283;1366.100;399.290;   null;203.894; 83.100;153.417;260.928; 96.110;157.000;174.338;159.576;181.268;178.348;106.040;128.656;250.108
2005-01-22 15:25:00;155.166;204.133;143.597;1372.080;400.407;   null;205.886; 84.508;155.567;262.838; 94.945;157.100;175.166;160.044;181.730;178.128;105.208;128.444;252.948
2005-01-22 15:30:00;155.714;204.400;142.593;1368.660;402.090;102.114;201.240; 83.410;156.323;262.514; 95.625;155.280;175.724;160.110;180.082;178.788;106.852;127.866;249.578
2005-01-22 15:35:00;154.558;206.067;142.347;1364.180;402.947;   null;203.382; 83.506;154.690;262.586; 95.966;154.360;177.618;158.758;181.740;181.570;106.458;128.234;252.896
2005-01-22 15:40:00;156.912;204.667;143.137;1375.400;399.803;   null;201.692; 84.266;152.697;263.829; 96.524;155.320;178.038;160.074;183.080;179.914;106.012;   null;250.608
2005-01-22 15:45:00;155.412;204.533;140.813;1363.660;400.847;101.639;202.004; 85.680;155.140;261.790; 96.391;156.360;174.492;159.512;180.292;179.778;106.186;   null;252.440
2005-01-22 15:50:00;152.930;205.500;140.570;1368.320;398.880;   null;204.224; 85.360;153.570;264.815; 95.983;157.320;177.862;159.354;180.630;178.694;105.530;130.206;251.742
2005-01-22 15:55:00;154.104;205.533;141.497;1365.860;402.907;   null;202.104; 84.604;156.063;267.479; 95.170;153.560;175.998;159.726;181.956;181.570;106.834;128.747;253.642
2005-01-22 16:00:00;154.306;204.300;141.137;1369.760;396.920;102.737;203.710; 85.472;154.683;265.470; 95.613;159.040;175.368;160.130;184.442;178.182;107.014;130.236;253.484
2005-01-22 16:05:00;153.480;206.467;144.417;1368.580;398.563;   null;201.108; 87.568;155.267;266.426; 95.755;155.500;175.058;159.976;183.172;180.144;104.722;129.570;254.424
2005-01-22 16:10:00;154.690;205.300;142.020;1366.980;403.506;   null;204.498; 86.124;154.930;265.307; 95.692;154.020;176.746;160.168;183.604;180.020;107.234;130.946;257.394
2005-01-22 16:15:00;153.888;206.533;143.120;1381.940;402.457;102.201;202.854; 85.010;156.690;266.661; 95.510;155.760;176.024;160.130;182.890;180.172;106.510;131.388;256.906
2005-01-22 16:20:00;155.580;204.367;141.600;1364.040;401.607;   null;203.134; 84.972;153.767;264.691; 96.458;155.420;176.818;159.118;183.124;179.502;105.786;130.340;256.428
2005-01-22 16:25:00;155.782;207.433;142.003;1376.860;401.773;   null;202.788; 85.534;153.913;266.234; 96.403;155.180;177.268;160.952;183.020;181.230;107.226;131.430;254.068
2005-01-22 16:30:00;155.460;208.600;142.603;1370.140;402.073;103.030;203.402; 84.240;155.940;263.477; 97.579;156.080;174.986;160.728;183.792;181.350;105.952;131.278;255.150
2005-01-22 16:35:00;154.592;205.133;140.597;1369.840;402.340;   null;203.714; 86.912;153.683;264.006; 97.967;157.400;177.852;160.200;184.604;178.400;106.076;132.180;257.500
2005-01-22 16:40:00;155.018;203.267;142.557;1361.960;401.287;   null;203.030; 86.166;153.580;268.404; 95.987;153.740;178.158;159.164;185.576;182.952;106.686;130.450;256.050
2005-01-22 16:45:00;156.846;205.833;142.150;1367.620;404.067;102.030;201.576; 86.964;155.113;267.223; 97.640;155.760;176.930;160.624;183.782;182.848;106.986;132.010;254.290
2005-01-22 16:50:00;154.732;206.200;142.510;1364.760;405.623;   null;203.972; 86.782;155.303;267.192; 95.763;153.560;178.622;158.574;187.288;184.518;105.250;132.258;254.234
2005-01-22 16:55:00;152.794;205.867;141.560;1373.200;403.263;   null;202.748; 86.764;154.173;267.583; 96.383;155.160;177.504;160.708;187.366;184.542;105.884;131.196;254.544
2005-01-22 17:00:00;154.680;205.233;141.673;1371.860;401.227;102.872;203.086; 87.292;154.440;269.616; 96.192;156.140;179.738;163.006;190.858;184.060;105.880;131.944;257.814
2005-01-22 17:05:00;154.438;205.800;141.223;1360.320;402.617;   null;202.434; 86.300;154.240;269.355; 95.903;155.320;178.148;160.234;187.446;183.736;105.002;131.020;257.784
2005-01-22 17:10:00;157.058;208.000;142.153;1368.060;399.870;   null;203.442; 86.956;153.263;270.172; 95.192;157.100;180.208;159.478;186.582;186.130;106.778;132.140;255.102
2005-01-22 17:15:00;154.166;204.867;142.850;1364.080;400.360;102.447;202.254; 86.758;152.970;273.086; 97.453;157.020;178.518;161.850;188.318;185.340;105.448;131.530;257.726
2005-01-22 17:20:00;157.294;204.667;139.970;1363.760;402.057;   null;204.464; 86.740;153.627;270.793; 96.869;155.180;178.558;159.274;188.608;184.892;106.596;131.638;255.564
2005-01-22 17:25:00;154.656;208.033;141.320;1366.780;403.763;   null;202.754; 86.550;153.327;272.886; 97.189;154.840;178.590;161.932;187.822;187.564;107.670;132.414;255.694
2005-01-22 17:30:00;156.350;209.533;140.967;1367.960;403.957;102.402;203.132; 86.444;155.803;273.508; 97.290;157.220;181.210;160.728;188.026;184.244;107.626;132.054;257.070
2005-01-22 17:35:00;154.408;208.767;142.953;1375.820;402.993;   null;202.586; 85.790;152.257;271.839; 95.601;157.280;179.360;162.248;189.910;185.066;106.716;132.600;257.708
2005-01-22 17:40:00;155.664;207.800;141.067;1371.720;403.217;   null;202.142; 87.212;153.007;272.982; 95.700;157.060;183.020;161.826;189.424;187.868;107.366;132.320;256.352
2005-01-22 17:45:00;154.934;209.700;140.993;1365.880;404.607;102.358;204.122; 87.454;155.057;273.074; 95.388;156.680;180.186;161.750;187.704;185.498;107.912;133.290;257.234
2005-01-22 17:50:00;156.230;208.267;142.293;1374.220;403.817;   null;202.624; 87.278;154.617;272.192; 96.155;156.680;180.614;162.414;187.920;187.016;108.560;133.206;255.672
2005-01-22 17:55:00;152.378;207.533;142.183;1369.140;402.653;   null;201.812; 86.624;154.333;274.970; 95.021;154.940;179.502;162.104;187.570;186.084;106.926;132.050;258.810
2005-01-22 18:00:00;153.876;210.433;140.997;1368.280;399.733;102.185;204.600; 87.374;154.550;276.747; 96.365;156.720;180.480;163.904;188.278;187.708;107.676;132.688;257.560
2005-01-22 18:05:00;152.966;207.700;141.063;1364.920;402.243;   null;202.980; 86.394;155.100;271.119; 96.257;154.580;181.428;162.276;188.782;189.476;106.128;135.232;260.452
2005-01-22 18:10:00;156.500;205.633;141.817;1376.680;400.807;   null;201.330; 87.728;153.407;273.338; 96.636;158.060;182.276;162.998;186.652;186.872;108.310;133.294;259.606
2005-01-22 18:15:00;154.766;206.700;142.050;1359.880;402.473;102.878;201.940; 86.544;155.260;271.931; 97.612;157.860;179.846;162.474;188.788;187.494;107.718;133.210;260.408
2005-01-22 18:20:00;153.518;208.133;140.910;1367.200;399.430;   null;205.308; 87.132;157.217;272.975; 95.140;156.080;181.408;163.158;192.418;186.750;107.852;133.436;259.452
2005-01-22 18:25:00;155.144;204.500;142.497;1369.340;398.353;   null;202.708; 86.406;154.977;272.649; 95.991;156.340;182.684;163.750;188.226;188.796;106.782;133.312;258.930
2005-01-22 18:30:00;155.394;207.233;142.373;1373.600;402.260;102.722;203.026; 86.638;154.023;274.145; 94.868;154.980;181.668;164.780;188.216;190.632;106.854;131.974;260.198
2005-01-22 18:35:00;154.176;206.700;140.177;1367.200;399.060;   null;202.184; 88.358;154.087;273.429; 95.222;158.580;181.584;163.388;190.464;188.540;107.280;133.242;260.402
2005-01-22 18:40:00;156.676;206.933;143.283;1373.520;398.047;   null;202.626; 86.674;154.573;276.108; 96.325;157.140;180.966;163.122;188.450;190.842;106.774;132.418;261.378
2005-01-22 18:45:00;155.148;208.967;141.940;1366.340;398.957;101.646;202.832; 88.596;154.600;275.815; 95.404;155.120;181.376;163.856;189.566;190.260;107.770;133.938;259.902
2005-01-22 18:50:00;155.528;204.967;140.620;1359.080;401.020;   null;203.820; 86.400;154.357;274.961; 95.392;155.220;184.656;162.818;191.920;188.918;107.752;134.268;261.738
2005-01-22 18:55:00;155.750;208.467;142.643;1367.020;400.173;   null;201.928; 86.644;155.323;270.198; 97.538;156.100;183.320;161.836;191.804;187.336;108.024;134.664;257.636
2005-01-22 19:00:00;154.858;207.800;141.927;1365.040;398.043;102.897;203.222; 86.454;156.567;273.746; 96.799;157.260;182.240;163.614;190.052;188.548;108.684;132.070;261.924
2005-01-22 19:05:00;155.546;207.067;142.830;1359.060;399.693;   null;204.034; 86.216;154.193;276.157; 96.419;155.620;183.322;163.500;189.486;190.152;108.038;134.528;260.118
2005-01-22 19:10:00;156.520;211.000;141.807;1374.720;400.326;   null;202.208; 88.804;156.283;273.546; 95.770;154.200;182.986;163.078;191.806;191.652;108.774;134.112;260.642
2005-01-22 19:15:00;156.386;206.167;142.937;1365.120;397.600;102.391;204.088; 87.700;153.220;274.615; 96.038;156.060;183.520;164.860;193.216;192.420;108.664;135.348;259.356
2005-01-22 19:20:00;155.028;208.033;141.893;1368.560;400.043;   null;201.424; 86.506;155.507;274.024; 96.532;155.800;182.042;164.140;192.426;188.306;108.494;133.546;261.878
2005-01-22 19:25:00;155.842;208.100;140.320;1367.960;399.980;   null;200.810; 86.958;154.273;277.202; 97.294;153.280;185.196;164.554;192.554;191.768;107.110;133.836;261.454
2005-01-22 19:30:00;155.488;210.467;141.070;1365.760;400.533;103.016;201.172; 86.692;155.520;278.987; 96.375;156.120;182.028;163.568;191.976;192.108;109.586;134.184;260.072
2005-01-22 19:35:00;156.736;210.933;142.237;1376.200;399.447;   null;202.154; 88.364;155.290;279.271; 95.203;154.620;183.364;163.686;191.054;190.028;107.926;135.316;261.184
2005-01-22 19:40:00;157.120;210.033;142.397;1368.880;398.143;   null;200.498; 86.990;157.577;279.933; 96.488;155.200;183.756;165.530;192.784;191.536;107.042;135.848;262.416
2005-01-22 19:45:00;155.102;208.100;140.747;1364.480;398.993;102.709;202.506; 87.178;155.617;278.831; 97.077;154.680;185.666;165.446;191.168;191.296;108.100;135.264;260.988
2005-01-22 19:50:00;156.040;208.300;140.660;1364.080;398.207;   null;201.684; 86.954;155.367;278.928; 95.693;153.400;186.110;165.104;191.672;191.910;108.866;135.830;261.234
2005-01-22 19:55:00;155.560;210.733;142.997;1368.660;396.657;   null;203.256; 87.824;154.030;277.754; 95.596;155.060;187.892;163.966;191.574;192.326;108.878;134.910;260.446
2005-01-22 20:00:00;154.204;206.333;140.837;1366.780;402.677;101.580;201.100; 87.706;154.850;278.942; 95.845;154.660;186.748;165.616;193.194;191.886;109.922;133.164;260.724
2005-01-22 20:05:00;156.058;206.567;142.307;1370.340;403.147;   null;201.872; 87.822;154.623;280.097; 95.142;154.900;185.940;164.574;193.236;191.698;110.290;134.038;260.406
2005-01-22 20:10:00;155.304;208.733;142.097;1368.540;398.483;   null;204.194; 89.464;155.450;278.761; 95.017;154.280;187.030;166.780;191.940;192.388;108.514;134.398;262.362
2005-01-22 20:15:00;152.850;208.200;140.783;1366.320;402.853;101.954;203.634; 89.458;156.993;280.882; 95.163;154.000;185.768;165.266;193.766;191.594;109.380;136.287;262.182
2005-01-22 20:20:00;154.566;209.033;141.773;1363.520;400.767;   null;202.536; 88.110;154.913;282.561; 96.068;153.500;186.000;166.328;192.756;193.560;109.808;135.614;260.342
2005-01-22 20:25:00;153.794;207.833;140.647;1373.040;400.357;   null;202.290; 88.032;155.510;280.688; 94.783;154.980;187.444;167.468;190.452;191.840;110.036;133.802;261.846
2005-01-22 20:30:00;155.356;209.100;140.497;1373.260;401.583;103.165;201.836; 89.100;153.860;282.046; 95.383;156.120;187.302;166.920;193.036;194.904;110.316;133.366;261.784
2005-01-22 20:35:00;155.546;208.333;141.310;1379.900;400.550;   null;202.440; 87.638;154.993;283.614; 94.306;155.280;187.618;167.868;191.900;194.730;109.956;134.400;261.340
2005-01-22 20:40:00;154.136;208.833;142.870;1374.120;403.840;   null;201.558; 86.678;155.007;284.020; 94.228;156.660;188.216;165.796;193.038;194.704;109.926;134.444;261.824
2005-01-22 20:45:00;154.628;210.000;140.420;1373.220;400.607;102.337;202.958; 87.700;153.533;286.357; 95.195;155.140;188.464;168.252;194.158;194.496;110.056;135.386;263.748
2005-01-22 20:50:00;156.426;208.033;142.580;1371.400;402.907;   null;203.010; 87.232;153.063;283.765; 94.728;155.860;187.856;169.612;194.622;192.668;109.766;134.158;262.564
2005-01-22 20:55:00;155.760;209.567;141.413;1374.500;402.957;   null;201.324; 88.166;154.670;281.653; 95.359;154.520;187.776;167.454;192.562;195.960;110.304;135.234;259.458
2005-01-22 21:00:00;154.324;211.433;141.740;1376.480;406.177;101.588;202.428; 89.452;152.577;284.360; 95.383;155.200;189.620;167.064;193.316;193.390;110.412;135.358;261.582
2005-01-22 21:05:00;154.492;208.600;142.373;1381.340;405.123;   null;201.120; 87.788;152.400;282.285; 95.769;154.780;189.124;167.730;194.778;196.448;110.728;135.394;260.486
2005-01-22 21:10:00;156.404;211.833;140.420;1384.040;404.540;   null;202.014; 87.544;156.543;287.934; 96.023;155.480;189.174;166.566;191.980;195.596;109.224;133.646;260.468
2005-01-22 21:15:00;155.066;209.500;141.597;1369.940;404.367;102.595;200.002; 88.856;152.790;285.409; 95.616;155.760;188.164;171.198;193.976;193.112;110.352;133.316;261.912
2005-01-22 21:20:00;155.738;211.500;141.290;1377.740;405.547;   null;203.868; 87.306;152.557;287.370; 95.961;155.340;189.848;172.122;194.290;193.406;109.890;133.604;262.062
2005-01-22 21:25:00;155.506;210.433;140.107;1368.580;403.070;   null;202.546; 87.696;154.293;284.746; 96.143;154.300;191.126;169.546;193.534;194.698;109.786;134.288;262.126
2005-01-22 21:30:00;151.892;209.567;143.603;1381.800;404.503;101.477;202.084; 86.536;153.623;283.977; 97.179;154.400;190.258;170.956;192.910;194.640;110.176;134.610;260.038
2005-01-22 21:35:00;153.776;209.033;142.050;1374.580;405.607;   null;203.766; 88.058;156.503;288.398; 95.977;155.160;189.730;170.640;193.140;195.824;109.022;135.120;260.444
2005-01-22 21:40:00;154.768;212.433;142.853;1369.480;400.643;   null;202.426; 86.646;153.247;287.127; 97.522;156.380;189.948;170.728;193.088;195.738;110.376;135.584;259.376
2005-01-22 21:45:00;155.324;207.867;140.010;1381.340;403.400;102.127;202.502; 86.810;154.287;290.738; 96.174;154.920;190.676;171.226;194.702;194.864;110.706;134.446;264.312
2005-01-22 21:50:00;157.072;206.967;143.660;1377.420;407.677;   null;200.954; 87.404;155.717;289.955; 96.565;155.920;192.500;170.252;193.172;195.038;110.312;134.118;259.132
2005-01-22 21:55:00;154.840;207.500;143.107;1386.020;403.573;   null;202.306; 87.606;152.983;286.984; 94.194;155.140;190.616;170.964;193.328;195.626;109.104;134.720;260.780
2005-01-22 22:00:00;156.418;209.300;142.993;1380.240;403.833;102.705;203.694; 87.748;153.287;284.106; 96.917;156.380;192.556;170.170;193.750;194.772;110.564;133.802;259.488
2005-01-22 22:05:00;153.320;209.833;142.470;1383.500;404.190;   null;201.330; 87.468;156.770;285.119; 97.198;156.360;192.380;171.300;195.432;197.088;110.004;135.010;264.072
2005-01-22 22:10:00;154.674;209.367;143.173;1380.700;405.917;   null;201.592; 88.438;151.800;288.061; 97.069;156.180;192.122;171.370;195.624;193.372;110.380;131.317;260.730
2005-01-22 22:15:00;153.358;209.733;142.427;1372.680;403.377;101.504;202.174; 85.592;152.377;289.941; 96.465;156.440;193.120;171.170;194.152;194.984;110.420;133.768;260.280
2005-01-22 22:20:00;152.324;209.700;141.130;1388.920;402.363;   null;202.874; 85.962;154.043;288.159; 96.424;155.120;192.778;172.068;194.578;195.908;110.402;133.926;260.750
2005-01-22 22:25:00;154.196;208.867;142.110;1383.420;403.743;   null;200.740; 87.410;156.760;290.011; 96.296;154.060;192.592;171.514;195.444;193.824;109.766;134.738;261.608
2005-01-22 22:30:00;152.990;209.667;142.477;1389.360;403.283;101.402;202.404; 86.024;153.543;289.606; 94.083;156.000;193.766;170.994;195.406;197.948;111.414;135.174;259.994
2005-01-22 22:35:00;153.096;209.633;142.047;1387.040;402.997;   null;203.890; 86.934;153.233;288.190; 95.257;154.680;190.444;171.904;194.954;194.838;109.760;135.438;260.816
2005-01-22 22:40:00;154.726;208.567;143.960;1381.240;404.250;   null;200.070; 87.428;152.147;288.769; 95.668;155.620;190.808;171.310;192.268;195.626;109.250;135.166;262.772
2005-01-22 22:45:00;156.068;209.233;142.000;1376.340;401.917;102.538;200.828; 87.180;154.417;291.247; 94.943;155.000;192.708;173.970;194.526;194.030;111.206;135.664;263.522
2005-01-22 22:50:00;156.042;207.900;142.867;1385.180;402.370;   null;201.406; 86.784;153.980;287.388; 95.159;153.540;191.174;172.872;195.218;194.326;110.566;133.816;263.680
2005-01-22 22:55:00;154.850;210.967;142.770;1389.140;400.930;   null;201.322; 88.032;152.463;289.674; 96.001;155.920;194.604;173.050;195.952;194.440;110.426;137.324;264.724
2005-01-22 23:00:00;155.272;208.100;142.380;1383.040;401.723;102.565;201.366; 87.914;155.807;289.127; 95.245;156.740;192.620;170.586;194.574;193.492;111.232;134.596;263.314
2005-01-22 23:05:00;154.670;210.833;143.790;1393.860;404.463;   null;199.752; 87.260;154.393;291.337; 93.085;154.220;193.232;173.924;193.626;194.692;110.016;134.930;265.810
