DATETIME,ESOI,MXCO,ROME,AATB,LMKS,DRBS,MOSC,NEWK,KIEL,CALG,OULU,APTY,FSMT,INVK,NAIN,PWNK,THUL,SOPB,SOPO
2005-01-21 12:10:00,155.87,206.933,141.543,1391.26,403.8,102.38888541666654,203.944,87.32,153.76,280.398,94.621,156.36,188.874,167.802,187.246,186.81,107.908,136.674,265.774
2005-01-21 12:15:00,155.286,205.5,141.477,1390.92,405.857,101.856,203.17,86.478,154.24,277.409,95.657,155.96,185.318,170.47,186.55,185.72,108.75,137.596,263.014
2005-01-21 12:20:00,156.054,204.967,142.267,1389.94,405.497,102.56237333333338,205.508,88.302,156.803,277.823,96.587,155.98,186.954,167.93,188.91,189.052,107.126,135.584,264.948
2005-01-21 12:25:00,156.148,205.3,140.903,1394.34,403.18,102.21051166666672,204.782,88.274,152.503,277.532,95.706,156.78,188.482,167.77,185.76,187.898,108.756,137.258,266.022
2005-01-21 12:30:00,157.002,206.033,142.693,1386.06,403.56,103.266,204.566,87.074,153.033,276.255,97.346,155.74,186.918,169.284,189.168,188.312,106.68,137.12,265.388
2005-01-21 12:35:00,156.438,208.367,143.713,1388.22,406.033,102.73858375000009,203.79,87.856,153.85,275.893,95.589,155.6,185.568,167.538,188.18,188.754,108.556,134.904,265.074
2005-01-21 12:40:00,155.596,206.833,141.043,1395.4,405.197,102.36104437499996,204.048,86.898,155.53,278.08,95.817,156.38,186.244,169.054,184.372,189.184,107.472,137.342,264.578
2005-01-21 12:45:00,155.73,203.767,141.773,1389.9,406.72,102.544,205.6,87.192,154.31,279.129,95.272,156.22,185.816,168.992,188.524,190.046,107.756,138.094,263.876
2005-01-21 12:50:00,156.61,205.533,142.987,1397.22,404.53,102.72295708333337,204.568,87.174,153.22,278.733,96.032,156.36,187.246,169.016,187.074,187.428,107.806,137.296,266.672
2005-01-21 12:55:00,156.434,206.467,139.767,1394.82,403.63,102.27536499999988,204.874,87.432,153.327,278.892,94.332,157.16,186.906,167.718,187.632,189.608,109.364,137.584,265.682
2005-01-21 13:00:00,156.912,208.233,142.053,1391.5,405.347,102.393,203.682,87.834,155.643,281.396,95.726,155.58,187.314,169.286,188.314,190.75,108.638,138.512,263.914
2005-01-21 13:05:00,156.672,208.133,141.543,1387.08,401.937,102.48651416666664,205.566,88.474,153.537,278.38,97.292,154.64,188.036,168.444,187.544,189.178,107.274,137.224,266.296
2005-01-21 13:10:00,156.404,206.367,141.007,1386.98,403.283,102.41946312499996,204.96,87.886,156.13,279.407,96.492,156.0,187.29,166.11,188.252,188.454,107.114,136.12,263.83
2005-01-21 13:15:00,155.466,208.333,144.033,1399.22,403.233,102.875,204.132,88.224,156.11,280.133,95.363,157.62,188.068,169.598,188.206,189.742,107.306,137.012,267.042
2005-01-21 13:20:00,155.986,205.633,142.747,1393.16,402.85,102.66381395833314,205.488,86.888,155.517,279.876,95.561,155.56,188.694,166.756,188.254,186.208,107.846,136.97,265.784
2005-01-21 13:25:00,156.984,204.2,142.973,1391.04,403.2,102.82973770833331,205.882,86.686,155.21,277.179,95.21,158.14,185.872,170.148,189.86,186.308,108.854,137.14,268.77
2005-01-21 13:30:00,156.05,206.467,139.603,1393.84,403.29,102.62,204.988,89.016,153.587,278.883,95.63,154.52,189.296,168.26,188.92,188.392,107.62,137.056,264.968
2005-01-21 13:35:00,156.782,210.933,142.133,1396.86,403.157,102.46115999999995,205.542,88.216,154.707,278.882,96.121,156.5,186.932,168.682,188.528,190.59,108.18,138.19,264.676
2005-01-21 13:40:00,154.45,207.367,143.707,1391.94,403.263,102.62395708333335,204.132,88.018,154.867,278.386,95.077,156.56,188.796,167.492,189.372,188.508,106.848,138.352,263.856
2005-01-21 13:45:00,156.644,210.033,142.497,1389.22,402.653,102.361,202.388,88.818,154.96,275.818,95.03,154.72,187.308,168.23,188.596,189.882,108.342,137.356,265.542
2005-01-21 13:50:00,155.302,207.733,142.413,1393.4,400.753,102.49857375000002,204.292,89.436,154.353,278.686,96.544,157.36,187.196,166.462,190.614,189.846,107.556,138.566,265.564
2005-01-21 13:55:00,156.45,205.133,140.773,1390.36,402.94,102.40952291666662,204.478,88.008,155.27,278.97,96.092,156.38,186.676,167.538,192.666,191.216,107.31,137.228,265.98
2005-01-21 14:00:00,154.93,206.7,141.283,1403.08,404.357,101.949,203.542,88.132,157.297,280.347,96.08,155.18,187.664,167.144,190.402,188.39,108.278,136.164,267.852
2005-01-21 14:05:00,156.82,204.1,140.583,1399.0,403.873,102.52347166666668,205.428,88.518,153.887,279.921,95.72,156.18,187.608,167.826,189.542,189.046,106.36,136.872,266.182
2005-01-21 14:10:00,156.226,207.6,141.633,1390.84,404.117,102.4396718750001,206.204,88.566,152.763,278.06,95.458,156.74,188.98,169.748,189.672,190.45,107.676,137.226,264.126
2005-01-21 14:15:00,156.748,209.667,141.747,1405.86,400.33,102.478,204.046,88.228,154.65,278.951,96.287,155.9,187.722,168.404,190.732,190.576,107.648,133.646,263.616
2005-01-21 14:20:00,155.932,207.367,140.28,1389.84,400.993,102.48697270833335,206.354,87.668,155.64,277.148,97.368,155.82,187.524,165.638,191.26,190.432,108.104,136.84,266.998
2005-01-21 14:25:00,156.388,206.833,142.597,1394.1,406.004,102.69506833333337,205.282,89.16,155.263,280.739,95.206,156.94,186.514,168.984,191.774,190.22,110.212,136.966,264.888
2005-01-21 14:30:00,154.968,205.6,140.807,1400.4,401.51,102.487,204.262,88.42,156.01,279.276,94.657,155.06,190.478,168.286,191.528,187.844,108.118,137.546,265.634
2005-01-21 14:35:00,158.004,207.433,141.057,1393.68,402.293,102.41715520833333,204.196,87.858,154.24,280.873,96.395,156.18,187.892,169.754,189.622,189.316,108.444,137.032,264.96
2005-01-21 14:40:00,156.74,208.233,140.99,1390.62,399.58,102.39935229166659,203.954,87.266,155.503,280.292,95.734,157.58,187.622,166.574,189.986,189.396,108.254,135.256,265.158
2005-01-21 14:45:00,156.24,207.633,141.487,1396.6,403.083,102.166,202.328,88.12,156.867,280.389,97.534,157.9,188.494,168.228,188.658,189.0,107.036,137.414,263.806
2005-01-21 14:50:00,156.248,206.633,141.17,1401.42,402.443,102.38334666666653,205.138,89.002,154.447,278.744,96.454,153.58,188.64,168.706,189.826,191.546,107.482,136.118,266.588
2005-01-21 14:55:00,156.924,207.367,142.953,1395.14,403.987,102.66314708333346,202.654,89.42,154.98,278.949,95.214,155.88,187.882,168.4,190.096,190.984,107.102,136.4,263.344
2005-01-21 15:00:00,156.678,208.4,143.483,1396.3,404.737,103.864,203.982,87.606,155.927,279.438,96.578,157.4,188.176,169.14,191.99,190.326,108.582,134.792,261.542
2005-01-21 15:05:00,156.414,208.633,142.9,1381.58,401.393,102.55944708333327,203.686,87.736,154.324,279.187,96.132,156.7,188.52,167.68,192.572,188.24,109.63,136.824,264.072
2005-01-21 15:10:00,155.536,208.2,143.137,1400.32,399.56,102.58055208333325,204.478,90.816,157.913,276.452,96.282,155.3,189.99,168.626,193.006,192.47,108.626,135.854,263.844
2005-01-21 15:15:00,154.858,207.867,142.137,1395.82,402.737,102.476,201.886,90.262,156.803,280.313,97.119,154.36,188.606,168.44,193.054,189.912,108.448,136.916,261.948
2005-01-21 15:20:00,157.05,206.9,141.727,1394.12,402.547,102.42559249999995,203.474,89.426,155.294,279.656,97.166,155.44,190.674,169.514,191.152,188.128,108.364,136.182,262.934
2005-01-21 15:25:00,157.272,208.267,144.007,1391.68,402.353,102.78316166666674,202.604,89.344,154.473,279.442,96.604,157.12,189.844,169.552,191.674,189.438,108.964,135.466,262.608
2005-01-21 15:30:00,158.546,206.5,140.737,1396.86,402.797,102.269,203.938,89.024,152.577,278.255,96.177,157.72,189.638,170.296,190.254,189.82,108.562,135.416,261.946
2005-01-21 15:35:00,155.696,208.367,141.463,1394.42,403.063,102.48906666666657,202.768,89.03,154.653,280.642,94.971,156.88,189.73,169.872,191.14,190.934,108.244,136.332,263.518
2005-01-21 15:40:00,155.0,206.933,142.273,1386.74,404.65,102.3926862500001,203.452,88.692,153.117,282.516,96.077,156.26,188.132,169.838,191.198,190.952,107.968,134.782,263.064
2005-01-21 15:45:00,156.09,210.933,141.297,1401.34,402.533,102.635,202.422,89.882,155.04,280.379,96.511,157.24,189.376,172.184,189.338,191.49,108.246,135.224,262.222
2005-01-21 15:50:00,158.534,209.867,142.947,1397.36,398.36,102.54473875000002,204.778,89.924,154.117,279.297,96.223,156.36,186.662,169.93,191.602,191.442,109.832,135.884,261.656
2005-01-21 15:55:00,156.342,207.767,141.34,1396.5,401.667,102.43525604166662,203.668,88.864,154.423,281.821,96.808,156.86,185.986,170.698,189.822,191.914,107.658,135.454,262.834
2005-01-21 16:00:00,155.226,208.167,143.327,1396.26,402.383,102.316,200.936,89.958,153.633,280.571,96.669,156.18,189.36,170.058,192.08,192.246,110.194,135.31,263.134
2005-01-21 16:05:00,155.78,206.067,142.123,1386.02,400.353,102.49428895833327,200.878,88.176,155.06,278.541,95.191,155.94,187.93,170.114,191.814,195.07,107.482,137.454,263.772
2005-01-21 16:10:00,157.15,208.633,141.873,1394.22,401.957,102.41093270833333,203.458,89.114,153.787,282.098,96.081,156.56,188.64,169.082,191.256,191.814,108.958,135.402,262.12
2005-01-21 16:15:00,156.368,207.2,142.113,1391.0,400.76,102.802,201.282,89.514,154.62,281.005,95.383,156.28,189.652,171.102,191.262,192.762,107.464,136.552,265.642
2005-01-21 16:20:00,155.282,208.2,142.787,1387.86,398.086,102.35738750000006,203.122,88.936,154.263,279.885,95.031,157.34,189.36,168.918,191.25,193.36,109.082,137.442,263.934
2005-01-21 16:25:00,155.972,207.733,140.923,1390.1,401.157,102.30984833333336,199.644,89.68,153.993,282.619,97.275,158.86,187.552,169.04,191.176,193.788,109.006,136.442,262.33
2005-01-21 16:30:00,156.6,207.8,141.82,1391.86,404.967,102.345,202.68,89.362,154.223,278.633,97.319,156.4,190.062,171.444,192.816,192.986,109.724,136.41,262.14
2005-01-21 16:35:00,157.722,207.2,141.163,1393.56,398.867,102.30283958333335,202.226,87.95,154.293,283.792,96.095,155.98,189.214,169.994,192.406,190.728,108.406,135.938,262.842
2005-01-21 16:40:00,157.542,209.033,143.76,1397.16,402.153,102.82153687500013,203.988,89.844,154.817,283.766,96.677,154.72,189.302,169.808,192.014,193.998,109.4,136.384,265.288
2005-01-21 16:45:00,156.792,208.6,142.347,1393.3,401.22,102.21,202.282,87.978,154.23,283.467,97.475,157.1,189.808,170.348,193.342,191.948,108.818,136.44,266.046
2005-01-21 16:50:00,156.96,207.433,144.937,1403.58,399.523,102.70437208333342,203.496,89.094,154.277,285.059,96.427,156.66,192.668,169.066,192.738,194.42,107.472,136.782,262.25
2005-01-21 16:55:00,158.134,207.067,142.737,1397.44,403.663,102.70103333333338,203.806,88.394,154.58,284.154,96.45,156.52,187.824,170.356,194.848,190.568,109.038,136.472,266.13
2005-01-21 17:00:00,157.738,208.767,144.433,1393.42,402.99,103.072,202.278,88.886,155.047,287.085,95.361,155.94,189.522,171.284,194.032,192.18,109.72,137.41,263.476
2005-01-21 17:05:00,156.316,206.567,140.84,1404.48,401.29,102.2161912499999,202.076,87.964,154.623,285.991,96.461,157.7,192.0,171.242,193.47,193.664,108.794,136.534,263.48
2005-01-21 17:10:00,155.536,207.967,140.567,1387.04,397.49,102.17389604166661,202.14,87.75,154.203,284.325,95.701,156.78,189.756,170.21,192.2,191.686,109.476,137.904,264.726
2005-01-21 17:15:00,153.228,207.367,141.29,1371.72,392.82,101.836,205.458,86.966,152.63,285.883,96.554,155.44,190.556,170.714,192.206,191.566,109.31,137.078,264.01
2005-01-21 17:20:00,154.282,206.833,141.487,1368.82,397.567,101.96619041666659,203.908,86.21,154.24,285.773,96.099,154.5,190.536,169.97,191.958,191.87,109.628,134.306,261.214
2005-01-21 17:25:00,155.028,205.733,140.64,1365.54,396.42,101.97531500000001,202.968,87.764,151.993,284.769,95.999,156.72,189.98,169.774,191.494,190.412,109.538,135.63,264.65
2005-01-21 17:30:00,155.282,208.067,140.923,1382.76,399.857,101.477,204.636,87.728,153.81,282.237,96.1,157.7,191.64,170.104,190.632,194.01,109.62,137.996,262.908
2005-01-21 17:35:00,154.38,207.333,141.903,1379.64,397.313,102.18204791666658,202.628,87.49,155.607,280.499,95.089,158.22,192.53,170.43,192.004,193.21,110.338,136.098,263.262
2005-01-21 17:40:00,155.066,207.533,143.8,1379.76,393.727,102.40949083333335,202.53,86.336,155.147,284.832,96.529,156.1,190.158,171.906,193.338,194.412,110.448,135.508,262.944
2005-01-21 17:45:00,155.618,207.867,141.437,1386.24,398.176,102.431,202.42,86.694,155.067,285.91,97.154,156.68,193.578,172.07,191.86,192.49,110.512,135.228,263.846
2005-01-21 17:50:00,155.936,206.033,141.353,1389.9,398.93,102.11459291666664,202.592,88.064,153.436,283.953,96.347,156.42,191.37,170.442,190.646,193.774,109.962,136.022,264.262
2005-01-21 17:55:00,153.68,207.667,140.91,1379.58,401.62,101.9683754166666,204.092,86.976,153.273,280.366,95.651,156.1,189.394,172.644,190.57,194.976,109.164,135.742,267.24
2005-01-21 18:00:00,154.736,210.5,140.637,1380.76,398.997,100.942,203.248,86.494,153.933,280.04,96.593,157.5,191.92,170.474,189.826,192.558,110.77,135.196,262.78
2005-01-21 18:05:00,153.9,208.667,141.07,1384.78,397.04,101.74077791666656,203.796,86.6,152.423,277.504,94.47,157.3,193.24,170.446,188.092,191.276,110.046,135.996,262.062
2005-01-21 18:10:00,159.066,209.733,141.65,1379.2,391.97,101.86177333333332,201.728,87.258,152.153,278.844,96.09,157.66,187.124,171.102,188.312,185.788,110.63,134.506,263.294
2005-01-21 18:15:00,155.882,210.633,140.353,1385.62,392.98,101.852,202.576,87.626,151.367,279.714,95.866,156.84,187.168,169.36,187.494,186.91,109.194,134.262,262.144
2005-01-21 18:20:00,155.77,205.133,141.66,1386.22,394.777,101.83582270833334,202.248,88.592,151.67,280.197,93.945,156.6,188.82,169.556,189.39,186.894,109.054,135.432,258.402
2005-01-21 18:25:00,158.436,208.633,143.017,1388.72,395.617,102.34275708333334,202.646,86.342,152.933,278.59,96.269,154.44,185.406,170.128,185.848,188.872,108.388,135.654,262.1
2005-01-21 18:30:00,156.794,206.1,142.023,1381.72,400.113,101.907,201.89,88.534,154.103,281.03,96.152,156.02,186.066,169.326,187.908,190.432,107.782,135.77,266.03
2005-01-21 18:35:00,157.24,209.633,141.777,1395.08,401.517,101.81349770833334,204.564,86.644,152.25,282.949,92.245,155.76,186.968,164.368,182.364,184.94,109.86,135.454,267.698
2005-01-21 18:40:00,157.448,206.6,142.837,1394.26,401.07,101.9201593750001,204.018,86.324,151.723,284.336,92.6,155.56,186.694,164.92,183.662,184.322,107.488,137.996,264.732
2005-01-21 18:45:00,155.514,207.967,140.127,1379.3,393.114,99.78,198.286,83.576,151.354,279.088,94.958,155.78,189.044,167.114,176.72,182.83,102.9,136.092,263.452
2005-01-21 18:50:00,156.162,206.333,142.973,1385.66,396.14,100.31575687499999,199.414,80.274,149.307,273.535,92.602,152.2,188.682,165.706,173.98,174.82,101.008,133.554,259.224
2005-01-21 18:55:00,157.56,203.0,141.927,1377.92,391.393,99.1037945833333,195.978,79.492,147.653,262.399,91.037,149.46,185.484,165.446,174.858,174.644,100.668,134.152,257.282
2005-01-21 19:00:00,155.562,199.167,139.283,1411.86,387.52,99.249,198.426,81.346,145.427,261.387,91.196,149.42,182.046,165.22,174.184,175.398,101.772,132.886,254.998
2005-01-21 19:05:00,155.59,202.333,141.057,1413.76,389.143,98.91445958333323,196.786,79.508,148.397,264.098,89.831,148.32,177.442,163.962,174.902,174.71,101.412,131.012,256.292
2005-01-21 19:10:00,156.38,198.933,139.72,1407.32,387.803,97.68930791666668,195.538,80.816,146.15,259.11,89.68,147.04,175.208,162.252,172.912,174.498,101.442,129.414,254.774
2005-01-21 19:15:00,153.49,199.1,137.99,1413.68,384.11,97.698,193.87,81.592,145.483,258.784,88.774,146.44,174.206,160.28,176.646,174.702,100.156,127.572,249.55
2005-01-21 19:20:00,154.874,196.867,134.957,1421.78,379.103,96.0193700000001,193.386,81.31,143.333,255.138,89.819,144.7,173.192,158.596,174.362,172.862,100.014,125.594,244.878
2005-01-21 19:25:00,154.664,195.833,137.89,1408.74,376.613,96.39029666666667,190.628,81.424,142.977,257.2,91.739,145.08,171.892,157.988,172.464,173.976,101.516,125.756,246.99
2005-01-21 19:30:00,156.362,195.167,136.127,1412.76,374.21,96.306,188.36,80.806,144.893,255.65,90.255,143.64,172.51,157.104,172.79,174.39,100.104,123.542,243.986
2005-01-21 19:35:00,154.59,198.3,135.8,1404.38,376.42,96.13213333333333,188.398,81.818,144.397,255.071,90.088,144.12,172.324,157.12,175.644,174.73,100.028,122.686,242.952
2005-01-21 19:40:00,153.274,198.067,136.83,1413.18,373.58,95.9252854166667,187.522,81.022,143.023,254.129,90.438,145.9,170.516,155.024,176.904,176.648,101.67,122.082,240.58
2005-01-21 19:45:00,156.802,195.5,135.66,1414.9,374.087,96.022,188.604,82.296,143.993,251.487,90.322,146.24,174.32,156.81,175.624,175.616,102.032,121.592,239.64
2005-01-21 19:50:00,152.598,199.2,134.477,1412.1,374.423,95.93604145833343,188.576,82.172,143.953,254.09,89.127,145.7,174.128,157.486,176.404,177.326,101.038,120.962,238.038
2005-01-21 19:55:00,152.188,198.867,137.383,1408.58,377.663,96.21584416666673,186.104,82.476,141.193,254.342,91.02,145.82,172.996,155.032,175.416,175.704,101.236,122.676,241.54
2005-01-21 20:00:00,150.848,198.967,137.107,1414.46,377.477,95.937,186.234,82.788,144.697,252.714,89.974,145.48,172.462,156.03,176.762,173.214,100.614,121.876,238.618
2005-01-21 20:05:00,153.75,201.4,136.327,1419.08,376.887,96.71099625000014,192.272,81.766,145.154,252.174,88.486,147.04,171.762,154.288,177.612,175.298,101.794,121.74,240.156
2005-01-21 20:10:00,152.998,199.933,138.48,1409.12,377.607,95.95795999999999,191.054,82.066,143.723,256.41,89.896,144.62,171.798,154.646,175.226,177.374,100.588,121.594,238.56
2005-01-21 20:15:00,153.644,198.6,136.837,1412.02,378.43,97.386,188.608,82.232,145.397,253.659,89.62,146.42,174.336,155.392,176.188,174.41,99.718,120.26,239.846
2005-01-21 20:20:00,155.622,199.833,136.657,1414.84,380.293,96.58425791666677,187.55,81.442,144.283,251.34,90.734,146.62,171.194,156.198,175.824,173.594,100.274,121.01,239.55
2005-01-21 20:25:00,155.49,196.7,136.747,1408.9,382.353,96.33664958333344,188.77,81.976,143.057,252.244,89.577,146.38,171.796,156.38,173.288,173.838,100.152,121.308,239.868
2005-01-21 20:30:00,154.664,199.933,136.337,1404.76,378.78,96.147,188.168,80.696,143.773,254.048,89.66,143.72,174.528,154.07,173.152,172.66,99.59,122.758,240.346
2005-01-21 20:35:00,153.464,200.233,136.957,1410.5,375.427,95.80655375000009,187.6,80.152,144.04,254.115,90.209,144.02,170.686,155.478,173.158,174.314,99.688,120.872,240.604
2005-01-21 20:40:00,152.684,199.933,137.457,1411.16,374.513,95.74207791666673,190.346,81.082,144.61,255.055,88.176,143.82,169.914,157.152,171.248,176.476,99.2,121.132,243.216
2005-01-21 20:45:00,151.976,197.467,137.973,1406.84,374.47,95.89,188.324,80.484,143.457,248.876,86.924,142.68,170.26,154.566,175.458,175.848,100.14,121.55,242.344
2005-01-21 20:50:00,152.634,198.367,137.7,1397.22,376.253,95.8409012500001,187.962,80.752,144.917,249.667,87.111,141.54,170.99,154.296,175.096,173.278,100.276,124.37,241.328
2005-01-21 20:55:00,151.674,197.0,136.49,1403.14,373.097,95.69582770833347,185.77,80.968,143.64,254.322,87.849,145.74,171.794,153.146,172.956,174.206,99.858,121.954,242.48
2005-01-21 21:00:00,152.308,198.767,137.247,1409.96,374.143,94.342,187.86,80.8,143.28,252.695,88.112,143.92,171.306,153.994,171.772,172.394,100.312,122.164,239.658
2005-01-21 21:05:00,155.518,198.767,136.97,1412.88,377.123,95.78177416666665,186.574,80.418,142.167,255.145,88.413,141.58,172.314,154.466,172.58,172.54,100.034,121.346,243.958
2005-01-21 21:10:00,155.192,194.1,136.713,1418.9,374.717,95.64519083333339,187.368,80.882,142.646,252.766,86.416,143.94,173.524,155.696,172.438,175.664,98.064,123.068,242.132
2005-01-21 21:15:00,154.004,199.0,137.717,1411.8,377.087,95.783,185.498,82.872,141.397,253.806,86.329,141.9,172.694,158.104,172.564,172.312,100.524,122.44,239.504
2005-01-21 21:20:00,156.468,198.367,138.503,1417.78,379.27,95.7210283333333,187.618,80.43,141.777,252.984,85.85,142.88,170.922,154.378,172.796,174.152,98.81,123.166,240.738
2005-01-21 21:25:00,154.792,198.233,136.853,1412.0,377.087,95.82387250000005,188.928,82.294,140.85,256.227,86.867,142.88,173.852,154.558,173.732,176.478,100.052,121.392,241.702
2005-01-21 21:30:00,155.37,200.1,136.43,1412.56,378.527,96.145,188.004,80.14,140.797,255.65,88.41,144.78,175.488,157.314,172.592,177.22,100.824,122.562,242.35
2005-01-21 21:35:00,154.488,196.567,138.477,1406.48,381.777,95.83270104166667,186.476,82.574,143.5,256.249,87.34,144.0,173.2,156.098,171.964,177.382,99.294,123.26,241.252
2005-01-21 21:40:00,154.406,196.133,140.337,1411.08,381.057,96.020465625,188.51,81.13,140.323,256.069,87.697,143.78,170.462,152.266,172.486,179.756,101.352,122.926,244.7
2005-01-21 21:45:00,155.342,198.2,139.247,1408.44,375.83,96.703,187.972,80.436,141.943,256.285,88.745,142.9,172.334,153.57,174.94,174.506,101.876,122.838,243.438
2005-01-21 21:50:00,154.372,195.9,138.367,1400.34,382.156,95.84299541666661,187.75,81.2,141.913,253.982,88.544,142.9,172.332,152.524,171.102,175.036,99.71,123.298,244.916
2005-01-21 21:55:00,153.128,198.633,138.443,1396.66,381.153,96.00271291666661,190.06,80.316,142.833,252.906,87.756,141.62,170.754,151.662,172.992,178.246,101.59,122.632,245.766
2005-01-21 22:00:00,155.166,198.3,139.14,1392.52,379.733,95.013,191.332,80.926,140.9,254.028,88.606,144.4,171.93,155.628,174.244,177.6,99.704,124.706,248.05
2005-01-21 22:05:00,155.088,196.733,137.467,1404.26,380.797,95.90605083333323,190.152,82.906,144.797,256.652,88.708,143.46,171.016,154.384,173.642,178.628,99.602,125.58,247.232
2005-01-21 22:10:00,152.58,197.633,137.287,1393.36,378.29,95.98285208333327,189.286,82.356,143.77,254.455,88.392,140.86,173.914,153.746,173.064,175.944,100.292,125.31,244.95
2005-01-21 22:15:00,153.36,201.367,137.923,1400.86,380.12,96.137,188.966,79.516,143.457,254.672,87.141,143.46,172.16,152.836,175.658,173.468,101.004,126.104,245.352
2005-01-21 22:20:00,153.678,198.433,138.643,1392.68,377.423,95.98688833333337,188.6,80.062,143.82,255.573,88.218,142.46,175.388,152.798,174.012,177.038,100.09,126.41,249.216
2005-01-21 22:25:00,151.648,196.9,138.047,1387.4,381.67,95.96798916666673,188.026,80.836,141.817,254.264,88.581,140.76,174.404,152.832,172.618,176.504,100.772,127.094,246.734
2005-01-21 22:30:00,153.08,199.7,137.16,1373.02,379.917,95.782,189.118,81.172,144.963,253.072,87.653,142.88,173.108,154.002,174.58,176.096,99.828,126.158,248.902
2005-01-21 22:35:00,153.344,198.1,137.6,1375.04,376.653,95.89353833333332,189.626,81.088,144.38,254.617,87.389,141.46,171.428,152.998,175.15,177.348,99.546,126.466,247.556
2005-01-21 22:40:00,153.73,199.067,136.453,1368.16,379.477,95.82464208333326,190.76,81.02,141.127,253.437,87.497,141.62,175.282,154.564,173.532,173.648,99.936,125.644,248.728
2005-01-21 22:45:00,153.84,198.767,136.233,1367.34,381.833,96.448,192.044,80.112,143.763,251.598,87.459,144.02,171.026,154.576,171.738,176.462,98.688,126.738,249.174
2005-01-21 22:50:00,151.942,201.033,139.857,1368.96,376.907,95.80591916666663,189.05,83.016,142.37,253.072,88.986,143.8,174.298,152.304,172.99,176.698,99.732,126.412,248.494
2005-01-21 22:55:00,151.208,199.867,135.387,1355.46,379.25,95.78856749999997,190.046,81.864,142.303,256.883,86.501,144.74,171.78,151.558,172.484,176.882,98.786,128.44,247.46
2005-01-21 23:00:00,151.688,198.233,135.413,1352.0,377.52,96.716,191.738,82.122,143.057,254.905,88.557,144.08,173.796,155.014,174.844,177.458,101.414,125.586,246.836
2005-01-21 23:05:00,151.224,198.6,136.013,1345.42,377.197,95.98923854166662,189.304,81.774,144.494,257.997,87.744,143.98,174.614,154.778,173.108,176.012,100.464,124.634,246.29
2005-01-21 23:10:00,151.206,197.0,135.943,1339.52,377.003,96.22752041666661,191.24,80.62,142.713,255.473,88.23,146.92,173.52,152.996,172.008,176.942,100.172,126.254,244.144
2005-01-21 23:15:00,151.894,199.8,136.397,1347.86,375.89,95.862,189.79,82.318,143.113,257.844,87.876,143.96,172.036,152.776,173.07,175.676,100.396,125.462,243.828
2005-01-21 23:20:00,151.81,198.433,136.837,1340.78,378.617,95.65926979166657,186.92,82.528,142.433,259.029,87.124,144.68,172.808,155.45,173.234,175.196,100.162,122.51,245.786
2005-01-21 23:25:00,152.714,197.3,133.977,1349.3,374.723,95.56221520833321,188.75,82.738,142.75,260.871,87.805,144.52,177.254,156.194,174.06,176.252,100.828,122.656,244.038
2005-01-21 23:30:00,149.57,195.6,134.533,1344.7,377.11,94.687,186.304,82.232,142.517,258.418,88.769,145.38,175.322,157.932,173.248,177.466,99.538,123.724,242.008
2005-01-21 23:35:00,151.87,197.967,136.94,1349.18,372.377,95.32433291666658,188.104,82.052,141.42,263.147,88.591,144.28,176.668,157.408,171.708,175.704,100.95,123.732,245.274
2005-01-21 23:40:00,151.052,195.967,134.123,1344.92,370.13,95.22178083333334,185.204,82.678,142.707,259.988,88.342,144.58,174.418,158.732,174.16,175.276,100.682,122.964,245.058
2005-01-21 23:45:00,151.768,197.933,135.243,1351.58,371.13,95.029,189.25,82.44,141.96,264.569,87.889,143.6,177.396,157.714,174.946,178.194,100.066,124.984,244.794
2005-01-21 23:50:00,150.794,195.233,136.63,1356.16,371.067,94.9320495833333,188.782,83.452,140.67,262.417,87.492,143.1,176.354,159.05,174.456,174.564,101.658,124.246,243.89
2005-01-21 23:55:00,151.482,196.733,134.527,1356.26,369.197,94.9490983333333,189.67,80.958,142.867,262.154,88.382,144.0,177.83,158.478,173.326,177.634,100.558,125.01,245.128
2005-01-22 00:00:00,150.268,195.933,133.923,1359.52,369.527,94.441,185.572,81.276,140.443,261.34,88.097,142.2,177.464,158.432,175.842,178.502,100.66,125.342,244.982
2005-01-22 00:05:00,153.178,198.067,134.52,1354.48,370.393,94.83177375000012,187.034,81.106,141.307,262.775,88.598,142.26,175.614,158.578,175.412,177.246,101.438,123.088,241.846
2005-01-22 00:10:00,152.646,197.7,134.72,1354.44,371.647,95.45782291666661,188.06,82.954,144.34,260.97,89.55,145.42,175.832,160.444,172.116,178.442,100.43,123.292,243.542
2005-01-22 00:15:00,150.958,198.333,133.577,1353.06,371.887,95.826,186.566,82.056,141.507,261.245,87.596,144.94,175.278,157.732,173.666,177.102,101.152,124.188,243.456
2005-01-22 00:20:00,151.034,196.667,136.203,1353.1,369.8,95.1330391666666,187.896,83.216,143.173,260.465,88.966,142.62,176.9,156.632,173.6,177.106,101.272,124.996,245.3
2005-01-22 00:25:00,151.69,198.167,134.65,1351.94,371.897,95.53475812499994,184.79,81.402,140.537,261.424,87.163,142.72,175.232,157.294,176.328,177.178,100.728,125.038,243.74
2005-01-22 00:30:00,149.93,198.567,135.793,1350.5,372.12,96.398,189.008,81.34,141.33,260.003,87.593,143.94,175.296,156.132,176.548,178.142,102.536,125.446,248.26
2005-01-22 00:35:00,150.976,196.567,136.373,1346.02,371.61,95.6137479166666,187.766,82.492,142.543,260.013,86.205,142.94,174.942,155.756,176.118,175.606,100.348,126.122,247.964
2005-01-22 00:40:00,150.794,197.5,135.2,1358.6,371.273,95.19850999999993,187.496,81.456,143.393,263.229,88.83,144.46,177.528,158.736,175.022,176.206,99.93,124.498,246.502
2005-01-22 00:45:00,151.222,194.733,133.417,1355.14,370.817,96.54,187.284,81.046,141.713,260.219,87.029,144.54,174.612,156.094,176.564,176.346,102.004,125.306,245.632
2005-01-22 00:50:00,150.984,195.7,134.907,1350.8,369.77,95.30492562499998,189.162,80.31,141.403,259.86,88.336,144.42,174.58,157.742,175.616,175.292,100.622,124.688,247.412
2005-01-22 00:55:00,149.624,198.2,134.24,1355.18,375.013,95.55435624999994,182.892,82.916,144.603,261.484,90.27,142.78,176.596,157.776,175.386,177.48,100.03,125.956,247.288
2005-01-22 01:00:00,149.26,194.567,134.923,1347.02,372.407,95.626,186.83,82.24,144.08,259.834,88.854,144.54,175.51,156.506,175.686,177.706,100.96,126.282,248.454
2005-01-22 01:05:00,151.478,196.8,134.453,1346.2,371.49,95.61762833333323,186.936,83.666,143.593,262.44,88.538,143.24,173.976,155.832,172.848,177.456,99.9,126.584,244.452
2005-01-22 01:10:00,149.296,198.133,134.167,1346.64,373.486,95.81268083333327,189.098,81.438,145.477,259.188,87.488,143.72,174.504,158.378,171.972,177.872,101.034,122.752,243.194
2005-01-22 01:15:00,150.644,196.6,133.22,1349.5,374.497,96.098,188.586,80.998,143.946,258.481,89.258,143.98,175.954,157.448,173.872,179.76,100.35,123.29,245.886
2005-01-22 01:20:00,151.076,197.1,134.94,1354.12,372.253,95.91610499999996,187.55,82.794,142.133,259.798,88.52,143.2,174.026,156.788,176.926,177.656,101.546,123.996,245.968
2005-01-22 01:25:00,151.686,199.2,131.85,1350.12,370.1,95.33552333333336,187.996,82.414,142.787,259.548,88.404,144.36,173.566,159.338,176.308,177.944,100.33,124.866,245.688
2005-01-22 01:30:00,152.434,198.533,133.69,1354.04,368.257,95.356,190.004,82.358,142.813,260.029,89.756,144.08,175.27,161.054,175.996,176.63,102.66,123.584,244.49
2005-01-22 01:35:00,150.722,197.6,133.367,1349.86,368.747,94.90266729166675,184.238,80.994,140.343,259.144,87.448,142.4,175.702,156.966,175.362,177.596,100.556,124.958,242.976
2005-01-22 01:40:00,151.56,198.5,132.837,1360.56,364.673,94.61777500000005,185.284,81.694,142.387,260.279,88.428,143.54,176.736,160.196,176.6,177.548,101.206,124.216,243.536
2005-01-22 01:45:00,151.074,199.4,133.267,1348.2,365.343,95.4,186.768,82.928,143.057,260.864,87.967,143.84,175.908,158.686,175.726,176.678,102.012,124.324,244.86
2005-01-22 01:50:00,151.96,200.1,135.023,1358.86,364.83,95.00530375000002,186.946,83.494,142.45,259.949,88.087,142.28,174.55,156.772,176.252,177.218,102.328,124.226,242.906
2005-01-22 01:55:00,151.004,197.433,134.447,1358.4,365.327,94.94859500000008,186.808,80.972,143.953,259.046,87.607,144.06,176.502,158.958,175.524,178.206,101.35,125.154,244.972
2005-01-22 02:00:00,150.988,197.867,134.167,1354.82,364.293,95.01,184.83,82.828,143.86,260.354,88.211,144.68,177.414,156.708,174.942,178.03,100.986,123.996,245.586
2005-01-22 02:05:00,151.494,197.9,133.5,1355.34,369.05,95.31721875000002,186.474,81.96,143.584,262.365,88.45,145.54,177.782,156.264,174.954,176.02,102.668,123.914,243.298
2005-01-22 02:10:00,151.07,199.067,134.143,1365.66,366.607,95.03593916666672,186.904,80.848,143.933,258.24,89.438,145.12,176.622,160.036,174.902,177.406,101.262,123.916,242.276
2005-01-22 02:15:00,151.52,197.733,133.937,1356.2,366.023,94.515,183.498,82.336,141.503,262.289,87.695,143.76,175.202,161.306,175.08,178.318,101.822,124.136,245.396
2005-01-22 02:20:00,152.76,198.433,133.18,1360.42,367.833,94.80108416666666,186.042,82.408,141.57,261.967,87.524,143.52,175.988,157.146,176.182,178.426,102.196,124.022,244.096
2005-01-22 02:25:00,150.974,198.2,134.623,1362.92,367.464,94.94688124999995,186.596,82.06,141.34,262.154,89.565,144.2,175.0,157.166,174.984,176.31,102.028,124.444,244.308
2005-01-22 02:30:00,151.352,196.233,135.137,1360.42,367.767,93.895,187.332,81.062,140.52,260.294,88.795,142.66,174.944,158.892,177.986,177.654,101.932,124.304,243.73
2005-01-22 02:35:00,150.382,198.533,135.03,1354.5,366.743,94.53663208333337,187.31,81.502,141.95,260.694,88.57,143.36,175.324,158.248,174.312,178.308,100.746,123.084,242.204
2005-01-22 02:40:00,150.588,199.067,133.78,1361.94,367.62,94.85992270833339,184.706,83.656,140.38,262.822,87.742,142.16,175.014,156.93,176.47,175.942,101.852,123.912,243.71
2005-01-22 02:45:00,150.028,196.2,136.507,1356.42,368.467,94.302,187.838,81.702,140.157,258.85,85.993,144.56,178.116,159.668,176.154,179.068,101.182,124.19,243.474
2005-01-22 02:50:00,152.212,199.433,134.647,1362.54,366.187,94.53840458333339,188.934,82.806,140.85,260.5,89.371,143.44,176.538,160.02,175.44,179.518,100.808,124.962,246.97
2005-01-22 02:55:00,151.064,198.867,133.44,1363.42,364.807,94.8131941666667,186.048,82.972,140.79,260.111,87.791,140.86,173.502,157.534,176.916,178.57,100.464,122.96,245.21
2005-01-22 03:00:00,152.164,198.767,132.067,1360.0,367.39,94.338,188.014,82.11,140.727,260.514,88.515,143.4,176.996,159.69,177.044,177.38,102.39,125.144,243.15
2005-01-22 03:05:00,151.446,197.467,135.9,1363.52,366.21,94.23438791666668,185.66,82.85,142.0,259.38,86.987,142.48,176.64,159.06,176.274,178.95,101.51,123.926,242.434
2005-01-22 03:10:00,149.624,198.033,133.547,1355.16,368.083,94.59940083333335,187.036,83.486,141.277,262.94,88.459,142.58,176.56,160.312,176.17,178.024,101.098,122.938,241.988
2005-01-22 03:15:00,151.46,198.733,135.18,1358.64,364.683,93.87,186.422,81.942,141.073,260.703,86.344,143.24,175.996,158.74,180.402,178.638,102.688,122.142,241.702
2005-01-22 03:20:00,150.858,198.833,134.677,1353.44,368.117,94.34685145833332,185.426,81.756,141.187,258.567,87.533,143.24,176.48,160.228,175.738,177.788,101.322,122.59,239.596
2005-01-22 03:25:00,149.978,197.1,133.323,1356.02,367.043,94.63433,185.424,83.078,142.957,261.986,86.961,143.5,176.518,159.024,174.424,178.118,101.102,120.652,239.882
2005-01-22 03:30:00,150.368,197.3,135.047,1359.12,365.07,93.605,186.374,82.696,141.313,260.018,86.298,140.22,177.726,160.694,177.484,177.006,101.088,119.974,238.142
2005-01-22 03:35:00,149.684,199.133,135.26,1359.1,366.137,93.92351041666655,186.176,81.452,141.897,262.269,86.327,143.4,175.636,160.026,177.688,176.704,101.486,119.832,235.994
2005-01-22 03:40:00,151.074,198.9,134.28,1357.98,367.64,94.16309625000005,186.254,81.738,139.673,263.506,86.777,141.74,177.472,158.728,177.344,177.18,101.76,118.202,236.226
2005-01-22 03:45:00,150.954,199.133,133.203,1353.9,367.13,93.618,184.788,81.496,141.45,263.294,86.066,142.88,177.012,158.69,175.438,176.378,100.386,120.866,235.098
2005-01-22 03:50:00,151.892,199.2,132.177,1354.94,365.567,94.43274583333334,185.876,82.232,141.033,262.375,87.254,142.94,177.824,157.934,177.176,180.406,102.948,118.292,233.488
2005-01-22 03:55:00,152.812,198.2,134.167,1363.36,367.677,94.31825666666673,184.894,82.862,140.09,264.088,87.224,141.42,176.22,160.33,176.896,180.062,102.648,118.67,235.176
2005-01-22 04:00:00,150.232,197.167,133.09,1362.76,365.443,94.578,185.85,83.19,141.63,263.112,87.657,141.98,176.996,163.536,174.44,178.744,101.252,118.194,234.61
2005-01-22 04:05:00,151.116,197.9,135.063,1351.76,366.45,94.31747291666677,184.186,80.906,140.103,263.137,87.47,141.52,177.068,160.07,177.586,179.458,101.106,117.788,234.756
2005-01-22 04:10:00,150.684,200.767,132.65,1357.8,365.98,94.28433291666664,183.146,82.834,142.09,261.518,86.554,141.88,178.224,158.604,177.102,177.828,99.872,119.15,231.552
2005-01-22 04:15:00,150.538,198.3,135.0,1356.42,366.76,94.346,184.906,82.918,139.754,267.04,86.021,141.1,177.7,157.116,175.9,180.446,101.278,116.654,234.048
2005-01-22 04:20:00,151.218,196.133,133.543,1362.52,365.953,94.38816291666666,187.55,82.542,139.743,263.514,86.638,141.5,175.652,158.214,175.192,179.002,101.832,117.78,235.392
2005-01-22 04:25:00,153.394,196.167,134.307,1354.98,367.887,94.24277083333347,185.494,81.256,137.153,265.947,86.05,142.36,176.364,159.096,179.304,179.134,102.17,118.288,234.494
2005-01-22 04:30:00,151.962,198.3,134.163,1363.44,365.767,94.019,185.47,80.866,140.787,263.303,86.67,141.8,176.91,158.646,176.826,178.978,101.566,118.022,234.158
2005-01-22 04:35:00,150.216,195.633,133.61,1361.08,364.18,94.48050041666666,185.734,80.674,142.34,259.938,88.145,142.0,178.628,159.818,178.724,179.312,101.562,119.326,234.074
2005-01-22 04:40:00,152.33,199.667,133.727,1363.28,365.393,94.21902333333341,186.366,82.266,140.473,260.439,86.703,142.48,176.922,158.47,177.302,178.28,101.432,117.668,232.544
2005-01-22 04:45:00,153.112,197.267,135.073,1355.26,366.497,94.427,182.328,80.926,140.807,261.795,87.163,142.48,176.598,158.672,177.018,178.778,102.932,116.712,233.884
2005-01-22 04:50:00,150.51,198.6,133.593,1361.58,363.743,94.26898750000002,187.846,81.018,140.653,260.284,87.554,140.74,177.046,160.158,177.274,179.522,102.718,120.458,236.174
2005-01-22 04:55:00,151.622,198.733,132.293,1356.4,365.4,94.26113041666676,185.694,80.656,140.54,264.503,86.456,142.14,175.176,159.244,178.36,180.452,101.404,118.144,231.218
2005-01-22 05:00:00,151.022,197.567,133.177,1356.42,368.77,95.183,185.324,82.622,140.437,263.781,87.474,144.16,177.566,159.472,177.206,177.892,101.44,119.496,234.364
2005-01-22 05:05:00,149.642,199.333,135.317,1372.32,364.26,94.6006233333334,186.076,82.222,144.02,263.746,87.747,143.46,175.554,159.086,178.352,179.36,101.396,118.184,231.21
2005-01-22 05:10:00,151.928,201.167,132.897,1367.56,365.78,94.49544833333329,188.206,80.36,141.574,260.516,87.979,142.9,178.692,157.982,176.48,180.194,101.728,116.914,233.192
2005-01-22 05:15:00,151.388,197.833,135.22,1365.44,367.403,93.789,185.548,82.496,141.133,262.362,86.047,142.96,179.438,159.196,176.534,178.362,100.956,119.596,233.85
2005-01-22 05:20:00,151.72,198.0,136.523,1363.84,367.567,94.1357854166667,186.542,81.102,140.313,264.275,87.478,141.62,175.798,159.042,174.968,179.186,101.064,118.274,231.768
2005-01-22 05:25:00,149.676,197.033,134.553,1364.54,368.233,94.28536458333338,187.344,80.618,142.327,266.537,86.706,141.86,175.766,159.762,177.106,179.468,102.51,118.244,234.848
2005-01-22 05:30:00,150.382,196.533,134.823,1371.8,370.193,94.295,187.496,81.692,141.833,259.315,85.883,142.22,176.44,159.948,177.452,179.066,102.81,117.894,230.35
2005-01-22 05:35:00,152.758,200.5,135.137,1376.78,369.017,94.53883833333326,186.942,79.8,142.8,263.837,88.307,142.24,175.968,159.818,174.31,180.166,102.222,117.29,235.833
2005-01-22 05:40:00,150.89,200.267,135.633,1369.6,370.177,94.36977458333331,185.328,81.718,140.44,263.715,88.052,141.84,176.748,158.93,175.37,181.468,103.534,118.146,236.807
2005-01-22 05:45:00,152.794,197.7,135.477,1374.62,366.87,93.707,187.894,80.66,141.76,263.715,86.484,143.28,175.756,158.54,174.83,179.272,102.336,119.202,235.165
2005-01-22 05:50:00,150.848,198.3,135.567,1370.0,369.79,94.22962583333329,185.964,81.052,139.557,265.129,86.448,143.18,179.66,161.758,176.124,178.45,102.338,116.734,232.13
2005-01-22 05:55:00,153.732,200.167,133.72,1375.1,366.643,94.21826374999996,183.75,80.468,141.48,261.722,86.216,140.76,174.882,158.79,176.734,179.38,103.116,118.39,234.572
2005-01-22 06:00:00,150.936,198.3,136.107,1372.82,372.073,94.018,186.5,81.414,141.137,261.705,87.968,143.48,177.554,161.618,176.222,177.912,101.248,119.39,232.442
2005-01-22 06:05:00,151.608,197.933,135.833,1372.82,367.333,94.45905958333329,185.44,80.048,143.82,263.278,86.597,141.18,176.566,159.93,175.836,180.974,101.7,118.992,236.31
2005-01-22 06:10:00,150.456,198.533,135.5,1365.44,368.723,94.3102491666666,186.314,81.042,141.957,261.183,88.212,142.62,178.896,159.784,175.476,180.916,101.322,118.644,233.406
2005-01-22 06:15:00,151.668,196.433,133.473,1369.52,370.923,94.768,186.788,81.982,140.623,263.767,86.689,142.86,175.694,162.064,171.682,180.176,102.63,117.724,236.592
2005-01-22 06:20:00,152.584,197.133,136.207,1372.34,368.647,94.10693208333333,187.88,80.504,140.99,262.475,85.726,143.52,178.126,160.616,173.076,182.092,103.138,119.354,233.542
2005-01-22 06:25:00,151.942,197.233,134.647,1384.08,370.753,94.5271495833334,187.068,83.066,140.387,263.537,86.889,143.0,176.412,161.616,174.694,179.692,101.714,117.734,234.07
2005-01-22 06:30:00,150.464,195.633,135.133,1375.92,368.64,93.374,184.792,81.966,138.99,261.45,87.378,144.08,175.8,159.39,173.704,178.628,102.264,119.328,232.748
2005-01-22 06:35:00,151.602,197.733,134.063,1375.22,369.507,94.35006291666664,186.474,80.634,140.99,264.911,86.413,142.78,178.472,160.492,174.878,179.744,102.786,118.558,233.07
2005-01-22 06:40:00,153.754,199.333,135.673,1377.58,373.173,94.90783708333328,187.366,81.432,142.563,262.145,87.116,143.46,177.57,161.052,174.754,182.046,103.122,118.306,233.838
2005-01-22 06:45:00,150.64,198.833,134.457,1390.66,374.103,95.384,186.544,80.808,142.843,262.075,86.72,142.3,176.166,161.756,171.628,180.146,104.072,118.698,234.646
2005-01-22 06:50:00,153.052,199.033,135.727,1371.34,369.957,94.68060708333321,187.33,81.16,143.573,261.937,86.977,142.96,178.356,158.72,173.922,181.502,103.034,119.212,232.646
2005-01-22 06:55:00,151.126,199.867,135.377,1385.18,372.323,94.71978249999992,187.336,81.73,141.45,264.015,87.062,142.18,178.008,160.378,173.946,179.118,101.928,119.6,232.75
2005-01-22 07:00:00,152.336,199.433,133.56,1388.92,369.78,94.535,186.786,81.06,141.487,264.67,90.121,141.54,177.79,161.232,176.158,181.46,101.486,118.212,233.004
2005-01-22 07:05:00,153.38,198.067,134.947,1379.3,367.587,94.17697625000002,186.064,82.02,138.693,262.989,87.561,143.18,177.764,161.528,176.098,179.478,101.94,118.978,233.58
2005-01-22 07:10:00,151.788,199.7,133.637,1380.06,373.467,95.10372500000001,187.574,81.408,143.24,262.674,88.085,142.1,176.938,161.348,174.176,179.942,102.46,118.94,232.534
2005-01-22 07:15:00,152.446,198.567,135.977,1379.66,369.347,94.16,188.14,80.718,143.033,263.07,86.174,141.38,176.196,162.344,174.748,177.642,103.736,118.586,234.864
2005-01-22 07:20:00,152.188,198.067,133.71,1378.16,372.25,94.7781691666667,185.966,82.41,140.813,264.437,88.334,143.64,179.764,158.764,173.172,177.806,101.82,117.424,234.202
2005-01-22 07:25:00,153.378,198.4,132.86,1382.48,374.92,94.90482458333332,187.448,80.96,140.207,260.671,87.534,143.24,177.808,158.938,172.26,179.35,101.842,118.828,234.93
2005-01-22 07:30:00,152.572,198.133,133.597,1395.84,372.293,95.048,185.576,81.198,141.6,261.15,89.014,143.14,177.6,161.71,172.442,179.658,101.966,118.042,233.894
2005-01-22 07:35:00,154.248,196.667,134.383,1397.74,370.05,94.64525625,187.432,82.096,141.787,261.843,88.452,143.24,175.578,159.464,173.134,177.08,102.298,119.174,238.168
2005-01-22 07:40:00,152.456,197.1,134.27,1388.9,373.957,94.76882708333335,186.33,80.106,140.05,260.272,87.966,144.1,179.05,161.148,173.158,176.384,101.07,118.072,232.71
2005-01-22 07:45:00,151.828,197.833,135.107,1395.44,373.153,94.847,188.38,81.082,142.647,259.29,86.173,142.9,178.928,160.698,172.516,178.01,101.642,119.008,234.664
2005-01-22 07:50:00,151.202,198.167,135.763,1396.6,373.087,94.65309749999994,187.914,80.754,140.83,261.282,88.0,143.2,176.292,162.336,174.32,176.314,100.546,119.342,232.838
2005-01-22 07:55:00,151.324,197.3,135.087,1399.2,375.86,94.98099166666655,188.456,81.318,141.41,260.837,87.075,142.28,176.996,159.918,173.178,176.868,101.828,117.234,233.842
2005-01-22 08:00:00,151.808,198.933,134.46,1397.04,375.257,95.393,188.942,82.27,143.0,264.623,87.282,144.04,177.356,161.978,174.454,175.668,101.552,120.496,233.074
2005-01-22 08:05:00,153.146,199.633,136.217,1402.56,372.063,94.91300166666662,189.04,81.214,141.993,261.076,87.404,142.62,177.678,162.0,173.654,177.526,100.912,119.782,232.484
2005-01-22 08:10:00,151.034,199.9,135.083,1402.2,373.07,94.87155374999995,188.468,80.762,141.55,261.403,88.086,142.7,178.12,163.436,174.638,176.406,102.1,119.176,233.766
2005-01-22 08:15:00,153.542,199.5,135.697,1396.9,373.803,95.807,188.786,80.424,145.687,261.022,86.714,144.16,177.798,160.522,174.47,177.87,100.076,119.92,233.32
2005-01-22 08:20:00,151.934,200.633,135.4,1396.32,370.853,94.5430908333332,187.772,80.04,140.837,262.788,85.989,143.98,176.508,160.252,173.298,174.36,99.898,118.474,232.972
2005-01-22 08:25:00,151.536,199.4,133.55,1389.58,374.317,95.28935708333336,188.412,83.93,142.88,261.206,88.118,143.78,176.072,161.15,173.458,176.482,101.384,117.114,233.384
2005-01-22 08:30:00,153.386,199.8,135.447,1378.54,371.877,95.501,188.62,81.47,143.38,260.555,89.273,142.76,175.66,160.846,175.486,176.002,100.92,119.984,233.018
2005-01-22 08:35:00,152.22,199.333,133.347,1384.54,370.303,94.77431083333333,189.394,80.102,141.467,257.199,88.448,142.18,177.486,160.87,174.45,174.6,100.772,119.72,232.314
2005-01-22 08:40:00,150.778,198.333,136.167,1381.38,374.583,94.72420333333328,188.506,81.214,140.733,261.372,87.706,143.5,177.494,161.914,173.834,174.088,100.214,117.858,231.896
2005-01-22 08:45:00,154.8,199.2,137.173,1371.38,374.767,94.364,186.988,79.846,140.953,260.277,88.163,142.76,177.152,161.308,173.03,176.26,101.534,118.994,233.87
2005-01-22 08:50:00,153.886,198.767,135.737,1363.38,374.767,95.21411083333318,189.786,81.168,142.48,258.309,88.924,143.34,178.102,159.966,172.872,176.472,101.644,120.51,233.878
2005-01-22 08:55:00,153.53,196.8,137.83,1365.7,374.95,95.11162541666656,189.518,80.13,143.23,257.933,87.384,143.04,177.78,163.082,174.744,175.546,100.834,118.698,233.392
2005-01-22 09:00:00,153.318,197.433,135.857,1356.8,374.093,95.719,187.75,80.806,142.797,258.002,88.294,142.7,176.12,160.734,174.232,175.87,101.23,118.944,235.014
2005-01-22 09:05:00,153.352,198.867,134.773,1344.88,375.46,95.13558208333325,187.258,81.034,141.867,257.029,88.585,144.72,175.742,161.154,174.912,176.626,100.992,120.246,234.302
2005-01-22 09:10:00,152.854,196.833,136.807,1348.4,373.573,95.43289291666662,191.29,80.042,143.72,256.056,89.125,143.82,175.848,158.964,171.948,176.69,101.28,118.958,234.526
2005-01-22 09:15:00,154.336,196.533,136.76,1349.66,373.313,94.209,187.872,81.152,142.333,258.665,88.375,144.06,176.154,162.778,173.624,177.088,101.102,119.828,234.926
2005-01-22 09:20:00,152.938,198.1,136.753,1352.74,377.1,95.3335725,190.042,81.608,142.723,257.317,87.684,142.98,175.104,161.686,172.724,177.318,100.61,120.112,236.334
2005-01-22 09:25:00,153.826,199.367,136.577,1357.5,374.053,95.4675095833334,190.206,81.972,142.987,255.735,89.333,143.48,174.288,159.66,173.616,177.3,101.5,119.392,234.742
2005-01-22 09:30:00,151.874,198.3,137.023,1351.34,373.13,94.957,189.056,81.15,142.493,257.317,88.479,144.86,176.058,161.042,174.538,175.266,99.508,119.398,237.136
2005-01-22 09:35:00,154.978,195.533,134.897,1348.48,372.633,95.08214958333343,187.298,80.78,142.67,259.462,88.208,143.3,173.782,164.096,175.342,177.56,101.508,119.572,233.836
2005-01-22 09:40:00,155.186,197.767,136.073,1349.28,376.093,95.69680625000001,187.48,80.896,144.877,258.542,88.962,143.84,174.468,160.878,175.172,176.034,101.214,120.338,235.32
2005-01-22 09:45:00,153.912,198.467,136.02,1351.18,375.78,94.997,190.488,79.842,142.77,257.213,87.467,143.38,175.72,159.596,175.192,175.562,100.084,119.05,236.868
2005-01-22 09:50:00,154.184,198.5,138.543,1348.58,375.347,95.44573249999992,188.574,80.086,143.69,258.825,87.532,143.96,176.114,159.968,174.518,177.512,100.398,120.682,234.928
2005-01-22 09:55:00,152.62,198.367,137.217,1353.4,374.257,95.2859720833333,189.992,81.316,142.55,256.449,86.635,144.12,173.396,160.72,173.738,176.858,101.218,119.968,234.756
2005-01-22 10:00:00,153.602,198.5,136.35,1348.14,373.657,95.931,189.294,81.558,141.493,258.505,88.154,142.96,173.874,160.642,176.33,176.492,100.566,119.862,235.868
2005-01-22 10:05:00,154.772,195.733,136.603,1355.96,375.264,95.10277791666657,189.402,81.104,141.577,255.939,88.648,144.48,175.344,161.812,175.672,175.99,100.726,119.386,236.33
2005-01-22 10:10:00,156.164,198.267,137.353,1356.16,371.9,95.41584500000006,188.942,81.666,144.013,258.602,88.407,142.04,173.598,161.384,174.55,175.844,100.676,119.294,235.918
2005-01-22 10:15:00,155.282,199.467,137.207,1363.0,374.637,95.075,189.188,80.602,143.13,256.617,87.982,144.24,173.878,160.314,176.98,176.616,100.582,119.98,236.084
2005-01-22 10:20:00,152.324,198.1,135.94,1362.32,376.997,95.39211083333335,192.054,80.814,141.16,259.005,88.03,144.32,173.272,160.7,176.842,177.658,100.836,119.046,235.5
2005-01-22 10:25:00,154.436,197.833,138.887,1369.6,374.453,95.5791327083333,191.444,80.068,143.393,259.607,88.785,144.78,174.496,157.724,175.706,175.374,100.818,119.964,235.03
2005-01-22 10:30:00,155.604,199.767,137.537,1368.68,376.92,96.243,190.502,81.606,145.317,258.906,89.67,143.6,174.962,160.674,174.11,178.006,102.404,119.846,236.75
2005-01-22 10:35:00,154.012,198.867,137.597,1366.32,379.69,95.54326249999994,191.638,81.474,143.217,260.625,88.563,144.92,172.16,161.322,175.4,176.846,100.91,119.27,236.842
2005-01-22 10:40:00,154.736,198.267,138.28,1372.74,378.14,95.6243324999999,193.378,80.846,143.03,259.255,88.586,144.16,173.704,159.444,174.258,176.048,102.192,119.578,236.04
2005-01-22 10:45:00,154.692,196.767,137.45,1370.0,380.787,95.475,193.226,83.578,146.117,260.234,89.201,144.9,173.408,161.684,174.64,176.172,101.556,119.6,236.994
2005-01-22 10:50:00,155.3,197.367,136.207,1364.32,381.517,95.95968624999999,193.174,81.404,144.503,258.952,90.086,145.3,174.126,160.146,175.654,176.25,101.456,119.882,236.288
2005-01-22 10:55:00,156.478,197.333,137.737,1375.92,381.54,96.01195458333339,193.968,80.874,143.6,256.437,89.03,145.76,174.104,161.496,175.874,177.356,100.652,121.692,237.04
2005-01-22 11:00:00,155.36,198.667,138.923,1365.48,381.353,95.762,194.314,82.872,142.37,259.685,89.81,146.3,175.582,159.318,176.708,175.328,101.808,121.148,233.566
2005-01-22 11:05:00,153.838,196.667,138.57,1374.34,381.39,96.35528791666658,194.786,80.65,144.13,256.251,88.751,147.16,172.02,158.968,177.416,176.762,101.242,120.52,234.664
2005-01-22 11:10:00,154.88,198.9,138.303,1368.64,384.063,97.17595583333336,197.4,82.944,144.073,257.41,88.876,147.62,174.262,159.944,175.768,176.538,101.414,120.826,236.718
2005-01-22 11:15:00,152.602,195.1,140.063,1371.34,384.563,96.69,194.702,80.894,145.513,258.924,89.975,147.16,174.196,159.412,175.828,179.12,100.596,119.836,237.32
2005-01-22 11:20:00,155.52,199.2,139.123,1366.28,386.757,97.21403999999997,195.672,82.474,145.477,262.357,88.626,146.94,173.544,159.334,175.926,177.272,101.15,119.882,236.91
2005-01-22 11:25:00,154.866,195.9,140.013,1375.52,387.093,97.16096208333333,195.382,80.584,145.397,257.51,90.239,147.5,175.56,159.958,174.378,178.648,101.564,121.794,236.054
2005-01-22 11:30:00,155.482,197.2,141.027,1377.66,389.717,96.928,195.472,83.422,144.496,257.807,88.583,150.12,171.648,157.946,175.508,177.48,100.502,120.726,236.462
2005-01-22 11:35:00,153.546,196.433,139.747,1369.2,386.903,97.43582708333327,196.68,82.154,143.99,258.378,89.527,148.1,174.586,158.45,177.964,173.594,102.042,120.88,238.15
2005-01-22 11:40:00,153.686,200.9,140.75,1374.68,386.05,97.53072041666667,194.182,82.302,145.223,254.126,89.897,150.74,174.108,157.304,176.95,174.942,100.814,120.54,237.598
2005-01-22 11:45:00,155.638,197.733,139.237,1370.56,390.043,97.079,195.26,81.74,144.573,256.323,89.054,148.08,173.07,156.79,175.234,178.268,100.498,120.66,237.47
2005-01-22 11:50:00,156.06,201.167,139.88,1370.74,388.677,97.7349166666666,195.738,82.266,145.787,257.893,90.561,147.72,175.294,156.234,176.694,177.298,100.436,120.726,237.056
2005-01-22 11:55:00,156.108,199.033,139.04,1366.92,390.897,98.22074333333332,193.842,82.656,146.94,257.57,90.841,148.58,174.222,156.386,177.946,173.982,100.348,121.404,237.35
2005-01-22 12:00:00,157.682,196.967,139.823,1358.72,390.993,98.132,194.492,83.688,146.057,260.807,90.477,148.04,172.078,158.318,175.526,178.188,99.702,121.922,240.746
2005-01-22 12:05:00,156.062,199.0,139.71,1366.28,392.437,98.5328912499999,196.674,82.162,144.083,256.761,91.379,150.16,174.35,159.294,175.074,176.84,100.71,121.582,239.204
2005-01-22 12:10:00,156.686,199.933,140.507,1361.24,393.42,98.84319624999985,197.132,80.738,145.453,255.422,91.461,148.9,172.824,158.296,175.428,175.99,99.652,122.272,240.746
2005-01-22 12:15:00,155.176,199.067,141.113,1352.68,392.65,99.007,197.26,82.644,147.593,257.755,91.747,148.7,173.774,159.774,175.798,176.8,100.964,122.06,238.94
2005-01-22 12:20:00,154.646,198.433,139.903,1348.72,394.39,98.89132249999992,196.834,80.52,145.82,259.878,92.095,148.06,173.438,159.878,174.492,178.002,101.128,123.928,241.67
2005-01-22 12:25:00,155.088,197.633,142.137,1355.34,395.71,99.33929749999996,196.798,82.324,147.827,259.4,92.086,148.56,173.594,159.82,175.972,178.034,101.464,123.772,241.134
2005-01-22 12:30:00,157.024,200.0,139.29,1350.06,394.367,100.238,196.614,80.25,149.613,260.146,92.276,149.72,174.786,160.508,176.546,176.672,101.096,122.398,242.256
2005-01-22 12:35:00,155.838,199.8,139.8,1358.18,395.307,99.56817083333317,196.568,81.702,148.497,260.778,91.38,148.34,173.278,158.206,176.182,178.266,103.108,122.238,242.036
2005-01-22 12:40:00,154.642,200.667,142.397,1344.94,394.14,99.86794541666649,197.578,82.096,148.62,259.067,92.01,149.98,171.154,160.236,176.666,176.552,101.168,122.652,242.158
2005-01-22 12:45:00,156.804,200.333,141.377,1354.82,395.057,100.388,196.584,83.764,150.243,261.097,90.624,150.24,172.988,161.978,176.2,177.108,101.828,122.386,242.8
2005-01-22 12:50:00,153.408,199.8,142.517,1346.66,391.007,99.24922458333336,199.934,82.91,148.36,260.84,92.45,147.38,172.896,161.312,175.668,176.304,101.32,123.456,241.97
2005-01-22 12:55:00,156.762,198.767,139.537,1354.1,398.49,100.05669375000001,200.4,82.56,149.61,259.287,92.833,149.4,172.782,157.076,176.978,175.34,101.282,124.532,242.788
2005-01-22 13:00:00,155.784,198.467,140.17,1361.72,394.91,99.945,201.742,79.866,151.633,262.619,94.291,148.62,173.868,159.49,176.58,179.696,102.788,123.774,243.638
2005-01-22 13:05:00,153.686,199.433,141.263,1363.84,398.977,100.10036187499989,200.13,80.644,150.67,259.971,91.022,150.5,174.322,159.382,176.58,178.83,101.858,122.812,242.81
2005-01-22 13:10:00,156.896,201.367,142.503,1361.08,401.777,100.50779145833327,202.902,82.226,151.967,260.213,92.065,150.66,173.366,160.208,177.876,177.092,101.65,122.782,245.65
2005-01-22 13:15:00,154.552,201.867,142.663,1371.44,401.513,100.316,202.022,82.4,150.28,261.308,91.607,150.64,174.37,157.966,178.778,176.974,103.09,124.616,243.04
2005-01-22 13:20:00,154.944,199.233,141.78,1360.58,400.637,100.41145145833332,201.742,83.36,149.353,259.649,93.253,150.16,173.704,159.136,178.528,179.578,103.584,123.37,244.142
2005-01-22 13:25:00,155.888,199.333,143.113,1361.3,399.404,100.62068937500004,202.31,82.58,151.043,261.349,92.665,153.86,173.768,161.198,178.976,179.358,102.754,123.608,241.1
2005-01-22 13:30:00,154.314,200.8,142.14,1372.34,399.327,100.481,202.056,82.818,150.653,261.356,92.611,152.22,173.728,162.31,177.588,179.148,102.922,123.55,243.42
2005-01-22 13:35:00,155.292,202.867,141.0,1369.66,403.13,100.54223625000007,202.432,82.294,151.697,261.489,94.834,154.42,174.554,160.092,175.578,179.112,101.968,125.276,241.712
2005-01-22 13:40:00,155.61,200.6,140.317,1371.76,403.44,100.5331418750001,202.154,81.454,151.167,261.754,93.835,155.86,174.588,159.834,176.24,176.262,102.426,123.828,242.784
2005-01-22 13:45:00,155.512,201.467,142.853,1365.08,401.05,100.723,202.758,82.05,151.89,261.183,95.94,153.7,173.586,161.104,177.596,180.054,103.076,124.312,243.102
2005-01-22 13:50:00,154.316,202.467,142.11,1359.22,399.91,101.29938000000004,203.872,82.106,150.387,260.553,96.086,156.32,173.89,158.94,176.798,179.428,104.09,125.566,243.304
2005-01-22 13:55:00,155.574,200.233,142.873,1357.18,400.664,101.04099520833343,201.616,81.138,151.517,262.343,94.182,154.6,175.13,160.972,178.454,179.08,104.322,124.02,243.758
2005-01-22 14:00:00,153.96,200.167,141.673,1369.16,399.333,101.966,202.71,82.51,150.227,262.277,97.037,156.72,172.4,160.872,177.914,176.752,103.536,124.632,243.116
2005-01-22 14:05:00,153.788,201.433,143.947,1360.94,401.033,101.82226374999993,202.378,81.74,153.677,262.417,95.604,156.4,176.184,159.946,178.312,177.87,103.652,124.98,246.576
2005-01-22 14:10:00,155.78,200.567,144.66,1361.92,401.95,101.45971749999995,202.586,81.834,151.913,260.727,96.223,157.74,174.366,159.042,178.24,177.498,103.824,125.866,244.77
2005-01-22 14:15:00,154.076,201.967,142.117,1360.14,402.533,101.711,203.41,83.116,151.843,260.438,94.953,157.42,175.176,159.604,177.442,179.028,105.514,124.702,245.834
2005-01-22 14:20:00,154.85,203.0,140.157,1364.4,400.047,101.06004416666673,203.202,81.808,150.017,260.215,94.582,156.9,173.94,159.076,174.738,177.266,103.916,125.626,244.394
2005-01-22 14:25:00,155.414,203.3,140.943,1364.42,401.59,101.76519791666662,203.67,82.882,153.803,263.033,95.964,157.52,174.91,160.342,177.524,177.74,104.048,126.304,247.158
2005-01-22 14:30:00,154.664,204.2,141.633,1369.86,399.457,100.671,203.578,83.316,152.017,261.817,95.278,154.96,176.05,160.228,176.896,176.966,104.374,125.398,246.138
2005-01-22 14:35:00,154.09,204.967,142.573,1369.3,399.273,101.91206874999996,204.464,82.938,154.313,262.147,95.516,155.84,176.472,158.674,179.186,178.834,103.85,126.176,245.848
2005-01-22 14:40:00,156.892,203.833,142.77,1372.06,401.35,101.7593020833335,203.766,83.88,151.034,259.24,94.738,155.94,176.256,161.742,178.604,176.33,105.988,126.858,248.442
2005-01-22 14:45:00,155.582,205.167,143.253,1362.94,402.45,101.584,204.558,83.652,150.727,261.303,97.565,155.38,174.172,159.466,179.504,180.784,105.426,127.596,247.136
2005-01-22 14:50:00,155.914,203.767,142.773,1364.98,404.74,101.80446500000008,201.728,82.492,152.287,262.266,96.916,155.32,174.658,160.648,178.552,178.072,106.054,127.116,249.248
2005-01-22 14:55:00,156.602,205.433,142.373,1363.54,397.763,102.03965124999993,203.624,83.282,154.427,261.078,95.457,155.32,177.176,158.902,179.238,178.242,104.938,128.436,247.44
2005-01-22 15:00:00,154.1,203.767,142.65,1366.76,399.887,102.776,204.584,83.586,154.197,260.058,97.277,156.74,174.454,160.482,177.828,179.738,104.114,128.442,250.004
2005-01-22 15:05:00,156.064,202.9,142.98,1370.56,401.8,102.23056500000004,204.032,84.468,153.497,263.683,97.405,156.4,175.38,158.014,179.338,178.048,106.376,125.58,246.626
2005-01-22 15:10:00,153.07,204.667,142.247,1362.6,405.63,102.13209208333319,203.942,83.456,153.71,263.161,95.407,154.66,176.814,158.356,181.428,179.12,106.052,129.464,250.362
2005-01-22 15:15:00,156.976,204.433,143.077,1368.04,402.253,102.868,205.274,84.558,155.177,262.343,95.573,155.56,175.168,159.618,178.402,178.426,107.036,127.812,249.228
2005-01-22 15:20:00,154.832,206.167,140.283,1366.1,399.29,102.18166874999999,203.894,83.1,153.417,260.928,96.11,157.0,174.338,159.576,181.268,178.348,106.04,128.656,250.108
2005-01-22 15:25:00,155.166,204.133,143.597,1372.08,400.407,102.62176541666673,205.886,84.508,155.567,262.838,94.945,157.1,175.166,160.044,181.73,178.128,105.208,128.444,252.948
2005-01-22 15:30:00,155.714,204.4,142.593,1368.66,402.09,102.114,201.24,83.41,156.323,262.514,95.625,155.28,175.724,160.11,180.082,178.788,106.852,127.866,249.578
2005-01-22 15:35:00,154.558,206.067,142.347,1364.18,402.947,102.25602999999992,203.382,83.506,154.69,262.586,95.966,154.36,177.618,158.758,181.74,181.57,106.458,128.234,252.896
2005-01-22 15:40:00,156.912,204.667,143.137,1375.4,399.803,102.20121541666678,201.692,84.266,152.697,263.829,96.524,155.32,178.038,160.074,183.08,179.914,106.012,129.49942124999987,250.608
2005-01-22 15:45:00,155.412,204.533,140.813,1363.66,400.847,101.639,202.004,85.68,155.14,261.79,96.391,156.36,174.492,159.512,180.292,179.778,106.186,128.97810374999992,252.44
2005-01-22 15:50:00,152.93,205.5,140.57,1368.32,398.88,102.1663679166665,204.224,85.36,153.57,264.815,95.983,157.32,177.862,159.354,180.63,178.694,105.53,130.206,251.742
2005-01-22 15:55:00,154.104,205.533,141.497,1365.86,402.907,102.12447208333334,202.104,84.604,156.063,267.479,95.17,153.56,175.998,159.726,181.956,181.57,106.834,128.747,253.642
2005-01-22 16:00:00,154.306,204.3,141.137,1369.76,396.92,102.737,203.71,85.472,154.683,265.47,95.613,159.04,175.368,160.13,184.442,178.182,107.014,130.236,253.484
2005-01-22 16:05:00,153.48,206.467,144.417,1368.58,398.563,102.17520458333328,201.108,87.568,155.267,266.426,95.755,155.5,175.058,159.976,183.172,180.144,104.722,129.57,254.424
2005-01-22 16:10:00,154.69,205.3,142.02,1366.98,403.506,102.34602333333329,204.498,86.124,154.93,265.307,95.692,154.02,176.746,160.168,183.604,180.02,107.234,130.946,257.394
2005-01-22 16:15:00,153.888,206.533,143.12,1381.94,402.457,102.201,202.854,85.01,156.69,266.661,95.51,155.76,176.024,160.13,182.89,180.172,106.51,131.388,256.906
2005-01-22 16:20:00,155.58,204.367,141.6,1364.04,401.607,102.27364374999992,203.134,84.972,153.767,264.691,96.458,155.42,176.818,159.118,183.124,179.502,105.786,130.34,256.428
2005-01-22 16:25:00,155.782,207.433,142.003,1376.86,401.773,102.28734208333327,202.788,85.534,153.913,266.234,96.403,155.18,177.268,160.952,183.02,181.23,107.226,131.43,254.068
2005-01-22 16:30:00,155.46,208.6,142.603,1370.14,402.073,103.03,203.402,84.24,155.94,263.477,97.579,156.08,174.986,160.728,183.792,181.35,105.952,131.278,255.15
2005-01-22 16:35:00,154.592,205.133,140.597,1369.84,402.34,102.48103250000003,203.714,86.912,153.683,264.006,97.967,157.4,177.852,160.2,184.604,178.4,106.076,132.18,257.5
2005-01-22 16:40:00,155.018,203.267,142.557,1361.96,401.287,102.2541012499999,203.03,86.166,153.58,268.404,95.987,153.74,178.158,159.164,185.576,182.952,106.686,130.45,256.05
2005-01-22 16:45:00,156.846,205.833,142.15,1367.62,404.067,102.03,201.576,86.964,155.113,267.223,97.64,155.76,176.93,160.624,183.782,182.848,106.986,132.01,254.29
2005-01-22 16:50:00,154.732,206.2,142.51,1364.76,405.623,102.28357375,203.972,86.782,155.303,267.192,95.763,153.56,178.622,158.574,187.288,184.518,105.25,132.258,254.234
2005-01-22 16:55:00,152.794,205.867,141.56,1373.2,403.263,102.17445624999984,202.748,86.764,154.173,267.583,96.383,155.16,177.504,160.708,187.366,184.542,105.884,131.196,254.544
2005-01-22 17:00:00,154.68,205.233,141.673,1371.86,401.227,102.872,203.086,87.292,154.44,269.616,96.192,156.14,179.738,163.006,190.858,184.06,105.88,131.944,257.814
2005-01-22 17:05:00,154.438,205.8,141.223,1360.32,402.617,102.2289804166665,202.434,86.3,154.24,269.355,95.903,155.32,178.148,160.234,187.446,183.736,105.002,131.02,257.784
2005-01-22 17:10:00,157.058,208.0,142.153,1368.06,399.87,102.4646658333334,203.442,86.956,153.263,270.172,95.192,157.1,180.208,159.478,186.582,186.13,106.778,132.14,255.102
2005-01-22 17:15:00,154.166,204.867,142.85,1364.08,400.36,102.447,202.254,86.758,152.97,273.086,97.453,157.02,178.518,161.85,188.318,185.34,105.448,131.53,257.726
2005-01-22 17:20:00,157.294,204.667,139.97,1363.76,402.057,102.48178062500001,204.464,86.74,153.627,270.793,96.869,155.18,178.558,159.274,188.608,184.892,106.596,131.638,255.564
2005-01-22 17:25:00,154.656,208.033,141.32,1366.78,403.763,102.39098750000005,202.754,86.55,153.327,272.886,97.189,154.84,178.59,161.932,187.822,187.564,107.67,132.414,255.694
2005-01-22 17:30:00,156.35,209.533,140.967,1367.96,403.957,102.402,203.132,86.444,155.803,273.508,97.29,157.22,181.21,160.728,188.026,184.244,107.626,132.054,257.07
2005-01-22 17:35:00,154.408,208.767,142.953,1375.82,402.993,102.20708416666677,202.586,85.79,152.257,271.839,95.601,157.28,179.36,162.248,189.91,185.066,106.716,132.6,257.708
2005-01-22 17:40:00,155.664,207.8,141.067,1371.72,403.217,102.48773499999996,202.142,87.212,153.007,272.982,95.7,157.06,183.02,161.826,189.424,187.868,107.366,132.32,256.352
2005-01-22 17:45:00,154.934,209.7,140.993,1365.88,404.607,102.358,204.122,87.454,155.057,273.074,95.388,156.68,180.186,161.75,187.704,185.498,107.912,133.29,257.234
2005-01-22 17:50:00,156.23,208.267,142.293,1374.22,403.817,102.45606458333336,202.624,87.278,154.617,272.192,96.155,156.68,180.614,162.414,187.92,187.016,108.56,133.206,255.672
2005-01-22 17:55:00,152.378,207.533,142.183,1369.14,402.653,102.13429166666657,201.812,86.624,154.333,274.97,95.021,154.94,179.502,162.104,187.57,186.084,106.926,132.05,258.81
2005-01-22 18:00:00,153.876,210.433,140.997,1368.28,399.733,102.185,204.6,87.374,154.55,276.747,96.365,156.72,180.48,163.904,188.278,187.708,107.676,132.688,257.56
2005-01-22 18:05:00,152.966,207.7,141.063,1364.92,402.243,102.1845683333332,202.98,86.394,155.1,271.119,96.257,154.58,181.428,162.276,188.782,189.476,106.128,135.232,260.452
2005-01-22 18:10:00,156.5,205.633,141.817,1376.68,400.807,102.31449333333339,201.33,87.728,153.407,273.338,96.636,158.06,182.276,162.998,186.652,186.872,108.31,133.294,259.606
2005-01-22 18:15:00,154.766,206.7,142.05,1359.88,402.473,102.878,201.94,86.544,155.26,271.931,97.612,157.86,179.846,162.474,188.788,187.494,107.718,133.21,260.408
2005-01-22 18:20:00,153.518,208.133,140.91,1367.2,399.43,102.2981241666666,205.308,87.132,157.217,272.975,95.14,156.08,181.408,163.158,192.418,186.75,107.852,133.436,259.452
2005-01-22 18:25:00,155.144,204.5,142.497,1369.34,398.353,102.4679533333333,202.708,86.406,154.977,272.649,95.991,156.34,182.684,163.75,188.226,188.796,106.782,133.312,258.93
2005-01-22 18:30:00,155.394,207.233,142.373,1373.6,402.26,102.722,203.026,86.638,154.023,274.145,94.868,154.98,181.668,164.78,188.216,190.632,106.854,131.974,260.198
2005-01-22 18:35:00,154.176,206.7,140.177,1367.2,399.06,102.3289908333332,202.184,88.358,154.087,273.429,95.222,158.58,181.584,163.388,190.464,188.54,107.28,133.242,260.402
2005-01-22 18:40:00,156.676,206.933,143.283,1373.52,398.047,102.63427875000014,202.626,86.674,154.573,276.108,96.325,157.14,180.966,163.122,188.45,190.842,106.774,132.418,261.378
2005-01-22 18:45:00,155.148,208.967,141.94,1366.34,398.957,101.646,202.832,88.596,154.6,275.815,95.404,155.12,181.376,163.856,189.566,190.26,107.77,133.938,259.902
2005-01-22 18:50:00,155.528,204.967,140.62,1359.08,401.02,102.36224291666669,203.82,86.4,154.357,274.961,95.392,155.22,184.656,162.818,191.92,188.918,107.752,134.268,261.738
2005-01-22 18:55:00,155.75,208.467,142.643,1367.02,400.173,102.6894795833334,201.928,86.644,155.323,270.198,97.538,156.1,183.32,161.836,191.804,187.336,108.024,134.664,257.636
2005-01-22 19:00:00,154.858,207.8,141.927,1365.04,398.043,102.897,203.222,86.454,156.567,273.746,96.799,157.26,182.24,163.614,190.052,188.548,108.684,132.07,261.924
2005-01-22 19:05:00,155.546,207.067,142.83,1359.06,399.693,102.48987666666672,204.034,86.216,154.193,276.157,96.419,155.62,183.322,163.5,189.486,190.152,108.038,134.528,260.118
2005-01-22 19:10:00,156.52,211.0,141.807,1374.72,400.326,102.46013562499996,202.208,88.804,156.283,273.546,95.77,154.2,182.986,163.078,191.806,191.652,108.774,134.112,260.642
2005-01-22 19:15:00,156.386,206.167,142.937,1365.12,397.6,102.391,204.088,87.7,153.22,274.615,96.038,156.06,183.52,164.86,193.216,192.42,108.664,135.348,259.356
2005-01-22 19:20:00,155.028,208.033,141.893,1368.56,400.043,102.62910604166676,201.424,86.506,155.507,274.024,96.532,155.8,182.042,164.14,192.426,188.306,108.494,133.546,261.878
2005-01-22 19:25:00,155.842,208.1,140.32,1367.96,399.98,102.3006425,200.81,86.958,154.273,277.202,97.294,153.28,185.196,164.554,192.554,191.768,107.11,133.836,261.454
2005-01-22 19:30:00,155.488,210.467,141.07,1365.76,400.533,103.016,201.172,86.692,155.52,278.987,96.375,156.12,182.028,163.568,191.976,192.108,109.586,134.184,260.072
2005-01-22 19:35:00,156.736,210.933,142.237,1376.2,399.447,102.40801562499999,202.154,88.364,155.29,279.271,95.203,154.62,183.364,163.686,191.054,190.028,107.926,135.316,261.184
2005-01-22 19:40:00,157.12,210.033,142.397,1368.88,398.143,102.45479458333337,200.498,86.99,157.577,279.933,96.488,155.2,183.756,165.53,192.784,191.536,107.042,135.848,262.416
2005-01-22 19:45:00,155.102,208.1,140.747,1364.48,398.993,102.709,202.506,87.178,155.617,278.831,97.077,154.68,185.666,165.446,191.168,191.296,108.1,135.264,260.988
2005-01-22 19:50:00,156.04,208.3,140.66,1364.08,398.207,102.34800999999995,201.684,86.954,155.367,278.928,95.693,153.4,186.11,165.104,191.672,191.91,108.866,135.83,261.234
2005-01-22 19:55:00,155.56,210.733,142.997,1368.66,396.657,102.31759666666672,203.256,87.824,154.03,277.754,95.596,155.06,187.892,163.966,191.574,192.326,108.878,134.91,260.446
2005-01-22 20:00:00,154.204,206.333,140.837,1366.78,402.677,101.58,201.1,87.706,154.85,278.942,95.845,154.66,186.748,165.616,193.194,191.886,109.922,133.164,260.724
2005-01-22 20:05:00,156.058,206.567,142.307,1370.34,403.147,102.35635187499994,201.872,87.822,154.623,280.097,95.142,154.9,185.94,164.574,193.236,191.698,110.29,134.038,260.406
2005-01-22 20:10:00,155.304,208.733,142.097,1368.54,398.483,102.3496345833333,204.194,89.464,155.45,278.761,95.017,154.28,187.03,166.78,191.94,192.388,108.514,134.398,262.362
2005-01-22 20:15:00,152.85,208.2,140.783,1366.32,402.853,101.954,203.634,89.458,156.993,280.882,95.163,154.0,185.768,165.266,193.766,191.594,109.38,136.287,262.182
2005-01-22 20:20:00,154.566,209.033,141.773,1363.52,400.767,102.05631645833323,202.536,88.11,154.913,282.561,96.068,153.5,186.0,166.328,192.756,193.56,109.808,135.614,260.342
2005-01-22 20:25:00,153.794,207.833,140.647,1373.04,400.357,102.08889749999993,202.29,88.032,155.51,280.688,94.783,154.98,187.444,167.468,190.452,191.84,110.036,133.802,261.846
2005-01-22 20:30:00,155.356,209.1,140.497,1373.26,401.583,103.165,201.836,89.1,153.86,282.046,95.383,156.12,187.302,166.92,193.036,194.904,110.316,133.366,261.784
2005-01-22 20:35:00,155.546,208.333,141.31,1379.9,400.55,102.37227083333318,202.44,87.638,154.993,283.614,94.306,155.28,187.618,167.868,191.9,194.73,109.956,134.4,261.34
2005-01-22 20:40:00,154.136,208.833,142.87,1374.12,403.84,102.26764124999995,201.558,86.678,155.007,284.02,94.228,156.66,188.216,165.796,193.038,194.704,109.926,134.444,261.824
2005-01-22 20:45:00,154.628,210.0,140.42,1373.22,400.607,102.337,202.958,87.7,153.533,286.357,95.195,155.14,188.464,168.252,194.158,194.496,110.056,135.386,263.748
2005-01-22 20:50:00,156.426,208.033,142.58,1371.4,402.907,102.55405583333322,203.01,87.232,153.063,283.765,94.728,155.86,187.856,169.612,194.622,192.668,109.766,134.158,262.564
2005-01-22 20:55:00,155.76,209.567,141.413,1374.5,402.957,102.42799916666655,201.324,88.166,154.67,281.653,95.359,154.52,187.776,167.454,192.562,195.96,110.304,135.234,259.458
2005-01-22 21:00:00,154.324,211.433,141.74,1376.48,406.177,101.588,202.428,89.452,152.577,284.36,95.383,155.2,189.62,167.064,193.316,193.39,110.412,135.358,261.582
2005-01-22 21:05:00,154.492,208.6,142.373,1381.34,405.123,101.92797916666679,201.12,87.788,152.4,282.285,95.769,154.78,189.124,167.73,194.778,196.448,110.728,135.394,260.486
2005-01-22 21:10:00,156.404,211.833,140.42,1384.04,404.54,102.44997958333327,202.014,87.544,156.543,287.934,96.023,155.48,189.174,166.566,191.98,195.596,109.224,133.646,260.468
2005-01-22 21:15:00,155.066,209.5,141.597,1369.94,404.367,102.595,200.002,88.856,152.79,285.409,95.616,155.76,188.164,171.198,193.976,193.112,110.352,133.316,261.912
2005-01-22 21:20:00,155.738,211.5,141.29,1377.74,405.547,102.15720145833329,203.868,87.306,152.557,287.37,95.961,155.34,189.848,172.122,194.29,193.406,109.89,133.604,262.062
2005-01-22 21:25:00,155.506,210.433,140.107,1368.58,403.07,102.23660479166678,202.546,87.696,154.293,284.746,96.143,154.3,191.126,169.546,193.534,194.698,109.786,134.288,262.126
2005-01-22 21:30:00,151.892,209.567,143.603,1381.8,404.503,101.477,202.084,86.536,153.623,283.977,97.179,154.4,190.258,170.956,192.91,194.64,110.176,134.61,260.038
2005-01-22 21:35:00,153.776,209.033,142.05,1374.58,405.607,102.08121625000005,203.766,88.058,156.503,288.398,95.977,155.16,189.73,170.64,193.14,195.824,109.022,135.12,260.444
2005-01-22 21:40:00,154.768,212.433,142.853,1369.48,400.643,102.06970812499995,202.426,86.646,153.247,287.127,97.522,156.38,189.948,170.728,193.088,195.738,110.376,135.584,259.376
2005-01-22 21:45:00,155.324,207.867,140.01,1381.34,403.4,102.127,202.502,86.81,154.287,290.738,96.174,154.92,190.676,171.226,194.702,194.864,110.706,134.446,264.312
2005-01-22 21:50:00,157.072,206.967,143.66,1377.42,407.677,102.7520981250001,200.954,87.404,155.717,289.955,96.565,155.92,192.5,170.252,193.172,195.038,110.312,134.118,259.132
2005-01-22 21:55:00,154.84,207.5,143.107,1386.02,403.573,102.17767770833345,202.306,87.606,152.983,286.984,94.194,155.14,190.616,170.964,193.328,195.626,109.104,134.72,260.78
2005-01-22 22:00:00,156.418,209.3,142.993,1380.24,403.833,102.705,203.694,87.748,153.287,284.106,96.917,156.38,192.556,170.17,193.75,194.772,110.564,133.802,259.488
2005-01-22 22:05:00,153.32,209.833,142.47,1383.5,404.19,101.99131583333339,201.33,87.468,156.77,285.119,97.198,156.36,192.38,171.3,195.432,197.088,110.004,135.01,264.072
2005-01-22 22:10:00,154.674,209.367,143.173,1380.7,405.917,101.96002895833334,201.592,88.438,151.8,288.061,97.069,156.18,192.122,171.37,195.624,193.372,110.38,131.317,260.73
2005-01-22 22:15:00,153.358,209.733,142.427,1372.68,403.377,101.504,202.174,85.592,152.377,289.941,96.465,156.44,193.12,171.17,194.152,194.984,110.42,133.768,260.28
2005-01-22 22:20:00,152.324,209.7,141.13,1388.92,402.363,101.58793687500011,202.874,85.962,154.043,288.159,96.424,155.12,192.778,172.068,194.578,195.908,110.402,133.926,260.75
2005-01-22 22:25:00,154.196,208.867,142.11,1383.42,403.743,102.09506520833334,200.74,87.41,156.76,290.011,96.296,154.06,192.592,171.514,195.444,193.824,109.766,134.738,261.608
2005-01-22 22:30:00,152.99,209.667,142.477,1389.36,403.283,101.402,202.404,86.024,153.543,289.606,94.083,156.0,193.766,170.994,195.406,197.948,111.414,135.174,259.994
2005-01-22 22:35:00,153.096,209.633,142.047,1387.04,402.997,101.67578687500007,203.89,86.934,153.233,288.19,95.257,154.68,190.444,171.904,194.954,194.838,109.76,135.438,260.816
2005-01-22 22:40:00,154.726,208.567,143.96,1381.24,404.25,102.00373708333338,200.07,87.428,152.147,288.769,95.668,155.62,190.808,171.31,192.268,195.626,109.25,135.166,262.772
2005-01-22 22:45:00,156.068,209.233,142.0,1376.34,401.917,102.538,200.828,87.18,154.417,291.247,94.943,155.0,192.708,173.97,194.526,194.03,111.206,135.664,263.522
2005-01-22 22:50:00,156.042,207.9,142.867,1385.18,402.37,102.34109145833328,201.406,86.784,153.98,287.388,95.159,153.54,191.174,172.872,195.218,194.326,110.566,133.816,263.68
2005-01-22 22:55:00,154.85,210.967,142.77,1389.14,400.93,102.01380687500006,201.322,88.032,152.463,289.674,96.001,155.92,194.604,173.05,195.952,194.44,110.426,137.324,264.724
2005-01-22 23:00:00,155.272,208.1,142.38,1383.04,401.723,102.565,201.366,87.914,155.807,289.127,95.245,156.74,192.62,170.586,194.574,193.492,111.232,134.596,263.314
2005-01-22 23:05:00,154.67,210.833,143.79,1393.86,404.463,102.03806645833345,199.752,87.26,154.393,291.337,93.085,154.22,193.232,173.924,193.626,194.692,110.016,134.93,265.81
