DATETIME,ESOI,ATHN,MXCO,ROME,AATB,LMKS,DRBS,MOSC,NEWK,CALG,OULU,APTY,FSMT,INVK,NAIN,PWNK,THUL,SOPB,SOPO
2005-09-10 20:10:00,175.216,51.96155583333321,213.533,148.253,1370.96,434.263,107.60471958333332,214.238,92.272,296.185,102.135,164.32,202.434,178.764,204.428,200.738,115.368,142.974,278.516
2005-09-10 20:15:00,176.312,51.9600395833332,213.667,148.57,1371.18,429.227,108.064,210.918,91.904,299.437,99.653,164.5,202.18,179.18,203.398,202.664,115.522,143.024,279.408
2005-09-10 20:20:00,177.136,51.95907041666653,214.267,147.133,1371.3,429.08,107.40344333333346,215.558,93.134,295.601,101.073,163.36,202.576,177.894,203.922,203.082,114.926,144.19,276.888
2005-09-10 20:25:00,176.416,51.95380416666654,215.6,148.297,1372.08,433.177,107.56601208333345,214.906,92.184,297.119,100.092,164.08,203.73,179.88,202.758,203.062,118.136,143.216,279.06
2005-09-10 20:30:00,176.83,51.93391791666653,213.367,148.413,1382.28,427.207,107.709,213.386,92.802,298.453,101.499,163.58,202.838,179.062,203.826,202.376,115.598,143.538,279.448
2005-09-10 20:35:00,176.29,51.93391791666653,213.433,147.49,1375.36,430.76,107.53333291666681,216.154,91.814,298.536,100.162,163.46,204.922,180.786,201.31,201.348,115.072,145.15,278.258
2005-09-10 20:40:00,176.946,51.93391791666653,214.6,147.47,1377.1,429.12,107.41929666666678,209.952,90.984,299.171,98.729,164.88,203.38,181.212,203.236,200.858,115.626,142.968,280.018
2005-09-10 20:45:00,177.136,51.968563749999866,212.733,148.523,1367.02,427.373,107.217,213.992,90.998,296.635,99.878,164.8,205.862,180.246,203.042,202.472,115.908,142.464,281.232
2005-09-10 20:50:00,177.254,51.96155583333321,215.567,147.43,1370.88,426.15,107.5665920833334,214.928,92.364,295.769,99.16,162.7,201.804,179.848,204.066,200.51,115.774,143.844,279.362
2005-09-10 20:55:00,177.88,51.93391791666653,215.4,146.623,1375.92,430.797,107.53659625000012,212.196,91.572,295.836,98.652,164.6,203.594,178.18,204.274,199.344,115.686,143.304,278.246
2005-09-10 21:00:00,175.432,51.93391791666653,215.4,145.94,1378.48,428.73,107.42,210.772,92.204,296.953,102.244,164.6,203.266,181.16,203.188,201.75,115.604,144.252,279.824
2005-09-10 21:05:00,178.698,51.93391791666653,214.267,145.68,1378.02,430.013,107.19914083333353,209.826,93.04,298.587,99.477,162.2,200.736,178.848,202.806,200.038,115.396,145.66,277.58
2005-09-10 21:10:00,175.762,51.93391791666653,216.833,148.01,1377.9,427.33,107.4546120833334,215.338,92.526,298.804,100.281,163.94,204.716,180.576,202.792,202.436,116.47,145.324,280.884
2005-09-10 21:15:00,176.658,51.962713333333184,215.0,147.157,1370.52,426.813,107.624,210.462,92.262,297.169,100.888,163.7,205.866,180.734,201.308,200.646,116.76,142.478,279.892
2005-09-10 21:20:00,175.402,51.944304999999865,212.867,146.693,1374.72,430.417,107.50698958333346,212.232,92.514,296.902,98.642,164.84,204.988,180.55,204.594,199.654,115.964,143.772,280.004
2005-09-10 21:25:00,175.428,51.95810124999987,212.067,144.933,1371.6,427.223,107.46350500000004,213.538,92.508,298.77,100.411,163.34,204.838,179.918,200.466,200.424,115.608,143.916,279.672
2005-09-10 21:30:00,175.054,51.944304999999865,214.967,148.21,1374.88,428.83,107.676,211.872,93.24,298.388,98.674,163.5,204.016,180.676,202.164,203.396,115.89,144.916,278.69
2005-09-10 21:35:00,174.074,51.946563749999875,213.5,147.25,1372.86,428.967,107.52980000000008,212.768,92.094,298.004,100.599,164.24,201.482,178.46,202.374,205.098,116.324,143.352,280.818
2005-09-10 21:40:00,175.886,51.93391791666653,215.467,147.973,1375.74,430.637,107.6168208333334,211.48,91.482,298.137,99.187,164.32,201.988,179.426,204.194,202.604,115.386,144.354,282.194
2005-09-10 21:45:00,175.154,51.93391791666653,215.367,147.713,1381.6,425.304,107.613,213.704,92.722,297.053,100.6,163.72,203.128,179.958,204.172,200.762,114.82,144.432,278.984
2005-09-10 21:50:00,176.652,51.966949166666524,214.033,146.263,1365.3,429.457,107.47246166666659,215.46,93.242,297.72,99.567,165.88,205.784,179.354,201.802,200.89,116.386,144.614,280.162
2005-09-10 21:55:00,177.36,51.93391791666653,214.933,147.94,1380.02,429.304,107.34684708333343,210.822,89.902,297.668,98.348,162.74,202.758,180.218,202.632,201.02,116.886,144.224,278.688
2005-09-10 22:00:00,176.124,51.93391791666653,216.333,147.073,1378.02,429.667,107.33,214.61,91.186,300.153,101.142,162.74,203.47,180.214,202.56,201.224,115.564,144.844,279.106
2005-09-10 22:05:00,176.924,51.93391791666653,216.433,147.65,1377.82,431.963,107.49402875000011,212.748,91.918,298.086,100.189,164.36,203.38,183.69,202.276,203.102,115.388,143.836,278.014
2005-09-10 22:10:00,174.99,51.93391791666653,218.267,150.423,1376.42,431.33,107.56501250000002,215.54,92.006,301.82,99.314,165.88,203.332,180.38,200.31,201.756,116.414,142.768,279.596
2005-09-10 22:15:00,177.136,51.93391791666653,214.767,149.9,1376.62,424.08,107.819,214.54,93.574,297.986,99.47,163.2,203.058,177.36,203.36,201.64,117.57,142.758,279.844
2005-09-10 22:20:00,176.404,51.93391791666653,215.267,148.897,1377.28,429.083,107.58172750000006,213.898,92.912,299.159,99.68,163.64,203.888,181.408,202.028,203.36,115.51,144.864,280.318
2005-09-10 22:25:00,176.122,51.93391791666653,215.767,145.633,1377.22,430.57,107.5152916666668,215.69,92.404,298.072,100.026,164.26,201.682,180.418,202.056,200.478,114.226,143.694,281.22
2005-09-10 22:30:00,177.408,51.93391791666653,214.3,147.613,1380.82,430.393,107.073,214.184,92.148,299.376,100.99,164.62,204.244,179.274,202.018,201.256,115.52,144.642,281.022
2005-09-10 22:35:00,175.078,51.93391791666653,213.333,147.867,1378.88,428.644,107.51101583333329,215.114,91.414,295.429,102.02,163.98,202.83,180.296,202.072,201.364,116.674,143.884,279.91
2005-09-10 22:40:00,175.978,51.93391791666653,217.233,147.89,1386.78,429.65,107.52158291666669,212.444,93.42,298.256,100.481,163.96,203.742,178.126,204.08,201.69,115.334,143.514,277.892
2005-09-10 22:45:00,177.444,51.93391791666653,218.067,147.677,1385.6,430.12,107.412,217.138,92.33,297.469,101.63,163.58,203.378,181.006,199.752,202.09,115.542,144.902,280.808
2005-09-10 22:50:00,176.024,51.96155583333321,214.967,145.417,1371.04,428.57,107.48341458333336,212.622,92.322,300.246,101.406,162.76,205.784,180.932,201.832,201.044,115.822,145.196,280.472
2005-09-10 22:55:00,179.914,51.93391791666653,215.567,146.68,1378.6,429.003,107.49135208333333,215.498,93.2,298.79,101.823,162.9,202.898,180.376,203.31,201.062,115.744,143.988,278.394
2005-09-10 23:00:00,176.986,51.93391791666653,214.8,148.66,1376.44,431.707,107.456,213.582,91.824,299.526,101.858,163.76,204.268,182.1,203.466,202.16,114.094,144.894,278.682
2005-09-10 23:05:00,175.506,51.946563749999875,215.767,147.273,1372.76,432.187,107.57935083333335,213.854,92.512,300.443,99.186,165.7,202.578,179.234,202.006,202.104,115.272,143.964,280.896
2005-09-10 23:10:00,177.468,51.96155583333321,214.9,147.303,1371.08,430.447,107.45657708333347,213.292,93.132,299.222,101.696,163.76,204.7,180.38,201.278,200.642,115.626,145.21,283.026
2005-09-10 23:15:00,179.15,51.94261124999987,218.033,148.157,1375.24,429.063,107.252,214.262,91.362,304.209,102.626,164.52,203.156,178.872,201.414,203.81,115.95,144.752,278.16
2005-09-10 23:20:00,178.29,51.96832624999986,215.567,147.44,1367.96,431.237,107.51325833333348,213.868,92.93,297.87,100.144,164.34,203.618,181.328,200.202,200.344,115.284,143.374,278.424
2005-09-10 23:25:00,175.0,51.96674666666653,215.6,147.797,1369.2,431.23,107.57367833333339,212.456,91.33,298.919,100.486,163.7,201.486,180.244,203.22,202.83,115.476,144.326,280.128
2005-09-10 23:30:00,175.722,51.96407041666653,216.433,147.743,1363.66,432.84,107.566,215.29,93.534,299.601,99.247,164.44,202.536,182.206,202.788,202.206,117.522,144.662,280.568
2005-09-10 23:35:00,176.552,51.944304999999865,215.933,147.88,1374.04,429.847,107.42186166666677,215.592,91.384,298.401,101.526,164.04,202.838,180.726,199.958,200.82,115.546,143.92,281.726
2005-09-10 23:40:00,175.438,51.962713333333184,215.033,147.343,1370.4,433.767,107.6004141666668,212.954,91.674,299.134,99.897,165.3,202.842,181.026,202.854,202.298,116.388,145.238,280.888
2005-09-10 23:45:00,176.792,51.96407041666653,215.8,148.337,1362.92,427.507,106.95,215.024,92.284,299.348,101.077,166.4,204.762,180.538,200.95,202.554,116.674,143.486,282.676
2005-09-10 23:50:00,176.988,51.96971374999986,214.833,145.34,1367.66,431.953,107.45825250000013,214.54,91.63,302.312,100.747,164.48,203.466,181.704,201.432,201.326,116.362,145.438,279.66
2005-09-10 23:55:00,175.372,51.96674666666653,214.633,146.967,1369.0,428.793,107.63899250000014,214.55,92.146,299.782,99.987,166.92,202.486,181.86,202.984,199.89,116.284,144.158,278.358
2005-09-11 00:00:00,174.752,51.95907041666653,214.9,147.31,1371.4,429.257,107.993,215.656,91.56,300.914,100.305,164.02,204.022,180.084,200.98,198.998,116.504,144.754,282.494
2005-09-11 00:05:00,177.224,51.966949166666524,214.2,148.537,1364.66,431.5,107.42096375000008,214.296,91.372,300.413,101.499,164.3,202.316,180.45,201.108,202.296,115.664,145.838,283.596
2005-09-11 00:10:00,174.402,51.966949166666524,214.433,147.017,1365.82,429.397,107.44053000000022,216.604,91.758,298.168,100.254,164.56,203.18,182.048,204.49,202.286,115.952,142.88,281.148
2005-09-11 00:15:00,173.378,51.96213458333319,214.233,146.853,1370.64,431.04,107.478,215.258,91.534,298.867,100.976,163.7,204.24,181.768,203.584,199.976,116.52,143.888,283.124
2005-09-11 00:20:00,176.67,51.95810124999987,215.033,145.367,1371.76,431.317,107.44784416666674,213.43,92.538,297.519,102.143,164.68,201.576,181.228,202.588,202.762,116.426,145.256,280.296
2005-09-11 00:25:00,176.828,51.96971374999986,216.967,146.947,1367.7,431.083,107.43651208333345,213.822,91.942,298.186,100.306,163.54,203.068,180.51,201.06,202.574,117.324,144.478,281.658
2005-09-11 00:30:00,176.866,51.96745291666653,213.6,146.583,1366.58,430.647,107.638,214.43,91.798,299.952,101.003,166.02,205.434,181.326,201.772,200.008,118.456,144.154,281.93
2005-09-11 00:35:00,174.706,51.96407041666653,214.667,146.653,1361.82,429.343,107.45339583333337,216.11,92.466,300.0,102.21,163.6,203.768,180.634,201.832,201.066,116.076,143.574,279.718
2005-09-11 00:40:00,174.256,51.96407041666653,212.167,145.953,1362.16,429.85,107.26029874999999,214.842,93.472,300.152,100.108,165.68,204.358,180.292,202.748,201.91,116.112,145.554,280.282
2005-09-11 00:45:00,175.548,51.96407041666653,213.9,145.193,1360.48,428.7,107.688,212.172,92.238,300.333,101.044,165.84,205.306,179.098,200.698,202.624,116.352,145.618,280.248
2005-09-11 00:50:00,174.398,51.93391791666653,216.7,145.23,1379.02,427.557,107.28529916666668,212.64,93.172,297.084,102.593,165.06,203.854,180.75,201.578,200.664,116.97,144.746,283.206
2005-09-11 00:55:00,172.674,51.96745291666653,215.3,143.797,1366.36,428.897,107.1638020833334,210.978,91.46,304.232,100.868,165.76,204.016,182.266,204.13,200.016,116.714,144.918,279.794
2005-09-11 01:00:00,175.674,51.944304999999865,216.3,143.087,1374.02,426.233,107.301,213.068,92.426,296.751,102.104,164.14,205.574,179.03,202.808,202.77,117.702,145.016,280.174
2005-09-11 01:05:00,172.848,51.944304999999865,216.3,144.283,1373.94,425.963,107.13269750000006,212.724,91.0,298.683,100.957,163.56,204.38,182.874,203.292,202.388,115.242,144.804,280.38
2005-09-11 01:10:00,175.562,51.93391791666653,215.733,144.283,1376.7,421.8,106.82687500000003,209.91,92.788,299.315,99.963,165.1,204.396,182.748,205.948,200.644,115.95,144.41,280.72
2005-09-11 01:15:00,174.062,51.96407041666653,214.067,144.58,1361.54,414.67,105.18,207.86,93.692,297.218,100.045,164.58,203.7,180.344,204.198,202.402,115.984,144.502,280.08
2005-09-11 01:20:00,173.998,51.961051666666535,214.633,142.85,1359.14,410.603,104.72566374999978,206.196,92.606,297.733,99.167,163.34,205.86,183.98,203.08,199.014,117.44,144.282,279.338
2005-09-11 01:25:00,172.73,51.96019416666653,214.0,140.7,1355.9,410.136,104.21274416666648,204.228,91.016,300.081,100.663,161.78,202.102,181.532,203.094,200.086,115.696,146.468,280.956
2005-09-11 01:30:00,173.258,51.96263666666653,213.7,141.86,1359.46,409.627,103.448,203.698,89.954,298.368,97.933,160.18,203.116,179.722,201.076,203.476,116.078,142.696,278.774
2005-09-11 01:35:00,171.07,51.96041166666653,213.333,140.693,1356.64,404.103,103.43689166666661,205.02,93.11,298.486,97.836,160.14,203.126,181.186,201.638,200.22,116.396,141.958,274.86
2005-09-11 01:40:00,174.238,51.96019416666653,213.367,141.167,1354.26,401.983,103.08363166666669,202.438,92.442,296.752,96.913,158.5,203.142,181.31,200.542,201.722,115.768,143.422,274.94
2005-09-11 01:45:00,172.388,51.955071249999875,209.533,139.903,1352.48,403.93,103.094,204.216,91.498,296.986,96.686,157.34,202.302,179.918,200.468,201.934,116.022,142.282,277.138
2005-09-11 01:50:00,175.126,51.962461666666535,212.067,140.617,1345.44,402.247,103.08966166666669,203.108,90.716,295.918,97.014,157.82,205.136,181.412,200.378,199.696,116.3,140.728,277.334
2005-09-11 01:55:00,170.824,51.96298749999988,210.5,138.923,1352.8,402.723,102.50770166666672,202.35,91.696,300.686,96.495,159.04,205.758,180.894,199.236,200.03,114.95,139.68,274.822
2005-09-11 02:00:00,173.572,51.9532637499999,210.167,138.983,1344.04,402.093,101.478,202.984,89.746,300.272,94.753,157.18,204.586,182.144,200.106,200.208,114.096,140.27,272.848
2005-09-11 02:05:00,172.518,51.885233333333225,206.467,139.483,1338.18,400.463,101.5184841666667,201.096,89.6,299.608,95.625,156.74,204.668,178.742,198.362,201.07,114.104,138.076,267.884
2005-09-11 02:10:00,171.35,51.95949416666655,208.833,138.66,1337.76,401.35,101.74931833333338,202.066,90.27,297.085,97.651,156.58,204.36,182.328,196.636,199.746,114.546,135.752,264.59
2005-09-11 02:15:00,171.948,51.95322833333321,208.0,140.437,1328.9,399.557,100.918,204.028,89.25,300.58,94.756,156.04,204.13,185.648,197.81,200.042,114.21,132.958,260.03
2005-09-11 02:20:00,171.958,51.96145791666653,207.5,141.327,1331.68,401.47,100.88933500000003,202.708,88.916,299.312,96.303,156.46,203.138,182.718,197.926,199.114,112.354,132.714,257.626
2005-09-11 02:25:00,170.906,51.96213041666654,207.0,137.8,1330.32,399.437,100.76200499999992,202.848,89.048,295.874,95.457,157.14,202.902,182.706,197.8,198.748,112.722,131.82,256.57
2005-09-11 02:30:00,169.282,51.97502833333323,208.567,141.05,1329.08,398.513,100.057,203.854,87.918,295.822,95.742,154.9,203.24,179.534,196.472,198.188,111.772,130.47,255.172
2005-09-11 02:35:00,171.556,51.90949458333323,205.9,138.137,1330.46,399.953,100.68731791666661,202.224,86.838,298.926,92.906,156.74,203.664,183.428,194.86,199.222,112.292,132.032,257.058
2005-09-11 02:40:00,170.326,51.9294924999999,206.033,138.39,1329.42,398.217,100.85470666666652,201.382,87.03,294.151,96.201,155.04,201.948,181.638,192.818,197.556,112.86,130.44,254.798
2005-09-11 02:45:00,170.39,51.95920416666655,205.467,139.943,1330.75,396.65,101.198,201.832,86.482,297.63,95.379,155.14,202.714,179.47,191.976,197.178,111.378,128.914,252.162
2005-09-11 02:50:00,168.514,51.82350499999993,207.067,138.65,1330.36,396.513,100.40826666666669,198.314,86.496,295.738,95.35,154.54,201.956,181.736,194.4,197.938,112.092,131.052,254.476
2005-09-11 02:55:00,168.372,51.9204737499999,207.467,139.373,1334.14,397.23,100.64813333333332,201.574,85.428,298.435,93.409,152.38,201.664,181.012,192.862,199.758,110.792,129.45,257.62
2005-09-11 03:00:00,171.73,51.82843374999994,205.433,141.217,1334.12,397.86,100.318,199.448,85.756,296.278,94.231,154.0,201.978,181.146,193.526,199.488,112.442,129.346,254.526
2005-09-11 03:05:00,171.212,51.79144416666661,207.267,141.19,1340.36,399.317,100.52186750000011,198.316,86.032,296.495,94.367,153.94,202.196,180.804,194.74,195.194,112.108,131.304,253.024
2005-09-11 03:10:00,173.086,51.81358708333327,206.567,140.483,1338.78,397.247,100.76800604166668,199.136,87.616,291.108,94.037,154.12,201.29,182.31,197.446,196.704,113.736,130.87,255.012
2005-09-11 03:15:00,170.546,51.80075958333325,206.467,140.183,1339.42,396.437,100.823,199.556,86.098,295.9,93.557,152.58,199.29,180.598,194.732,196.944,112.396,130.48,255.342
2005-09-11 03:20:00,170.892,51.83921958333326,205.1,140.107,1340.94,395.58,100.88323250000002,199.864,86.87,293.606,94.641,152.14,200.422,182.242,196.564,197.244,111.6,129.242,252.482
2005-09-11 03:25:00,171.086,51.73217583333326,204.633,140.337,1338.76,400.04,100.5302950000001,198.154,86.866,296.812,93.436,155.24,200.658,183.098,193.368,193.6,110.5,129.114,255.51
2005-09-11 03:30:00,170.28,51.83956499999992,207.667,139.1,1342.92,395.747,101.044,200.966,87.328,292.153,93.529,152.64,201.286,181.256,192.126,193.39,110.616,129.764,254.71
2005-09-11 03:35:00,171.516,51.87893124999989,207.3,139.437,1332.04,400.797,100.80811125000005,200.834,86.68,293.774,95.73,154.56,201.144,178.902,189.834,195.43,110.842,128.648,251.448
2005-09-11 03:40:00,172.528,51.85689374999992,204.3,140.313,1333.82,401.123,100.90153000000004,200.552,85.454,296.609,94.417,153.46,201.158,179.946,188.49,197.318,110.338,129.162,252.514
2005-09-11 03:45:00,170.898,51.916082916666554,205.667,140.623,1336.56,396.137,101.341,201.286,85.524,290.331,94.962,153.42,202.342,179.698,186.82,195.784,109.176,127.786,253.832
2005-09-11 03:50:00,172.086,51.94780958333319,205.5,140.283,1331.54,397.23,100.8574164583333,202.274,85.194,291.185,93.873,153.32,199.804,181.33,188.168,195.424,108.77,128.562,252.158
2005-09-11 03:55:00,170.504,51.95742874999987,202.967,141.16,1324.66,395.587,100.7141597916667,201.97,85.01,288.609,94.457,155.38,197.348,180.416,185.666,195.522,109.064,129.04,253.728
2005-09-11 04:00:00,170.376,51.32514166666669,205.533,138.81,1331.12,396.727,99.523,200.104,85.206,290.645,93.787,155.92,198.422,181.244,187.056,193.006,108.75,128.904,252.536
2005-09-11 04:05:00,170.948,51.852946666666554,204.033,140.463,1328.48,401.643,100.71778229166674,200.696,85.402,288.381,94.498,155.96,193.95,180.426,184.064,190.748,107.862,130.468,256.292
2005-09-11 04:10:00,170.246,51.89196583333322,206.167,139.553,1317.76,398.157,100.99167395833331,201.46,84.432,286.584,93.58,158.88,198.71,180.116,186.684,192.652,108.258,130.614,256.976
2005-09-11 04:15:00,170.26,51.88816416666653,204.233,139.583,1328.52,397.293,100.919,201.606,83.934,288.576,94.219,153.72,197.666,178.576,187.204,192.912,108.996,129.416,255.106
2005-09-11 04:20:00,170.55,51.81372958333324,205.867,140.5,1321.66,395.68,100.7387872916666,200.014,85.852,288.298,93.331,151.78,196.784,180.852,186.39,192.546,107.958,128.394,254.684
2005-09-11 04:25:00,169.428,51.84000124999996,204.1,140.033,1322.7,395.287,100.59433479166655,199.392,85.182,283.918,94.22,152.94,197.404,180.268,187.39,189.524,107.806,128.988,253.836
2005-09-11 04:30:00,171.124,51.79928291666658,204.233,138.727,1324.88,395.397,100.857,200.362,84.166,286.388,94.274,153.3,194.828,180.262,187.826,191.012,107.772,129.028,252.3
2005-09-11 04:35:00,168.23,51.78514458333328,205.433,142.023,1331.22,396.45,100.38563354166654,200.01,84.576,286.895,93.398,152.9,194.596,178.96,186.286,190.54,108.102,129.332,252.58
2005-09-11 04:40:00,169.408,51.83902708333329,202.6,137.397,1332.18,397.873,100.37865895833318,201.138,85.258,287.706,93.274,154.14,196.452,179.098,186.122,187.762,108.252,129.004,253.41
2005-09-11 04:45:00,171.014,51.80070791666663,204.033,139.52,1326.54,392.263,100.913,199.48,85.654,287.003,94.582,151.88,195.112,180.686,185.824,187.13,107.974,129.406,256.648
2005-09-11 04:50:00,168.44,51.86527833333325,205.5,139.453,1327.54,399.573,100.26896770833329,201.312,84.65,286.354,94.076,154.94,193.922,178.666,187.274,185.224,106.962,128.312,250.228
2005-09-11 04:55:00,170.764,51.600095416666655,204.3,138.437,1322.18,398.367,100.13512270833321,201.428,83.76,283.344,94.917,153.3,192.448,180.01,185.828,184.868,108.222,127.49,251.524
2005-09-11 05:00:00,171.556,51.895332499999896,204.533,138.81,1323.66,396.917,100.161,201.104,85.686,286.219,95.01,153.34,191.794,175.892,182.298,187.832,106.112,127.116,250.274
2005-09-11 05:05:00,167.978,51.82291291666664,203.9,139.1,1324.84,395.007,100.16376333333326,200.056,86.236,286.956,94.496,153.96,193.404,178.27,184.738,184.79,107.418,126.25,248.076
2005-09-11 05:10:00,170.144,51.434245833333364,203.633,137.987,1333.4,392.717,99.765435625,197.796,85.08,286.213,93.964,153.56,190.338,179.572,184.444,184.074,106.596,127.044,249.458
2005-09-11 05:15:00,170.452,51.126283333333376,203.4,137.667,1338.22,396.33,99.043,199.76,83.646,280.916,93.639,152.06,190.362,176.688,185.818,185.826,107.566,128.748,250.668
2005-09-11 05:20:00,170.208,51.25173104166671,203.267,137.373,1345.58,392.423,99.38014062499995,198.528,85.498,280.884,91.879,152.24,191.01,176.61,184.08,185.684,107.794,126.962,248.852
2005-09-11 05:25:00,168.124,51.09975749999999,202.5,138.397,1335.72,388.107,98.53763291666651,196.806,83.258,283.589,92.171,150.88,193.328,175.424,185.246,182.262,106.642,123.644,245.836
2005-09-11 05:30:00,168.492,50.91913458333338,204.133,138.5,1333.88,384.45,96.132,194.934,82.816,280.817,93.264,151.28,191.754,177.866,185.638,182.376,107.336,121.832,237.564
2005-09-11 05:35:00,167.858,50.66056625,203.6,135.667,1349.54,381.093,97.12273625000007,192.776,83.404,276.929,93.066,151.9,187.432,176.78,183.836,180.158,107.214,123.594,242.59
2005-09-11 05:40:00,166.36,50.67214625000003,199.933,135.607,1348.8,374.09,95.81860520833334,188.428,82.372,271.724,92.142,149.28,186.914,175.608,183.204,181.404,105.028,121.26,239.866
2005-09-11 05:45:00,166.528,50.84960791666665,200.4,134.78,1345.54,371.463,95.115,190.35,82.148,266.45,91.046,147.84,184.412,175.39,181.994,182.072,106.052,121.448,241.58
2005-09-11 05:50:00,164.882,50.54522625000004,199.7,135.233,1349.18,372.88,95.9856416666668,190.468,82.52,265.065,89.581,148.26,182.426,173.998,178.308,179.334,104.734,122.874,239.442
2005-09-11 05:55:00,165.664,50.31388333333331,199.167,133.163,1355.24,371.323,95.85767416666667,191.034,83.304,265.774,91.037,147.3,181.084,174.558,179.398,178.834,106.016,121.232,240.552
2005-09-11 06:00:00,161.658,50.49125625000005,200.1,134.017,1351.4,369.644,95.052,186.91,84.558,264.894,90.827,149.7,183.06,174.922,180.542,178.534,104.758,122.94,242.376
2005-09-11 06:05:00,165.442,50.605539999999976,198.467,134.423,1349.24,368.707,95.56289875000014,189.628,82.492,264.938,92.492,150.28,182.35,174.99,182.828,180.654,104.752,121.984,243.376
2005-09-11 06:10:00,164.912,50.58568541666663,197.9,135.017,1340.34,373.113,95.86489854166668,189.402,83.534,263.249,92.037,148.28,179.988,174.46,181.454,180.246,106.162,121.074,242.2
2005-09-11 06:15:00,165.634,50.728260416666664,199.5,133.75,1335.16,371.967,96.707,189.72,82.814,262.089,90.349,147.9,183.31,173.746,184.072,179.944,105.514,121.4,239.588
2005-09-11 06:20:00,166.058,50.56972416666667,198.9,134.427,1336.26,372.323,95.93396520833345,188.454,82.852,260.647,89.437,148.18,180.598,179.088,179.59,180.774,104.934,122.522,238.59
2005-09-11 06:25:00,164.452,50.78223916666668,196.833,133.92,1341.94,375.353,95.832521875,187.946,83.866,261.154,89.624,147.22,181.474,174.308,183.424,180.952,106.788,122.788,240.772
2005-09-11 06:30:00,165.008,50.66905083333335,199.667,135.3,1350.18,370.09,95.117,188.308,81.318,263.249,89.481,147.94,180.952,175.166,185.398,179.406,105.564,120.934,239.384
2005-09-11 06:35:00,168.192,50.79378499999998,196.5,132.447,1350.28,373.943,96.00700583333344,191.05,81.882,263.283,91.121,146.98,181.668,174.178,181.43,180.982,106.676,122.532,242.122
2005-09-11 06:40:00,166.694,50.77294250000007,200.333,134.727,1351.92,376.427,95.70235479166669,187.238,83.446,264.363,88.887,149.16,182.502,173.59,183.898,181.648,105.072,122.974,244.006
2005-09-11 06:45:00,167.044,50.65808708333335,199.167,134.25,1353.6,376.8,95.346,190.426,84.314,264.532,90.927,148.98,180.832,169.594,183.524,181.992,105.528,123.022,241.852
2005-09-11 06:50:00,166.908,50.69514291666665,198.3,133.92,1347.14,374.2,95.93066229166661,188.778,83.568,265.512,89.645,147.86,183.474,168.422,183.442,179.01,106.872,122.76,241.77
2005-09-11 06:55:00,165.908,50.70697916666666,198.333,134.86,1342.54,370.843,95.68924770833337,188.126,82.664,266.053,88.852,146.3,181.922,168.192,182.036,181.148,106.666,122.058,241.602
2005-09-11 07:00:00,165.11,50.70540916666667,200.267,136.233,1350.22,370.313,95.201,188.558,82.696,266.39,90.001,148.64,183.118,166.368,184.012,179.764,104.71,121.14,242.836
2005-09-11 07:05:00,165.246,50.74644083333331,200.267,133.547,1341.86,374.407,95.94840687500003,188.896,84.704,266.171,90.478,147.16,182.604,168.076,183.532,180.686,106.29,121.098,240.71
2005-09-11 07:10:00,163.742,50.92446833333329,197.6,133.703,1337.1,375.72,96.08912749999999,190.254,85.064,263.37,89.24,147.42,184.464,166.524,185.98,178.768,106.118,123.134,245.062
2005-09-11 07:15:00,164.232,50.95671333333334,194.967,134.56,1342.8,373.837,96.165,189.622,82.814,262.662,88.392,145.88,182.332,164.762,184.876,181.364,105.704,123.262,243.392
2005-09-11 07:20:00,165.534,50.856270416666646,198.2,134.237,1340.34,375.157,96.10652666666665,188.674,82.888,264.788,88.778,147.04,183.5,164.482,183.618,179.33,106.008,124.51,246.158
2005-09-11 07:25:00,163.84,50.85662625000002,197.867,133.56,1351.0,371.68,96.10762291666676,190.492,82.58,268.897,90.558,147.38,182.81,165.114,183.286,183.014,106.226,125.088,248.884
2005-09-11 07:30:00,164.078,50.843306249999976,196.7,133.163,1346.2,373.373,95.876,187.042,83.466,264.484,89.977,145.66,181.916,161.356,182.088,181.188,104.504,124.66,244.798
2005-09-11 07:35:00,164.788,50.897197499999976,198.367,135.347,1345.26,371.727,95.97202708333336,189.592,82.444,264.998,90.666,149.08,181.984,162.348,184.99,183.312,105.04,126.078,245.348
2005-09-11 07:40:00,164.818,50.81920166666666,198.5,135.693,1346.38,373.903,96.20348916666673,191.35,83.312,261.999,90.546,149.98,182.126,161.834,185.506,182.038,105.21,124.59,243.528
2005-09-11 07:45:00,165.198,50.87861958333331,195.8,135.863,1351.06,374.964,95.689,189.282,84.276,264.426,90.949,148.72,182.534,161.462,182.888,182.002,105.658,124.922,244.686
2005-09-11 07:50:00,165.636,50.91647874999998,198.8,134.453,1347.72,379.203,96.23438499999989,189.962,83.348,267.088,89.174,146.34,183.998,162.092,183.89,182.738,105.64,121.674,243.758
2005-09-11 07:55:00,166.44,50.863678333333326,198.033,136.613,1348.32,376.48,96.17822250000012,190.34,82.78,267.317,90.336,147.92,182.81,165.726,185.96,181.272,106.01,123.184,244.214
2005-09-11 08:00:00,167.184,50.863306249999965,198.233,134.827,1349.66,376.277,96.154,188.596,84.512,265.942,92.756,146.54,183.434,163.874,182.234,181.742,106.598,124.096,244.018
2005-09-11 08:05:00,166.58,50.77928541666665,199.367,134.57,1360.3,374.44,96.55477208333325,192.852,83.886,265.866,88.786,147.86,183.538,163.752,183.138,181.926,105.6,123.248,243.502
2005-09-11 08:10:00,165.614,50.70353625000003,199.2,133.727,1359.5,377.97,96.18272291666662,189.126,81.954,267.561,89.754,147.5,183.27,167.288,183.352,180.738,106.65,124.42,245.606
2005-09-11 08:15:00,165.734,50.660501249999996,196.867,133.277,1358.68,375.714,95.481,188.718,83.87,268.808,90.363,147.16,183.692,162.282,184.886,183.172,106.318,124.492,246.9
2005-09-11 08:20:00,165.192,50.672180833333385,198.0,134.683,1366.56,378.29,96.31182333333327,190.276,82.63,266.718,90.6,146.9,184.83,165.286,182.922,180.7,106.456,124.65,246.932
2005-09-11 08:25:00,165.346,50.81111125,200.367,135.917,1362.64,377.673,96.09684625,189.622,84.246,265.951,88.796,146.76,184.304,164.102,184.91,182.546,106.672,125.61,246.13
2005-09-11 08:30:00,167.806,50.736347916666666,199.633,133.713,1365.46,372.263,96.814,190.938,83.212,265.588,90.474,147.96,183.19,164.094,183.346,183.816,106.152,125.098,246.232
2005-09-11 08:35:00,166.15,50.780086250000025,196.933,135.53,1367.14,377.647,96.25854500000003,189.39,82.878,269.29,90.601,148.02,182.314,163.818,181.396,181.596,105.982,126.89,244.608
2005-09-11 08:40:00,166.374,50.75169375000009,197.533,134.967,1363.58,373.887,96.18290958333336,189.598,82.596,269.117,89.636,146.14,183.27,163.182,182.92,181.552,105.05,123.288,245.332
2005-09-11 08:45:00,167.7,50.683956250000044,197.533,134.967,1361.06,376.453,96.578,189.678,82.63,269.493,91.794,148.26,184.394,162.91,181.78,182.626,106.04,123.92,245.03
2005-09-11 08:50:00,168.37,50.71731416666669,198.733,136.847,1365.98,377.393,96.40447999999994,189.546,82.394,271.92,89.542,147.0,183.256,165.592,183.25,182.86,105.942,123.112,243.5
2005-09-11 08:55:00,165.988,50.72227124999998,198.333,134.56,1361.9,378.333,96.39667666666662,190.558,83.06,268.623,89.65,147.96,185.052,164.408,182.02,184.23,105.776,123.432,240.49
2005-09-11 09:00:00,168.092,50.75906541666667,197.233,134.147,1361.5,378.92,96.262,189.504,81.412,271.683,92.388,146.76,184.89,164.95,182.654,181.048,105.814,122.25,241.77
2005-09-11 09:05:00,167.576,50.70859333333334,197.4,134.35,1361.8,378.24,96.3667337499999,190.216,82.532,268.214,89.588,149.0,183.064,164.43,182.618,183.38,105.354,123.532,240.604
2005-09-11 09:10:00,166.304,50.657499166666646,197.8,135.513,1368.1,377.157,96.15874687499996,188.95,82.926,266.874,89.316,145.84,184.178,164.828,183.166,183.552,106.814,123.346,241.322
2005-09-11 09:15:00,166.092,50.54083749999998,198.633,133.913,1357.36,380.627,96.143,191.214,82.726,267.85,89.573,148.32,184.928,163.196,183.178,182.334,106.578,121.862,241.292
2005-09-11 09:20:00,166.72,50.65694916666667,197.8,136.513,1357.8,380.28,96.62383666666659,191.668,82.358,271.818,89.959,146.12,184.672,165.046,184.85,182.998,106.008,122.722,241.148
2005-09-11 09:25:00,166.028,50.59240249999998,200.767,134.6,1357.38,372.833,96.14847750000001,190.006,82.566,269.435,90.151,148.6,186.518,163.078,181.052,180.55,106.504,121.484,238.748
2005-09-11 09:30:00,167.168,50.76326166666665,196.167,134.413,1362.5,381.813,97.082,191.202,80.838,269.368,91.736,145.34,184.752,166.078,181.294,182.858,107.094,120.33,237.486
2005-09-11 09:35:00,166.628,50.59710333333332,200.567,135.647,1361.28,378.427,96.59142083333327,190.512,82.068,266.645,91.136,148.12,184.238,164.47,180.582,180.866,105.148,120.406,238.66
2005-09-11 09:40:00,167.72,50.869142916666696,195.133,134.59,1357.2,383.613,96.98597249999986,191.162,82.092,266.881,90.984,147.54,185.558,164.692,181.468,179.692,105.862,119.42,235.576
2005-09-11 09:45:00,167.176,50.78320124999996,195.167,135.337,1365.9,380.827,96.728,191.028,82.764,267.862,89.905,147.54,183.982,166.138,181.582,181.642,105.064,119.702,236.61
2005-09-11 09:50:00,166.804,50.60006000000001,198.167,135.933,1357.48,377.397,96.39896208333319,189.322,82.432,267.357,90.567,146.32,184.928,163.708,180.292,180.606,106.054,119.37,237.698
2005-09-11 09:55:00,166.112,50.46221625000002,198.467,136.423,1357.78,377.937,96.67072624999979,192.26,80.664,267.935,88.959,148.02,183.902,165.526,179.846,179.702,105.606,120.768,237.316
2005-09-11 10:00:00,166.864,50.53285708333337,198.733,135.257,1358.48,378.0,96.809,193.67,83.326,268.88,90.336,148.42,182.672,165.158,179.066,180.568,104.784,119.22,238.946
2005-09-11 10:05:00,164.296,50.56760500000004,199.633,136.527,1362.78,379.87,96.82746291666645,192.444,81.708,268.002,89.526,147.38,184.982,162.314,178.568,180.182,104.738,119.698,236.558
2005-09-11 10:10:00,165.556,50.6447279166666,195.933,135.827,1362.76,380.233,96.87562666666649,192.672,82.624,264.856,90.502,146.22,183.22,165.002,180.63,181.616,104.274,120.282,236.25
2005-09-11 10:15:00,166.756,50.702986666666675,197.567,135.957,1360.16,381.957,96.506,192.416,83.136,264.822,90.243,147.46,183.786,164.78,182.032,181.734,104.832,121.216,236.244
2005-09-11 10:20:00,167.178,50.715882083333305,196.767,136.823,1361.46,383.564,96.91228249999995,191.35,82.436,267.371,90.65,147.0,183.526,164.784,181.238,179.674,104.476,120.728,238.334
2005-09-11 10:25:00,167.134,50.59671750000001,198.167,136.49,1361.48,380.07,96.84365499999979,191.64,82.616,267.035,91.321,147.02,182.95,164.434,181.374,178.932,105.728,119.81,237.648
2005-09-11 10:30:00,165.988,50.505481249999995,199.333,135.543,1359.28,378.893,97.409,192.704,83.508,266.196,90.249,146.8,181.988,165.22,181.204,179.632,106.644,119.66,237.506
2005-09-11 10:35:00,167.352,50.50426208333331,196.233,134.783,1354.9,382.2,97.08169583333326,192.636,81.846,264.687,91.551,147.46,183.614,165.154,180.092,179.438,104.86,120.562,237.082
2005-09-11 10:40:00,165.428,50.44932541666665,198.933,135.09,1358.36,379.417,96.71702041666654,190.416,80.872,265.131,91.856,149.2,182.47,165.578,181.912,180.218,105.678,120.056,238.564
2005-09-11 10:45:00,166.294,50.584417916666645,196.833,137.28,1361.38,382.65,96.913,191.146,82.566,266.07,89.732,146.82,184.122,163.83,179.612,178.342,106.052,121.704,238.09
2005-09-11 10:50:00,162.928,50.33882958333336,198.733,135.387,1355.94,377.72,97.1001045833333,194.38,81.818,266.136,90.309,148.34,182.94,165.67,178.37,175.962,106.356,120.892,238.594
2005-09-11 10:55:00,165.822,50.37693458333333,197.833,134.813,1355.2,376.483,96.74195791666662,193.086,82.822,266.639,90.417,150.24,181.094,163.968,180.76,179.33,104.688,121.128,238.124
2005-09-11 11:00:00,165.676,50.57498749999997,196.267,133.47,1348.44,381.2,96.69,189.174,82.276,268.247,91.129,146.58,183.542,166.252,183.342,178.898,106.396,120.452,241.018
2005-09-11 11:05:00,165.43,50.66727624999998,194.167,137.653,1356.66,377.76,96.6813116666666,191.756,81.868,265.138,91.612,147.54,183.53,163.868,180.28,180.14,107.158,121.428,239.022
2005-09-11 11:10:00,164.496,50.689527916666684,197.567,136.637,1344.82,380.106,96.5828337499999,192.408,81.958,266.813,89.216,149.52,182.06,165.532,181.97,179.416,105.96,120.502,238.596
2005-09-11 11:15:00,166.99,50.57999666666669,197.0,136.16,1354.64,377.81,95.507,191.082,82.574,267.209,89.622,148.66,181.782,165.278,181.214,177.072,106.116,120.804,238.768
2005-09-11 11:20:00,166.534,50.75087875,197.1,135.72,1359.36,379.247,96.36287749999994,190.74,81.128,268.414,90.065,147.42,182.032,163.61,182.742,181.418,105.604,122.016,239.188
2005-09-11 11:25:00,166.544,50.525089166666696,199.3,135.497,1356.5,380.89,97.11303749999999,194.108,81.83,268.32,90.095,149.4,182.998,166.07,180.982,179.288,105.822,121.198,238.738
2005-09-11 11:30:00,168.08,50.93948375000003,197.8,138.0,1355.64,379.03,96.582,193.326,81.912,267.65,90.451,148.94,182.798,164.13,181.252,177.32,104.598,121.562,239.834
2005-09-11 11:35:00,166.99,50.592055416666625,196.567,134.833,1351.62,381.403,96.84355999999997,192.258,82.508,264.811,91.55,150.62,183.616,164.58,180.0,179.896,105.97,121.316,239.69
2005-09-11 11:40:00,167.388,50.66784541666666,198.767,137.33,1357.82,382.823,96.82067541666655,191.556,82.792,264.276,90.727,148.46,183.61,163.652,180.78,178.186,106.414,121.156,238.758
2005-09-11 11:45:00,165.86,50.73655875000005,195.567,136.827,1344.4,384.637,97.069,190.408,81.38,266.746,90.394,147.96,184.088,164.856,180.822,178.832,105.9,122.194,240.14
2005-09-11 11:50:00,165.312,50.60121916666667,200.267,135.467,1353.54,382.88,97.32954958333333,194.04,81.482,267.617,90.711,147.04,184.986,163.474,181.418,178.922,105.524,120.472,239.53
2005-09-11 11:55:00,165.014,50.53344416666665,195.833,135.18,1346.16,380.28,96.56198708333332,190.708,83.14,263.163,90.684,149.22,184.782,164.382,179.824,178.528,104.644,122.436,238.864
2005-09-11 12:00:00,166.86,50.668216666666694,195.533,135.953,1344.84,381.77,96.012,192.124,81.264,266.345,89.396,149.38,181.948,163.144,181.172,177.882,104.568,121.16,239.588
2005-09-11 12:05:00,164.316,50.586953749999985,195.9,134.713,1346.5,380.597,96.65259458333317,192.742,82.704,266.706,88.874,147.56,183.39,165.478,182.176,177.948,105.136,121.744,239.082
2005-09-11 12:10:00,166.4,50.672540416666706,197.033,137.057,1349.68,381.047,96.43206875,191.318,82.41,263.379,88.719,147.88,182.464,165.182,182.18,178.872,105.092,122.028,241.032
2005-09-11 12:15:00,166.808,50.85352333333341,198.933,137.427,1339.9,382.94,96.756,194.554,80.504,263.514,88.768,146.56,182.52,165.562,181.826,177.828,104.232,120.856,241.01
2005-09-11 12:20:00,165.19,50.622585416666645,196.767,136.227,1346.68,380.82,96.54060083333331,191.636,81.386,262.886,91.262,149.3,182.692,161.814,181.544,179.446,104.774,122.15,240.744
2005-09-11 12:25:00,165.434,50.54053166666663,195.967,134.43,1352.04,378.533,96.35441499999988,189.026,83.596,266.096,89.334,147.74,185.126,164.326,179.508,180.072,106.594,120.9,238.37
2005-09-11 12:30:00,165.522,50.64015291666669,196.7,136.393,1350.58,383.143,96.996,189.986,81.4,262.885,90.892,147.34,181.978,164.142,179.36,177.328,106.638,122.692,239.698
2005-09-11 12:35:00,164.76,50.59724583333335,197.4,134.86,1338.46,379.697,96.55209666666666,188.444,81.088,262.048,91.147,149.66,179.68,165.856,178.814,180.466,105.632,122.422,240.98
2005-09-11 12:40:00,166.53,50.798847499999944,197.3,136.793,1340.92,381.867,96.66058916666665,189.684,82.426,266.096,90.191,148.94,184.466,166.016,179.506,182.796,106.422,121.354,242.014
2005-09-11 12:45:00,164.29,50.71659666666668,196.433,136.517,1349.94,379.217,96.389,189.91,83.088,263.682,89.989,149.28,182.988,164.552,181.222,179.86,105.322,122.76,240.238
2005-09-11 12:50:00,163.526,50.708810000000014,197.133,136.533,1345.68,379.277,96.42350708333329,187.812,80.524,266.424,90.907,148.62,182.706,162.834,178.82,180.698,106.456,121.546,240.498
2005-09-11 12:55:00,164.54,50.50108875,195.867,135.72,1344.84,375.127,96.38499541666671,191.12,81.11,265.317,91.435,149.86,184.746,164.308,179.82,176.998,104.974,122.648,240.086
2005-09-11 13:00:00,166.828,50.60243083333332,195.933,136.477,1349.88,380.477,95.969,190.0,82.944,263.975,90.528,147.2,184.34,163.674,179.7,179.46,106.988,121.092,241.064
2005-09-11 13:05:00,166.62,50.61147958333339,196.867,135.627,1348.56,377.337,96.26663041666667,188.532,81.514,264.11,91.069,149.56,182.972,164.928,181.202,178.804,104.712,122.642,240.966
2005-09-11 13:10:00,166.054,50.715700416666635,198.633,137.367,1344.88,377.623,96.37123041666668,188.6,79.93,261.995,91.664,148.86,181.112,165.048,181.492,179.812,106.61,122.91,241.418
2005-09-11 13:15:00,164.886,50.4778104166667,198.667,135.45,1334.9,379.507,97.367,190.138,82.312,264.814,90.18,147.86,183.7,166.308,180.388,177.998,105.536,120.384,241.188
2005-09-11 13:20:00,167.258,50.77506499999997,198.767,134.823,1342.02,378.393,96.49220416666665,189.516,81.046,263.269,90.296,147.88,181.934,164.218,180.01,181.238,106.888,121.686,240.682
2005-09-11 13:25:00,165.452,50.55621666666666,194.4,137.703,1347.38,380.403,96.92612874999998,192.29,81.884,261.602,91.787,149.72,182.194,166.246,180.468,178.452,104.61,121.388,239.454
2005-09-11 13:30:00,166.768,50.78563208333333,199.867,138.11,1346.12,377.907,96.468,191.93,83.728,263.706,90.347,148.32,182.478,165.204,180.784,180.012,105.368,121.258,240.658
2005-09-11 13:35:00,165.168,50.58220333333335,197.133,134.96,1342.84,380.583,96.58921166666667,189.898,81.758,262.364,90.579,148.7,183.1,165.244,181.014,178.716,103.882,121.66,241.762
2005-09-11 13:40:00,166.394,50.556735416666676,199.1,135.557,1352.04,378.39,96.54918166666663,191.454,83.354,263.975,91.002,149.4,182.368,163.386,178.752,179.66,104.244,122.916,240.364
2005-09-11 13:45:00,165.36,50.46222625,198.733,135.543,1338.32,378.493,96.475,186.58,82.456,261.111,90.472,148.76,181.536,164.46,178.936,178.068,104.22,121.046,238.968
2005-09-11 13:50:00,164.574,50.91770708333338,199.1,136.573,1346.76,376.477,96.36841833333335,191.44,81.364,263.673,90.528,149.08,181.742,164.172,181.256,181.514,106.132,123.498,241.238
2005-09-11 13:55:00,165.914,50.526695,199.0,136.27,1344.14,378.5,96.54639083333333,190.092,81.166,263.774,92.214,148.7,181.75,165.712,181.692,177.502,104.072,121.64,239.414
2005-09-11 14:00:00,165.172,50.55882333333332,198.433,136.027,1345.06,377.083,96.593,191.786,83.046,264.478,92.544,149.12,181.046,163.628,181.368,179.352,104.502,123.296,241.474
2005-09-11 14:05:00,167.08,50.65433666666664,199.467,135.0,1342.86,377.663,96.30801916666661,190.118,84.104,262.152,90.431,148.64,182.112,163.164,180.598,180.338,104.152,121.362,240.118
2005-09-11 14:10:00,164.752,50.66935625000006,198.1,136.38,1344.6,378.263,96.63693458333324,193.024,82.484,263.932,90.235,148.2,181.778,167.394,182.006,178.594,105.67,122.3,240.748
2005-09-11 14:15:00,168.166,50.86908083333333,198.7,137.617,1352.1,377.223,96.698,192.57,82.368,262.22,90.659,147.32,181.876,165.282,181.954,178.946,105.272,122.538,240.19
2005-09-11 14:20:00,166.038,50.770225416666634,198.633,138.873,1345.22,379.823,96.62732125000002,191.008,83.298,261.727,91.384,148.48,181.542,166.96,182.438,180.48,105.438,121.474,238.206
2005-09-11 14:25:00,166.246,50.545440416666715,197.667,137.147,1349.26,381.383,97.1098075,193.476,82.6,261.962,91.401,148.3,182.274,165.716,181.03,178.382,105.018,122.078,241.628
2005-09-11 14:30:00,166.624,50.714927499999995,195.933,135.16,1351.54,380.433,96.64,189.582,82.274,263.505,90.819,149.12,182.978,166.194,182.474,181.266,104.566,124.144,238.124
2005-09-11 14:35:00,164.9,51.03877041666669,197.3,136.44,1345.86,385.393,97.16064250000005,190.442,82.066,261.962,91.23,148.36,184.226,165.196,181.724,179.942,104.14,121.99,242.33
2005-09-11 14:40:00,168.026,50.71742458333331,197.8,136.677,1349.16,378.69,96.67576166666657,192.664,82.35,263.001,90.133,149.42,184.532,165.232,180.52,179.262,105.2,121.518,240.27
2005-09-11 14:45:00,165.672,50.576252916666675,197.5,136.527,1352.1,382.387,96.507,190.542,83.132,264.586,91.097,149.0,181.676,168.07,181.468,179.038,104.192,122.104,240.434
2005-09-11 14:50:00,165.624,50.711378749999966,197.633,136.35,1363.8,382.01,96.57515416666664,190.016,81.94,266.391,89.317,149.22,183.296,165.792,182.684,182.264,104.424,121.894,238.942
2005-09-11 14:55:00,167.362,50.70247500000001,198.6,137.593,1356.16,378.48,96.92686874999998,192.86,82.584,263.371,91.848,149.26,182.234,166.756,182.044,180.996,104.266,122.706,240.896
2005-09-11 15:00:00,166.626,50.51674250000003,196.9,136.027,1355.5,379.087,95.972,191.216,83.3,264.478,90.891,148.76,181.776,168.592,182.122,179.876,104.616,121.906,241.702
2005-09-11 15:05:00,167.668,50.75330208333327,197.5,137.873,1351.04,381.847,96.87197083333326,192.084,83.57,266.223,91.468,149.7,183.016,165.724,183.6,181.148,106.102,121.902,240.49
2005-09-11 15:10:00,166.822,50.76762249999999,198.767,136.993,1360.68,382.3,96.8910899999999,193.32,81.878,263.907,89.826,149.06,183.752,165.878,179.444,181.854,105.62,122.868,240.508
2005-09-11 15:15:00,167.322,50.8525295833333,197.033,137.65,1349.86,380.013,97.575,191.664,83.864,265.049,90.717,148.82,183.476,165.864,180.762,182.44,103.452,121.694,239.244
2005-09-11 15:20:00,165.644,50.87043708333334,196.567,137.41,1351.12,381.92,97.00602249999999,193.746,82.016,264.621,90.455,149.62,182.618,165.252,181.698,181.444,104.472,122.884,241.214
2005-09-11 15:25:00,166.218,50.67834374999996,197.8,135.443,1348.04,377.853,96.7466949999999,193.522,83.194,264.353,89.481,149.34,183.978,167.17,180.452,182.692,105.384,121.272,240.646
2005-09-11 15:30:00,166.922,50.92740291666667,199.1,138.77,1352.9,381.94,96.522,192.484,83.456,265.526,90.467,150.14,184.206,166.016,181.734,181.798,105.894,122.23,241.1
2005-09-11 15:35:00,166.98,50.90819833333339,201.0,138.047,1354.94,382.053,97.2344175000001,194.514,81.856,267.175,90.167,146.34,182.308,167.608,181.846,180.812,107.36,122.888,241.13
2005-09-11 15:40:00,167.048,50.889140416666685,195.6,137.627,1355.98,381.403,96.97864374999997,193.674,81.54,265.861,90.567,150.4,182.234,165.5,181.01,180.816,104.904,120.416,236.166
2005-09-11 15:45:00,166.668,50.761667499999994,197.867,136.28,1350.88,382.27,97.357,194.652,82.25,264.553,91.494,149.38,182.948,167.49,184.294,182.582,106.054,120.896,240.304
2005-09-11 15:50:00,166.62,50.98109125000002,196.6,137.63,1352.14,384.697,97.70736874999997,195.91,81.236,263.187,89.122,150.08,182.654,164.502,181.05,180.8,106.28,121.184,240.496
2005-09-11 15:55:00,166.958,51.22768250000001,196.6,137.96,1351.82,385.714,97.73067666666665,193.754,81.222,267.885,89.92,149.14,182.094,165.078,181.204,184.284,105.11,120.894,239.936
2005-09-11 16:00:00,169.058,51.12580624999997,195.767,137.49,1355.58,385.673,97.56,195.924,82.582,262.126,91.388,149.26,182.16,165.836,183.306,180.972,104.75,121.29,238.98
2005-09-11 16:05:00,167.898,50.79426791666661,196.5,136.417,1361.08,384.653,97.9434425,195.078,82.75,266.049,91.721,150.24,180.654,166.838,179.296,181.542,105.466,121.732,239.368
2005-09-11 16:10:00,168.502,50.85419458333334,196.433,136.01,1358.24,383.93,97.86545750000003,196.48,82.83,267.388,91.857,149.14,182.934,164.992,181.436,182.018,104.726,120.702,240.41
2005-09-11 16:15:00,167.21,50.788295000000005,197.967,136.643,1355.04,387.97,98.783,194.252,82.378,268.621,91.826,147.56,183.258,165.004,184.378,179.404,105.206,121.372,239.72
2005-09-11 16:20:00,167.872,51.22068958333332,198.533,138.727,1360.78,387.783,98.40147312499995,196.71,81.844,267.583,90.782,149.4,181.414,164.538,182.632,180.026,104.236,121.936,239.118
2005-09-11 16:25:00,167.532,51.10758749999998,197.2,136.27,1348.74,386.903,98.1237275,193.388,82.058,264.477,90.837,150.08,182.102,164.744,181.468,184.29,105.8,121.468,236.802
2005-09-11 16:30:00,167.814,51.16213083333336,198.7,139.833,1352.06,385.31,97.692,195.994,82.684,266.691,91.026,149.3,183.622,164.794,181.528,181.326,105.318,122.268,240.074
2005-09-11 16:35:00,166.236,51.21253291666667,196.067,140.653,1355.94,388.25,98.23019541666679,195.172,82.012,265.527,91.99,148.94,183.864,165.312,181.8,182.046,105.162,122.07,238.014
2005-09-11 16:40:00,169.46,51.14268791666661,198.1,138.08,1356.88,387.667,98.31426958333324,196.122,82.384,264.332,92.894,149.7,182.598,165.738,181.592,182.356,105.796,121.164,238.124
2005-09-11 16:45:00,167.774,51.07678208333332,197.7,137.417,1352.16,389.167,98.865,195.78,81.92,265.769,91.016,148.48,183.742,164.952,183.144,182.654,105.284,121.954,238.888
2005-09-11 16:50:00,168.678,51.12247416666661,198.033,137.907,1353.1,392.593,98.83117374999992,196.796,82.324,265.767,90.67,149.34,184.076,164.824,181.842,181.81,105.042,121.598,238.894
2005-09-11 16:55:00,168.086,51.21676499999993,199.9,136.35,1354.06,389.873,98.37902187499995,193.344,80.074,265.24,90.709,150.66,183.526,165.63,181.23,182.952,104.686,121.96,240.362
2005-09-11 17:00:00,168.318,51.05891666666658,198.8,137.307,1344.74,389.033,98.23,196.566,81.182,269.411,92.174,149.82,180.892,166.56,179.092,182.458,106.418,120.912,237.588
2005-09-11 17:05:00,169.128,50.98816458333336,199.0,137.137,1346.94,385.98,98.2711574999999,195.592,83.64,268.248,91.195,149.06,183.782,164.88,179.08,181.776,104.756,122.182,235.594
2005-09-11 17:10:00,167.914,51.14936083333332,198.733,139.363,1341.5,390.767,98.56012458333323,194.606,80.564,267.419,92.922,151.06,185.592,165.966,181.55,182.696,105.196,121.486,238.798
2005-09-11 17:15:00,167.174,51.088062499999985,199.467,137.9,1345.7,386.507,98.477,196.676,81.014,268.388,91.634,149.84,184.188,165.91,181.892,182.172,104.974,121.52,236.438
2005-09-11 17:20:00,168.27,51.23461083333334,197.3,138.187,1349.1,385.87,98.0349320833332,195.662,82.754,269.89,91.743,150.52,183.816,164.336,181.632,183.224,105.644,122.066,239.854
2005-09-11 17:25:00,164.418,51.35784208333334,198.267,137.973,1351.76,385.83,98.2731404166666,197.668,80.358,268.958,92.162,149.7,185.666,163.708,182.616,182.808,104.526,122.042,239.038
2005-09-11 17:30:00,168.096,50.99401416666667,198.333,136.127,1350.32,389.37,99.259,195.026,83.214,267.731,91.619,148.48,184.08,165.066,179.194,182.206,105.8,123.654,240.844
2005-09-11 17:35:00,167.634,50.944525416666686,198.7,137.007,1355.86,387.53,98.60269708333328,195.868,82.044,267.266,91.217,152.12,185.602,164.772,179.922,183.798,105.93,122.532,241.474
2005-09-11 17:40:00,167.864,50.961123749999985,197.8,137.427,1353.34,387.583,98.47139354166664,196.174,81.606,266.672,91.913,149.04,183.128,164.398,180.706,182.558,105.158,121.706,240.916
2005-09-11 17:45:00,169.374,51.073,198.233,137.597,1347.2,388.863,98.274,195.972,82.228,268.233,91.984,149.72,182.774,162.908,178.954,181.364,105.244,121.214,239.528
2005-09-11 17:50:00,167.756,50.734,196.433,139.407,1340.86,391.65,98.65342999999993,196.298,81.892,269.031,91.608,151.74,181.678,163.19,180.294,182.062,105.46,122.098,239.436
2005-09-11 17:55:00,167.556,50.71,198.267,137.9,1353.94,387.41,98.46164416666664,195.236,81.094,267.606,90.722,149.66,184.738,165.056,180.438,181.978,105.14,122.336,242.234
2005-09-11 18:00:00,167.652,51.927,198.433,137.4,1350.22,385.43,98.229,194.198,82.506,268.868,92.219,150.8,185.102,163.39,180.846,182.696,104.278,122.314,237.772
2005-09-11 18:05:00,168.196,51.193,198.333,136.207,1338.16,386.647,98.38455583333332,194.13,78.934,268.502,91.391,149.44,183.3,163.638,180.256,181.124,106.368,120.484,241.024
2005-09-11 18:10:00,165.266,50.28,196.7,137.547,1338.98,389.66,98.50716499999992,195.918,80.584,271.125,92.186,148.98,183.066,163.788,180.636,181.186,105.04,123.012,241.272
2005-09-11 18:15:00,166.006,50.93,200.8,137.56,1347.06,388.577,98.664,196.712,81.47,267.94,91.098,150.48,183.666,163.91,179.964,183.262,104.176,122.456,242.64
2005-09-11 18:20:00,167.346,51.377,197.7,139.457,1341.34,383.683,97.8231175,193.744,80.478,270.861,91.795,152.42,184.144,165.828,178.912,182.698,105.194,123.198,239.516
2005-09-11 18:25:00,166.882,50.593,200.1,136.983,1339.12,387.88,98.22133749999998,194.858,83.37,270.397,94.379,150.4,184.262,162.128,181.068,183.34,105.312,120.658,238.092
2005-09-11 18:30:00,165.954,52.91,198.967,138.263,1356.52,388.653,97.336,194.328,81.976,270.497,91.005,149.26,183.884,162.262,181.274,182.098,104.746,121.836,240.846
2005-09-11 18:35:00,169.088,50.31,198.167,137.917,1346.4,384.213,98.14561749999993,195.338,81.606,269.306,91.39,149.64,183.04,162.064,179.49,184.48,104.074,120.456,239.976
2005-09-11 18:40:00,166.548,50.75,201.967,136.073,1345.32,385.287,98.3095708333334,195.584,81.808,270.367,92.391,150.18,184.578,164.112,179.732,182.876,104.562,122.96,240.24
2005-09-11 18:45:00,168.024,50.86,198.067,136.613,1346.38,386.867,99.252,195.34,81.24,269.34,91.91,149.66,185.396,161.69,177.808,180.348,104.328,120.85,238.798
2005-09-11 18:50:00,167.288,51.27,198.567,135.82,1347.54,384.09,98.1834,195.078,81.958,268.285,92.219,152.98,183.742,163.38,177.986,180.738,103.624,121.748,240.222
2005-09-11 18:55:00,165.402,51.07,199.567,137.48,1337.14,389.26,98.49721708333325,195.752,80.492,267.425,92.635,150.44,183.552,164.732,177.482,182.138,104.878,120.908,238.834
2005-09-11 19:00:00,167.086,49.37,198.8,136.937,1349.46,384.083,98.302,195.592,81.306,268.222,92.344,151.34,184.856,163.41,178.746,179.5,104.502,119.864,241.6
2005-09-11 19:05:00,167.398,51.313,197.667,138.3,1351.38,384.367,98.01628916666668,194.23,81.262,267.89,93.298,150.78,184.334,164.074,178.798,180.13,104.064,120.174,237.182
2005-09-11 19:10:00,168.084,50.993,199.0,136.4,1351.28,384.89,98.21269874999994,194.516,81.72,268.651,93.788,151.34,184.278,164.458,178.316,181.8,103.66,121.16,236.938
2005-09-11 19:15:00,165.392,49.21,199.5,136.723,1352.36,387.117,99.755,195.542,80.78,269.71,90.896,150.14,184.498,165.51,179.19,181.312,105.442,121.508,238.042
2005-09-11 19:20:00,166.574,51.957,199.933,137.047,1338.68,388.133,98.19110791666671,194.086,81.742,267.368,91.609,149.02,185.486,163.954,181.412,182.44,104.146,121.204,240.186
2005-09-11 19:25:00,167.98,50.89,197.833,136.537,1344.5,387.023,98.26246708333336,193.058,82.48,266.777,93.063,150.76,183.58,165.046,180.06,179.844,104.826,122.012,238.522
2005-09-11 19:30:00,165.518,50.177,198.9,135.943,1351.6,383.33,97.982,194.026,81.702,269.415,92.268,150.1,181.006,163.49,180.806,178.512,104.444,121.116,237.662
2005-09-11 19:35:00,166.25,50.56,197.767,136.513,1346.42,385.137,98.03322541666662,194.548,80.484,266.089,93.735,150.14,183.904,165.064,180.458,179.654,102.96,119.88,235.514
2005-09-11 19:40:00,166.134,52.237,198.867,138.493,1350.86,387.31,98.45131458333327,193.776,81.456,269.943,92.557,152.38,184.828,165.1,179.388,179.408,103.274,120.622,239.318
2005-09-11 19:45:00,167.508,50.223,199.5,138.437,1346.2,384.534,98.367,193.012,81.086,267.87,91.225,150.26,183.532,162.894,178.362,178.888,104.85,120.582,238.256
2005-09-11 19:50:00,166.162,50.61,202.4,136.653,1349.46,382.6,97.07060125000004,191.392,81.008,266.452,93.788,149.52,183.696,164.744,180.866,175.666,103.55,120.092,235.282
2005-09-11 19:55:00,166.414,51.73,198.933,136.84,1342.48,384.293,98.02116708333337,196.904,81.358,270.636,92.454,150.08,184.232,163.936,181.436,181.048,102.758,120.698,237.248
2005-09-11 20:00:00,168.428,50.437,201.6,136.843,1347.94,385.287,98.466,197.092,82.358,268.2,92.758,149.34,185.782,163.038,179.238,179.66,103.616,120.336,237.912
2005-09-11 20:05:00,166.826,50.687,198.267,135.327,1347.62,389.517,98.77427999999995,195.008,82.558,268.266,92.738,149.0,184.96,165.374,177.472,179.832,102.9,120.548,237.68
2005-09-11 20:10:00,164.682,51.37,198.8,136.96,1341.7,384.847,97.9818691666667,195.974,81.856,268.43,89.963,150.56,183.688,164.448,178.642,179.92,103.632,121.742,241.358
2005-09-11 20:15:00,165.1,50.617,199.0,138.773,1348.52,387.28,98.524,193.982,81.844,269.056,92.843,151.0,183.0,164.284,179.282,179.534,104.126,120.706,237.156
2005-09-11 20:20:00,167.71,51.497,200.767,136.237,1346.68,382.107,97.53221125000006,194.586,82.458,267.641,91.795,150.56,184.074,167.228,180.938,180.94,104.336,119.852,235.838
2005-09-11 20:25:00,168.294,52.54,200.667,137.65,1349.4,384.43,97.76105083333319,194.132,81.42,268.005,90.739,149.98,183.306,164.134,181.128,180.126,103.358,119.896,237.664
2005-09-11 20:30:00,167.456,51.523,200.933,136.043,1349.52,384.5,98.091,193.354,83.51,269.682,91.573,150.06,182.928,165.104,182.036,179.71,104.022,122.712,235.934
2005-09-11 20:35:00,167.462,50.223,199.467,135.327,1350.86,381.123,97.42425166666668,193.008,83.428,265.869,92.161,151.44,181.918,165.022,179.284,179.268,105.438,121.586,237.052
2005-09-11 20:40:00,168.128,51.557,200.033,136.51,1349.5,382.653,97.58496583333334,194.13,83.666,267.117,93.258,149.2,181.876,165.074,180.684,177.234,104.382,122.128,236.986
2005-09-11 20:45:00,167.598,50.423,199.433,136.097,1345.08,382.903,97.915,195.012,82.734,269.024,93.305,150.86,182.958,165.132,180.386,179.512,104.576,122.258,237.614
2005-09-11 20:50:00,166.684,50.343,201.4,136.277,1344.76,382.713,97.47760583333341,194.572,82.424,265.543,91.467,149.26,182.2,164.54,180.418,178.346,104.968,121.252,237.888
2005-09-11 20:55:00,164.694,50.163,197.567,135.577,1342.28,384.64,97.45334583333333,192.548,83.46,266.692,93.317,150.04,183.17,164.858,180.738,177.938,103.332,121.074,237.686
2005-09-11 21:00:00,166.83,50.733,199.633,137.243,1348.6,383.037,96.893,194.048,82.958,268.367,92.222,149.94,184.542,164.942,181.954,180.206,103.728,121.074,237.912
2005-09-11 21:05:00,167.832,50.493,199.267,136.317,1346.4,382.653,97.70364499999998,195.012,83.314,266.857,92.159,150.26,182.364,164.812,181.984,178.56,105.336,123.382,238.436
2005-09-11 21:10:00,166.582,50.793,200.767,135.763,1345.46,382.34,97.82667041666667,197.906,81.884,268.204,92.712,150.08,182.196,166.348,184.742,177.584,104.41,121.618,237.62
2005-09-11 21:15:00,165.832,49.833,200.533,136.287,1355.86,378.68,97.842,195.672,83.35,265.874,92.316,150.54,182.872,165.552,180.946,178.516,103.206,121.302,238.448
2005-09-11 21:20:00,165.804,50.427,200.267,137.067,1350.5,382.28,97.7395600000001,195.212,83.932,270.24,93.881,150.46,179.832,164.706,182.734,178.006,104.178,121.812,238.612
2005-09-11 21:25:00,165.99,49.73,201.733,135.343,1341.2,382.47,97.59294000000004,194.258,82.272,268.5,91.625,151.68,185.01,166.25,180.584,178.798,103.61,120.884,237.342
2005-09-11 21:30:00,168.552,51.32,199.7,139.327,1345.26,382.52,96.875,195.212,82.902,268.007,90.727,150.66,183.57,164.03,182.932,178.544,106.148,120.816,238.752
2005-09-11 21:35:00,166.346,50.247,201.6,137.083,1342.3,388.307,98.27523124999998,195.532,84.1,266.825,90.809,148.46,181.122,164.694,180.69,178.822,104.696,121.532,238.486
2005-09-11 21:40:00,167.026,49.93,202.0,137.39,1341.12,383.873,97.57023875,193.84,83.894,268.27,92.825,149.16,180.846,166.392,180.608,180.524,104.374,120.332,238.452
2005-09-11 21:45:00,164.99,52.063,200.233,139.163,1351.34,388.473,97.818,194.304,84.03,265.578,91.267,148.9,180.906,164.636,183.008,179.198,105.624,121.742,236.944
2005-09-11 21:50:00,166.478,50.833,203.0,136.37,1342.96,387.203,98.18174291666662,196.262,82.974,264.298,92.931,149.58,179.834,163.572,184.874,179.228,104.77,121.636,239.594
2005-09-11 21:55:00,167.902,50.4,201.133,136.017,1347.02,384.62,97.9508374999999,196.24,83.636,266.892,91.969,152.12,181.478,167.572,183.824,179.758,105.054,120.96,238.352
2005-09-11 22:00:00,165.696,50.117,200.967,137.287,1345.22,387.54,97.983,194.732,83.292,264.495,92.552,150.26,180.506,164.978,184.378,181.326,104.79,122.728,240.804
2005-09-11 22:05:00,167.682,50.98,202.433,137.127,1339.96,384.62,97.69230124999996,195.986,85.176,265.48,92.895,147.44,184.288,166.122,184.408,179.64,105.14,121.442,239.432
2005-09-11 22:10:00,165.674,50.84,201.567,138.023,1340.58,386.15,97.9123904166667,194.936,84.288,267.023,91.724,150.04,181.536,164.99,182.858,180.462,106.074,122.048,241.848
2005-09-11 22:15:00,165.776,50.653,198.767,135.257,1348.96,382.103,98.7,195.466,82.814,264.725,92.333,148.74,181.706,162.618,183.01,181.724,103.466,121.902,239.356
2005-09-11 22:20:00,165.722,51.327,201.267,137.507,1352.16,385.317,98.05004124999988,197.056,85.616,265.021,92.282,149.44,179.818,162.758,183.028,182.08,104.348,121.34,239.18
2005-09-11 22:25:00,165.844,51.547,199.5,137.583,1354.12,387.573,98.17265250000008,194.914,83.466,262.852,92.669,150.02,183.132,165.968,182.574,180.974,103.218,122.216,241.906
2005-09-11 22:30:00,169.274,52.237,198.967,138.053,1349.28,389.137,99.015,195.69,85.256,266.695,92.265,150.1,180.366,164.22,182.204,181.84,103.992,122.348,240.548
2005-09-11 22:35:00,166.182,49.487,201.367,136.88,1354.78,383.897,97.8545141666667,195.256,85.068,266.464,91.878,149.42,179.332,165.512,183.236,180.624,105.344,122.416,242.608
2005-09-11 22:40:00,167.074,50.413,203.067,136.493,1352.5,384.143,97.50981708333333,193.078,84.21,265.052,91.937,149.42,181.812,161.396,183.662,182.394,104.68,122.646,240.794
2005-09-11 22:45:00,167.744,51.303,201.867,138.49,1353.3,384.523,98.341,198.52,82.252,264.86,90.952,149.18,181.11,165.785,182.11,181.348,103.88,120.992,238.38
2005-09-11 22:50:00,167.742,51.033,200.433,133.657,1350.34,384.707,97.62827208333334,195.086,83.714,263.055,90.355,149.46,181.762,163.995,184.924,182.452,104.02,120.582,239.51838875000013
2005-09-11 22:55:00,167.896,50.593,199.1,137.59,1350.18,384.6,97.65074166666665,195.162,83.266,264.761,90.431,149.5,180.142,162.354,182.702,182.282,103.738,121.524,241.22
2005-09-11 23:00:00,165.59,50.777,200.9,137.74,1349.38,384.303,97.342,193.522,83.65,266.335,91.668,148.78,182.172,162.538,181.79,182.838,103.51,121.888,240.872
2005-09-11 23:05:00,167.722,51.227,197.567,137.053,1357.08,386.453,98.20597999999994,196.372,83.978,267.517,91.703,149.48,181.158,165.184,183.18,181.408,103.658,120.542,238.7911154166668
2005-09-11 23:10:00,168.432,51.36,201.733,137.623,1346.94,386.117,98.0766904166666,194.98,85.506,267.45,91.608,148.68,182.546,164.46,182.352,182.854,104.478,122.716,241.04292416666664
2005-09-11 23:15:00,170.032,51.173,202.4,138.73,1344.24,386.437,98.227,196.254,82.628,267.679,91.944,148.86,179.522,163.934,184.452,184.376,103.774,121.32,240.03032708333342
2005-09-11 23:20:00,169.708,51.84,200.0,137.133,1344.7,385.013,97.97979458333324,195.968,84.634,266.893,91.153,149.9,180.972,164.286,185.47,183.474,104.176,123.262,242.95
2005-09-11 23:25:00,169.268,51.057,199.3,136.92,1343.76,384.903,97.92636583333316,195.896,85.16,268.403,90.657,147.64,180.998,163.752,183.506,179.648,105.294,123.468,242.35
2005-09-11 23:30:00,167.134,50.28,200.033,136.393,1352.24,384.727,97.391,193.542,84.92,270.503,91.695,149.4,183.292,162.962,185.83,183.42,105.264,122.974,242.55188479166668
2005-09-11 23:35:00,169.09,50.283,203.9,137.78,1354.04,378.933,97.64738708333327,194.282,83.252,269.715,92.875,149.74,183.558,161.178,183.548,184.738,104.8,123.092,242.29620770833372
2005-09-11 23:40:00,168.464,51.21,201.7,136.307,1348.44,384.563,97.75126791666658,194.496,84.21,268.338,92.006,150.16,180.896,162.934,183.01,182.154,106.146,121.484,239.5879595833336
2005-09-11 23:45:00,167.772,52.183,199.8,137.857,1348.86,380.543,98.253,194.314,84.242,269.749,90.882,147.84,182.614,164.124,183.78,183.34,105.858,123.114,242.84002333333336
2005-09-11 23:50:00,166.284,50.14,201.667,138.207,1342.34,383.43,97.49463458333327,196.932,84.39,267.746,90.147,148.72,184.522,164.51,182.178,183.44,104.972,121.384,239.105
2005-09-11 23:55:00,166.58,50.793,200.9,137.203,1348.72,384.717,98.14020916666665,199.176,84.544,268.501,92.043,149.58,181.772,160.914,182.428,180.966,104.93,123.972,240.272
2005-09-12 00:00:00,166.918,51.68,198.4,136.877,1340.2,385.283,98.082,197.424,83.638,268.993,92.387,151.18,183.492,163.756,182.42,184.164,105.992,121.856,243.45
2005-09-12 00:05:00,167.492,50.233,201.033,137.36,1345.38,382.803,97.82430291666658,196.236,82.344,270.568,92.492,149.44,182.092,163.586,184.356,180.742,104.858,121.776,240.8
2005-09-12 00:10:00,167.238,51.08,200.967,135.957,1342.44,383.79,97.72585833333335,195.718,84.366,269.879,92.054,149.48,181.338,162.146,185.556,183.852,104.344,121.662,243.593
2005-09-12 00:15:00,168.786,52.07,200.467,137.367,1339.32,385.736,97.784,195.19,83.11,268.828,90.611,150.96,183.108,161.708,182.872,182.744,105.824,123.288,240.8
2005-09-12 00:20:00,167.312,50.843,201.433,137.393,1342.76,385.483,97.92845333333332,195.64,82.8,269.584,90.868,149.2,185.004,162.628,183.198,183.87,105.45,121.806,241.33582625000003
2005-09-12 00:25:00,165.934,51.39,199.433,137.243,1343.6,382.383,97.55597666666667,196.212,85.214,268.598,90.361,149.86,185.182,162.706,184.204,185.818,104.95,124.006,240.21
2005-09-12 00:30:00,167.28,52.003,199.6,137.403,1344.2,385.89,97.584,196.182,83.918,266.295,93.318,150.18,184.94,162.788,185.136,184.044,104.864,122.928,241.58
2005-09-12 00:35:00,168.296,50.133,201.0,135.81,1342.36,381.767,97.5488816666666,194.842,84.074,271.456,90.885,149.66,183.51,161.72,182.982,182.946,104.342,122.09,240.91872375000003
2005-09-12 00:40:00,166.47,50.677,201.233,137.7,1349.04,386.646,98.31867166666662,196.26,84.312,269.156,91.918,149.34,185.686,163.95,184.062,181.262,105.936,123.234,242.3006868750001
2005-09-12 00:45:00,167.29,50.417,201.7,136.72,1348.1,383.48,97.196,199.048,83.74,270.306,91.438,150.44,185.304,163.43,183.086,184.606,104.658,122.226,238.99
2005-09-12 00:50:00,168.76,52.703,200.0,138.693,1344.3,385.927,98.17900083333325,195.95,83.894,272.607,92.352,149.76,185.656,163.824,182.554,182.588,106.716,123.6,242.90253333333348
2005-09-12 00:55:00,166.328,51.277,199.233,137.903,1346.16,387.46,98.33538166666659,197.844,82.65,271.227,91.638,151.7,184.394,164.82,183.196,181.986,106.094,122.798,241.545
2005-09-12 01:00:00,167.1,51.473,201.233,136.387,1339.92,385.877,98.177,194.61,83.996,271.03,92.105,148.74,183.006,160.774,184.446,182.556,106.366,122.824,242.10169458333348
2005-09-12 01:05:00,167.296,52.273,200.467,135.217,1343.38,383.323,97.81953499999997,195.43,84.456,272.608,92.67,149.04,185.708,162.904,184.108,183.904,105.604,122.608,244.68
2005-09-12 01:10:00,167.37,51.623,199.3,136.703,1341.84,386.433,98.04445249999985,195.074,85.156,271.391,91.476,149.58,183.774,162.554,183.384,184.644,103.984,122.612,242.367
2005-09-12 01:15:00,167.07,51.49,197.7,140.28,1341.8,386.507,97.65,195.274,84.602,270.931,91.787,149.82,183.816,162.376,184.986,184.522,105.506,123.57,242.69699458333352
2005-09-12 01:20:00,164.66,52.117,200.767,137.403,1345.6,386.53,98.03202166666662,193.754,84.914,269.55,91.18,150.58,184.964,165.276,184.466,184.47,105.804,122.634,244.16
2005-09-12 01:25:00,168.668,50.797,199.033,136.747,1354.0,386.1,98.17538333333329,195.064,83.892,271.03,91.213,149.02,183.162,162.634,182.884,181.612,105.28,123.106,243.276
2005-09-12 01:30:00,166.176,50.89,199.9,137.13,1349.94,385.507,98.112,197.38,83.152,270.075,92.121,149.1,185.206,162.43,181.526,182.564,104.85,122.04,243.344
2005-09-12 01:35:00,168.756,49.363,198.467,140.103,1345.3,384.643,97.76098750000003,193.836,84.486,269.023,91.632,149.84,184.468,164.498,183.166,183.028,106.54,122.846,241.455
2005-09-12 01:40:00,168.222,51.4,200.767,137.5,1345.5,385.28,98.17710958333319,197.664,82.98,270.636,92.137,149.68,184.004,163.434,183.32,183.65,104.478,123.262,243.822
2005-09-12 01:45:00,165.084,51.843,200.7,136.84,1344.94,385.263,97.74,195.426,83.952,269.548,91.458,149.18,185.96,163.668,182.176,181.502,105.51,122.456,241.494
2005-09-12 01:50:00,167.238,51.13,197.567,136.96,1353.82,386.28,98.17254458333326,197.064,83.732,271.327,91.765,149.54,184.912,162.97,181.93,183.542,105.42,122.722,243.134
2005-09-12 01:55:00,168.076,51.597,201.467,137.397,1347.62,385.79,98.21039583333331,196.7,84.842,271.163,92.08,150.24,183.23,167.08,182.814,183.588,105.738,123.352,243.444
2005-09-12 02:00:00,168.78,51.067,199.967,137.31,1349.76,385.61,98.192,193.412,82.438,272.679,92.033,152.2,183.842,164.756,181.966,185.012,105.98,123.586,244.02
2005-09-12 02:05:00,167.622,52.017,197.967,136.96,1354.36,385.677,98.37228291666655,198.14,84.054,270.866,91.844,149.86,186.866,164.198,182.382,184.352,104.396,122.41,242.472
2005-09-12 02:10:00,169.938,50.043,199.667,136.927,1357.72,385.103,97.9243754166666,193.184,83.23,268.558,91.138,150.82,185.318,161.66,184.834,183.638,104.742,123.124,241.716
2005-09-12 02:15:00,169.292,50.53,201.1,138.027,1355.74,385.037,99.509,197.814,84.082,272.317,91.307,150.58,186.38,164.298,183.762,182.41,106.98,123.148,240.822
2005-09-12 02:20:00,166.208,50.64,198.233,135.17,1346.76,385.69,98.2439195833334,196.802,83.66,271.262,91.919,147.72,184.844,165.606,182.782,183.782,104.654,124.072,242.86758333333316
2005-09-12 02:25:00,167.814,50.2,200.933,137.367,1354.46,387.097,98.48518333333334,195.246,82.982,270.171,90.77,149.1,186.424,165.524,183.328,182.024,106.296,121.888,240.00854000000007
2005-09-12 02:30:00,168.024,49.217,198.7,136.78,1360.46,385.223,98.389,196.754,83.306,270.833,91.424,148.94,185.498,163.36,184.802,183.786,106.244,123.666,243.86870333333317
2005-09-12 02:35:00,167.416,51.23,199.733,137.163,1360.6,387.83,98.54889562499991,195.896,83.762,271.196,91.147,150.54,185.612,165.078,182.076,185.368,105.772,124.218,244.63665791666673
2005-09-12 02:40:00,166.956,51.533,200.733,139.7,1368.06,386.823,97.92256249999991,193.426,84.55,270.667,90.479,148.06,184.084,164.608,182.122,184.41,105.594,123.068,244.5
2005-09-12 02:45:00,167.742,51.537,200.267,139.697,1359.98,388.36,98.92,197.338,83.138,269.113,90.998,149.4,186.66,163.7,183.882,183.86,104.05,123.396,244.944
2005-09-12 02:50:00,167.202,50.773,200.267,136.553,1365.54,383.053,97.68254583333339,194.678,83.202,272.287,90.689,147.74,185.442,165.266,184.414,182.968,105.956,124.38,244.492
2005-09-12 02:55:00,167.97,51.513,197.933,136.667,1360.42,385.747,98.31031874999994,195.64,85.234,270.501,92.309,150.56,185.726,166.394,182.904,182.658,106.242,123.464,241.332
2005-09-12 03:00:00,169.192,51.453,200.0,136.2,1362.22,384.817,98.312,196.07,83.328,269.308,91.14,149.68,185.39,167.094,181.19,184.61,104.806,124.454,244.632
2005-09-12 03:05:00,168.19,50.85,200.067,137.453,1360.12,385.693,98.39838874999992,197.158,83.348,271.095,91.013,148.86,185.312,163.094,181.304,184.502,105.268,123.944,246.54
2005-09-12 03:10:00,168.126,50.907,201.133,138.42,1365.14,388.063,98.46213270833327,195.234,83.888,270.698,91.249,149.68,184.004,164.978,186.888,183.766,106.004,124.332,245.482
2005-09-12 03:15:00,167.394,51.057,200.033,136.753,1361.08,385.74,98.487,194.908,83.642,272.551,92.947,150.38,185.256,165.414,183.13,185.62,105.912,124.634,244.288
2005-09-12 03:20:00,167.904,50.543,199.567,138.333,1368.24,386.113,98.51820750000003,196.112,83.262,268.976,93.752,152.38,185.128,166.376,183.194,185.928,105.87,123.602,246.19
2005-09-12 03:25:00,167.688,50.897,197.633,137.47,1364.34,386.083,98.379835,194.076,84.148,273.511,93.762,149.54,184.038,164.3,182.022,182.604,104.684,125.644,244.552
2005-09-12 03:30:00,168.912,50.8,200.033,138.297,1370.76,387.863,98.593,195.81,84.376,272.021,92.996,148.32,182.976,165.21,183.092,181.748,106.548,123.628,245.302
2005-09-12 03:35:00,169.626,50.167,201.333,136.893,1374.44,385.12,98.52147500000005,195.81,83.778,273.247,92.986,150.76,184.878,163.596,181.454,186.01,105.862,124.098,246.77
2005-09-12 03:40:00,166.298,50.967,201.6,139.013,1371.4,385.44,98.32378708333334,197.282,83.614,270.266,93.598,149.76,184.57,166.146,181.764,183.26,105.646,123.926,243.96
2005-09-12 03:45:00,168.106,51.72,201.5,137.34,1369.2,388.536,98.443,197.848,82.654,271.723,92.008,149.5,185.58,165.532,182.532,183.268,104.778,123.876,245.376
2005-09-12 03:50:00,167.56,51.187,199.3,139.12,1378.72,388.097,98.65459812499994,195.77,83.564,272.253,92.678,150.48,186.168,165.654,182.16,185.768,105.126,126.014,245.49
2005-09-12 03:55:00,168.928,51.047,199.0,137.027,1367.74,389.757,98.82680749999997,194.876,83.584,271.757,91.963,150.2,185.44,165.756,184.294,184.226,106.29,125.417,245.45062750000005
2005-09-12 04:00:00,167.058,51.05,201.1,138.513,1362.76,388.273,98.328,197.654,82.472,270.464,91.846,152.06,184.416,166.416,182.998,182.246,106.332,122.93403749999997,242.21445291666691
2005-09-12 04:05:00,169.538,50.423,200.1,138.473,1379.44,387.787,98.5909133333333,195.334,84.676,272.253,93.244,150.48,185.024,165.874,183.594,181.266,106.214,124.05997624999982,244.67995958333356
2005-09-12 04:10:00,168.228,51.49,201.767,138.2,1365.48,389.24,98.9171441666666,199.458,83.69,268.709,91.691,152.88,186.25,166.918,183.2,183.8,104.582,124.09775750000009,244.58796041666673
2005-09-12 04:15:00,167.094,48.9,202.067,137.283,1374.62,386.607,98.957,195.514,83.74,271.491,91.908,151.9,186.432,166.986,181.32,184.142,104.666,124.41727124999996,244.9048791666668
2005-09-12 04:20:00,169.16,50.767,200.933,136.157,1375.94,387.14,98.70214958333341,196.138,83.336,271.292,93.152,152.82,185.166,167.276,182.732,183.306,105.518,124.21269333333332,244.88220125000007
2005-09-12 04:25:00,169.206,51.09,198.367,138.06,1369.24,388.237,98.51805874999997,197.166,83.222,274.308,92.053,151.24,185.684,166.426,186.442,182.61,106.346,124.50363999999986,244.9809645833335
2005-09-12 04:30:00,168.012,51.09,199.4,138.567,1376.42,391.453,99.191,196.436,83.702,273.082,92.851,152.64,187.568,166.186,181.222,184.194,106.308,124.90881541666651,245.44347166666662
2005-09-12 04:35:00,170.9,50.813,200.933,139.857,1368.72,387.69,98.63533625000002,196.996,85.034,271.424,92.439,151.74,185.46,165.078,182.688,182.034,105.964,123.9399845833333,244.80900541666674
2005-09-12 04:40:00,169.014,50.917,198.867,138.263,1372.92,387.447,98.65518958333328,198.068,82.518,272.552,91.786,152.74,185.424,166.792,184.112,181.696,106.622,124.04326333333329,244.7357716666668
2005-09-12 04:45:00,170.128,51.333,201.433,140.023,1380.02,387.867,98.117,198.434,83.528,271.921,92.214,151.36,185.838,166.308,180.142,184.644,105.364,124.1476116666667,244.9524270833332
2005-09-12 04:50:00,170.172,50.45,199.767,138.503,1366.3,390.133,99.14964145833332,197.688,84.076,273.946,92.268,150.44,186.856,166.946,182.98,183.782,105.988,124.42335083333319,245.4041375000001
2005-09-12 04:55:00,169.022,51.417,199.9,139.63,1385.2,391.8,99.24561749999997,195.524,84.85,272.318,93.684,152.74,185.754,167.004,183.07,184.714,106.388,124.38443916666665,245.16324624999987
2005-09-12 05:00:00,171.384,51.033,197.5,137.373,1371.06,390.13,99.726,198.106,84.106,273.813,93.486,153.28,186.66,166.528,181.736,184.03,105.706,124.94518291666658,245.35210500000017
2005-09-12 05:05:00,170.212,51.57,203.167,139.79,1372.1,392.08,99.49028979166661,197.336,85.556,270.992,93.731,151.8,185.766,167.024,184.002,183.696,104.768,124.15134833333349,245.02499083333336
2005-09-12 05:10:00,168.914,51.35,199.9,141.397,1379.42,391.543,99.43007083333329,199.836,83.48,270.858,94.295,151.94,186.258,167.108,182.87,183.422,106.036,124.46668291666667,245.0804045833334
2005-09-12 05:15:00,167.952,51.307,200.367,138.263,1374.52,390.68,98.553,196.17,84.424,272.021,93.95,150.44,185.302,166.606,183.554,184.294,107.234,124.25817791666661,245.09033416666665
2005-09-12 05:20:00,170.602,51.233,200.633,139.913,1375.66,392.463,99.3954479166666,198.804,85.046,272.087,91.455,152.14,186.596,165.666,183.652,183.744,105.606,124.3258145833333,245.16730499999986
2005-09-12 05:25:00,168.172,50.89,201.567,138.903,1376.88,390.346,99.28627166666672,200.184,83.834,272.949,94.119,154.6,186.368,168.254,185.454,184.614,105.234,124.59011874999986,245.23555749999997
2005-09-12 05:30:00,169.894,52.503,201.1,140.243,1369.3,394.81,100.186,201.714,83.73,271.886,91.415,150.52,185.044,167.368,184.244,182.97,105.246,124.7121158333333,245.41189541666665
2005-09-12 05:35:00,169.904,51.417,201.033,139.907,1368.6,394.503,99.63546374999994,200.606,83.582,272.619,93.319,151.4,185.496,166.592,183.136,181.296,106.456,124.59840958333332,245.22977083333336
2005-09-12 05:40:00,169.972,51.453,200.4,140.35,1376.64,394.6,99.59571354166657,197.494,83.246,272.617,92.304,153.86,183.944,167.272,185.056,183.7,107.194,124.8196429166667,245.7873070833333
2005-09-12 05:45:00,171.686,51.87,200.433,140.22,1371.9,394.863,100.735,200.104,83.512,272.652,93.451,151.46,185.316,167.944,183.788,184.024,106.524,125.05908124999996,246.23870333333326
2005-09-12 05:50:00,166.686,52.623,200.9,136.553,1371.32,390.7,99.31644583333338,199.614,84.342,272.187,94.981,152.2,186.464,166.42,185.466,182.376,105.404,124.11949124999992,244.4196208333334
2005-09-12 05:55:00,169.692,50.393,200.533,138.5,1376.2,390.667,99.39716770833346,201.284,83.47,270.758,94.204,152.24,185.632,167.504,183.452,183.164,107.922,124.6315608333333,245.55471541666654
2005-09-12 06:00:00,168.912,52.11,201.733,138.397,1371.98,393.013,99.975,198.694,85.636,271.689,94.616,154.52,187.398,165.874,183.296,184.73,107.668,124.83564916666657,245.94693333333325
2005-09-12 06:05:00,167.74,52.187,200.5,139.207,1366.64,392.07,99.32117249999996,196.046,84.556,270.129,93.482,153.74,184.512,169.784,185.872,184.768,107.032,124.09304458333328,245.01477083333322
2005-09-12 06:10:00,170.176,50.927,201.333,139.007,1368.72,393.337,99.47446812499999,198.146,83.02,273.316,93.752,154.78,184.546,167.74,184.092,182.626,106.142,124.48464208333324,245.34380541666687
2005-09-12 06:15:00,169.712,51.94,200.433,140.14,1368.0,391.723,100.245,198.196,84.094,271.423,94.543,153.72,183.288,168.446,183.718,184.204,107.368,124.42283833333327,245.45879916666672
2005-09-12 06:20:00,169.77,52.69,199.9,137.763,1367.9,394.69,99.95799833333332,201.52,85.13,270.459,94.188,154.5,184.334,165.18,183.93,184.378,105.64,124.68923249999985,245.46059499999998
2005-09-12 06:25:00,169.86,50.627,200.7,139.237,1364.84,394.92,99.49852208333336,198.942,82.72,269.695,94.579,154.88,186.44,165.794,183.904,183.436,107.712,124.77647208333336,245.9371970833333
2005-09-12 06:30:00,168.922,51.23,200.5,140.167,1356.88,393.547,99.449,199.57,83.858,273.68,93.251,155.12,185.344,166.788,185.45,186.064,106.244,124.65699124999996,245.35826999999975
2005-09-12 06:35:00,169.96,52.4,200.867,140.16,1360.56,390.88,99.85649124999998,200.06,84.404,270.062,95.858,153.0,184.738,166.5,184.686,181.858,107.196,123.87596833333335,244.44715999999988
2005-09-12 06:40:00,168.234,51.66,200.033,138.41,1354.38,393.57,99.62990041666666,199.124,84.098,272.917,95.718,154.02,186.732,167.99,186.068,183.948,105.848,124.2381391666666,244.76211874999998
2005-09-12 06:45:00,167.926,50.813,197.6,139.717,1355.98,392.063,98.757,200.862,83.688,270.525,93.459,153.64,183.84,166.136,184.93,185.27,107.878,124.40080041666675,245.00774999999976
2005-09-12 06:50:00,168.768,52.287,200.667,137.63,1347.32,390.15,99.2719125,199.032,83.062,270.957,93.715,152.3,183.972,166.938,184.42,183.702,106.812,123.40604458333324,243.52536750000021
2005-09-12 06:55:00,166.57,50.4,195.767,137.37,1350.3,394.057,99.16145333333323,198.108,83.304,273.948,93.952,152.04,183.162,168.99,184.216,187.402,106.918,124.64648541666656,245.1125841666665
2005-09-12 07:00:00,169.364,52.39,201.033,139.073,1354.5,390.207,99.787,199.22,84.27,270.29,94.058,152.32,184.876,170.216,185.584,183.886,106.35,123.51981041666659,244.0358341666669
2005-09-12 07:05:00,168.472,51.113,199.933,139.137,1358.32,391.763,99.20401583333323,200.162,84.712,268.13,93.829,153.56,184.822,169.56,185.226,184.97,106.952,123.89733166666667,244.31399083333324
2005-09-12 07:10:00,168.276,51.47,201.7,136.07,1363.98,392.403,99.30564958333342,196.44,84.736,271.123,94.565,151.94,185.164,168.15,182.598,184.16,108.026,124.56858625000007,245.27256458333306
