ESOI    ATHN    MXCO    ROME    AATB    LMKS    DRBS    MOSC    NEWK    KIEL    CALG    OULU    APTY    FSMT    INVK    NAIN    PWNK    THUL    SOPB    SOPO
2003-05-29 13:25:00;165.686; 52.287;205.033;122.333;1317.140;401.437;   null;203.854; 85.732;151.730;285.409; 94.234;155.340;193.424;169.448;189.432;191.490;109.768; 42.996;251.232
2003-05-29 13:30:00;166.292; 53.753;204.433;122.150;1321.600;399.443;100.603;201.330; 86.706;150.913;285.966; 94.659;154.180;191.264;172.348;187.746;189.406;107.616; 43.326;251.318
2003-05-29 13:35:00;168.312; 54.687;206.000;122.520;1319.500;396.813;   null;202.520; 87.564;152.813;284.074; 94.358;156.500;190.196;172.102;191.336;191.664;111.012; 42.458;248.170
2003-05-29 13:40:00;165.580; 52.130;202.867;123.293;1320.340;400.427;   null;202.442; 85.982;150.180;281.496; 94.067;155.140;188.958;170.186;189.064;190.544;110.160; 42.976;252.620
2003-05-29 13:45:00;167.570; 52.390;204.733;123.157;1316.300;398.707;100.279;200.820; 85.060;151.763;285.531; 95.218;153.860;190.846;170.044;188.782;190.198;110.458; 43.034;251.302
2003-05-29 13:50:00;167.930; 53.840;205.033;123.883;1318.740;397.283;   null;202.850; 86.406;150.550;280.721; 94.989;154.740;190.554;169.798;189.930;191.516;109.940; 43.626;250.178
2003-05-29 13:55:00;165.940; 51.690;207.033;122.830;1312.000;404.780;   null;202.982; 86.686;151.933;283.187; 94.600;156.820;191.212;171.834;188.914;191.118;110.532; 43.226;251.480
2003-05-29 14:00:00;163.180; 54.407;205.400;123.530;1315.320;400.007;100.965;203.134; 87.752;149.627;282.151; 95.507;156.180;192.468;170.794;188.370;191.482;109.720; 43.100;251.248
2003-05-29 14:05:00;165.936; 52.777;206.833;123.243;1324.440;399.620;   null;204.644; 86.060;152.850;283.095; 93.931;153.740;192.114;172.152;188.942;189.702;110.124; 42.858;252.146
2003-05-29 14:10:00;163.992; 52.940;206.300;123.523;1316.380;399.570;   null;200.984; 86.646;151.137;287.035; 96.252;155.220;189.564;170.458;188.180;191.814;110.458; 44.148;253.132
2003-05-29 14:15:00;166.196; 53.053;204.300;122.627;1319.400;401.767;101.365;202.414; 86.754;148.947;284.392; 94.721;155.000;191.952;171.258;186.700;188.318;111.782; 43.014;251.454
2003-05-29 14:20:00;165.264; 52.427;206.933;122.253;1322.740;405.630;   null;205.170; 86.894;152.173;282.081; 94.671;154.780;191.232;172.092;189.966;188.846;110.344; 42.678;250.428
2003-05-29 14:25:00;165.088; 52.500;210.333;123.990;1313.820;400.573;   null;202.434; 87.446;151.880;286.158; 94.547;154.480;191.102;173.326;190.692;189.536;111.046; 43.188;251.968
2003-05-29 14:30:00;167.266; 53.887;210.267;125.640;1313.520;405.623;100.693;201.276; 87.538;152.470;283.853; 95.363;154.260;191.494;171.982;190.968;190.864;111.280; 43.020;250.194
2003-05-29 14:35:00;165.018; 52.930;206.300;123.820;1318.040;398.813;   null;201.802; 86.450;152.333;285.764; 94.270;152.980;189.904;173.116;192.648;189.870;110.456; 42.716;251.908
2003-05-29 14:40:00;165.112; 52.747;205.033;123.277;1321.320;403.950;   null;201.486; 86.334;151.417;284.505; 95.626;154.220;188.122;172.138;189.058;190.840;108.076; 42.992;250.722
2003-05-29 14:45:00;166.602; 52.957;206.500;124.707;1308.620;401.757;102.627;203.092; 86.800;149.997;281.849; 94.032;155.160;189.418;169.830;190.168;190.994;109.808; 43.152;251.530
2003-05-29 14:50:00;165.032; 52.873;206.000;123.787;1311.880;398.360;   null;203.022; 85.872;153.143;284.667; 93.414;155.420;191.198;171.126;189.974;189.422;110.450; 43.226;250.204
2003-05-29 14:55:00;163.918; 53.033;208.700;123.943;1317.800;401.157;   null;201.294; 86.112;151.943;286.416; 95.351;155.280;191.174;172.454;188.370;192.284;108.760; 43.202;250.946
2003-05-29 15:00:00;163.498; 53.770;205.900;123.607;1320.320;401.257;101.620;201.610; 86.328;152.940;285.259; 93.037;154.860;192.736;169.102;191.114;191.738;108.890; 42.466;252.120
2003-05-29 15:05:00;164.538; 52.663;206.633;123.797;1316.520;401.417;   null;202.348; 86.658;151.907;283.488; 95.227;153.420;193.450;170.088;188.100;191.702;109.536; 43.340;251.922
2003-05-29 15:10:00;165.940; 53.070;205.500;122.617;1319.540;399.303;   null;202.896; 86.278;152.787;285.913; 93.996;154.660;192.416;170.848;186.680;190.410;109.312; 42.916;251.644
2003-05-29 15:15:00;163.764; 53.027;208.200;123.433;1322.000;401.597;100.726;204.712; 86.592;152.103;284.648; 95.331;155.580;191.822;171.288;188.956;190.922;107.990; 43.446;251.698
2003-05-29 15:20:00;166.736; 53.023;206.033;122.747;1318.860;400.957;   null;201.222; 85.880;153.597;283.255; 94.648;154.980;192.952;172.018;189.188;190.732;109.842; 42.234;252.524
2003-05-29 15:25:00;165.744; 51.880;207.667;123.000;1323.240;399.920;   null;201.664; 86.246;152.413;285.781; 95.039;156.560;192.238;170.666;189.724;193.016;108.166; 43.518;251.574
2003-05-29 15:30:00;163.426; 52.760;207.133;123.060;1315.060;400.643;100.939;202.286; 88.146;151.417;289.719; 95.668;154.880;190.588;172.220;189.342;192.050;109.104; 42.990;250.594
2003-05-29 15:35:00;164.068; 52.093;207.667;123.740;1324.720;399.680;   null;203.434; 86.282;150.510;285.823; 92.662;154.500;191.484;169.665;188.540;190.002;108.448; 42.602;252.410
2003-05-29 15:40:00;163.908; 53.580;211.700;123.607;1327.280;398.497;   null;202.944; 87.554;153.307;287.741; 95.680;153.840;192.772;170.760;190.828;189.028;109.352; 43.112;251.248
2003-05-29 15:45:00;164.810; 53.590;205.967;124.077;1331.360;399.173;101.458;204.348; 87.828;151.507;282.747; 94.109;154.300;192.030;169.653;190.234;188.970;108.690; 43.428;251.860
2003-05-29 15:50:00;165.004; 54.030;207.900;122.803;1322.420;400.087;   null;200.832; 86.026;151.330;288.932; 94.294;154.700;192.046;169.330;188.752;190.346;109.218; 43.728;252.358
2003-05-29 15:55:00;165.964; 54.977;210.033;124.903;1331.140;401.913;   null;199.532; 86.968;149.377;287.507; 94.574;153.140;191.762;168.716;189.458;189.818;108.120; 43.548;253.012
2003-05-29 16:00:00;165.780; 54.343;207.967;123.660;1321.820;401.700;101.272;203.894; 87.102;153.177;286.096; 95.859;154.240;191.580;168.486;187.766;188.952;108.878; 42.584;251.560
2003-05-29 16:05:00;165.170; 52.933;206.000;121.630;1321.380;399.387;   null;205.132; 86.022;151.943;286.471; 94.405;154.460;189.414;169.278;188.302;189.790;110.372; 42.480;253.474
2003-05-29 16:10:00;164.328; 53.483;210.000;123.813;1311.320;402.720;   null;201.674; 86.376;150.830;285.993; 96.171;155.860;191.846;170.354;190.492;189.080;107.004; 43.286;252.486
2003-05-29 16:15:00;164.018; 53.220;208.200;123.340;1318.420;400.643;101.343;202.750; 85.902;150.363;288.586; 94.787;157.640;191.284;167.526;187.704;189.972;108.268; 42.884;251.106
2003-05-29 16:20:00;166.042; 54.457;206.700;121.720;1322.800;403.840;   null;201.654; 87.680;151.037;286.370; 94.811;154.660;192.954;170.366;190.296;188.462;109.062; 43.202;249.760
2003-05-29 16:25:00;165.296; 53.167;207.400;123.127;1323.620;401.300;   null;203.462; 87.194;152.366;288.072; 94.116;153.620;191.742;169.232;188.580;187.976;109.194; 43.350;249.248
2003-05-29 16:30:00;166.294; 52.743;207.067;122.920;1323.540;400.610;101.249;202.378; 84.940;153.820;284.794; 93.861;153.420;190.772;170.190;190.462;190.274;108.890; 43.248;250.758
2003-05-29 16:35:00;165.332; 53.380;204.500;122.053;1321.500;398.870;   null;203.646; 86.478;150.193;285.512; 94.941;154.440;190.200;169.046;187.762;190.568;108.888; 43.012;248.800
2003-05-29 16:40:00;164.264; 55.107;208.700;121.250;1320.300;397.943;   null;201.364; 86.652;153.037;287.053; 94.563;154.100;188.780;170.094;188.218;189.346;108.296; 43.608;252.018
2003-05-29 16:45:00;165.428; 53.623;206.867;122.280;1317.220;397.370;101.240;204.364; 86.806;150.163;287.463; 94.555;155.120;191.690;167.578;188.008;191.344;108.820; 43.418;252.044
2003-05-29 16:50:00;165.284; 52.270;209.533;122.117;1322.080;398.523;   null;200.064; 88.586;152.590;285.546; 94.220;154.660;190.608;169.954;188.742;191.378;108.482; 43.926;250.344
2003-05-29 16:55:00;164.782; 53.493;206.600;121.790;1321.980;398.143;   null;202.748; 85.946;149.264;285.784; 95.606;155.080;190.412;168.394;189.518;189.378;108.002; 43.896;250.170
2003-05-29 17:00:00;164.032; 52.890;208.833;123.400;1320.080;404.347;101.714;201.866; 84.670;151.963;284.251; 95.174;153.820;190.760;171.182;189.572;189.608;108.838; 42.864;251.860
2003-05-29 17:05:00;166.382; 54.053;207.433;123.507;1320.620;401.020;   null;202.194; 86.488;150.400;285.136; 94.141;154.780;191.080;169.498;187.480;187.158;107.738; 42.914;250.838
2003-05-29 17:10:00;165.392; 51.403;208.567;122.323;1320.920;398.243;   null;201.176; 86.566;152.033;285.378; 94.085;154.920;191.876;170.632;190.776;190.346;108.088; 42.790;250.996
2003-05-29 17:15:00;165.408; 52.503;207.967;121.153;1314.620;401.607;100.998;202.568; 87.590;153.813;285.442; 93.329;155.160;190.712;170.926;189.568;188.844;108.324; 42.168;251.170
2003-05-29 17:20:00;164.384; 52.640;209.000;122.000;1315.480;402.580;   null;203.456; 86.660;152.380;286.877; 95.038;154.200;190.382;168.760;188.374;189.758;107.332; 43.096;249.252
2003-05-29 17:25:00;168.084; 53.697;206.633;124.613;1314.640;400.743;   null;205.174; 87.016;152.483;286.065; 93.961;155.160;188.592;169.220;185.178;190.880;107.712; 43.356;250.004
2003-05-29 17:30:00;166.634; 52.647;209.067;124.857;1320.820;400.636;102.221;203.766; 86.764;152.857;287.809; 94.489;153.580;190.200;170.746;189.198;190.384;105.496; 42.764;251.392
2003-05-29 17:35:00;165.798; 53.367;209.033;123.647;1325.240;403.520;   null;203.980; 85.772;151.710;286.750; 94.671;154.120;189.594;170.750;186.994;188.872;107.304; 42.764;250.186
2003-05-29 17:40:00;163.014; 52.267;207.833;124.347;1318.740;400.160;   null;203.054; 87.020;150.620;288.180; 93.566;154.940;191.416;168.940;189.492;189.440;106.558; 42.440;251.690
2003-05-29 17:45:00;166.110; 52.820;206.000;124.057;1320.300;405.193;100.907;204.798; 85.952;151.903;285.689; 93.765;153.520;189.638;169.646;187.320;189.416;107.224; 43.094;249.712
2003-05-29 17:50:00;164.680; 52.877;208.733;123.510;1332.880;401.117;   null;203.080; 86.624;150.657;283.774; 93.570;153.720;189.438;170.336;187.734;188.932;105.536; 43.714;250.004
2003-05-29 17:55:00;165.732; 53.053;204.300;122.030;1329.180;400.927;   null;203.460; 86.832;150.707;282.679; 94.416;153.180;190.160;170.082;187.076;187.234;105.586; 42.676;251.562
2003-05-29 18:00:00;168.056; 54.137;207.033;123.000;1330.240;405.967;101.331;200.930; 85.908;149.320;286.365; 95.086;153.340;190.188;167.864;187.476;189.400;106.820; 42.792;248.278
2003-05-29 18:05:00;166.492; 51.663;209.433;122.463;1323.160;408.367;   null;201.590; 86.830;150.707;282.540; 96.148;154.700;189.660;169.092;187.558;190.716;106.632; 43.256;249.114
2003-05-29 18:10:00;166.146; 53.570;207.533;123.060;1323.540;409.210;   null;201.598; 86.890;149.720;280.560; 94.455;155.340;190.162;169.722;187.740;188.886;106.694; 42.790;250.188
2003-05-29 18:15:00;166.176; 53.320;209.133;122.347;1322.340;408.133;101.484;202.970; 86.974;152.653;284.822; 94.365;153.420;187.848;168.260;186.708;189.310;105.484; 43.064;250.346
2003-05-29 18:20:00;165.754; 54.173;207.500;123.883;1318.600;407.343;   null;201.726; 87.890;151.150;285.197; 92.087;154.060;191.946;168.514;187.098;189.590;106.910; 42.636;252.808
2003-05-29 18:25:00;163.466; 53.210;207.133;122.997;1318.320;408.603;   null;203.178; 87.214;151.900;284.751; 94.252;153.080;189.550;168.470;187.586;189.112;107.094; 42.362;249.182
2003-05-29 18:30:00;166.376; 54.400;206.100;122.820;1324.860;407.733;101.098;202.802; 88.724;150.937;281.443; 93.687;155.280;188.118;168.662;185.430;189.708;107.308; 42.858;247.524
2003-05-29 18:35:00;164.762; 53.487;208.967;121.827;1314.140;404.723;   null;203.172; 86.516;151.733;284.989; 94.655;153.080;189.856;168.740;186.304;187.380;106.760; 42.522;250.476
2003-05-29 18:40:00;167.600; 52.860;208.167;123.137;1323.740;406.977;   null;203.296; 86.354;152.077;282.635; 94.114;153.760;188.404;167.144;183.112;186.884;107.338; 43.174;248.498
2003-05-29 18:45:00;164.740; 53.103;207.267;122.793;1318.640;407.603;100.289;205.138; 87.506;151.297;284.914; 94.572;154.400;188.424;168.280;186.346;187.160;107.610; 43.092;249.932
2003-05-29 18:50:00;164.528; 53.770;210.900;123.800;1321.100;408.837;   null;203.462; 86.586;149.567;286.099; 94.711;152.460;189.604;169.016;185.894;185.760;107.278; 43.040;249.764
2003-05-29 18:55:00;166.032; 53.827;208.167;122.267;1316.680;408.293;   null;203.994; 85.986;149.637;283.754; 95.000;153.600;190.618;168.766;185.732;186.662;107.404; 42.142;253.724
2003-05-29 19:00:00;164.568; 53.327;207.133;124.257;1319.520;405.623;101.600;203.246; 87.160;149.363;283.036; 94.318;153.060;188.970;169.568;184.812;185.690;106.120; 43.008;251.088
2003-05-29 19:05:00;165.500; 52.947;208.333;121.257;1314.460;405.257;   null;199.970; 86.702;149.197;281.576; 94.685;152.800;187.696;168.780;183.802;182.328;106.384; 43.180;254.234
2003-05-29 19:10:00;163.236; 53.390;207.600;122.237;1307.200;405.537;   null;200.098; 87.582;149.903;283.136; 92.843;153.520;187.098;168.856;183.642;183.336;106.470; 43.310;251.030
2003-05-29 19:15:00;164.088; 54.077;208.733;123.763;1306.800;409.280;100.753;202.028; 86.676;149.736;283.173; 93.738;152.600;185.222;164.596;184.096;185.648;106.672; 43.080;251.536
2003-05-29 19:20:00;164.780; 54.640;207.267;124.387;1304.700;405.290;   null;201.104; 86.112;149.223;280.827; 93.711;151.660;184.180;162.968;180.852;182.316;106.012; 43.506;251.930
2003-05-29 19:25:00;166.168; 52.890;207.833;122.010;1311.480;403.987;   null;201.006; 86.362;147.800;280.959; 93.305;153.240;186.704;164.128;184.374;183.804;106.410; 42.042;250.538
2003-05-29 19:30:00;165.664; 53.907;206.800;121.763;1308.700;405.053; 99.538;200.974; 85.268;147.830;279.333; 92.671;151.640;185.648;164.724;182.584;183.262;105.744; 43.158;251.170
2003-05-29 19:35:00;164.542; 55.410;205.567;123.927;1315.120;407.873;   null;201.146; 85.010;148.753;280.010; 93.306;151.740;186.118;164.360;185.146;187.652;106.058; 42.942;248.422
2003-05-29 19:40:00;166.764; 52.153;207.833;122.513;1313.340;403.367;   null;199.558; 85.190;146.123;278.722; 93.655;149.780;184.142;164.658;184.816;184.922;105.044; 43.338;250.732
2003-05-29 19:45:00;164.742; 54.013;208.967;122.827;1315.000;406.607;100.283;201.310; 85.264;148.163;275.637; 92.328;152.540;186.006;164.576;184.434;183.932;106.462; 42.694;251.584
2003-05-29 19:50:00;164.150; 52.473;206.400;123.737;1302.760;403.460;   null;200.080; 83.944;146.890;280.620; 92.155;153.360;185.120;165.502;183.618;185.078;105.934; 42.352;247.518
2003-05-29 19:55:00;164.070; 54.633;206.367;121.160;1304.240;403.297;   null;199.536; 84.238;148.013;277.537; 92.308;151.260;185.434;165.722;183.750;184.102;105.148; 42.924;252.002
2003-05-29 20:00:00;164.812; 51.427;204.700;122.447;1301.400;400.204; 99.736;202.078; 84.550;149.180;276.314; 94.533;153.940;186.722;164.932;181.662;184.162;105.728; 43.054;251.302
2003-05-29 20:05:00;164.174; 54.290;207.133;121.627;1294.340;404.127;   null;200.100; 84.592;150.267;278.044; 92.358;149.140;185.690;165.368;182.332;185.240;105.256; 41.992;253.320
2003-05-29 20:10:00;164.600; 52.717;203.900;122.290;1301.260;404.157;   null;201.720; 85.560;150.043;280.720; 92.598;151.200;182.418;165.992;181.528;181.504;106.220; 42.726;248.950
2003-05-29 20:15:00;163.202; 51.697;207.100;123.240;1297.340;399.953; 99.877;199.686; 84.670;148.847;277.774; 91.588;150.980;184.606;164.060;183.732;185.246;107.204; 42.960;252.238
2003-05-29 20:20:00;162.624; 52.663;208.800;123.783;1294.740;402.970;   null;202.110; 84.674;147.473;279.704; 93.770;152.140;184.408;165.644;181.518;187.548;107.064; 42.158;249.864
2003-05-29 20:25:00;162.556; 55.180;204.700;121.863;1299.320;400.377;   null;199.050; 84.482;149.460;278.180; 94.478;151.500;182.324;162.136;183.414;185.628;107.542; 42.550;249.342
2003-05-29 20:30:00;161.584; 53.363;206.000;122.363;1297.120;403.073; 99.692;201.224; 83.724;146.843;279.128; 94.010;152.660;183.138;163.868;184.204;185.462;106.044; 42.778;249.842
2003-05-29 20:35:00;163.108; 52.000;204.867;121.607;1296.460;402.613;   null;200.130; 83.320;150.857;274.287; 92.969;151.080;182.616;162.358;184.962;185.002;106.118; 42.886;247.264
2003-05-29 20:40:00;164.258; 53.130;204.667;122.850;1297.540;402.550;   null;202.018; 83.352;150.353;276.860; 93.803;153.580;184.426;164.334;187.030;183.992;108.122; 43.218;251.004
2003-05-29 20:45:00;164.414; 52.300;204.900;123.653;1295.560;406.407;101.108;201.160; 84.262;149.573;272.967; 93.351;153.640;184.408;163.772;185.600;183.626;106.924; 42.242;248.802
2003-05-29 20:50:00;164.632; 52.707;206.933;122.810;1300.060;405.120;   null;198.980; 83.728;149.637;272.560; 92.469;151.980;184.142;163.342;183.162;186.006;105.474; 42.366;250.584
2003-05-29 20:55:00;165.164; 52.300;204.233;124.103;1294.300;404.650;   null;201.798; 83.882;149.287;273.610; 92.961;153.540;183.140;162.868;183.404;184.682;106.536; 43.230;247.200
2003-05-29 21:00:00;162.840; 52.207;204.200;121.923;1298.440;399.537;100.266;200.258; 85.496;151.593;275.067; 93.083;152.920;181.624;162.044;183.136;183.610;105.250; 42.734;248.502
2003-05-29 21:05:00;165.650; 52.967;205.733;122.793;1302.000;403.023;   null;202.392; 84.512;147.480;272.406; 94.822;151.880;183.726;164.164;182.884;184.948;105.248; 42.014;250.534
2003-05-29 21:10:00;164.308; 52.210;205.267;122.360;1297.360;401.797;   null;201.372; 84.166;150.747;273.450; 92.932;155.120;183.692;164.198;184.446;183.866;105.260; 43.176;250.120
2003-05-29 21:15:00;163.472; 51.240;204.800;120.940;1297.580;403.487;100.640;202.048; 84.662;149.803;274.933; 94.012;153.140;184.198;165.360;185.566;182.366;107.112; 43.276;249.366
2003-05-29 21:20:00;164.026; 53.000;206.433;124.050;1293.940;399.687;   null;199.870; 85.676;151.063;275.272; 93.008;154.040;183.588;164.822;183.352;182.838;106.270; 42.798;249.686
2003-05-29 21:25:00;165.934; 52.153;207.100;121.793;1286.900;402.850;   null;201.776; 86.240;149.457;274.562; 93.734;154.380;182.982;163.838;184.864;184.396;106.148; 42.212;249.544
2003-05-29 21:30:00;164.902; 53.137;204.533;122.983;1292.780;405.747;100.987;199.766; 86.340;148.013;273.923; 92.522;150.960;183.696;162.670;183.076;183.800;106.832; 42.308;250.088
2003-05-29 21:35:00;163.692; 51.953;207.567;121.290;1287.140;403.587;   null;198.534; 86.228;149.710;273.147; 93.194;150.960;184.184;164.964;182.476;183.352;105.462; 42.848;250.516
2003-05-29 21:40:00;165.620; 53.877;206.267;124.607;1295.680;403.320;   null;198.160; 85.970;149.650;275.813; 91.945;151.400;183.772;164.754;181.996;184.520;105.912; 43.084;248.258
2003-05-29 21:45:00;166.280; 52.127;206.400;122.127;1286.320;404.523;100.803;202.728; 85.832;148.337;273.413; 93.436;151.380;185.182;165.802;182.934;183.316;104.878; 42.714;248.326
2003-05-29 21:50:00;163.702; 53.870;203.333;123.277;1289.620;404.687;   null;199.700; 85.156;149.437;273.113; 92.293;152.180;183.858;163.264;184.432;183.248;105.902; 42.336;251.318
2003-05-29 21:55:00;163.482; 52.443;207.267;123.050;1297.240;406.367;   null;201.790; 85.240;147.107;274.256; 92.847;152.600;185.608;162.226;185.114;182.616;105.206; 42.498;248.882
2003-05-29 22:00:00;162.580; 53.887;207.967;123.333;1303.060;409.453;102.216;198.684; 83.366;148.170;275.336; 93.981;153.320;182.634;166.630;183.434;184.058;105.848; 42.414;250.542
2003-05-29 22:05:00;165.096; 53.560;205.667;122.737;1292.060;404.317;   null;200.514; 85.358;151.357;274.324; 93.096;150.900;183.446;166.660;183.648;183.412;105.340; 42.328;250.326
2003-05-29 22:10:00;164.520; 52.223;206.967;122.610;1292.380;407.123;   null;202.548; 83.994;149.710;272.771; 92.153;152.580;184.438;164.094;185.746;184.972;106.086; 42.848;249.348
2003-05-29 22:15:00;166.110; 53.203;208.033;124.160;1294.480;406.290;100.932;198.658; 84.386;149.680;274.935; 91.530;151.040;182.708;164.928;184.108;183.220;105.388; 42.782;250.002
2003-05-29 22:20:00;164.926; 52.773;205.267;121.887;1294.500;407.630;   null;198.508; 84.138;146.943;273.110; 93.573;153.300;186.210;165.648;183.398;183.842;106.118; 42.824;248.136
2003-05-29 22:25:00;166.104; 50.487;206.367;123.247;1297.380;406.457;   null;198.090; 84.062;149.557;273.917; 91.736;152.120;182.708;164.690;182.370;184.102;106.604; 42.392;246.534
2003-05-29 22:30:00;165.272; 52.143;205.733;124.633;1293.480;410.563;100.091;197.040; 82.998;149.693;274.293; 93.297;152.840;184.510;164.350;181.148;183.108;105.736; 42.692;246.848
2003-05-29 22:35:00;164.538; 52.590;206.000;121.633;1290.100;407.693;   null;200.262; 83.478;148.633;273.512; 93.017;149.920;182.994;162.882;185.016;183.684;105.454; 42.870;248.418
2003-05-29 22:40:00;165.452; 51.620;207.433;120.780;1280.560;404.850;   null;200.416; 84.312;150.880;276.557; 89.789;151.580;183.902;163.272;182.500;181.694;104.442; 42.800;247.858
2003-05-29 22:45:00;162.842; 53.477;206.933;121.260;1281.540;404.250; 99.308;200.348; 84.634;147.313;273.373; 91.884;151.860;182.316;159.830;183.700;181.916;104.472; 41.302;248.332
2003-05-29 22:50:00;164.802; 53.673;205.933;121.920;1286.180;403.323;   null;196.918; 85.324;148.310;276.115; 91.594;151.820;181.478;164.022;182.522;182.136;105.776; 42.018;247.520
2003-05-29 22:55:00;163.454; 54.117;207.900;122.693;1286.980;403.493;   null;198.108; 84.146;148.077;276.725; 90.832;150.280;183.930;161.944;184.288;182.200;105.078; 42.188;246.426
2003-05-29 23:00:00;162.018; 54.387;205.633;121.627;1284.920;403.457; 99.589;197.976; 83.832;147.750;275.301; 91.041;149.580;184.256;162.924;184.132;183.424;105.660; 41.588;246.254
2003-05-29 23:05:00;161.794; 53.237;208.900;121.507;1289.260;397.713;   null;197.316; 84.582;147.093;272.619; 92.147;151.200;181.928;163.298;183.140;181.886;103.730; 41.538;243.720
2003-05-29 23:10:00;165.748; 53.280;206.333;122.760;1287.800;398.353;   null;198.872; 85.500;145.520;273.873; 91.011;149.000;186.212;162.848;181.326;182.060;103.666; 42.356;243.964
2003-05-29 23:15:00;162.822; 53.753;208.100;122.803;1286.080;399.510; 99.110;199.734; 84.642;149.020;270.524; 92.113;148.100;183.566;163.302;184.228;181.340;103.250; 41.510;246.144
2003-05-29 23:20:00;163.920; 52.630;208.133;119.083;1285.260;399.863;   null;200.102; 85.006;146.530;270.733; 91.981;150.000;180.184;162.120;183.244;181.562;104.660; 41.838;244.630
2003-05-29 23:25:00;163.522; 51.750;205.133;121.260;1288.060;400.577;   null;198.042; 83.954;146.490;269.507; 92.106;150.920;180.566;163.662;182.232;182.828;104.874; 41.962;243.280
2003-05-29 23:30:00;161.126; 53.217;206.267;121.153;1284.380;397.690; 99.114;198.434; 84.052;146.300;270.382; 91.097;150.760;181.920;164.584;180.600;181.186;103.678; 42.168;246.626
2003-05-29 23:35:00;162.170; 53.610;206.233;121.333;1280.480;398.623;   null;195.324; 83.930;147.453;271.230; 91.976;152.440;181.254;163.868;184.480;181.270;104.572; 42.016;245.000
2003-05-29 23:40:00;162.120; 53.477;204.067;121.430;1285.740;398.403;   null;198.808; 83.756;147.917;271.873; 91.192;150.220;180.924;163.396;180.892;180.878;103.958; 41.816;244.562
2003-05-29 23:45:00;161.522; 53.027;205.033;120.637;1283.020;399.233; 99.443;198.056; 83.306;147.510;270.104; 91.658;151.080;180.824;163.004;183.056;181.222;104.462; 42.048;248.870
2003-05-29 23:50:00;161.458; 53.713;207.333;121.080;1283.000;401.780;   null;196.070; 83.750;147.967;272.344; 91.860;150.300;183.782;163.318;179.600;180.876;103.520; 41.556;243.890
2003-05-29 23:55:00;161.492; 52.583;205.867;119.957;1279.160;397.204;   null;199.660; 84.032;148.270;272.813; 91.152;150.640;181.880;162.736;180.374;182.736;105.608; 42.262;243.866
2003-05-30 00:00:00;163.016; 51.197;202.100;121.823;1278.520;400.660;100.196;199.710; 84.514;147.507;270.715; 93.630;150.740;180.172;162.600;178.916;183.404;103.830; 42.204;244.616
2003-05-30 00:05:00;162.356; 52.703;206.067;122.460;1278.420;399.360;   null;197.168; 83.700;149.837;272.916; 91.267;152.160;181.344;163.380;180.984;179.638;104.348; 40.980;245.322
2003-05-30 00:10:00;164.296; 52.900;205.067;120.800;1277.720;400.187;   null;197.626; 82.980;146.563;271.834; 92.306;151.900;181.758;162.372;182.408;181.708;104.374; 41.688;243.020
2003-05-30 00:15:00;159.774; 51.953;204.667;121.927;1273.340;399.260; 99.697;195.668; 84.166;148.207;272.270; 91.137;151.860;182.904;160.902;180.446;180.398;103.946; 40.874;245.262
2003-05-30 00:20:00;162.630; 52.363;205.433;120.750;1278.960;400.197;   null;198.174; 83.670;144.650;272.096; 91.238;149.360;181.528;160.316;181.590;181.338;102.954; 41.822;245.890
2003-05-30 00:25:00;161.162; 53.647;206.233;121.317;1278.020;402.143;   null;196.242; 84.192;143.903;273.459; 90.474;150.700;182.552;161.276;182.452;180.210;104.614; 41.646;247.704
2003-05-30 00:30:00;161.404; 53.250;205.933;121.303;1270.760;398.637; 99.012;198.594; 82.784;149.477;269.826; 90.685;149.340;181.122;163.188;179.542;182.292;103.624; 42.192;246.952
2003-05-30 00:35:00;162.824; 53.043;207.400;122.260;1276.980;398.697;   null;196.446; 84.432;147.130;273.115; 92.443;147.980;181.300;162.986;181.598;180.404;104.734; 42.796;243.984
2003-05-30 00:40:00;159.854; 53.013;204.533;122.113;1274.660;401.347;   null;191.770; 84.556;146.680;271.422; 91.186;150.360;181.480;161.630;181.390;178.402;103.802; 42.594;246.774
2003-05-30 00:45:00;160.724; 52.400;204.433;120.077;1269.280;399.993; 99.121;193.252; 84.124;146.823;273.116; 91.943;149.160;181.820;164.458;182.638;181.600;103.650; 41.854;248.458
2003-05-30 00:50:00;161.746; 52.047;206.200;121.970;1269.500;395.123;   null;197.550; 82.766;145.813;269.296; 90.489;149.280;181.854;163.164;179.282;181.168;104.226; 42.640;244.448
2003-05-30 00:55:00;162.556; 53.537;206.067;119.270;1271.260;397.113;   null;195.420; 84.372;146.130;268.198; 91.294;148.200;181.612;162.954;182.576;180.270;103.472; 41.818;244.694
2003-05-30 01:00:00;162.698; 52.597;203.233;118.360;1270.800;398.200; 98.192;192.844; 84.162;146.773;271.392; 90.172;150.640;180.574;163.034;180.238;182.532;105.660; 42.300;244.506
2003-05-30 01:05:00;161.200; 51.697;201.333;121.500;1272.900;397.043;   null;196.450; 84.404;147.027;269.144; 91.684;149.380;179.056;163.324;180.720;181.592;102.700; 42.446;244.058
2003-05-30 01:10:00;160.902; 51.390;201.767;119.837;1272.020;396.840;   null;195.284; 83.280;146.070;268.188; 90.841;150.920;182.458;162.336;182.202;179.784;104.248; 41.676;243.166
2003-05-30 01:15:00;160.546; 52.357;204.167;121.863;1273.580;393.427; 99.106;197.496; 83.696;146.313;268.291; 91.444;149.700;180.438;162.318;181.574;179.906;103.492; 41.664;244.328
2003-05-30 01:20:00;161.314; 53.030;206.233;120.980;1266.660;392.203;   null;196.810; 82.896;146.463;268.589; 91.491;148.140;177.956;161.216;182.266;180.610;104.260; 41.008;244.802
2003-05-30 01:25:00;160.030; 52.350;204.200;120.117;1276.940;398.770;   null;195.496; 84.022;148.567;269.570; 89.836;149.980;180.304;162.708;181.304;180.438;103.178; 41.778;244.114
2003-05-30 01:30:00;162.638; 52.820;204.733;121.017;1273.540;394.233; 99.495;194.654; 83.924;145.923;272.887; 93.186;149.500;180.540;159.982;180.488;181.656;103.624; 42.168;243.770
2003-05-30 01:35:00;161.274; 53.343;201.567;119.440;1269.360;396.897;   null;193.896; 82.646;146.980;269.468; 90.342;150.360;180.260;159.574;182.480;180.118;104.712; 41.464;242.596
2003-05-30 01:40:00;160.360; 53.473;202.633;119.320;1272.640;391.537;   null;194.102; 83.792;145.577;265.988; 90.354;149.380;179.646;162.288;179.256;180.066;103.366; 41.478;241.496
2003-05-30 01:45:00;161.674; 52.127;202.467;119.170;1269.900;392.833; 98.317;197.504; 84.118;148.227;269.828; 91.727;148.140;178.212;161.418;181.894;180.834;103.670; 41.912;242.000
2003-05-30 01:50:00;163.182; 52.627;202.733;121.337;1275.000;393.903;   null;193.682; 83.378;145.183;268.606; 92.031;147.060;178.450;160.090;180.024;181.340;102.480; 41.892;241.826
2003-05-30 01:55:00;163.856; 53.513;203.667;121.153;1282.380;392.896;   null;192.172; 83.050;145.713;267.562; 90.029;149.940;178.546;160.036;182.362;179.472;102.500; 41.412;244.404
2003-05-30 02:00:00;160.774; 52.130;204.367;121.080;1280.600;391.650; 97.602;194.378; 84.404;146.823;267.869; 91.372;149.140;180.374;158.580;181.304;178.570;102.608; 41.910;242.610
2003-05-30 02:05:00;162.274; 52.010;204.333;119.133;1282.300;393.130;   null;194.608; 83.116;144.080;268.955; 90.177;150.360;180.556;160.150;179.340;179.354;102.228; 41.434;245.570
2003-05-30 02:10:00;160.308; 51.557;202.933;120.807;1274.640;390.413;   null;193.378; 82.152;144.183;268.193; 90.835;148.700;177.758;158.598;180.248;178.614;102.176; 41.172;242.092
2003-05-30 02:15:00;161.218; 52.027;204.767;122.973;1271.900;390.640; 97.841;194.548; 81.806;145.276;270.591; 90.166;147.360;177.810;158.556;178.682;179.960;101.214; 41.576;240.406
2003-05-30 02:20:00;162.274; 52.017;204.833;118.927;1276.560;392.190;   null;196.282; 84.268;146.367;268.594; 90.410;148.580;177.472;160.664;179.558;180.320;102.994; 41.746;240.264
2003-05-30 02:25:00;161.724; 51.213;201.567;121.087;1271.360;392.790;   null;195.712; 81.758;146.400;268.355; 89.516;149.960;178.558;157.688;180.060;176.606;103.094; 41.378;240.900
2003-05-30 02:30:00;161.008; 51.783;199.233;119.687;1265.040;390.873; 97.897;194.760; 83.938;144.963;268.927; 89.566;147.340;178.248;160.556;178.780;179.816;102.684; 41.186;240.824
2003-05-30 02:35:00;159.970; 52.607;202.433;120.137;1276.980;392.030;   null;194.756; 82.760;144.827;269.457; 89.430;148.020;178.172;160.528;179.968;178.806;102.582; 40.904;239.000
2003-05-30 02:40:00;160.266; 52.137;202.067;118.270;1269.380;390.870;   null;194.612; 82.132;144.013;269.974; 89.347;147.420;178.468;160.256;178.794;178.476;103.402; 41.326;239.822
2003-05-30 02:45:00;160.306; 51.330;201.067;119.633;1273.460;391.447; 98.286;192.814; 82.414;144.353;269.723; 89.578;147.620;178.610;158.882;181.562;177.084;102.688; 41.370;239.762
2003-05-30 02:50:00;162.402; 51.830;201.667;119.990;1274.040;392.067;   null;194.194; 83.276;146.793;266.354; 90.552;146.740;180.798;161.254;178.794;181.614;103.026; 40.454;239.252
2003-05-30 02:55:00;161.982; 52.383;200.367;119.983;1269.840;387.257;   null;194.698; 83.432;146.313;267.959; 87.998;148.740;179.596;160.626;177.330;178.574;103.160; 40.440;240.842
2003-05-30 03:00:00;161.164; 51.970;201.000;120.350;1271.900;391.147; 97.231;195.772; 82.832;145.233;268.362; 90.892;147.900;178.028;159.178;179.586;177.868;102.558; 40.928;237.726
2003-05-30 03:05:00;160.086; 50.540;199.133;119.397;1272.080;388.813;   null;195.400; 84.056;146.877;268.224; 90.727;146.960;180.158;158.270;179.002;178.538;103.316; 40.550;242.724
2003-05-30 03:10:00;161.272; 52.603;200.833;120.457;1265.900;392.287;   null;194.352; 83.918;146.200;264.617; 90.157;146.840;177.446;159.898;176.112;178.966;101.704; 40.734;238.448
2003-05-30 03:15:00;160.002; 51.820;201.267;120.630;1270.800;388.733; 97.487;194.290; 81.448;143.287;266.064; 90.432;147.080;175.992;161.904;178.512;179.266;101.282; 40.676;239.952
2003-05-30 03:20:00;159.404; 50.610;199.900;116.887;1261.820;390.507;   null;193.426; 83.202;146.953;267.582; 90.072;147.560;179.874;160.902;177.710;177.064;101.400; 41.246;238.698
2003-05-30 03:25:00;160.424; 53.103;201.867;119.483;1266.040;389.907;   null;195.738; 80.708;144.370;265.569; 90.540;147.440;177.660;160.760;177.360;179.272;101.938; 40.976;242.184
2003-05-30 03:30:00;161.992; 52.063;197.133;118.400;1263.900;390.156; 98.317;195.206; 82.294;143.687;267.663; 92.165;146.760;178.532;161.818;178.196;179.022;103.122; 40.970;239.634
2003-05-30 03:35:00;161.330; 51.653;199.967;119.187;1255.080;389.117;   null;194.198; 82.234;145.663;265.148; 89.304;146.440;180.308;159.562;178.386;177.664;102.050; 41.016;240.914
2003-05-30 03:40:00;160.762; 52.887;201.733;120.727;1255.520;390.183;   null;195.348; 81.948;144.347;265.341; 90.460;146.640;179.316;159.206;178.496;176.496;101.122; 40.596;241.670
2003-05-30 03:45:00;159.412; 52.253;200.833;120.207;1258.940;390.443; 97.203;194.824; 83.240;144.527;267.707; 90.464;146.100;178.454;158.384;178.322;178.800;102.056; 41.446;243.274
2003-05-30 03:50:00;161.042; 51.757;200.633;119.810;1259.800;388.063;   null;194.166; 81.514;144.313;266.851; 89.989;145.580;178.852;160.766;178.980;177.162;102.174; 40.756;240.004
2003-05-30 03:55:00;160.208; 52.007;199.200;119.783;1252.640;385.403;   null;195.720; 83.464;142.737;267.255; 89.651;146.460;178.496;159.722;178.548;179.174;102.078; 41.060;241.928
2003-05-30 04:00:00;160.736; 52.163;199.000;117.117;1259.400;388.657; 96.899;193.812; 83.452;144.147;265.729; 90.413;146.560;179.542;160.332;176.476;177.574;102.118; 40.750;239.342
2003-05-30 04:05:00;160.028; 50.777;197.000;118.607;1252.620;388.140;   null;193.752; 82.252;145.513;266.860; 89.957;148.900;177.372;159.724;177.204;178.598;102.006; 41.052;243.022
2003-05-30 04:10:00;160.508; 52.740;200.300;119.180;1261.120;387.183;   null;193.338; 84.030;142.883;266.118; 87.790;148.340;181.374;159.520;179.238;179.130;102.376; 40.584;242.472
2003-05-30 04:15:00;158.372; 51.767;199.300;119.567;1256.640;388.843; 96.722;193.040; 82.362;141.873;268.209; 89.162;145.740;180.634;158.282;178.202;179.648;103.380; 40.762;242.412
2003-05-30 04:20:00;159.350; 53.347;200.133;119.147;1263.300;382.653;   null;192.774; 83.962;144.233;271.233; 90.045;147.280;179.412;158.940;178.594;180.164;102.190; 41.082;241.890
2003-05-30 04:25:00;159.804; 53.270;199.400;117.150;1260.100;391.523;   null;195.744; 83.982;143.500;267.550; 89.385;145.980;180.246;159.200;178.564;183.148;102.900; 41.052;241.494
2003-05-30 04:30:00;157.362; 53.027;198.400;119.330;1262.220;388.993; 96.988;193.746; 82.520;142.837;267.954; 89.992;147.040;180.456;160.246;177.732;181.262;103.364; 41.372;242.886
2003-05-30 04:35:00;159.808; 51.133;198.300;120.293;1259.140;389.177;   null;194.158; 82.426;142.177;268.672; 89.773;145.500;179.922;161.936;178.388;180.576;102.752; 41.270;240.246
2003-05-30 04:40:00;161.140; 53.307;200.333;118.867;1262.180;385.397;   null;192.022; 83.292;146.217;269.598; 90.185;146.800;179.064;163.440;176.800;179.494;101.208; 40.792;238.340
2003-05-30 04:45:00;159.912; 51.920;202.267;118.540;1264.500;388.440; 97.459;192.040; 82.674;145.027;270.981; 87.324;146.680;179.568;160.684;177.814;181.068;103.436; 40.822;239.922
2003-05-30 04:50:00;161.768; 50.587;201.300;120.243;1259.060;392.750;   null;195.054; 81.668;143.963;271.992; 90.005;147.060;180.358;160.850;179.572;181.076;102.274; 41.582;241.368
2003-05-30 04:55:00;161.162; 51.480;200.533;119.640;1256.700;389.423;   null;192.496; 83.792;145.010;271.807; 89.129;145.500;181.442;160.450;179.248;179.820;101.912; 40.746;243.774
2003-05-30 05:00:00;160.964; 51.833;198.667;119.283;1261.100;392.243; 97.508;193.654; 82.194;143.210;268.912; 90.995;148.000;181.974;160.774;179.060;180.296;103.386; 41.648;243.446
2003-05-30 05:05:00;160.126; 51.000;202.767;119.280;1264.900;389.573;   null;193.440; 80.768;143.767;268.423; 89.950;146.360;182.330;162.168;178.964;181.000;102.968; 40.938;240.960
2003-05-30 05:10:00;160.414; 52.347;198.733;118.243;1257.580;387.550;   null;195.222; 82.572;146.013;269.888; 88.149;147.540;181.582;160.828;179.010;179.268;102.264; 41.100;243.792
2003-05-30 05:15:00;158.386; 50.443;201.200;119.330;1262.460;387.877; 97.113;194.618; 82.202;142.950;270.050; 89.136;146.480;183.540;161.424;178.296;179.956;102.524; 40.704;240.886
2003-05-30 05:20:00;159.942; 50.853;199.967;118.770;1263.220;390.563;   null;189.488; 83.996;144.183;272.099; 89.648;146.220;180.876;161.196;178.814;179.204;102.320; 41.380;240.746
2003-05-30 05:25:00;159.080; 51.643;200.367;118.850;1260.580;385.456;   null;192.446; 82.114;144.563;272.251; 90.045;148.620;181.098;159.356;179.638;176.956;102.126; 41.356;240.958
2003-05-30 05:30:00;162.596; 50.787;201.200;118.863;1263.480;386.300; 97.148;193.706; 81.826;142.767;268.523; 90.275;146.960;181.486;161.834;181.160;179.654;103.042; 41.180;238.914
2003-05-30 05:35:00;161.564; 52.167;201.567;118.623;1267.980;388.283;   null;190.408; 83.446;146.553;268.871; 88.645;145.720;180.676;158.690;178.770;178.638;102.162; 40.726;239.942
2003-05-30 05:40:00;161.664; 51.927;199.000;120.067;1259.100;389.097;   null;194.004; 82.070;146.057;266.390; 90.876;146.580;179.488;159.944;178.194;181.318;103.228; 41.266;241.710
2003-05-30 05:45:00;160.550; 51.360;200.667;118.237;1254.700;386.283; 96.349;191.932; 83.102;144.920;265.795; 91.400;145.560;179.956;159.084;178.476;179.096;102.862; 41.350;240.640
2003-05-30 05:50:00;160.134; 51.163;200.500;118.940;1264.200;387.937;   null;190.924; 82.158;144.157;269.361; 90.854;147.340;177.130;159.394;179.302;179.054;101.956; 41.124;241.170
2003-05-30 05:55:00;161.668; 52.067;202.133;118.223;1261.760;385.007;   null;192.238; 82.054;143.146;268.941; 89.989;146.360;178.574;160.974;174.888;179.118;103.078; 41.168;242.898
2003-05-30 06:00:00;161.918; 51.197;199.433;118.337;1263.920;384.963; 96.283;193.820; 82.204;141.793;266.844; 90.257;147.340;178.800;160.598;177.030;178.168;102.654; 40.362;240.590
2003-05-30 06:05:00;160.870; 50.180;200.667;118.663;1261.460;386.100;   null;192.322; 80.622;142.233;267.074; 89.673;147.160;179.254;160.412;177.722;178.488;103.242; 40.676;241.616
2003-05-30 06:10:00;158.082; 51.683;202.467;119.287;1264.200;382.387;   null;193.184; 82.718;144.493;268.228; 88.616;146.320;179.210;159.912;179.240;180.420;101.674; 41.080;241.612
2003-05-30 06:15:00;161.042; 51.877;200.867;117.607;1264.160;385.440; 96.998;193.712; 83.184;144.880;265.359; 91.296;146.200;179.940;159.078;176.602;179.538;101.998; 41.610;242.662
2003-05-30 06:20:00;159.638; 51.537;199.400;118.563;1260.080;381.860;   null;192.090; 83.770;142.997;268.515; 89.248;148.380;180.276;160.644;177.994;180.900;103.082; 40.984;240.820
2003-05-30 06:25:00;160.958; 51.560;200.700;118.260;1268.060;386.360;   null;192.798; 83.314;143.857;270.303; 89.444;147.220;178.354;159.578;179.732;179.384;102.962; 40.706;240.388
2003-05-30 06:30:00;160.976; 51.350;200.867;117.587;1265.480;389.020; 96.984;193.536; 82.848;142.880;267.604; 89.656;146.500;177.526;162.456;177.936;179.048;102.712; 40.994;239.780
2003-05-30 06:35:00;161.350; 51.567;197.933;119.327;1261.300;384.090;   null;192.544; 82.426;144.177;268.676; 91.555;148.820;179.578;160.356;179.716;179.692;102.540; 40.908;241.160
2003-05-30 06:40:00;160.548; 52.633;199.433;118.920;1265.120;387.863;   null;192.638; 82.602;143.193;268.712; 88.560;146.260;178.394;161.106;179.636;178.926;102.338; 41.334;239.070
2003-05-30 06:45:00;159.842; 52.460;200.233;118.590;1264.020;388.770; 97.268;192.808; 82.020;144.953;269.238; 90.075;148.060;179.894;158.794;179.688;179.652;103.066; 41.400;240.498
2003-05-30 06:50:00;160.314; 50.667;201.900;118.277;1264.220;389.943;   null;194.738; 82.546;143.380;262.732; 89.301;147.420;177.694;160.856;178.846;179.090;104.576; 40.744;240.050
2003-05-30 06:55:00;158.904; 50.480;202.100;117.913;1257.800;385.190;   null;194.754; 83.240;144.087;271.399; 90.623;145.380;178.234;159.326;177.692;178.880;101.932; 41.016;240.982
2003-05-30 07:00:00;161.864; 51.067;198.800;119.073;1262.180;389.573; 97.966;196.654; 82.052;143.997;268.697; 90.748;148.080;177.744;159.780;177.156;179.936;102.028; 41.102;240.922
2003-05-30 07:05:00;162.156; 51.133;201.167;117.840;1259.560;388.187;   null;193.016; 83.554;144.737;269.203; 90.007;146.500;177.066;161.224;177.642;181.524;103.456; 40.234;240.202
2003-05-30 07:10:00;160.660; 51.147;197.967;120.447;1263.960;385.903;   null;194.166; 81.756;145.397;270.816; 91.534;146.700;178.260;161.736;178.388;182.252;102.854; 40.690;242.096
2003-05-30 07:15:00;160.662; 51.763;201.567;119.473;1261.500;387.160; 96.485;194.352; 83.002;145.370;269.258; 90.393;146.040;179.756;160.560;179.030;178.088;103.002; 41.382;240.522
2003-05-30 07:20:00;160.504; 51.923;199.167;118.043;1254.380;388.557;   null;194.706; 82.698;147.060;270.570; 89.003;146.800;180.920;159.792;181.282;179.952;102.606; 41.274;241.996
2003-05-30 07:25:00;159.722; 49.463;201.867;119.123;1254.840;389.930;   null;196.186; 82.440;145.513;267.849; 91.214;148.480;177.256;162.286;180.932;180.900;102.438; 41.342;242.732
2003-05-30 07:30:00;159.330; 50.867;203.033;118.473;1262.520;388.817; 96.918;193.338; 81.872;145.940;271.235; 90.149;146.180;177.550;158.152;180.770;180.502;101.356; 41.856;243.824
2003-05-30 07:35:00;162.440; 50.867;204.600;118.543;1259.800;386.860;   null;194.796; 83.590;145.730;268.816; 90.641;146.700;177.986;159.780;178.120;179.178;103.048; 41.576;240.602
2003-05-30 07:40:00;161.902; 50.233;202.067;118.953;1257.980;387.366;   null;196.928; 84.074;146.150;269.925; 91.333;143.300;179.188;158.272;179.634;181.198;102.674; 41.168;243.890
2003-05-30 07:45:00;159.448; 51.033;200.333;120.787;1261.340;384.993; 97.270;193.186; 83.798;145.743;269.891; 88.906;146.080;179.092;159.248;180.910;180.588;102.642; 41.694;244.000
2003-05-30 07:50:00;160.040; 52.030;202.433;118.353;1265.020;388.737;   null;193.594; 83.284;145.333;271.890; 90.015;146.320;180.686;160.020;181.300;179.382;103.398; 41.168;244.280
2003-05-30 07:55:00;162.584; 52.693;199.567;119.713;1260.660;387.347;   null;197.150; 83.366;143.990;271.351; 89.756;145.980;180.780;159.968;182.148;180.598;103.066; 41.148;241.330
2003-05-30 08:00:00;161.148; 50.667;199.000;118.710;1264.340;386.800; 96.850;193.368; 84.318;144.450;268.964; 90.756;146.220;181.082;159.584;182.916;184.880;102.802; 41.692;243.680
2003-05-30 08:05:00;159.432; 50.380;204.600;119.183;1260.840;388.067;   null;192.568; 82.936;144.337;270.684; 90.772;147.580;177.874;158.700;182.326;182.116;103.052; 41.128;242.738
2003-05-30 08:10:00;160.372; 51.370;203.033;119.943;1255.680;387.060;   null;190.926; 82.996;145.893;271.233; 89.627;148.100;178.956;156.948;180.274;181.738;102.270; 41.994;242.504
2003-05-30 08:15:00;159.500; 51.120;200.200;117.153;1260.240;386.887; 97.120;191.462; 83.842;145.507;271.057; 89.990;147.400;179.870;157.714;181.744;182.200;103.284; 41.058;244.110
2003-05-30 08:20:00;161.504; 53.607;200.500;117.103;1259.020;386.856;   null;191.808; 84.546;144.967;271.677; 89.417;146.700;179.330;160.462;181.624;180.734;103.770; 41.828;244.810
2003-05-30 08:25:00;159.008; 52.080;202.300;117.860;1252.060;388.227;   null;194.568; 83.376;143.883;269.883; 89.547;147.520;177.886;158.704;182.302;180.030;102.584; 41.978;243.140
2003-05-30 08:30:00;158.764; 51.483;202.900;118.303;1256.000;386.967; 97.988;193.810; 84.418;145.130;269.498; 89.540;147.160;178.580;161.808;178.900;181.492;104.172; 41.384;243.324
2003-05-30 08:35:00;159.910; 52.437;200.367;118.093;1254.560;383.897;   null;193.042; 84.082;145.443;272.334; 90.251;147.380;180.842;158.830;183.752;179.992;102.160; 41.832;243.150
2003-05-30 08:40:00;161.792; 51.873;202.067;118.933;1254.140;388.343;   null;195.414; 83.896;145.350;270.692; 91.616;146.720;179.712;159.530;182.418;180.620;102.904; 41.984;246.598
2003-05-30 08:45:00;160.306; 51.887;199.967;119.303;1260.500;381.840; 97.774;193.560; 84.598;144.877;268.408; 90.497;146.400;178.730;157.580;178.578;183.220;103.444; 42.082;245.670
2003-05-30 08:50:00;162.038; 51.620;199.700;118.327;1246.200;378.413;   null;192.664; 83.644;144.987;270.025; 90.189;149.240;181.620;161.122;181.740;181.282;103.810; 41.628;247.286
2003-05-30 08:55:00;161.016; 52.383;202.133;119.437;1258.600;384.770;   null;195.538; 82.622;146.470;271.713; 88.371;146.260;178.696;160.332;179.384;180.140;102.628; 42.084;246.328
2003-05-30 09:00:00;158.232; 52.367;200.933;118.700;1254.080;382.506; 96.066;192.928; 82.692;145.947;269.448; 90.981;146.620;178.258;159.164;179.950;179.486;103.690; 42.032;246.528
2003-05-30 09:05:00;158.720; 50.673;202.833;118.367;1255.780;378.867;   null;192.704; 83.634;145.080;267.829; 89.417;147.880;177.872;159.564;180.252;181.062;103.168; 42.748;245.678
2003-05-30 09:10:00;159.042; 49.797;200.700;118.077;1259.500;381.220;   null;194.600; 84.124;144.360;265.542; 89.358;148.300;178.804;159.968;181.784;182.316;102.780; 42.192;243.926
2003-05-30 09:15:00;159.930; 51.327;202.400;117.050;1259.240;380.707; 98.233;191.836; 83.860;142.743;269.659; 90.748;147.040;179.628;161.566;180.242;180.486;102.244; 42.086;244.708
2003-05-30 09:20:00;159.106; 51.733;200.667;117.897;1249.540;382.860;   null;192.262; 83.994;146.090;271.348; 90.417;147.320;177.830;158.714;182.376;179.678;103.202; 41.782;245.966
2003-05-30 09:25:00;157.128; 51.457;199.967;119.117;1254.600;379.830;   null;195.184; 83.712;146.260;268.729; 90.284;148.560;181.016;161.504;180.378;179.322;103.120; 41.640;245.520
2003-05-30 09:30:00;160.518; 50.400;199.400;118.543;1257.880;378.747; 96.439;193.732; 83.408;143.977;269.961; 88.878;145.640;177.950;160.974;179.612;179.478;103.280; 41.568;242.910
2003-05-30 09:35:00;160.724; 48.327;200.167;117.513;1256.320;383.557;   null;192.052; 84.024;143.190;268.272; 90.847;147.260;178.600;157.842;179.340;180.580;102.708; 41.922;244.674
2003-05-30 09:40:00;157.034; 51.133;202.633;117.407;1252.120;382.927;   null;193.766; 83.850;145.757;270.524; 90.387;149.980;179.768;160.540;177.780;183.064;102.170; 41.486;245.220
2003-05-30 09:45:00;161.560; 52.190;199.567;118.130;1252.280;382.863; 96.889;193.328; 84.010;145.867;269.242; 88.407;147.860;178.880;156.790;180.190;181.082;103.470; 41.688;242.874
2003-05-30 09:50:00;159.368; 50.527;198.733;117.797;1256.600;381.683;   null;192.664; 82.672;144.917;269.912; 89.317;148.720;179.770;160.436;178.112;179.622;103.738; 41.488;240.564
2003-05-30 09:55:00;159.622; 50.527;202.800;117.167;1253.320;380.467;   null;193.784; 83.816;142.520;271.510; 88.867;149.520;177.704;161.432;181.146;180.136;102.550; 41.866;242.796
2003-05-30 10:00:00;159.862; 51.477;201.600;116.433;1249.220;380.407; 96.828;194.522; 83.214;144.187;268.870; 89.993;146.920;179.620;161.340;182.744;181.644;101.278; 41.828;246.708
2003-05-30 10:05:00;159.594; 49.690;200.833;118.763;1251.180;378.053;   null;194.314; 83.622;144.723;269.947; 90.389;147.160;180.706;161.546;179.864;179.782;102.288; 41.694;244.972
2003-05-30 10:10:00;158.326; 51.237;201.233;117.960;1255.400;382.377;   null;193.436; 83.800;145.047;268.044; 90.801;146.620;179.064;160.340;182.042;179.858;102.512; 41.616;244.646
2003-05-30 10:15:00;159.672; 52.060;202.200;119.233;1252.660;380.060; 96.372;191.818; 84.128;145.567;268.608; 89.467;146.220;178.474;160.982;179.276;181.986;102.356; 42.298;246.084
2003-05-30 10:20:00;158.744; 52.913;200.267;118.550;1257.920;381.113;   null;192.978; 82.246;144.403;269.962; 89.646;146.140;179.300;159.270;180.476;180.070;102.212; 40.894;241.772
2003-05-30 10:25:00;160.440; 52.350;200.867;116.890;1249.320;380.420;   null;190.618; 82.668;145.240;268.728; 88.786;146.760;178.792;160.042;179.244;182.652;102.192; 41.498;246.248
2003-05-30 10:30:00;157.870; 50.163;199.200;115.777;1249.240;381.073; 96.775;191.820; 83.088;144.903;268.412; 90.568;146.760;178.324;160.988;179.958;180.104;103.658; 42.384;244.834
2003-05-30 10:35:00;158.086; 52.223;199.067;115.577;1248.160;380.887;   null;191.764; 82.626;145.417;270.806; 89.120;147.840;179.938;160.428;179.606;181.624;102.102; 41.852;243.530
2003-05-30 10:40:00;158.682; 51.537;201.833;116.240;1252.500;381.047;   null;193.460; 83.912;141.773;271.863; 89.423;146.540;180.000;159.654;179.448;180.394;103.366; 41.926;245.150
2003-05-30 10:45:00;159.636; 50.927;198.500;117.557;1248.020;379.703; 97.338;191.600; 81.862;145.127;269.537; 89.177;148.020;178.790;160.682;182.142;179.678;104.370; 41.790;244.646
2003-05-30 10:50:00;158.842; 50.337;201.033;116.953;1246.300;381.484;   null;193.312; 82.322;144.010;267.093; 90.995;148.420;179.346;161.484;179.706;178.974;102.522; 41.778;242.946
2003-05-30 10:55:00;158.998; 51.187;198.933;118.427;1257.420;380.973;   null;192.784; 81.986;144.257;266.405; 89.295;148.220;179.586;159.388;179.622;180.510;103.422; 41.840;243.944
2003-05-30 11:00:00;158.808; 52.600;199.100;116.653;1254.340;380.650; 96.784;193.422; 83.740;142.567;267.322; 90.717;145.960;179.988;162.090;179.736;180.082;102.964; 42.100;244.642
2003-05-30 11:05:00;159.150; 51.650;198.433;118.200;1258.880;376.813;   null;193.716; 83.034;143.470;268.083; 91.376;146.760;178.504;163.450;179.154;180.982;102.388; 41.728;244.384
2003-05-30 11:10:00;159.200; 50.517;197.800;117.793;1262.540;380.523;   null;191.096; 83.040;143.977;267.624; 89.969;146.100;178.574;160.844;177.678;180.092;102.064; 41.512;242.248
2003-05-30 11:15:00;159.122; 51.130;198.200;117.233;1258.980;378.637; 97.099;193.998; 83.174;144.443;268.561; 89.406;145.220;179.810;160.894;180.122;179.928;102.204; 41.296;243.364
2003-05-30 11:20:00;159.300; 52.157;198.867;117.060;1257.900;378.453;   null;195.564; 83.170;144.197;266.054; 91.756;147.600;177.560;160.848;179.698;180.142;104.344; 41.564;245.664
2003-05-30 11:25:00;157.720; 50.650;200.467;118.507;1252.100;376.817;   null;193.628; 82.586;143.773;267.977; 90.283;145.060;176.924;162.404;180.568;178.750;103.514; 42.076;244.852
2003-05-30 11:30:00;158.470; 51.100;199.267;118.343;1251.580;380.120; 96.926;193.290; 82.388;144.927;265.895; 89.850;147.280;177.422;162.720;179.286;179.142;103.386; 40.910;242.760
2003-05-30 11:35:00;161.080; 51.303;200.033;117.147;1253.620;379.627;   null;192.908; 83.370;142.440;265.683; 90.185;148.700;177.708;162.022;177.852;180.200;102.932; 41.940;244.516
2003-05-30 11:40:00;158.420; 51.160;199.700;118.873;1247.820;379.613;   null;192.978; 83.270;144.687;267.906; 89.761;145.780;177.366;160.660;177.680;181.384;102.778; 41.590;244.072
2003-05-30 11:45:00;157.846; 51.363;198.967;118.697;1252.620;378.950; 96.491;193.208; 82.588;143.623;266.494; 89.012;146.280;178.816;158.460;178.506;179.464;103.076; 42.004;241.442
2003-05-30 11:50:00;160.134; 52.647;202.600;119.790;1256.440;377.900;   null;193.018; 83.186;142.990;267.323; 89.859;147.040;179.808;159.468;181.096;179.978;103.276; 40.812;242.266
2003-05-30 11:55:00;159.448; 50.990;197.500;118.267;1254.320;380.293;   null;191.850; 82.390;143.263;270.003; 89.522;147.580;178.672;160.224;177.830;181.100;102.064; 41.450;239.064
2003-05-30 12:00:00;157.578; 51.833;197.533;118.163;1251.900;377.857; 96.585;194.136; 81.860;145.193;264.589; 90.141;147.520;178.406;160.644;179.892;180.300;103.034; 40.916;239.918
2003-05-30 12:05:00;159.494; 49.703;198.633;117.973;1251.920;382.760;   null;193.476; 83.182;144.580;268.894; 89.069;147.560;179.808;161.222;179.270;178.910;102.986; 40.874;240.612
2003-05-30 12:10:00;159.656; 50.863;198.400;117.917;1253.800;379.474;   null;196.258; 82.984;145.540;268.012; 90.851;147.620;179.664;160.892;180.282;179.736;103.040; 41.810;238.848
2003-05-30 12:15:00;159.434; 50.567;197.967;118.167;1249.980;381.453; 96.666;192.858; 82.892;142.590;265.947; 88.748;143.720;177.538;162.512;177.434;178.980;102.144; 40.716;239.584
2003-05-30 12:20:00;159.362; 51.637;199.733;117.160;1248.800;381.813;   null;190.168; 84.098;144.003;265.613; 89.838;146.640;177.246;159.490;180.404;177.768;102.938; 41.532;241.256
2003-05-30 12:25:00;158.910; 51.190;199.767;117.330;1257.400;378.603;   null;192.502; 82.640;144.647;267.184; 90.113;148.320;177.100;160.570;176.688;180.784;101.606; 41.614;241.182
2003-05-30 12:30:00;157.996; 50.700;198.333;118.510;1248.060;377.020; 96.113;192.910; 83.250;143.677;267.256; 91.072;144.700;178.336;159.392;179.912;180.284;102.006; 40.634;241.276
2003-05-30 12:35:00;156.242; 50.413;201.267;120.417;1245.680;380.227;   null;193.020; 81.804;145.560;267.132; 89.491;147.020;177.914;161.344;180.382;180.340;103.296; 41.334;239.704
2003-05-30 12:40:00;160.452; 49.510;198.067;117.407;1255.920;378.827;   null;192.548; 82.078;143.563;267.273; 90.772;146.860;178.530;158.696;178.982;179.388;101.634; 40.304;241.882
2003-05-30 12:45:00;160.114; 52.033;200.000;116.560;1247.620;377.333; 96.413;192.934; 82.344;143.484;268.104; 89.603;147.380;175.440;158.090;178.990;181.036;100.356; 41.302;241.422
2003-05-30 12:50:00;158.874; 50.637;198.000;117.147;1249.940;379.997;   null;191.250; 81.238;145.933;266.707; 89.783;148.060;179.772;157.264;179.184;178.618;101.694; 41.460;239.338
2003-05-30 12:55:00;159.904; 50.583;200.100;118.540;1250.500;381.393;   null;194.490; 82.634;144.240;264.214; 89.830;147.440;179.230;157.660;179.470;179.048;101.344; 40.660;238.154
2003-05-30 13:00:00;157.976; 51.313;201.833;117.040;1254.020;378.320; 97.299;193.082; 83.206;143.520;269.040; 89.730;147.780;177.722;157.722;179.208;182.102;101.704; 40.326;236.704
2003-05-30 13:05:00;158.686; 51.863;197.700;118.157;1248.940;379.097;   null;191.024; 82.610;141.697;268.140; 89.694;146.100;178.732;157.466;180.112;178.358;100.254; 40.490;239.768
2003-05-30 13:10:00;159.970; 51.007;202.033;119.633;1247.140;378.960;   null;194.002; 83.070;143.720;265.770; 91.613;147.460;178.858;155.462;180.296;179.348;101.540; 40.504;239.528
2003-05-30 13:15:00;159.392; 50.953;201.133;115.703;1242.760;381.107; 95.695;192.592; 83.284;144.427;264.108; 90.282;147.520;177.606;157.736;177.032;179.340;102.288; 40.160;239.774
2003-05-30 13:20:00;156.980; 51.487;199.600;119.163;1249.340;378.490;   null;194.506; 83.744;143.777;265.929; 90.144;148.300;177.316;158.468;180.286;178.752;102.144; 40.236;237.094
2003-05-30 13:25:00;156.750; 50.423;200.000;120.620;1238.040;377.947;   null;190.306; 82.892;144.110;266.566; 88.720;146.220;175.666;158.774;180.656;180.972;101.246; 40.862;238.218
2003-05-30 13:30:00;157.946; 50.950;197.133;118.523;1241.320;378.050; 95.777;192.858; 81.980;146.507;265.981; 89.380;145.820;175.504;156.914;179.072;180.192;101.208; 41.832;238.860
2003-05-30 13:35:00;157.560; 51.167;198.633;116.870;1243.960;377.907;   null;193.832; 82.006;145.167;266.920; 89.970;147.720;175.760;157.800;181.454;179.976;100.670; 41.058;239.338
2003-05-30 13:40:00;158.664; 50.853;199.000;116.647;1244.240;378.900;   null;192.424; 84.516;142.420;263.573; 89.962;146.160;179.754;158.092;180.406;176.896;101.362; 40.580;239.654
2003-05-30 13:45:00;157.188; 50.843;202.067;118.873;1238.540;376.033; 96.881;192.084; 82.256;145.030;265.022; 91.884;148.300;177.830;158.404;181.428;177.938;101.554; 40.742;239.630
2003-05-30 13:50:00;159.122; 51.357;200.367;116.627;1244.660;380.200;   null;191.264; 83.342;144.903;266.973; 89.902;145.840;178.360;157.368;179.912;178.758;103.048; 40.060;240.024
2003-05-30 13:55:00;158.184; 50.527;201.333;120.023;1245.960;377.763;   null;192.224; 83.074;143.783;263.921; 88.926;147.400;176.004;156.872;180.382;176.916;100.418; 40.760;240.662
2003-05-30 14:00:00;160.170; 50.703;198.733;120.153;1251.900;378.223; 96.439;191.614; 83.608;144.533;264.485; 88.150;146.140;179.234;156.614;181.450;178.064;101.086; 40.984;238.852
2003-05-30 14:05:00;159.998; 51.353;199.900;116.547;1244.560;376.947;   null;192.052; 82.202;143.907;265.854; 90.660;148.440;176.196;159.286;180.374;178.088;101.478; 40.514;241.758
2003-05-30 14:10:00;158.680; 51.607;200.767;117.310;1262.640;379.377;   null;193.176; 83.800;142.387;263.689; 91.774;143.300;177.466;158.514;178.022;178.602;102.752; 40.736;242.666
2003-05-30 14:15:00;159.574; 51.697;200.600;118.400;1258.000;377.727; 97.320;193.326; 83.692;142.670;267.364; 90.055;146.140;177.348;159.606;178.816;178.218;103.358; 41.450;238.466
2003-05-30 14:20:00;159.576; 51.290;197.433;118.707;1257.960;378.563;   null;192.002; 83.756;144.490;270.168; 89.274;147.760;177.338;155.980;180.046;178.230;102.814; 40.430;240.110
2003-05-30 14:25:00;158.934; 50.970;201.067;118.590;1251.500;382.000;   null;195.030; 82.426;144.000;267.540; 88.623;145.880;178.634;158.020;177.298;178.418;103.146; 41.942;238.742
2003-05-30 14:30:00;159.570; 50.387;203.567;118.560;1252.320;377.220; 97.872;194.208; 82.940;143.660;268.587; 89.965;146.640;178.050;160.676;180.994;179.548;101.410; 40.612;238.720
2003-05-30 14:35:00;158.434; 51.687;198.533;117.943;1266.480;378.887;   null;190.178; 82.992;144.297;269.953; 89.886;147.000;176.444;158.818;181.716;180.934;102.058; 40.900;239.320
2003-05-30 14:40:00;159.162; 50.040;201.133;119.803;1256.080;379.623;   null;192.808; 83.052;143.490;271.727; 90.056;145.820;177.330;160.320;180.588;182.146;102.248; 40.822;239.304
2003-05-30 14:45:00;160.528; 49.650;201.667;114.950;1262.420;381.767; 96.816;193.454; 83.170;142.723;270.733; 89.821;145.460;177.406;159.622;181.854;181.038;102.254; 41.074;242.208
2003-05-30 14:50:00;159.188; 51.470;197.833;117.973;1263.560;379.390;   null;192.722; 82.236;147.433;271.882; 90.572;146.880;175.860;160.848;180.262;181.158;102.858; 41.102;239.496
2003-05-30 14:55:00;162.024; 50.283;198.767;117.453;1267.640;376.907;   null;191.602; 82.058;144.563;272.378; 89.427;146.320;177.098;160.576;180.206;180.314;103.654; 40.666;236.510
2003-05-30 15:00:00;161.874; 51.477;200.867;117.123;1262.680;378.770; 96.943;192.182; 82.400;144.130;267.822; 90.831;147.080;178.176;158.280;179.798;181.638;102.366; 41.136;236.322
2003-05-30 15:05:00;160.782; 52.223;201.600;117.780;1264.140;379.537;   null;190.734; 83.126;144.397;270.070; 89.485;147.760;178.472;160.188;181.266;181.030;103.954; 40.110;239.718
2003-05-30 15:10:00;160.522; 51.200;201.333;117.140;1262.060;381.347;   null;195.312; 83.570;143.737;270.141; 89.155;149.260;181.230;161.410;179.806;183.774;102.412; 40.870;239.062
2003-05-30 15:15:00;159.718; 51.903;200.500;119.523;1274.600;378.970; 96.318;192.184; 82.472;145.297;275.014; 89.621;145.320;180.566;163.818;184.202;181.054;104.106; 40.648;236.636
2003-05-30 15:20:00;158.716; 51.660;197.633;118.863;1270.680;376.710;   null;193.222; 83.264;144.140;270.955; 89.407;147.340;179.906;161.976;180.092;181.086;103.378; 40.732;238.098
2003-05-30 15:25:00;158.224; 50.637;199.000;118.107;1262.260;382.083;   null;193.288; 82.694;143.930;268.725; 90.823;147.580;178.758;160.996;183.602;182.222;102.408; 41.200;237.546
2003-05-30 15:30:00;162.756; 52.777;201.033;120.017;1270.260;378.193; 95.678;194.918; 83.054;143.350;269.095; 90.578;146.980;180.430;159.474;179.432;178.962;102.380; 41.204;239.376
2003-05-30 15:35:00;160.858; 50.623;200.233;117.907;1268.380;379.917;   null;193.304; 82.486;143.577;269.877; 89.849;146.760;180.724;160.926;181.364;183.122;103.350; 40.432;237.806
2003-05-30 15:40:00;159.232; 51.157;202.433;117.963;1268.600;378.133;   null;191.162; 82.978;144.277;270.863; 90.064;144.760;180.784;163.144;177.958;181.278;103.162; 40.502;240.168
2003-05-30 15:45:00;162.166; 51.220;198.967;117.307;1268.580;381.207; 97.159;189.232; 83.564;144.463;268.387; 87.168;146.160;180.088;163.012;178.776;179.226;102.660; 41.272;239.658
2003-05-30 15:50:00;162.562; 51.080;199.933;118.140;1261.500;379.527;   null;192.390; 83.262;144.727;269.150; 89.536;147.720;180.646;161.710;180.796;181.980;102.838; 40.316;241.148
2003-05-30 15:55:00;159.328; 51.683;201.700;121.200;1265.020;379.120;   null;194.450; 82.898;143.367;271.360; 88.877;145.460;181.466;161.272;182.242;181.520;103.352; 40.694;240.902
2003-05-30 16:00:00;161.190; 51.383;201.333;119.813;1265.200;381.770; 96.578;192.132; 83.988;144.707;270.015; 89.698;145.980;179.968;162.198;180.304;180.616;103.452; 40.372;238.272
2003-05-30 16:05:00;162.448; 51.983;198.533;119.867;1268.540;382.143;   null;194.718; 83.210;145.967;272.693; 89.655;146.120;178.258;161.870;181.958;181.472;103.130; 40.950;239.860
2003-05-30 16:10:00;161.108; 51.790;200.900;117.453;1261.660;383.287;   null;192.080; 82.758;142.743;272.494; 89.871;146.660;180.206;161.724;180.706;181.322;102.270; 41.446;239.326
2003-05-30 16:15:00;161.070; 51.337;201.233;117.113;1254.920;388.190; 97.262;192.170; 82.332;143.373;269.388; 88.579;145.980;178.638;160.606;179.672;181.534;102.964; 41.138;240.218
2003-05-30 16:20:00;160.462; 51.347;202.100;119.597;1251.680;382.784;   null;193.840; 82.876;144.467;272.176; 91.216;146.200;179.872;160.490;181.624;181.902;104.674; 41.538;237.114
2003-05-30 16:25:00;161.006; 51.563;202.100;119.083;1257.620;380.123;   null;191.482; 83.640;144.583;269.071; 89.973;147.680;179.462;162.782;180.258;182.028;102.142; 41.404;240.316
2003-05-30 16:30:00;159.964; 51.923;197.433;118.377;1261.440;381.753; 97.005;194.922; 83.216;145.950;270.863; 91.715;144.840;180.254;160.268;179.786;179.684;101.952; 40.640;238.344
2003-05-30 16:35:00;159.318; 51.753;201.767;118.583;1257.520;378.883;   null;193.924; 83.416;144.093;272.013; 90.081;145.600;177.778;159.536;180.496;180.520;102.828; 41.066;242.340
2003-05-30 16:40:00;160.314; 51.547;200.700;119.070;1253.300;382.293;   null;194.136; 82.070;146.227;268.890; 89.736;146.460;179.868;160.704;181.576;179.228;102.974; 40.432;238.468
2003-05-30 16:45:00;160.280; 51.213;198.733;118.410;1257.520;382.840; 96.233;193.502; 83.506;145.170;269.081; 89.846;147.340;178.522;159.890;181.132;181.422;103.904; 40.570;238.902
2003-05-30 16:50:00;157.916; 50.337;197.300;119.073;1262.780;378.763;   null;193.880; 83.614;145.553;270.996; 91.432;147.160;178.956;159.702;180.826;179.856;102.404; 40.682;238.228
2003-05-30 16:55:00;160.622; 51.567;201.100;117.893;1257.540;380.190;   null;193.846; 82.574;144.527;267.404; 89.124;146.760;179.404;158.844;182.546;178.814;103.394; 41.346;238.020
2003-05-30 17:00:00;160.066; 51.110;200.733;119.363;1257.560;381.444; 96.258;192.948; 82.388;147.917;270.297; 92.384;145.460;178.672;160.270;180.140;181.272;104.334; 40.610;242.842
2003-05-30 17:05:00;159.266; 51.840;197.967;119.967;1250.040;379.196;   null;191.684; 83.798;142.293;268.963; 90.228;146.820;176.556;161.944;182.020;179.626;103.434; 41.196;241.282
2003-05-30 17:10:00;158.654; 52.083;197.467;118.593;1248.240;379.723;   null;196.084; 82.900;143.870;270.591; 90.739;147.280;179.534;158.150;182.336;180.540;103.586; 41.946;239.450
2003-05-30 17:15:00;160.820; 51.090;198.000;118.503;1249.600;380.056; 97.133;192.746; 83.002;144.253;270.487; 90.168;145.520;179.716;159.678;183.612;181.142;105.514; 41.464;240.744
2003-05-30 17:20:00;159.352; 51.240;197.200;118.247;1253.180;383.097;   null;191.976; 83.438;145.597;270.184; 91.566;147.780;179.754;157.564;180.580;178.796;102.820; 41.050;243.238
2003-05-30 17:25:00;161.408; 50.487;198.400;120.277;1250.900;379.387;   null;193.650; 82.788;145.133;271.118; 90.499;148.420;178.686;158.092;181.636;181.886;102.712; 41.028;236.638
2003-05-30 17:30:00;158.546; 51.933;186.533;118.363;1257.840;376.680; 96.804;191.950; 83.628;142.127;272.557; 88.560;146.820;178.102;159.378;183.274;177.168;103.766; 40.780;242.958
2003-05-30 17:35:00;158.678; 51.080;200.967;119.603;1253.940;383.103;   null;192.710; 81.174;144.723;269.377; 90.284;147.780;179.038;158.446;181.788;180.378;102.094; 41.146;241.866
2003-05-30 17:40:00;159.260; 51.280;200.233;118.343;1251.660;382.710;   null;190.332; 82.372;143.183;270.135; 89.571;146.840;179.250;158.802;182.454;180.806;103.536; 40.668;241.270
2003-05-30 17:45:00;157.404; 50.047;199.800;116.770;1256.340;382.747; 97.387;194.834; 83.030;143.053;271.726; 90.952;149.120;178.074;160.282;179.100;180.498;103.656; 41.352;238.906
2003-05-30 17:50:00;159.026; 50.793;199.733;118.053;1246.300;383.873;   null;192.016; 82.868;145.467;269.041; 90.974;148.300;177.084;158.752;179.900;180.652;102.856; 41.136;242.226
2003-05-30 17:55:00;158.626; 50.747;198.133;116.870;1247.440;380.443;   null;194.210; 82.250;144.007;268.255; 90.675;148.540;177.134;158.616;181.682;177.878;102.930; 41.110;241.304
2003-05-30 18:00:00;158.694; 50.167;200.333;118.113;1240.560;378.927; 96.892;194.154; 81.766;143.823;268.648; 91.038;145.820;179.024;158.198;181.494;179.536;101.326; 40.740;241.264
2003-05-30 18:05:00;158.320; 51.200;198.767;117.303;1245.140;381.920;   null;192.732; 83.178;146.030;264.748; 89.529;146.740;180.154;158.926;181.218;181.200;103.222; 40.850;240.442
2003-05-30 18:10:00;158.438; 50.800;199.233;118.003;1249.280;379.723;   null;194.012; 82.466;144.086;269.895; 89.521;147.300;179.808;161.190;180.494;178.376;101.004; 40.658;239.148
2003-05-30 18:15:00;158.024; 52.487;201.333;117.750;1248.800;378.647; 95.937;192.970; 82.060;144.120;267.079; 91.508;146.960;179.920;159.812;180.170;179.594;102.820; 40.438;238.472
2003-05-30 18:20:00;159.624; 51.863;200.133;116.600;1247.520;380.757;   null;196.076; 82.306;144.603;270.561; 89.842;146.160;178.332;160.278;182.116;177.662;101.668; 40.732;239.166
2003-05-30 18:25:00;158.334; 52.303;201.267;118.877;1252.120;379.430;   null;191.850; 81.718;144.067;267.039; 89.116;146.420;179.368;160.064;181.760;179.664;103.522; 40.408;237.150
2003-05-30 18:30:00;158.396; 50.853;199.367;118.463;1245.840;381.630; 96.029;193.308; 83.820;144.000;268.739; 89.802;146.720;176.716;156.960;180.224;178.998;102.894; 39.820;238.214
2003-05-30 18:35:00;159.452; 51.717;201.000;116.837;1251.600;377.433;   null;192.802; 83.336;142.827;270.537; 89.982;146.200;179.866;159.390;179.388;180.202;102.228; 40.944;237.268
2003-05-30 18:40:00;157.890; 50.513;199.833;118.137;1245.100;380.917;   null;192.264; 81.044;143.724;265.869; 90.643;145.300;178.812;159.846;179.460;179.654;103.124; 40.818;237.978
2003-05-30 18:45:00;159.886; 51.657;199.667;118.607;1242.120;380.540; 95.729;194.956; 83.426;145.693;267.179; 90.333;146.880;181.848;159.078;179.264;180.652;103.286; 40.156;238.924
2003-05-30 18:50:00;158.988; 50.337;201.033;116.093;1246.020;379.423;   null;194.396; 81.540;146.290;267.034; 87.987;148.780;177.966;160.458;179.906;181.420;102.088; 41.206;239.900
2003-05-30 18:55:00;158.456; 51.623;199.900;117.797;1247.020;373.917;   null;190.868; 83.648;148.213;267.857; 89.480;144.060;177.694;160.408;181.164;179.578;104.338; 40.990;238.000
2003-05-30 19:00:00;157.612; 50.850;197.933;115.843;1254.800;377.943; 96.319;193.564; 81.628;145.000;266.210; 90.790;147.500;177.822;158.414;181.584;181.270;101.510; 40.386;240.384
2003-05-30 19:05:00;158.076; 50.310;198.600;117.430;1248.000;378.907;   null;192.142; 83.976;143.540;267.112; 89.400;148.620;180.970;161.110;181.886;181.096;102.816; 41.110;237.922
2003-05-30 19:10:00;160.104; 50.673;200.167;116.973;1250.260;380.330;   null;190.006; 82.550;145.897;267.356; 88.966;146.020;179.078;158.876;181.334;182.094;102.290; 41.110;237.960
2003-05-30 19:15:00;158.654; 51.150;199.867;119.033;1238.880;379.534; 95.785;194.300; 82.874;145.367;268.693; 89.008;147.080;178.356;159.826;180.398;178.800;101.248; 41.112;236.452
2003-05-30 19:20:00;157.946; 50.513;201.700;118.810;1239.840;379.010;   null;191.074; 83.032;145.857;266.166; 89.272;144.620;178.760;158.614;180.960;180.028;102.216; 40.646;240.852
2003-05-30 19:25:00;157.006; 51.097;197.167;119.280;1229.040;381.180;   null;190.138; 83.608;143.473;267.835; 88.774;144.720;178.934;157.668;181.818;181.702;102.256; 40.946;240.732
2003-05-30 19:30:00;157.092; 51.450;200.367;118.267;1251.420;382.193; 96.334;191.692; 81.808;144.073;268.405; 89.110;145.340;180.048;158.630;178.942;180.982;102.176; 40.856;238.822
2003-05-30 19:35:00;158.266; 50.847;199.567;118.483;1244.740;379.777;   null;192.568; 82.762;143.760;266.339; 88.056;144.400;181.366;161.228;180.254;180.674;101.410; 41.268;240.340
2003-05-30 19:40:00;157.126; 50.670;200.700;118.737;1241.320;380.593;   null;192.334; 81.886;143.807;268.254; 89.362;144.420;181.188;158.024;177.836;183.352;102.284; 40.568;239.516
2003-05-30 19:45:00;158.544; 50.680;198.700;116.763;1244.960;379.340; 96.951;191.948; 82.386;144.296;266.180; 87.620;145.700;180.604;161.004;180.936;182.646;101.310; 40.310;239.696
2003-05-30 19:50:00;156.058; 51.927;197.700;118.813;1235.580;379.510;   null;192.646; 82.986;144.410;268.488; 88.802;144.560;179.878;159.978;179.196;182.098;103.356; 40.910;239.068
2003-05-30 19:55:00;157.822; 50.713;201.233;118.363;1236.840;381.077;   null;193.182; 82.474;143.350;270.086; 88.164;146.240;180.134;159.030;180.866;181.570;101.736; 41.204;240.846
2003-05-30 20:00:00;159.580; 51.837;200.933;119.013;1238.900;381.680; 96.120;189.966; 83.266;145.603;269.067; 91.127;146.740;180.414;158.686;178.308;182.456;101.300; 41.602;240.520
2003-05-30 20:05:00;158.356; 50.880;200.400;118.900;1243.640;380.763;   null;194.608; 82.138;144.490;268.152; 88.843;144.460;180.716;160.422;178.072;180.682;101.004; 41.550;240.878
2003-05-30 20:10:00;158.226; 51.433;200.200;117.917;1243.240;378.270;   null;193.824; 83.558;144.350;270.768; 90.915;147.440;180.376;160.450;179.362;182.022;102.772; 40.896;243.536
2003-05-30 20:15:00;158.670; 49.457;199.500;118.367;1238.720;381.097; 97.334;193.736; 82.218;144.067;269.219; 88.251;146.400;181.118;161.250;180.718;181.100;102.516; 41.030;240.602
2003-05-30 20:20:00;158.698; 50.987;201.300;117.753;1241.860;380.137;   null;192.002; 83.362;144.980;266.575; 90.030;146.500;179.768;160.270;180.842;179.924;103.070; 41.414;240.988
2003-05-30 20:25:00;158.588; 50.640;199.567;118.443;1242.080;381.647;   null;194.286; 83.472;144.403;266.955; 87.487;147.560;178.092;159.908;181.634;180.114;102.014; 41.300;243.068
2003-05-30 20:30:00;159.438; 50.550;197.467;117.213;1244.640;380.913; 96.498;195.724; 83.100;144.463;267.487; 88.825;146.340;178.690;160.942;179.828;182.162;103.548; 41.044;238.072
2003-05-30 20:35:00;157.804; 50.950;200.533;118.150;1242.660;380.027;   null;193.620; 81.786;145.453;266.116; 89.995;146.460;179.016;162.398;180.350;180.912;102.304; 41.162;239.128
2003-05-30 20:40:00;158.924; 48.910;198.967;117.487;1246.080;382.220;   null;193.744; 84.238;143.433;267.891; 89.038;145.940;180.872;163.142;182.190;181.672;102.978; 40.888;241.878
2003-05-30 20:45:00;158.648; 50.903;200.000;116.827;1242.300;382.653; 97.013;191.772; 82.104;145.930;269.032; 90.559;144.420;178.402;160.092;180.768;179.592;103.206; 41.978;244.456
2003-05-30 20:50:00;156.618; 51.070;199.267;115.940;1247.660;380.347;   null;193.486; 83.146;149.010;269.183; 89.524;145.000;180.046;160.502;180.252;181.080;102.742; 41.728;244.530
2003-05-30 20:55:00;157.348; 50.787;199.833;118.553;1244.560;379.127;   null;192.664; 82.636;143.480;270.000; 89.763;147.020;180.490;160.496;182.060;180.478;103.162; 40.712;241.636
2003-05-30 21:00:00;157.906; 50.343;198.767;117.757;1243.700;378.257; 97.098;191.580; 83.158;143.793;267.845; 89.283;146.520;179.196;161.180;179.898;183.022;103.786; 40.726;240.852
2003-05-30 21:05:00;158.694; 50.563;199.167;116.770;1238.140;379.330;   null;193.896; 82.362;144.550;268.881; 91.354;145.800;179.540;161.002;179.958;181.462;103.578; 40.540;240.858
2003-05-30 21:10:00;157.856; 52.187;202.000;117.723;1247.620;381.377;   null;193.444; 82.206;142.287;268.052; 89.090;145.540;181.648;161.064;178.396;182.576;102.372; 40.496;242.840
2003-05-30 21:15:00;156.796; 51.420;198.500;116.613;1237.600;378.630; 96.746;192.452; 83.200;142.787;269.044; 89.187;145.600;179.208;160.820;181.906;182.454;101.794; 41.232;242.876
2003-05-30 21:20:00;158.162; 51.413;200.433;117.170;1238.280;376.757;   null;190.980; 83.506;147.403;269.192; 89.394;144.040;181.226;160.946;180.940;182.562;102.382; 41.594;240.700
2003-05-30 21:25:00;160.908; 51.493;198.867;117.433;1235.260;376.450;   null;192.910; 84.308;143.900;269.132; 88.744;146.040;177.540;161.394;181.136;182.142;102.608; 40.708;243.738
2003-05-30 21:30:00;158.400; 50.533;198.667;116.643;1241.480;372.317; 96.666;189.150; 82.850;144.567;268.536; 89.578;144.500;179.984;161.136;181.298;178.650;101.340; 41.054;243.742
2003-05-30 21:35:00;156.462; 51.983;201.600;115.633;1242.600;373.830;   null;190.688; 82.670;145.533;268.099; 90.917;144.140;180.016;159.744;178.736;178.218;101.756; 40.800;240.410
2003-05-30 21:40:00;156.974; 50.270;199.033;117.847;1249.120;375.730;   null;190.676; 81.858;143.793;268.765; 90.146;146.060;177.232;161.748;180.274;180.682;101.896; 41.140;240.422
2003-05-30 21:45:00;158.434; 51.113;198.733;116.703;1240.600;377.973; 96.547;189.402; 82.232;144.407;268.362; 88.951;144.620;178.670;160.742;177.254;181.232;102.150; 41.302;242.156
2003-05-30 21:50:00;155.030; 51.233;200.433;118.527;1250.140;370.167;   null;191.154; 81.810;144.197;271.727; 90.772;145.780;180.074;161.658;182.018;178.282;102.332; 41.532;239.368
2003-05-30 21:55:00;155.544; 50.737;201.300;116.603;1245.180;374.210;   null;189.266; 81.946;140.697;270.186; 89.217;146.840;179.390;160.220;180.036;180.160;101.790; 41.986;241.508
2003-05-30 22:00:00;156.428; 50.273;198.933;116.217;1245.600;376.597; 95.617;190.066; 81.852;141.837;270.176; 89.087;145.020;179.734;160.746;179.192;179.164;102.840; 41.340;243.834
2003-05-30 22:05:00;157.320; 50.870;201.600;115.313;1241.740;372.880;   null;189.830; 82.438;141.380;267.203; 91.862;143.980;179.784;159.364;178.978;181.190;102.474; 40.530;241.206
2003-05-30 22:10:00;156.048; 51.453;202.000;115.097;1248.720;375.250;   null;189.410; 82.736;142.597;272.658; 89.072;144.340;179.004;158.956;179.360;181.094;101.914; 40.488;240.700
2003-05-30 22:15:00;156.990; 50.097;198.900;116.243;1248.900;369.643; 94.483;190.774; 84.072;144.307;270.497; 88.764;143.440;180.066;159.872;178.384;180.850;102.226; 41.248;240.424
2003-05-30 22:20:00;156.488; 52.123;196.133;116.737;1250.040;372.920;   null;189.340; 81.096;141.000;270.738; 89.439;143.560;179.966;160.528;180.150;181.342;101.678; 40.878;241.436
2003-05-30 22:25:00;155.376; 50.083;200.333;116.270;1244.920;375.163;   null;187.832; 82.074;142.787;270.178; 88.144;144.240;180.374;160.992;180.826;180.992;103.332; 41.472;239.156
2003-05-30 22:30:00;157.286; 51.323;200.700;118.043;1251.940;371.047; 94.099;189.636; 82.814;144.630;270.970; 89.364;145.920;179.752;159.520;180.622;179.266;102.342; 40.824;239.766
2003-05-30 22:35:00;156.400; 51.117;201.467;115.303;1249.120;371.457;   null;189.898; 81.654;143.623;268.947; 89.955;145.380;179.638;159.298;178.816;180.444;102.428; 40.426;239.502
2003-05-30 22:40:00;156.008; 51.357;198.067;115.137;1248.460;373.923;   null;188.338; 84.706;142.600;271.030; 88.338;145.120;180.536;160.132;179.582;178.706;101.330; 40.696;240.484
2003-05-30 22:45:00;158.134; 49.913;198.967;116.380;1240.680;370.213; 94.973;189.162; 81.584;142.730;271.099; 88.128;144.100;178.214;160.054;179.772;180.120;102.750; 40.728;237.876
2003-05-30 22:50:00;156.894; 48.870;200.600;113.717;1247.460;374.007;   null;189.044; 82.520;140.680;270.910; 87.405;143.940;177.988;159.466;177.446;181.826;101.166; 40.530;242.328
2003-05-30 22:55:00;156.268; 50.177;198.033;115.117;1245.040;373.013;   null;188.892; 81.970;138.437;271.459; 87.588;144.260;176.456;160.002;178.354;180.820;101.348; 42.004;239.702
2003-05-30 23:00:00;158.152; 51.083;200.100;117.323;1254.620;371.220; 93.938;188.384; 83.368;141.393;270.506; 89.410;145.160;179.690;157.690;177.290;178.344;102.552; 40.724;238.888
2003-05-30 23:05:00;156.696; 51.663;199.633;118.530;1252.520;372.950;   null;190.928; 83.204;140.583;268.149; 88.988;145.300;177.276;157.762;179.564;180.124;100.462; 40.596;237.168
2003-05-30 23:10:00;156.876; 50.133;199.400;116.660;1257.380;372.067;   null;189.800; 83.416;140.593;268.149; 88.348;143.560;179.556;160.136;179.236;179.560;101.404; 41.198;240.578
2003-05-30 23:15:00;158.264; 48.430;198.433;116.313;1252.200;370.973; 94.019;188.624; 82.580;141.073;270.223; 87.386;143.520;178.410;158.708;179.670;181.396;101.730; 41.070;240.512
2003-05-30 23:20:00;157.158; 49.187;200.067;115.143;1253.560;372.533;   null;188.988; 81.790;140.903;270.308; 87.849;143.940;179.698;159.306;178.872;180.696;102.132; 40.664;238.296
2003-05-30 23:25:00;157.878; 49.537;200.833;116.843;1260.520;373.930;   null;187.552; 82.982;141.520;267.327; 89.650;145.140;179.474;159.154;179.738;180.920;100.308; 40.790;239.388
2003-05-30 23:30:00;156.762; 50.503;199.267;115.920;1258.920;371.717; 94.186;188.968; 81.768;143.290;271.892; 88.557;143.820;179.510;160.404;179.028;179.998;101.290; 40.848;240.796
2003-05-30 23:35:00;157.444; 49.163;199.333;115.287;1248.840;372.780;   null;189.746; 82.806;141.490;269.872; 88.656;143.340;177.484;160.052;177.436;182.854;101.232; 40.174;238.240
2003-05-30 23:40:00;157.838; 50.413;199.933;116.190;1257.200;373.007;   null;190.036; 82.372;143.417;271.268; 87.336;142.580;181.718;159.178;177.104;181.132;101.272; 40.956;236.836
2003-05-30 23:45:00;158.390; 50.183;198.800;117.420;1254.340;371.920; 94.457;188.194; 82.796;140.087;271.831; 86.427;143.440;179.586;159.804;178.558;180.652;102.042; 40.520;238.430
2003-05-30 23:50:00;156.492; 50.430;197.433;115.237;1254.120;374.557;   null;185.534; 81.506;142.573;269.802; 88.298;144.320;178.506;159.292;177.258;181.408;101.760; 40.768;239.432
2003-05-30 23:55:00;155.732; 50.433;196.333;116.870;1257.740;371.803;   null;189.474; 81.550;141.903;269.776; 87.260;142.780;179.894;158.606;178.592;181.710;102.082; 40.946;240.474
2003-05-31 00:00:00;158.472; 50.327;199.733;115.857;1255.560;376.057; 94.235;190.072; 83.736;141.043;267.826; 89.260;143.260;178.476;160.168;179.034;180.326;101.780; 40.172;240.314
2003-05-31 00:05:00;157.958; 49.700;199.967;117.003;1262.660;371.173;   null;189.414; 82.922;142.014;268.486; 88.882;143.340;180.144;160.558;177.648;179.984;102.918; 41.340;239.216
2003-05-31 00:10:00;157.812; 50.897;198.267;117.337;1258.380;372.503;   null;189.494; 81.842;141.657;266.720; 88.198;144.180;177.324;160.984;181.180;178.474;102.592; 40.494;240.728
2003-05-31 00:15:00;159.300; 48.907;199.100;117.420;1254.940;373.687; 94.150;188.890; 82.332;140.350;270.880; 88.131;143.740;180.066;159.542;177.970;180.644;100.654; 40.532;240.952
2003-05-31 00:20:00;158.496; 50.937;197.467;116.307;1261.320;371.697;   null;188.432; 83.058;139.566;268.852; 89.109;144.720;177.828;159.378;178.796;176.998;101.206; 40.616;238.526

