DATETIME,ESOI,ATHN,MXCO,ROME,AATB,LMKS,DRBS,MOSC,NEWK,KIEL,CALG,OULU,APTY,FSMT,INVK,NAIN,PWNK,THUL,SOPB,SOPO
2003-05-29 13:25:00,165.686,52.287,205.033,122.333,1317.14,401.437,101.05895041666678,203.854,85.732,151.73,285.409,94.234,155.34,193.424,169.448,189.432,191.49,109.768,42.996,251.232
2003-05-29 13:30:00,166.292,53.753,204.433,122.15,1321.6,399.443,100.603,201.33,86.706,150.913,285.966,94.659,154.18,191.264,172.348,187.746,189.406,107.616,43.326,251.318
2003-05-29 13:35:00,168.312,54.687,206.0,122.52,1319.5,396.813,101.08978875000003,202.52,87.564,152.813,284.074,94.358,156.5,190.196,172.102,191.336,191.664,111.012,42.458,248.17
2003-05-29 13:40:00,165.58,52.13,202.867,123.293,1320.34,400.427,101.13824708333341,202.442,85.982,150.18,281.496,94.067,155.14,188.958,170.186,189.064,190.544,110.16,42.976,252.62
2003-05-29 13:45:00,167.57,52.39,204.733,123.157,1316.3,398.707,100.279,200.82,85.06,151.763,285.531,95.218,153.86,190.846,170.044,188.782,190.198,110.458,43.034,251.302
2003-05-29 13:50:00,167.93,53.84,205.033,123.883,1318.74,397.283,101.09375375000003,202.85,86.406,150.55,280.721,94.989,154.74,190.554,169.798,189.93,191.516,109.94,43.626,250.178
2003-05-29 13:55:00,165.94,51.69,207.033,122.83,1312.0,404.78,101.01553291666674,202.982,86.686,151.933,283.187,94.6,156.82,191.212,171.834,188.914,191.118,110.532,43.226,251.48
2003-05-29 14:00:00,163.18,54.407,205.4,123.53,1315.32,400.007,100.965,203.134,87.752,149.627,282.151,95.507,156.18,192.468,170.794,188.37,191.482,109.72,43.1,251.248
2003-05-29 14:05:00,165.936,52.777,206.833,123.243,1324.44,399.62,101.19948958333336,204.644,86.06,152.85,283.095,93.931,153.74,192.114,172.152,188.942,189.702,110.124,42.858,252.146
2003-05-29 14:10:00,163.992,52.94,206.3,123.523,1316.38,399.57,101.0502841666667,200.984,86.646,151.137,287.035,96.252,155.22,189.564,170.458,188.18,191.814,110.458,44.148,253.132
2003-05-29 14:15:00,166.196,53.053,204.3,122.627,1319.4,401.767,101.365,202.414,86.754,148.947,284.392,94.721,155.0,191.952,171.258,186.7,188.318,111.782,43.014,251.454
2003-05-29 14:20:00,165.264,52.427,206.933,122.253,1322.74,405.63,101.02377708333333,205.17,86.894,152.173,282.081,94.671,154.78,191.232,172.092,189.966,188.846,110.344,42.678,250.428
2003-05-29 14:25:00,165.088,52.5,210.333,123.99,1313.82,400.573,101.23524333333336,202.434,87.446,151.88,286.158,94.547,154.48,191.102,173.326,190.692,189.536,111.046,43.188,251.968
2003-05-29 14:30:00,167.266,53.887,210.267,125.64,1313.52,405.623,100.693,201.276,87.538,152.47,283.853,95.363,154.26,191.494,171.982,190.968,190.864,111.28,43.02,250.194
2003-05-29 14:35:00,165.018,52.93,206.3,123.82,1318.04,398.813,101.41742291666672,201.802,86.45,152.333,285.764,94.27,152.98,189.904,173.116,192.648,189.87,110.456,42.716,251.908
2003-05-29 14:40:00,165.112,52.747,205.033,123.277,1321.32,403.95,100.95664583333341,201.486,86.334,151.417,284.505,95.626,154.22,188.122,172.138,189.058,190.84,108.076,42.992,250.722
2003-05-29 14:45:00,166.602,52.957,206.5,124.707,1308.62,401.757,102.627,203.092,86.8,149.997,281.849,94.032,155.16,189.418,169.83,190.168,190.994,109.808,43.152,251.53
2003-05-29 14:50:00,165.032,52.873,206.0,123.787,1311.88,398.36,101.20238666666683,203.022,85.872,153.143,284.667,93.414,155.42,191.198,171.126,189.974,189.422,110.45,43.226,250.204
2003-05-29 14:55:00,163.918,53.033,208.7,123.943,1317.8,401.157,101.03696416666673,201.294,86.112,151.943,286.416,95.351,155.28,191.174,172.454,188.37,192.284,108.76,43.202,250.946
2003-05-29 15:00:00,163.498,53.77,205.9,123.607,1320.32,401.257,101.62,201.61,86.328,152.94,285.259,93.037,154.86,192.736,169.102,191.114,191.738,108.89,42.466,252.12
2003-05-29 15:05:00,164.538,52.663,206.633,123.797,1316.52,401.417,101.16246833333349,202.348,86.658,151.907,283.488,95.227,153.42,193.45,170.088,188.1,191.702,109.536,43.34,251.922
2003-05-29 15:10:00,165.94,53.07,205.5,122.617,1319.54,399.303,101.1946170833334,202.896,86.278,152.787,285.913,93.996,154.66,192.416,170.848,186.68,190.41,109.312,42.916,251.644
2003-05-29 15:15:00,163.764,53.027,208.2,123.433,1322.0,401.597,100.726,204.712,86.592,152.103,284.648,95.331,155.58,191.822,171.288,188.956,190.922,107.99,43.446,251.698
2003-05-29 15:20:00,166.736,53.023,206.033,122.747,1318.86,400.957,101.21920208333339,201.222,85.88,153.597,283.255,94.648,154.98,192.952,172.018,189.188,190.732,109.842,42.234,252.524
2003-05-29 15:25:00,165.744,51.88,207.667,123.0,1323.24,399.92,101.06310666666677,201.664,86.246,152.413,285.781,95.039,156.56,192.238,170.666,189.724,193.016,108.166,43.518,251.574
2003-05-29 15:30:00,163.426,52.76,207.133,123.06,1315.06,400.643,100.939,202.286,88.146,151.417,289.719,95.668,154.88,190.588,172.22,189.342,192.05,109.104,42.99,250.594
2003-05-29 15:35:00,164.068,52.093,207.667,123.74,1324.72,399.68,101.16610000000013,203.434,86.282,150.51,285.823,92.662,154.5,191.484,169.665,188.54,190.002,108.448,42.602,252.41
2003-05-29 15:40:00,163.908,53.58,211.7,123.607,1327.28,398.497,101.1791787499999,202.944,87.554,153.307,287.741,95.68,153.84,192.772,170.76,190.828,189.028,109.352,43.112,251.248
2003-05-29 15:45:00,164.81,53.59,205.967,124.077,1331.36,399.173,101.458,204.348,87.828,151.507,282.747,94.109,154.3,192.03,169.653,190.234,188.97,108.69,43.428,251.86
2003-05-29 15:50:00,165.004,54.03,207.9,122.803,1322.42,400.087,101.1390420833334,200.832,86.026,151.33,288.932,94.294,154.7,192.046,169.33,188.752,190.346,109.218,43.728,252.358
2003-05-29 15:55:00,165.964,54.977,210.033,124.903,1331.14,401.913,101.5027654166667,199.532,86.968,149.377,287.507,94.574,153.14,191.762,168.716,189.458,189.818,108.12,43.548,253.012
2003-05-29 16:00:00,165.78,54.343,207.967,123.66,1321.82,401.7,101.272,203.894,87.102,153.177,286.096,95.859,154.24,191.58,168.486,187.766,188.952,108.878,42.584,251.56
2003-05-29 16:05:00,165.17,52.933,206.0,121.63,1321.38,399.387,101.12972041666676,205.132,86.022,151.943,286.471,94.405,154.46,189.414,169.278,188.302,189.79,110.372,42.48,253.474
2003-05-29 16:10:00,164.328,53.483,210.0,123.813,1311.32,402.72,101.29731375000004,201.674,86.376,150.83,285.993,96.171,155.86,191.846,170.354,190.492,189.08,107.004,43.286,252.486
2003-05-29 16:15:00,164.018,53.22,208.2,123.34,1318.42,400.643,101.343,202.75,85.902,150.363,288.586,94.787,157.64,191.284,167.526,187.704,189.972,108.268,42.884,251.106
2003-05-29 16:20:00,166.042,54.457,206.7,121.72,1322.8,403.84,101.03314125000003,201.654,87.68,151.037,286.37,94.811,154.66,192.954,170.366,190.296,188.462,109.062,43.202,249.76
2003-05-29 16:25:00,165.296,53.167,207.4,123.127,1323.62,401.3,101.13002541666674,203.462,87.194,152.366,288.072,94.116,153.62,191.742,169.232,188.58,187.976,109.194,43.35,249.248
2003-05-29 16:30:00,166.294,52.743,207.067,122.92,1323.54,400.61,101.249,202.378,84.94,153.82,284.794,93.861,153.42,190.772,170.19,190.462,190.274,108.89,43.248,250.758
2003-05-29 16:35:00,165.332,53.38,204.5,122.053,1321.5,398.87,100.9873866666667,203.646,86.478,150.193,285.512,94.941,154.44,190.2,169.046,187.762,190.568,108.888,43.012,248.8
2003-05-29 16:40:00,164.264,55.107,208.7,121.25,1320.3,397.943,101.083775,201.364,86.652,153.037,287.053,94.563,154.1,188.78,170.094,188.218,189.346,108.296,43.608,252.018
2003-05-29 16:45:00,165.428,53.623,206.867,122.28,1317.22,397.37,101.24,204.364,86.806,150.163,287.463,94.555,155.12,191.69,167.578,188.008,191.344,108.82,43.418,252.044
2003-05-29 16:50:00,165.284,52.27,209.533,122.117,1322.08,398.523,100.97621416666672,200.064,88.586,152.59,285.546,94.22,154.66,190.608,169.954,188.742,191.378,108.482,43.926,250.344
2003-05-29 16:55:00,164.782,53.493,206.6,121.79,1321.98,398.143,101.10118458333338,202.748,85.946,149.264,285.784,95.606,155.08,190.412,168.394,189.518,189.378,108.002,43.896,250.17
2003-05-29 17:00:00,164.032,52.89,208.833,123.4,1320.08,404.347,101.714,201.866,84.67,151.963,284.251,95.174,153.82,190.76,171.182,189.572,189.608,108.838,42.864,251.86
2003-05-29 17:05:00,166.382,54.053,207.433,123.507,1320.62,401.02,101.26009874999988,202.194,86.488,150.4,285.136,94.141,154.78,191.08,169.498,187.48,187.158,107.738,42.914,250.838
2003-05-29 17:10:00,165.392,51.403,208.567,122.323,1320.92,398.243,101.08056041666677,201.176,86.566,152.033,285.378,94.085,154.92,191.876,170.632,190.776,190.346,108.088,42.79,250.996
2003-05-29 17:15:00,165.408,52.503,207.967,121.153,1314.62,401.607,100.998,202.568,87.59,153.813,285.442,93.329,155.16,190.712,170.926,189.568,188.844,108.324,42.168,251.17
2003-05-29 17:20:00,164.384,52.64,209.0,122.0,1315.48,402.58,100.99936458333349,203.456,86.66,152.38,286.877,95.038,154.2,190.382,168.76,188.374,189.758,107.332,43.096,249.252
2003-05-29 17:25:00,168.084,53.697,206.633,124.613,1314.64,400.743,101.2617629166668,205.174,87.016,152.483,286.065,93.961,155.16,188.592,169.22,185.178,190.88,107.712,43.356,250.004
2003-05-29 17:30:00,166.634,52.647,209.067,124.857,1320.82,400.636,102.221,203.766,86.764,152.857,287.809,94.489,153.58,190.2,170.746,189.198,190.384,105.496,42.764,251.392
2003-05-29 17:35:00,165.798,53.367,209.033,123.647,1325.24,403.52,101.23327583333327,203.98,85.772,151.71,286.75,94.671,154.12,189.594,170.75,186.994,188.872,107.304,42.764,250.186
2003-05-29 17:40:00,163.014,52.267,207.833,124.347,1318.74,400.16,101.48707083333338,203.054,87.02,150.62,288.18,93.566,154.94,191.416,168.94,189.492,189.44,106.558,42.44,251.69
2003-05-29 17:45:00,166.11,52.82,206.0,124.057,1320.3,405.193,100.907,204.798,85.952,151.903,285.689,93.765,153.52,189.638,169.646,187.32,189.416,107.224,43.094,249.712
2003-05-29 17:50:00,164.68,52.877,208.733,123.51,1332.88,401.117,101.31709916666676,203.08,86.624,150.657,283.774,93.57,153.72,189.438,170.336,187.734,188.932,105.536,43.714,250.004
2003-05-29 17:55:00,165.732,53.053,204.3,122.03,1329.18,400.927,101.18888125000004,203.46,86.832,150.707,282.679,94.416,153.18,190.16,170.082,187.076,187.234,105.586,42.676,251.562
2003-05-29 18:00:00,168.056,54.137,207.033,123.0,1330.24,405.967,101.331,200.93,85.908,149.32,286.365,95.086,153.34,190.188,167.864,187.476,189.4,106.82,42.792,248.278
2003-05-29 18:05:00,166.492,51.663,209.433,122.463,1323.16,408.367,101.0792179166667,201.59,86.83,150.707,282.54,96.148,154.7,189.66,169.092,187.558,190.716,106.632,43.256,249.114
2003-05-29 18:10:00,166.146,53.57,207.533,123.06,1323.54,409.21,101.27620416666664,201.598,86.89,149.72,280.56,94.455,155.34,190.162,169.722,187.74,188.886,106.694,42.79,250.188
2003-05-29 18:15:00,166.176,53.32,209.133,122.347,1322.34,408.133,101.484,202.97,86.974,152.653,284.822,94.365,153.42,187.848,168.26,186.708,189.31,105.484,43.064,250.346
2003-05-29 18:20:00,165.754,54.173,207.5,123.883,1318.6,407.343,101.15758166666677,201.726,87.89,151.15,285.197,92.087,154.06,191.946,168.514,187.098,189.59,106.91,42.636,252.808
2003-05-29 18:25:00,163.466,53.21,207.133,122.997,1318.32,408.603,101.15578958333339,203.178,87.214,151.9,284.751,94.252,153.08,189.55,168.47,187.586,189.112,107.094,42.362,249.182
2003-05-29 18:30:00,166.376,54.4,206.1,122.82,1324.86,407.733,101.098,202.802,88.724,150.937,281.443,93.687,155.28,188.118,168.662,185.43,189.708,107.308,42.858,247.524
2003-05-29 18:35:00,164.762,53.487,208.967,121.827,1314.14,404.723,101.16351250000011,203.172,86.516,151.733,284.989,94.655,153.08,189.856,168.74,186.304,187.38,106.76,42.522,250.476
2003-05-29 18:40:00,167.6,52.86,208.167,123.137,1323.74,406.977,101.09373916666671,203.296,86.354,152.077,282.635,94.114,153.76,188.404,167.144,183.112,186.884,107.338,43.174,248.498
2003-05-29 18:45:00,164.74,53.103,207.267,122.793,1318.64,407.603,100.289,205.138,87.506,151.297,284.914,94.572,154.4,188.424,168.28,186.346,187.16,107.61,43.092,249.932
2003-05-29 18:50:00,164.528,53.77,210.9,123.8,1321.1,408.837,101.13084750000014,203.462,86.586,149.567,286.099,94.711,152.46,189.604,169.016,185.894,185.76,107.278,43.04,249.764
2003-05-29 18:55:00,166.032,53.827,208.167,122.267,1316.68,408.293,101.19524166666672,203.994,85.986,149.637,283.754,95.0,153.6,190.618,168.766,185.732,186.662,107.404,42.142,253.724
2003-05-29 19:00:00,164.568,53.327,207.133,124.257,1319.52,405.623,101.6,203.246,87.16,149.363,283.036,94.318,153.06,188.97,169.568,184.812,185.69,106.12,43.008,251.088
2003-05-29 19:05:00,165.5,52.947,208.333,121.257,1314.46,405.257,100.88889958333344,199.97,86.702,149.197,281.576,94.685,152.8,187.696,168.78,183.802,182.328,106.384,43.18,254.234
2003-05-29 19:10:00,163.236,53.39,207.6,122.237,1307.2,405.537,100.95484875000004,200.098,87.582,149.903,283.136,92.843,153.52,187.098,168.856,183.642,183.336,106.47,43.31,251.03
2003-05-29 19:15:00,164.088,54.077,208.733,123.763,1306.8,409.28,100.753,202.028,86.676,149.736,283.173,93.738,152.6,185.222,164.596,184.096,185.648,106.672,43.08,251.536
2003-05-29 19:20:00,164.78,54.64,207.267,124.387,1304.7,405.29,100.38288958333338,201.104,86.112,149.223,280.827,93.711,151.66,184.18,162.968,180.852,182.316,106.012,43.506,251.93
2003-05-29 19:25:00,166.168,52.89,207.833,122.01,1311.48,403.987,100.45078333333329,201.006,86.362,147.8,280.959,93.305,153.24,186.704,164.128,184.374,183.804,106.41,42.042,250.538
2003-05-29 19:30:00,165.664,53.907,206.8,121.763,1308.7,405.053,99.538,200.974,85.268,147.83,279.333,92.671,151.64,185.648,164.724,182.584,183.262,105.744,43.158,251.17
2003-05-29 19:35:00,164.542,55.41,205.567,123.927,1315.12,407.873,100.53906041666673,201.146,85.01,148.753,280.01,93.306,151.74,186.118,164.36,185.146,187.652,106.058,42.942,248.422
2003-05-29 19:40:00,166.764,52.153,207.833,122.513,1313.34,403.367,100.03288458333346,199.558,85.19,146.123,278.722,93.655,149.78,184.142,164.658,184.816,184.922,105.044,43.338,250.732
2003-05-29 19:45:00,164.742,54.013,208.967,122.827,1315.0,406.607,100.283,201.31,85.264,148.163,275.637,92.328,152.54,186.006,164.576,184.434,183.932,106.462,42.694,251.584
2003-05-29 19:50:00,164.15,52.473,206.4,123.737,1302.76,403.46,100.54433583333339,200.08,83.944,146.89,280.62,92.155,153.36,185.12,165.502,183.618,185.078,105.934,42.352,247.518
2003-05-29 19:55:00,164.07,54.633,206.367,121.16,1304.24,403.297,100.18511666666663,199.536,84.238,148.013,277.537,92.308,151.26,185.434,165.722,183.75,184.102,105.148,42.924,252.002
2003-05-29 20:00:00,164.812,51.427,204.7,122.447,1301.4,400.204,99.736,202.078,84.55,149.18,276.314,94.533,153.94,186.722,164.932,181.662,184.162,105.728,43.054,251.302
2003-05-29 20:05:00,164.174,54.29,207.133,121.627,1294.34,404.127,100.04227875000004,200.1,84.592,150.267,278.044,92.358,149.14,185.69,165.368,182.332,185.24,105.256,41.992,253.32
2003-05-29 20:10:00,164.6,52.717,203.9,122.29,1301.26,404.157,100.41995083333333,201.72,85.56,150.043,280.72,92.598,151.2,182.418,165.992,181.528,181.504,106.22,42.726,248.95
2003-05-29 20:15:00,163.202,51.697,207.1,123.24,1297.34,399.953,99.877,199.686,84.67,148.847,277.774,91.588,150.98,184.606,164.06,183.732,185.246,107.204,42.96,252.238
2003-05-29 20:20:00,162.624,52.663,208.8,123.783,1294.74,402.97,100.58835750000011,202.11,84.674,147.473,279.704,93.77,152.14,184.408,165.644,181.518,187.548,107.064,42.158,249.864
2003-05-29 20:25:00,162.556,55.18,204.7,121.863,1299.32,400.377,100.1490858333333,199.05,84.482,149.46,278.18,94.478,151.5,182.324,162.136,183.414,185.628,107.542,42.55,249.342
2003-05-29 20:30:00,161.584,53.363,206.0,122.363,1297.12,403.073,99.692,201.224,83.724,146.843,279.128,94.01,152.66,183.138,163.868,184.204,185.462,106.044,42.778,249.842
2003-05-29 20:35:00,163.108,52.0,204.867,121.607,1296.46,402.613,100.24220791666663,200.13,83.32,150.857,274.287,92.969,151.08,182.616,162.358,184.962,185.002,106.118,42.886,247.264
2003-05-29 20:40:00,164.258,53.13,204.667,122.85,1297.54,402.55,100.46267166666654,202.018,83.352,150.353,276.86,93.803,153.58,184.426,164.334,187.03,183.992,108.122,43.218,251.004
2003-05-29 20:45:00,164.414,52.3,204.9,123.653,1295.56,406.407,101.108,201.16,84.262,149.573,272.967,93.351,153.64,184.408,163.772,185.6,183.626,106.924,42.242,248.802
2003-05-29 20:50:00,164.632,52.707,206.933,122.81,1300.06,405.12,100.4718966666666,198.98,83.728,149.637,272.56,92.469,151.98,184.142,163.342,183.162,186.006,105.474,42.366,250.584
2003-05-29 20:55:00,165.164,52.3,204.233,124.103,1294.3,404.65,100.58382083333339,201.798,83.882,149.287,273.61,92.961,153.54,183.14,162.868,183.404,184.682,106.536,43.23,247.2
2003-05-29 21:00:00,162.84,52.207,204.2,121.923,1298.44,399.537,100.266,200.258,85.496,151.593,275.067,93.083,152.92,181.624,162.044,183.136,183.61,105.25,42.734,248.502
2003-05-29 21:05:00,165.65,52.967,205.733,122.793,1302.0,403.023,100.2244008333333,202.392,84.512,147.48,272.406,94.822,151.88,183.726,164.164,182.884,184.948,105.248,42.014,250.534
2003-05-29 21:10:00,164.308,52.21,205.267,122.36,1297.36,401.797,100.31341499999999,201.372,84.166,150.747,273.45,92.932,155.12,183.692,164.198,184.446,183.866,105.26,43.176,250.12
2003-05-29 21:15:00,163.472,51.24,204.8,120.94,1297.58,403.487,100.64,202.048,84.662,149.803,274.933,94.012,153.14,184.198,165.36,185.566,182.366,107.112,43.276,249.366
2003-05-29 21:20:00,164.026,53.0,206.433,124.05,1293.94,399.687,100.52609375000002,199.87,85.676,151.063,275.272,93.008,154.04,183.588,164.822,183.352,182.838,106.27,42.798,249.686
2003-05-29 21:25:00,165.934,52.153,207.1,121.793,1286.9,402.85,100.57900791666673,201.776,86.24,149.457,274.562,93.734,154.38,182.982,163.838,184.864,184.396,106.148,42.212,249.544
2003-05-29 21:30:00,164.902,53.137,204.533,122.983,1292.78,405.747,100.987,199.766,86.34,148.013,273.923,92.522,150.96,183.696,162.67,183.076,183.8,106.832,42.308,250.088
2003-05-29 21:35:00,163.692,51.953,207.567,121.29,1287.14,403.587,100.35830458333348,198.534,86.228,149.71,273.147,93.194,150.96,184.184,164.964,182.476,183.352,105.462,42.848,250.516
2003-05-29 21:40:00,165.62,53.877,206.267,124.607,1295.68,403.32,100.3778145833334,198.16,85.97,149.65,275.813,91.945,151.4,183.772,164.754,181.996,184.52,105.912,43.084,248.258
2003-05-29 21:45:00,166.28,52.127,206.4,122.127,1286.32,404.523,100.803,202.728,85.832,148.337,273.413,93.436,151.38,185.182,165.802,182.934,183.316,104.878,42.714,248.326
2003-05-29 21:50:00,163.702,53.87,203.333,123.277,1289.62,404.687,100.36391333333339,199.7,85.156,149.437,273.113,92.293,152.18,183.858,163.264,184.432,183.248,105.902,42.336,251.318
2003-05-29 21:55:00,163.482,52.443,207.267,123.05,1297.24,406.367,100.37753666666666,201.79,85.24,147.107,274.256,92.847,152.6,185.608,162.226,185.114,182.616,105.206,42.498,248.882
2003-05-29 22:00:00,162.58,53.887,207.967,123.333,1303.06,409.453,102.216,198.684,83.366,148.17,275.336,93.981,153.32,182.634,166.63,183.434,184.058,105.848,42.414,250.542
2003-05-29 22:05:00,165.096,53.56,205.667,122.737,1292.06,404.317,100.88233874999997,200.514,85.358,151.357,274.324,93.096,150.9,183.446,166.66,183.648,183.412,105.34,42.328,250.326
2003-05-29 22:10:00,164.52,52.223,206.967,122.61,1292.38,407.123,100.5166174999999,202.548,83.994,149.71,272.771,92.153,152.58,184.438,164.094,185.746,184.972,106.086,42.848,249.348
2003-05-29 22:15:00,166.11,53.203,208.033,124.16,1294.48,406.29,100.932,198.658,84.386,149.68,274.935,91.53,151.04,182.708,164.928,184.108,183.22,105.388,42.782,250.002
2003-05-29 22:20:00,164.926,52.773,205.267,121.887,1294.5,407.63,100.51448458333341,198.508,84.138,146.943,273.11,93.573,153.3,186.21,165.648,183.398,183.842,106.118,42.824,248.136
2003-05-29 22:25:00,166.104,50.487,206.367,123.247,1297.38,406.457,100.52080583333333,198.09,84.062,149.557,273.917,91.736,152.12,182.708,164.69,182.37,184.102,106.604,42.392,246.534
2003-05-29 22:30:00,165.272,52.143,205.733,124.633,1293.48,410.563,100.091,197.04,82.998,149.693,274.293,93.297,152.84,184.51,164.35,181.148,183.108,105.736,42.692,246.848
2003-05-29 22:35:00,164.538,52.59,206.0,121.633,1290.1,407.693,100.29683416666668,200.262,83.478,148.633,273.512,93.017,149.92,182.994,162.882,185.016,183.684,105.454,42.87,248.418
2003-05-29 22:40:00,165.452,51.62,207.433,120.78,1280.56,404.85,99.8324545833332,200.416,84.312,150.88,276.557,89.789,151.58,183.902,163.272,182.5,181.694,104.442,42.8,247.858
2003-05-29 22:45:00,162.842,53.477,206.933,121.26,1281.54,404.25,99.308,200.348,84.634,147.313,273.373,91.884,151.86,182.316,159.83,183.7,181.916,104.472,41.302,248.332
2003-05-29 22:50:00,164.802,53.673,205.933,121.92,1286.18,403.323,99.80987083333333,196.918,85.324,148.31,276.115,91.594,151.82,181.478,164.022,182.522,182.136,105.776,42.018,247.52
2003-05-29 22:55:00,163.454,54.117,207.9,122.693,1286.98,403.493,99.74686666666659,198.108,84.146,148.077,276.725,90.832,150.28,183.93,161.944,184.288,182.2,105.078,42.188,246.426
2003-05-29 23:00:00,162.018,54.387,205.633,121.627,1284.92,403.457,99.589,197.976,83.832,147.75,275.301,91.041,149.58,184.256,162.924,184.132,183.424,105.66,41.588,246.254
2003-05-29 23:05:00,161.794,53.237,208.9,121.507,1289.26,397.713,99.42687541666663,197.316,84.582,147.093,272.619,92.147,151.2,181.928,163.298,183.14,181.886,103.73,41.538,243.72
2003-05-29 23:10:00,165.748,53.28,206.333,122.76,1287.8,398.353,99.41348291666677,198.872,85.5,145.52,273.873,91.011,149.0,186.212,162.848,181.326,182.06,103.666,42.356,243.964
2003-05-29 23:15:00,162.822,53.753,208.1,122.803,1286.08,399.51,99.11,199.734,84.642,149.02,270.524,92.113,148.1,183.566,163.302,184.228,181.34,103.25,41.51,246.144
2003-05-29 23:20:00,163.92,52.63,208.133,119.083,1285.26,399.863,99.21673958333328,200.102,85.006,146.53,270.733,91.981,150.0,180.184,162.12,183.244,181.562,104.66,41.838,244.63
2003-05-29 23:25:00,163.522,51.75,205.133,121.26,1288.06,400.577,99.56038874999989,198.042,83.954,146.49,269.507,92.106,150.92,180.566,163.662,182.232,182.828,104.874,41.962,243.28
2003-05-29 23:30:00,161.126,53.217,206.267,121.153,1284.38,397.69,99.114,198.434,84.052,146.3,270.382,91.097,150.76,181.92,164.584,180.6,181.186,103.678,42.168,246.626
2003-05-29 23:35:00,162.17,53.61,206.233,121.333,1280.48,398.623,99.3535670833333,195.324,83.93,147.453,271.23,91.976,152.44,181.254,163.868,184.48,181.27,104.572,42.016,245.0
2003-05-29 23:40:00,162.12,53.477,204.067,121.43,1285.74,398.403,99.30539958333333,198.808,83.756,147.917,271.873,91.192,150.22,180.924,163.396,180.892,180.878,103.958,41.816,244.562
2003-05-29 23:45:00,161.522,53.027,205.033,120.637,1283.02,399.233,99.443,198.056,83.306,147.51,270.104,91.658,151.08,180.824,163.004,183.056,181.222,104.462,42.048,248.87
2003-05-29 23:50:00,161.458,53.713,207.333,121.08,1283.0,401.78,99.284595,196.07,83.75,147.967,272.344,91.86,150.3,183.782,163.318,179.6,180.876,103.52,41.556,243.89
2003-05-29 23:55:00,161.492,52.583,205.867,119.957,1279.16,397.204,99.34403374999984,199.66,84.032,148.27,272.813,91.152,150.64,181.88,162.736,180.374,182.736,105.608,42.262,243.866
2003-05-30 00:00:00,163.016,51.197,202.1,121.823,1278.52,400.66,100.196,199.71,84.514,147.507,270.715,93.63,150.74,180.172,162.6,178.916,183.404,103.83,42.204,244.616
2003-05-30 00:05:00,162.356,52.703,206.067,122.46,1278.42,399.36,99.54446958333325,197.168,83.7,149.837,272.916,91.267,152.16,181.344,163.38,180.984,179.638,104.348,40.98,245.322
2003-05-30 00:10:00,164.296,52.9,205.067,120.8,1277.72,400.187,99.40631458333317,197.626,82.98,146.563,271.834,92.306,151.9,181.758,162.372,182.408,181.708,104.374,41.688,243.02
2003-05-30 00:15:00,159.774,51.953,204.667,121.927,1273.34,399.26,99.697,195.668,84.166,148.207,272.27,91.137,151.86,182.904,160.902,180.446,180.398,103.946,40.874,245.262
2003-05-30 00:20:00,162.63,52.363,205.433,120.75,1278.96,400.197,99.08720791666676,198.174,83.67,144.65,272.096,91.238,149.36,181.528,160.316,181.59,181.338,102.954,41.822,245.89
2003-05-30 00:25:00,161.162,53.647,206.233,121.317,1278.02,402.143,99.26678083333323,196.242,84.192,143.903,273.459,90.474,150.7,182.552,161.276,182.452,180.21,104.614,41.646,247.704
2003-05-30 00:30:00,161.404,53.25,205.933,121.303,1270.76,398.637,99.012,198.594,82.784,149.477,269.826,90.685,149.34,181.122,163.188,179.542,182.292,103.624,42.192,246.952
2003-05-30 00:35:00,162.824,53.043,207.4,122.26,1276.98,398.697,99.2085912499999,196.446,84.432,147.13,273.115,92.443,147.98,181.3,162.986,181.598,180.404,104.734,42.796,243.984
2003-05-30 00:40:00,159.854,53.013,204.533,122.113,1274.66,401.347,99.12072041666659,191.77,84.556,146.68,271.422,91.186,150.36,181.48,161.63,181.39,178.402,103.802,42.594,246.774
2003-05-30 00:45:00,160.724,52.4,204.433,120.077,1269.28,399.993,99.121,193.252,84.124,146.823,273.116,91.943,149.16,181.82,164.458,182.638,181.6,103.65,41.854,248.458
2003-05-30 00:50:00,161.746,52.047,206.2,121.97,1269.5,395.123,98.94013416666668,197.55,82.766,145.813,269.296,90.489,149.28,181.854,163.164,179.282,181.168,104.226,42.64,244.448
2003-05-30 00:55:00,162.556,53.537,206.067,119.27,1271.26,397.113,98.59639166666666,195.42,84.372,146.13,268.198,91.294,148.2,181.612,162.954,182.576,180.27,103.472,41.818,244.694
2003-05-30 01:00:00,162.698,52.597,203.233,118.36,1270.8,398.2,98.192,192.844,84.162,146.773,271.392,90.172,150.64,180.574,163.034,180.238,182.532,105.66,42.3,244.506
2003-05-30 01:05:00,161.2,51.697,201.333,121.5,1272.9,397.043,98.80743083333338,196.45,84.404,147.027,269.144,91.684,149.38,179.056,163.324,180.72,181.592,102.7,42.446,244.058
2003-05-30 01:10:00,160.902,51.39,201.767,119.837,1272.02,396.84,98.66822041666657,195.284,83.28,146.07,268.188,90.841,150.92,182.458,162.336,182.202,179.784,104.248,41.676,243.166
2003-05-30 01:15:00,160.546,52.357,204.167,121.863,1273.58,393.427,99.106,197.496,83.696,146.313,268.291,91.444,149.7,180.438,162.318,181.574,179.906,103.492,41.664,244.328
2003-05-30 01:20:00,161.314,53.03,206.233,120.98,1266.66,392.203,98.32106000000007,196.81,82.896,146.463,268.589,91.491,148.14,177.956,161.216,182.266,180.61,104.26,41.008,244.802
2003-05-30 01:25:00,160.03,52.35,204.2,120.117,1276.94,398.77,98.89782624999998,195.496,84.022,148.567,269.57,89.836,149.98,180.304,162.708,181.304,180.438,103.178,41.778,244.114
2003-05-30 01:30:00,162.638,52.82,204.733,121.017,1273.54,394.233,99.495,194.654,83.924,145.923,272.887,93.186,149.5,180.54,159.982,180.488,181.656,103.624,42.168,243.77
2003-05-30 01:35:00,161.274,53.343,201.567,119.44,1269.36,396.897,98.40025916666664,193.896,82.646,146.98,269.468,90.342,150.36,180.26,159.574,182.48,180.118,104.712,41.464,242.596
2003-05-30 01:40:00,160.36,53.473,202.633,119.32,1272.64,391.537,97.95492375000005,194.102,83.792,145.577,265.988,90.354,149.38,179.646,162.288,179.256,180.066,103.366,41.478,241.496
2003-05-30 01:45:00,161.674,52.127,202.467,119.17,1269.9,392.833,98.317,197.504,84.118,148.227,269.828,91.727,148.14,178.212,161.418,181.894,180.834,103.67,41.912,242.0
2003-05-30 01:50:00,163.182,52.627,202.733,121.337,1275.0,393.903,98.25138500000003,193.682,83.378,145.183,268.606,92.031,147.06,178.45,160.09,180.024,181.34,102.48,41.892,241.826
2003-05-30 01:55:00,163.856,53.513,203.667,121.153,1282.38,392.896,98.43256083333328,192.172,83.05,145.713,267.562,90.029,149.94,178.546,160.036,182.362,179.472,102.5,41.412,244.404
2003-05-30 02:00:00,160.774,52.13,204.367,121.08,1280.6,391.65,97.602,194.378,84.404,146.823,267.869,91.372,149.14,180.374,158.58,181.304,178.57,102.608,41.91,242.61
2003-05-30 02:05:00,162.274,52.01,204.333,119.133,1282.3,393.13,98.35902749999995,194.608,83.116,144.08,268.955,90.177,150.36,180.556,160.15,179.34,179.354,102.228,41.434,245.57
2003-05-30 02:10:00,160.308,51.557,202.933,120.807,1274.64,390.413,97.66472458333335,193.378,82.152,144.183,268.193,90.835,148.7,177.758,158.598,180.248,178.614,102.176,41.172,242.092
2003-05-30 02:15:00,161.218,52.027,204.767,122.973,1271.9,390.64,97.841,194.548,81.806,145.276,270.591,90.166,147.36,177.81,158.556,178.682,179.96,101.214,41.576,240.406
2003-05-30 02:20:00,162.274,52.017,204.833,118.927,1276.56,392.19,98.10965500000003,196.282,84.268,146.367,268.594,90.41,148.58,177.472,160.664,179.558,180.32,102.994,41.746,240.264
2003-05-30 02:25:00,161.724,51.213,201.567,121.087,1271.36,392.79,98.19692416666669,195.712,81.758,146.4,268.355,89.516,149.96,178.558,157.688,180.06,176.606,103.094,41.378,240.9
2003-05-30 02:30:00,161.008,51.783,199.233,119.687,1265.04,390.873,97.897,194.76,83.938,144.963,268.927,89.566,147.34,178.248,160.556,178.78,179.816,102.684,41.186,240.824
2003-05-30 02:35:00,159.97,52.607,202.433,120.137,1276.98,392.03,97.84222291666666,194.756,82.76,144.827,269.457,89.43,148.02,178.172,160.528,179.968,178.806,102.582,40.904,239.0
2003-05-30 02:40:00,160.266,52.137,202.067,118.27,1269.38,390.87,97.8829508333334,194.612,82.132,144.013,269.974,89.347,147.42,178.468,160.256,178.794,178.476,103.402,41.326,239.822
2003-05-30 02:45:00,160.306,51.33,201.067,119.633,1273.46,391.447,98.286,192.814,82.414,144.353,269.723,89.578,147.62,178.61,158.882,181.562,177.084,102.688,41.37,239.762
2003-05-30 02:50:00,162.402,51.83,201.667,119.99,1274.04,392.067,97.72468083333331,194.194,83.276,146.793,266.354,90.552,146.74,180.798,161.254,178.794,181.614,103.026,40.454,239.252
2003-05-30 02:55:00,161.982,52.383,200.367,119.983,1269.84,387.257,97.16796374999998,194.698,83.432,146.313,267.959,87.998,148.74,179.596,160.626,177.33,178.574,103.16,40.44,240.842
2003-05-30 03:00:00,161.164,51.97,201.0,120.35,1271.9,391.147,97.231,195.772,82.832,145.233,268.362,90.892,147.9,178.028,159.178,179.586,177.868,102.558,40.928,237.726
2003-05-30 03:05:00,160.086,50.54,199.133,119.397,1272.08,388.813,97.20856625000005,195.4,84.056,146.877,268.224,90.727,146.96,180.158,158.27,179.002,178.538,103.316,40.55,242.724
2003-05-30 03:10:00,161.272,52.603,200.833,120.457,1265.9,392.287,97.59977666666653,194.352,83.918,146.2,264.617,90.157,146.84,177.446,159.898,176.112,178.966,101.704,40.734,238.448
2003-05-30 03:15:00,160.002,51.82,201.267,120.63,1270.8,388.733,97.487,194.29,81.448,143.287,266.064,90.432,147.08,175.992,161.904,178.512,179.266,101.282,40.676,239.952
2003-05-30 03:20:00,159.404,50.61,199.9,116.887,1261.82,390.507,97.46415249999998,193.426,83.202,146.953,267.582,90.072,147.56,179.874,160.902,177.71,177.064,101.4,41.246,238.698
2003-05-30 03:25:00,160.424,53.103,201.867,119.483,1266.04,389.907,97.63338124999987,195.738,80.708,144.37,265.569,90.54,147.44,177.66,160.76,177.36,179.272,101.938,40.976,242.184
2003-05-30 03:30:00,161.992,52.063,197.133,118.4,1263.9,390.156,98.317,195.206,82.294,143.687,267.663,92.165,146.76,178.532,161.818,178.196,179.022,103.122,40.97,239.634
2003-05-30 03:35:00,161.33,51.653,199.967,119.187,1255.08,389.117,96.9427316666666,194.198,82.234,145.663,265.148,89.304,146.44,180.308,159.562,178.386,177.664,102.05,41.016,240.914
2003-05-30 03:40:00,160.762,52.887,201.733,120.727,1255.52,390.183,97.32845999999994,195.348,81.948,144.347,265.341,90.46,146.64,179.316,159.206,178.496,176.496,101.122,40.596,241.67
2003-05-30 03:45:00,159.412,52.253,200.833,120.207,1258.94,390.443,97.203,194.824,83.24,144.527,267.707,90.464,146.1,178.454,158.384,178.322,178.8,102.056,41.446,243.274
2003-05-30 03:50:00,161.042,51.757,200.633,119.81,1259.8,388.063,96.91806333333334,194.166,81.514,144.313,266.851,89.989,145.58,178.852,160.766,178.98,177.162,102.174,40.756,240.004
2003-05-30 03:55:00,160.208,52.007,199.2,119.783,1252.64,385.403,96.7987208333333,195.72,83.464,142.737,267.255,89.651,146.46,178.496,159.722,178.548,179.174,102.078,41.06,241.928
2003-05-30 04:00:00,160.736,52.163,199.0,117.117,1259.4,388.657,96.899,193.812,83.452,144.147,265.729,90.413,146.56,179.542,160.332,176.476,177.574,102.118,40.75,239.342
2003-05-30 04:05:00,160.028,50.777,197.0,118.607,1252.62,388.14,97.19103083333336,193.752,82.252,145.513,266.86,89.957,148.9,177.372,159.724,177.204,178.598,102.006,41.052,243.022
2003-05-30 04:10:00,160.508,52.74,200.3,119.18,1261.12,387.183,97.0262875,193.338,84.03,142.883,266.118,87.79,148.34,181.374,159.52,179.238,179.13,102.376,40.584,242.472
2003-05-30 04:15:00,158.372,51.767,199.3,119.567,1256.64,388.843,96.722,193.04,82.362,141.873,268.209,89.162,145.74,180.634,158.282,178.202,179.648,103.38,40.762,242.412
2003-05-30 04:20:00,159.35,53.347,200.133,119.147,1263.3,382.653,96.86590583333322,192.774,83.962,144.233,271.233,90.045,147.28,179.412,158.94,178.594,180.164,102.19,41.082,241.89
2003-05-30 04:25:00,159.804,53.27,199.4,117.15,1260.1,391.523,97.52576291666652,195.744,83.982,143.5,267.55,89.385,145.98,180.246,159.2,178.564,183.148,102.9,41.052,241.494
2003-05-30 04:30:00,157.362,53.027,198.4,119.33,1262.22,388.993,96.988,193.746,82.52,142.837,267.954,89.992,147.04,180.456,160.246,177.732,181.262,103.364,41.372,242.886
2003-05-30 04:35:00,159.808,51.133,198.3,120.293,1259.14,389.177,97.02647708333338,194.158,82.426,142.177,268.672,89.773,145.5,179.922,161.936,178.388,180.576,102.752,41.27,240.246
2003-05-30 04:40:00,161.14,53.307,200.333,118.867,1262.18,385.397,96.89171312500008,192.022,83.292,146.217,269.598,90.185,146.8,179.064,163.44,176.8,179.494,101.208,40.792,238.34
2003-05-30 04:45:00,159.912,51.92,202.267,118.54,1264.5,388.44,97.459,192.04,82.674,145.027,270.981,87.324,146.68,179.568,160.684,177.814,181.068,103.436,40.822,239.922
2003-05-30 04:50:00,161.768,50.587,201.3,120.243,1259.06,392.75,97.83019083333333,195.054,81.668,143.963,271.992,90.005,147.06,180.358,160.85,179.572,181.076,102.274,41.582,241.368
2003-05-30 04:55:00,161.162,51.48,200.533,119.64,1256.7,389.423,97.06117916666668,192.496,83.792,145.01,271.807,89.129,145.5,181.442,160.45,179.248,179.82,101.912,40.746,243.774
2003-05-30 05:00:00,160.964,51.833,198.667,119.283,1261.1,392.243,97.508,193.654,82.194,143.21,268.912,90.995,148.0,181.974,160.774,179.06,180.296,103.386,41.648,243.446
2003-05-30 05:05:00,160.126,51.0,202.767,119.28,1264.9,389.573,97.39655791666662,193.44,80.768,143.767,268.423,89.95,146.36,182.33,162.168,178.964,181.0,102.968,40.938,240.96
2003-05-30 05:10:00,160.414,52.347,198.733,118.243,1257.58,387.55,97.14795645833333,195.222,82.572,146.013,269.888,88.149,147.54,181.582,160.828,179.01,179.268,102.264,41.1,243.792
2003-05-30 05:15:00,158.386,50.443,201.2,119.33,1262.46,387.877,97.113,194.618,82.202,142.95,270.05,89.136,146.48,183.54,161.424,178.296,179.956,102.524,40.704,240.886
2003-05-30 05:20:00,159.942,50.853,199.967,118.77,1263.22,390.563,96.96886249999997,189.488,83.996,144.183,272.099,89.648,146.22,180.876,161.196,178.814,179.204,102.32,41.38,240.746
2003-05-30 05:25:00,159.08,51.643,200.367,118.85,1260.58,385.456,97.06372125,192.446,82.114,144.563,272.251,90.045,148.62,181.098,159.356,179.638,176.956,102.126,41.356,240.958
2003-05-30 05:30:00,162.596,50.787,201.2,118.863,1263.48,386.3,97.148,193.706,81.826,142.767,268.523,90.275,146.96,181.486,161.834,181.16,179.654,103.042,41.18,238.914
2003-05-30 05:35:00,161.564,52.167,201.567,118.623,1267.98,388.283,96.68801541666666,190.408,83.446,146.553,268.871,88.645,145.72,180.676,158.69,178.77,178.638,102.162,40.726,239.942
2003-05-30 05:40:00,161.664,51.927,199.0,120.067,1259.1,389.097,97.17082291666655,194.004,82.07,146.057,266.39,90.876,146.58,179.488,159.944,178.194,181.318,103.228,41.266,241.71
2003-05-30 05:45:00,160.55,51.36,200.667,118.237,1254.7,386.283,96.349,191.932,83.102,144.92,265.795,91.4,145.56,179.956,159.084,178.476,179.096,102.862,41.35,240.64
2003-05-30 05:50:00,160.134,51.163,200.5,118.94,1264.2,387.937,97.0778695833332,190.924,82.158,144.157,269.361,90.854,147.34,177.13,159.394,179.302,179.054,101.956,41.124,241.17
2003-05-30 05:55:00,161.668,52.067,202.133,118.223,1261.76,385.007,96.90242,192.238,82.054,143.146,268.941,89.989,146.36,178.574,160.974,174.888,179.118,103.078,41.168,242.898
2003-05-30 06:00:00,161.918,51.197,199.433,118.337,1263.92,384.963,96.283,193.82,82.204,141.793,266.844,90.257,147.34,178.8,160.598,177.03,178.168,102.654,40.362,240.59
2003-05-30 06:05:00,160.87,50.18,200.667,118.663,1261.46,386.1,96.81945958333318,192.322,80.622,142.233,267.074,89.673,147.16,179.254,160.412,177.722,178.488,103.242,40.676,241.616
2003-05-30 06:10:00,158.082,51.683,202.467,119.287,1264.2,382.387,96.89582125000004,193.184,82.718,144.493,268.228,88.616,146.32,179.21,159.912,179.24,180.42,101.674,41.08,241.612
2003-05-30 06:15:00,161.042,51.877,200.867,117.607,1264.16,385.44,96.998,193.712,83.184,144.88,265.359,91.296,146.2,179.94,159.078,176.602,179.538,101.998,41.61,242.662
2003-05-30 06:20:00,159.638,51.537,199.4,118.563,1260.08,381.86,96.98321375000005,192.09,83.77,142.997,268.515,89.248,148.38,180.276,160.644,177.994,180.9,103.082,40.984,240.82
2003-05-30 06:25:00,160.958,51.56,200.7,118.26,1268.06,386.36,97.00491583333333,192.798,83.314,143.857,270.303,89.444,147.22,178.354,159.578,179.732,179.384,102.962,40.706,240.388
2003-05-30 06:30:00,160.976,51.35,200.867,117.587,1265.48,389.02,96.984,193.536,82.848,142.88,267.604,89.656,146.5,177.526,162.456,177.936,179.048,102.712,40.994,239.78
2003-05-30 06:35:00,161.35,51.567,197.933,119.327,1261.3,384.09,97.00020750000004,192.544,82.426,144.177,268.676,91.555,148.82,179.578,160.356,179.716,179.692,102.54,40.908,241.16
2003-05-30 06:40:00,160.548,52.633,199.433,118.92,1265.12,387.863,97.03346416666668,192.638,82.602,143.193,268.712,88.56,146.26,178.394,161.106,179.636,178.926,102.338,41.334,239.07
2003-05-30 06:45:00,159.842,52.46,200.233,118.59,1264.02,388.77,97.268,192.808,82.02,144.953,269.238,90.075,148.06,179.894,158.794,179.688,179.652,103.066,41.4,240.498
2003-05-30 06:50:00,160.314,50.667,201.9,118.277,1264.22,389.943,97.63766124999995,194.738,82.546,143.38,262.732,89.301,147.42,177.694,160.856,178.846,179.09,104.576,40.744,240.05
2003-05-30 06:55:00,158.904,50.48,202.1,117.913,1257.8,385.19,96.86984083333328,194.754,83.24,144.087,271.399,90.623,145.38,178.234,159.326,177.692,178.88,101.932,41.016,240.982
2003-05-30 07:00:00,161.864,51.067,198.8,119.073,1262.18,389.573,97.966,196.654,82.052,143.997,268.697,90.748,148.08,177.744,159.78,177.156,179.936,102.028,41.102,240.922
2003-05-30 07:05:00,162.156,51.133,201.167,117.84,1259.56,388.187,97.01027666666674,193.016,83.554,144.737,269.203,90.007,146.5,177.066,161.224,177.642,181.524,103.456,40.234,240.202
2003-05-30 07:10:00,160.66,51.147,197.967,120.447,1263.96,385.903,97.05233479166658,194.166,81.756,145.397,270.816,91.534,146.7,178.26,161.736,178.388,182.252,102.854,40.69,242.096
2003-05-30 07:15:00,160.662,51.763,201.567,119.473,1261.5,387.16,96.485,194.352,83.002,145.37,269.258,90.393,146.04,179.756,160.56,179.03,178.088,103.002,41.382,240.522
2003-05-30 07:20:00,160.504,51.923,199.167,118.043,1254.38,388.557,97.10663645833323,194.706,82.698,147.06,270.57,89.003,146.8,180.92,159.792,181.282,179.952,102.606,41.274,241.996
2003-05-30 07:25:00,159.722,49.463,201.867,119.123,1254.84,389.93,97.68396624999997,196.186,82.44,145.513,267.849,91.214,148.48,177.256,162.286,180.932,180.9,102.438,41.342,242.732
2003-05-30 07:30:00,159.33,50.867,203.033,118.473,1262.52,388.817,96.918,193.338,81.872,145.94,271.235,90.149,146.18,177.55,158.152,180.77,180.502,101.356,41.856,243.824
2003-05-30 07:35:00,162.44,50.867,204.6,118.543,1259.8,386.86,97.25334041666663,194.796,83.59,145.73,268.816,90.641,146.7,177.986,159.78,178.12,179.178,103.048,41.576,240.602
2003-05-30 07:40:00,161.902,50.233,202.067,118.953,1257.98,387.366,96.99890729166673,196.928,84.074,146.15,269.925,91.333,143.3,179.188,158.272,179.634,181.198,102.674,41.168,243.89
2003-05-30 07:45:00,159.448,51.033,200.333,120.787,1261.34,384.993,97.27,193.186,83.798,145.743,269.891,88.906,146.08,179.092,159.248,180.91,180.588,102.642,41.694,244.0
2003-05-30 07:50:00,160.04,52.03,202.433,118.353,1265.02,388.737,97.1216135416667,193.594,83.284,145.333,271.89,90.015,146.32,180.686,160.02,181.3,179.382,103.398,41.168,244.28
2003-05-30 07:55:00,162.584,52.693,199.567,119.713,1260.66,387.347,97.2247637500001,197.15,83.366,143.99,271.351,89.756,145.98,180.78,159.968,182.148,180.598,103.066,41.148,241.33
2003-05-30 08:00:00,161.148,50.667,199.0,118.71,1264.34,386.8,96.85,193.368,84.318,144.45,268.964,90.756,146.22,181.082,159.584,182.916,184.88,102.802,41.692,243.68
2003-05-30 08:05:00,159.432,50.38,204.6,119.183,1260.84,388.067,97.45074249999995,192.568,82.936,144.337,270.684,90.772,147.58,177.874,158.7,182.326,182.116,103.052,41.128,242.738
2003-05-30 08:10:00,160.372,51.37,203.033,119.943,1255.68,387.06,97.06412770833333,190.926,82.996,145.893,271.233,89.627,148.1,178.956,156.948,180.274,181.738,102.27,41.994,242.504
2003-05-30 08:15:00,159.5,51.12,200.2,117.153,1260.24,386.887,97.12,191.462,83.842,145.507,271.057,89.99,147.4,179.87,157.714,181.744,182.2,103.284,41.058,244.11
2003-05-30 08:20:00,161.504,53.607,200.5,117.103,1259.02,386.856,97.27734416666667,191.808,84.546,144.967,271.677,89.417,146.7,179.33,160.462,181.624,180.734,103.77,41.828,244.81
2003-05-30 08:25:00,159.008,52.08,202.3,117.86,1252.06,388.227,97.2912379166666,194.568,83.376,143.883,269.883,89.547,147.52,177.886,158.704,182.302,180.03,102.584,41.978,243.14
2003-05-30 08:30:00,158.764,51.483,202.9,118.303,1256.0,386.967,97.988,193.81,84.418,145.13,269.498,89.54,147.16,178.58,161.808,178.9,181.492,104.172,41.384,243.324
2003-05-30 08:35:00,159.91,52.437,200.367,118.093,1254.56,383.897,96.85186354166652,193.042,84.082,145.443,272.334,90.251,147.38,180.842,158.83,183.752,179.992,102.16,41.832,243.15
2003-05-30 08:40:00,161.792,51.873,202.067,118.933,1254.14,388.343,97.23389187499996,195.414,83.896,145.35,270.692,91.616,146.72,179.712,159.53,182.418,180.62,102.904,41.984,246.598
2003-05-30 08:45:00,160.306,51.887,199.967,119.303,1260.5,381.84,97.774,193.56,84.598,144.877,268.408,90.497,146.4,178.73,157.58,178.578,183.22,103.444,42.082,245.67
2003-05-30 08:50:00,162.038,51.62,199.7,118.327,1246.2,378.413,97.13779354166667,192.664,83.644,144.987,270.025,90.189,149.24,181.62,161.122,181.74,181.282,103.81,41.628,247.286
2003-05-30 08:55:00,161.016,52.383,202.133,119.437,1258.6,384.77,97.00741541666665,195.538,82.622,146.47,271.713,88.371,146.26,178.696,160.332,179.384,180.14,102.628,42.084,246.328
2003-05-30 09:00:00,158.232,52.367,200.933,118.7,1254.08,382.506,96.066,192.928,82.692,145.947,269.448,90.981,146.62,178.258,159.164,179.95,179.486,103.69,42.032,246.528
2003-05-30 09:05:00,158.72,50.673,202.833,118.367,1255.78,378.867,97.048928125,192.704,83.634,145.08,267.829,89.417,147.88,177.872,159.564,180.252,181.062,103.168,42.748,245.678
2003-05-30 09:10:00,159.042,49.797,200.7,118.077,1259.5,381.22,97.17092291666663,194.6,84.124,144.36,265.542,89.358,148.3,178.804,159.968,181.784,182.316,102.78,42.192,243.926
2003-05-30 09:15:00,159.93,51.327,202.4,117.05,1259.24,380.707,98.233,191.836,83.86,142.743,269.659,90.748,147.04,179.628,161.566,180.242,180.486,102.244,42.086,244.708
2003-05-30 09:20:00,159.106,51.733,200.667,117.897,1249.54,382.86,96.79321312499998,192.262,83.994,146.09,271.348,90.417,147.32,177.83,158.714,182.376,179.678,103.202,41.782,245.966
2003-05-30 09:25:00,157.128,51.457,199.967,119.117,1254.6,379.83,96.86067083333337,195.184,83.712,146.26,268.729,90.284,148.56,181.016,161.504,180.378,179.322,103.12,41.64,245.52
2003-05-30 09:30:00,160.518,50.4,199.4,118.543,1257.88,378.747,96.439,193.732,83.408,143.977,269.961,88.878,145.64,177.95,160.974,179.612,179.478,103.28,41.568,242.91
2003-05-30 09:35:00,160.724,48.327,200.167,117.513,1256.32,383.557,97.09359833333326,192.052,84.024,143.19,268.272,90.847,147.26,178.6,157.842,179.34,180.58,102.708,41.922,244.674
2003-05-30 09:40:00,157.034,51.133,202.633,117.407,1252.12,382.927,97.427835,193.766,83.85,145.757,270.524,90.387,149.98,179.768,160.54,177.78,183.064,102.17,41.486,245.22
2003-05-30 09:45:00,161.56,52.19,199.567,118.13,1252.28,382.863,96.889,193.328,84.01,145.867,269.242,88.407,147.86,178.88,156.79,180.19,181.082,103.47,41.688,242.874
2003-05-30 09:50:00,159.368,50.527,198.733,117.797,1256.6,381.683,97.01418750000013,192.664,82.672,144.917,269.912,89.317,148.72,179.77,160.436,178.112,179.622,103.738,41.488,240.564
2003-05-30 09:55:00,159.622,50.527,202.8,117.167,1253.32,380.467,97.51534750000006,193.784,83.816,142.52,271.51,88.867,149.52,177.704,161.432,181.146,180.136,102.55,41.866,242.796
2003-05-30 10:00:00,159.862,51.477,201.6,116.433,1249.22,380.407,96.828,194.522,83.214,144.187,268.87,89.993,146.92,179.62,161.34,182.744,181.644,101.278,41.828,246.708
2003-05-30 10:05:00,159.594,49.69,200.833,118.763,1251.18,378.053,96.8893799999999,194.314,83.622,144.723,269.947,90.389,147.16,180.706,161.546,179.864,179.782,102.288,41.694,244.972
2003-05-30 10:10:00,158.326,51.237,201.233,117.96,1255.4,382.377,96.89257583333325,193.436,83.8,145.047,268.044,90.801,146.62,179.064,160.34,182.042,179.858,102.512,41.616,244.646
2003-05-30 10:15:00,159.672,52.06,202.2,119.233,1252.66,380.06,96.372,191.818,84.128,145.567,268.608,89.467,146.22,178.474,160.982,179.276,181.986,102.356,42.298,246.084
2003-05-30 10:20:00,158.744,52.913,200.267,118.55,1257.92,381.113,96.5787654166666,192.978,82.246,144.403,269.962,89.646,146.14,179.3,159.27,180.476,180.07,102.212,40.894,241.772
2003-05-30 10:25:00,160.44,52.35,200.867,116.89,1249.32,380.42,96.49515375000001,190.618,82.668,145.24,268.728,88.786,146.76,178.792,160.042,179.244,182.652,102.192,41.498,246.248
2003-05-30 10:30:00,157.87,50.163,199.2,115.777,1249.24,381.073,96.775,191.82,83.088,144.903,268.412,90.568,146.76,178.324,160.988,179.958,180.104,103.658,42.384,244.834
2003-05-30 10:35:00,158.086,52.223,199.067,115.577,1248.16,380.887,96.66323708333331,191.764,82.626,145.417,270.806,89.12,147.84,179.938,160.428,179.606,181.624,102.102,41.852,243.53
2003-05-30 10:40:00,158.682,51.537,201.833,116.24,1252.5,381.047,96.85215375,193.46,83.912,141.773,271.863,89.423,146.54,180.0,159.654,179.448,180.394,103.366,41.926,245.15
2003-05-30 10:45:00,159.636,50.927,198.5,117.557,1248.02,379.703,97.338,191.6,81.862,145.127,269.537,89.177,148.02,178.79,160.682,182.142,179.678,104.37,41.79,244.646
2003-05-30 10:50:00,158.842,50.337,201.033,116.953,1246.3,381.484,96.92619541666669,193.312,82.322,144.01,267.093,90.995,148.42,179.346,161.484,179.706,178.974,102.522,41.778,242.946
2003-05-30 10:55:00,158.998,51.187,198.933,118.427,1257.42,380.973,96.88936499999998,192.784,81.986,144.257,266.405,89.295,148.22,179.586,159.388,179.622,180.51,103.422,41.84,243.944
2003-05-30 11:00:00,158.808,52.6,199.1,116.653,1254.34,380.65,96.784,193.422,83.74,142.567,267.322,90.717,145.96,179.988,162.09,179.736,180.082,102.964,42.1,244.642
2003-05-30 11:05:00,159.15,51.65,198.433,118.2,1258.88,376.813,96.93114333333325,193.716,83.034,143.47,268.083,91.376,146.76,178.504,163.45,179.154,180.982,102.388,41.728,244.384
2003-05-30 11:10:00,159.2,50.517,197.8,117.793,1262.54,380.523,96.81440666666668,191.096,83.04,143.977,267.624,89.969,146.1,178.574,160.844,177.678,180.092,102.064,41.512,242.248
2003-05-30 11:15:00,159.122,51.13,198.2,117.233,1258.98,378.637,97.099,193.998,83.174,144.443,268.561,89.406,145.22,179.81,160.894,180.122,179.928,102.204,41.296,243.364
2003-05-30 11:20:00,159.3,52.157,198.867,117.06,1257.9,378.453,96.87929374999987,195.564,83.17,144.197,266.054,91.756,147.6,177.56,160.848,179.698,180.142,104.344,41.564,245.664
2003-05-30 11:25:00,157.72,50.65,200.467,118.507,1252.1,376.817,96.64438999999989,193.628,82.586,143.773,267.977,90.283,145.06,176.924,162.404,180.568,178.75,103.514,42.076,244.852
2003-05-30 11:30:00,158.47,51.1,199.267,118.343,1251.58,380.12,96.926,193.29,82.388,144.927,265.895,89.85,147.28,177.422,162.72,179.286,179.142,103.386,40.91,242.76
2003-05-30 11:35:00,161.08,51.303,200.033,117.147,1253.62,379.627,97.02467291666665,192.908,83.37,142.44,265.683,90.185,148.7,177.708,162.022,177.852,180.2,102.932,41.94,244.516
2003-05-30 11:40:00,158.42,51.16,199.7,118.873,1247.82,379.613,96.61812749999991,192.978,83.27,144.687,267.906,89.761,145.78,177.366,160.66,177.68,181.384,102.778,41.59,244.072
2003-05-30 11:45:00,157.846,51.363,198.967,118.697,1252.62,378.95,96.491,193.208,82.588,143.623,266.494,89.012,146.28,178.816,158.46,178.506,179.464,103.076,42.004,241.442
2003-05-30 11:50:00,160.134,52.647,202.6,119.79,1256.44,377.9,96.77839124999993,193.018,83.186,142.99,267.323,89.859,147.04,179.808,159.468,181.096,179.978,103.276,40.812,242.266
2003-05-30 11:55:00,159.448,50.99,197.5,118.267,1254.32,380.293,96.83544750000004,191.85,82.39,143.263,270.003,89.522,147.58,178.672,160.224,177.83,181.1,102.064,41.45,239.064
2003-05-30 12:00:00,157.578,51.833,197.533,118.163,1251.9,377.857,96.585,194.136,81.86,145.193,264.589,90.141,147.52,178.406,160.644,179.892,180.3,103.034,40.916,239.918
2003-05-30 12:05:00,159.494,49.703,198.633,117.973,1251.92,382.76,96.84292291666662,193.476,83.182,144.58,268.894,89.069,147.56,179.808,161.222,179.27,178.91,102.986,40.874,240.612
2003-05-30 12:10:00,159.656,50.863,198.4,117.917,1253.8,379.474,96.878704375,196.258,82.984,145.54,268.012,90.851,147.62,179.664,160.892,180.282,179.736,103.04,41.81,238.848
2003-05-30 12:15:00,159.434,50.567,197.967,118.167,1249.98,381.453,96.666,192.858,82.892,142.59,265.947,88.748,143.72,177.538,162.512,177.434,178.98,102.144,40.716,239.584
2003-05-30 12:20:00,159.362,51.637,199.733,117.16,1248.8,381.813,96.41417749999988,190.168,84.098,144.003,265.613,89.838,146.64,177.246,159.49,180.404,177.768,102.938,41.532,241.256
2003-05-30 12:25:00,158.91,51.19,199.767,117.33,1257.4,378.603,96.87177749999994,192.502,82.64,144.647,267.184,90.113,148.32,177.1,160.57,176.688,180.784,101.606,41.614,241.182
2003-05-30 12:30:00,157.996,50.7,198.333,118.51,1248.06,377.02,96.113,192.91,83.25,143.677,267.256,91.072,144.7,178.336,159.392,179.912,180.284,102.006,40.634,241.276
2003-05-30 12:35:00,156.242,50.413,201.267,120.417,1245.68,380.227,96.64828916666661,193.02,81.804,145.56,267.132,89.491,147.02,177.914,161.344,180.382,180.34,103.296,41.334,239.704
2003-05-30 12:40:00,160.452,49.51,198.067,117.407,1255.92,378.827,96.59868624999996,192.548,82.078,143.563,267.273,90.772,146.86,178.53,158.696,178.982,179.388,101.634,40.304,241.882
2003-05-30 12:45:00,160.114,52.033,200.0,116.56,1247.62,377.333,96.413,192.934,82.344,143.484,268.104,89.603,147.38,175.44,158.09,178.99,181.036,100.356,41.302,241.422
2003-05-30 12:50:00,158.874,50.637,198.0,117.147,1249.94,379.997,96.46347041666654,191.25,81.238,145.933,266.707,89.783,148.06,179.772,157.264,179.184,178.618,101.694,41.46,239.338
2003-05-30 12:55:00,159.904,50.583,200.1,118.54,1250.5,381.393,96.38492291666664,194.49,82.634,144.24,264.214,89.83,147.44,179.23,157.66,179.47,179.048,101.344,40.66,238.154
2003-05-30 13:00:00,157.976,51.313,201.833,117.04,1254.02,378.32,97.299,193.082,83.206,143.52,269.04,89.73,147.78,177.722,157.722,179.208,182.102,101.704,40.326,236.704
2003-05-30 13:05:00,158.686,51.863,197.7,118.157,1248.94,379.097,96.19340791666671,191.024,82.61,141.697,268.14,89.694,146.1,178.732,157.466,180.112,178.358,100.254,40.49,239.768
2003-05-30 13:10:00,159.97,51.007,202.033,119.633,1247.14,378.96,96.50262208333332,194.002,83.07,143.72,265.77,91.613,147.46,178.858,155.462,180.296,179.348,101.54,40.504,239.528
2003-05-30 13:15:00,159.392,50.953,201.133,115.703,1242.76,381.107,95.695,192.592,83.284,144.427,264.108,90.282,147.52,177.606,157.736,177.032,179.34,102.288,40.16,239.774
2003-05-30 13:20:00,156.98,51.487,199.6,119.163,1249.34,378.49,96.38993583333337,194.506,83.744,143.777,265.929,90.144,148.3,177.316,158.468,180.286,178.752,102.144,40.236,237.094
2003-05-30 13:25:00,156.75,50.423,200.0,120.62,1238.04,377.947,96.1804866666667,190.306,82.892,144.11,266.566,88.72,146.22,175.666,158.774,180.656,180.972,101.246,40.862,238.218
2003-05-30 13:30:00,157.946,50.95,197.133,118.523,1241.32,378.05,95.777,192.858,81.98,146.507,265.981,89.38,145.82,175.504,156.914,179.072,180.192,101.208,41.832,238.86
2003-05-30 13:35:00,157.56,51.167,198.633,116.87,1243.96,377.907,96.39501499999999,193.832,82.006,145.167,266.92,89.97,147.72,175.76,157.8,181.454,179.976,100.67,41.058,239.338
2003-05-30 13:40:00,158.664,50.853,199.0,116.647,1244.24,378.9,96.53047916666672,192.424,84.516,142.42,263.573,89.962,146.16,179.754,158.092,180.406,176.896,101.362,40.58,239.654
2003-05-30 13:45:00,157.188,50.843,202.067,118.873,1238.54,376.033,96.881,192.084,82.256,145.03,265.022,91.884,148.3,177.83,158.404,181.428,177.938,101.554,40.742,239.63
2003-05-30 13:50:00,159.122,51.357,200.367,116.627,1244.66,380.2,96.05515916666656,191.264,83.342,144.903,266.973,89.902,145.84,178.36,157.368,179.912,178.758,103.048,40.06,240.024
2003-05-30 13:55:00,158.184,50.527,201.333,120.023,1245.96,377.763,96.3963087499999,192.224,83.074,143.783,263.921,88.926,147.4,176.004,156.872,180.382,176.916,100.418,40.76,240.662
2003-05-30 14:00:00,160.17,50.703,198.733,120.153,1251.9,378.223,96.439,191.614,83.608,144.533,264.485,88.15,146.14,179.234,156.614,181.45,178.064,101.086,40.984,238.852
2003-05-30 14:05:00,159.998,51.353,199.9,116.547,1244.56,376.947,96.51839583333334,192.052,82.202,143.907,265.854,90.66,148.44,176.196,159.286,180.374,178.088,101.478,40.514,241.758
2003-05-30 14:10:00,158.68,51.607,200.767,117.31,1262.64,379.377,96.48961958333324,193.176,83.8,142.387,263.689,91.774,143.3,177.466,158.514,178.022,178.602,102.752,40.736,242.666
2003-05-30 14:15:00,159.574,51.697,200.6,118.4,1258.0,377.727,97.32,193.326,83.692,142.67,267.364,90.055,146.14,177.348,159.606,178.816,178.218,103.358,41.45,238.466
2003-05-30 14:20:00,159.576,51.29,197.433,118.707,1257.96,378.563,96.61493833333328,192.002,83.756,144.49,270.168,89.274,147.76,177.338,155.98,180.046,178.23,102.814,40.43,240.11
2003-05-30 14:25:00,158.934,50.97,201.067,118.59,1251.5,382.0,96.51651083333337,195.03,82.426,144.0,267.54,88.623,145.88,178.634,158.02,177.298,178.418,103.146,41.942,238.742
2003-05-30 14:30:00,159.57,50.387,203.567,118.56,1252.32,377.22,97.872,194.208,82.94,143.66,268.587,89.965,146.64,178.05,160.676,180.994,179.548,101.41,40.612,238.72
2003-05-30 14:35:00,158.434,51.687,198.533,117.943,1266.48,378.887,96.23220499999994,190.178,82.992,144.297,269.953,89.886,147.0,176.444,158.818,181.716,180.934,102.058,40.9,239.32
2003-05-30 14:40:00,159.162,50.04,201.133,119.803,1256.08,379.623,96.81354666666668,192.808,83.052,143.49,271.727,90.056,145.82,177.33,160.32,180.588,182.146,102.248,40.822,239.304
2003-05-30 14:45:00,160.528,49.65,201.667,114.95,1262.42,381.767,96.816,193.454,83.17,142.723,270.733,89.821,145.46,177.406,159.622,181.854,181.038,102.254,41.074,242.208
2003-05-30 14:50:00,159.188,51.47,197.833,117.973,1263.56,379.39,96.77355229166668,192.722,82.236,147.433,271.882,90.572,146.88,175.86,160.848,180.262,181.158,102.858,41.102,239.496
2003-05-30 14:55:00,162.024,50.283,198.767,117.453,1267.64,376.907,96.68343958333331,191.602,82.058,144.563,272.378,89.427,146.32,177.098,160.576,180.206,180.314,103.654,40.666,236.51
2003-05-30 15:00:00,161.874,51.477,200.867,117.123,1262.68,378.77,96.943,192.182,82.4,144.13,267.822,90.831,147.08,178.176,158.28,179.798,181.638,102.366,41.136,236.322
2003-05-30 15:05:00,160.782,52.223,201.6,117.78,1264.14,379.537,96.31192958333335,190.734,83.126,144.397,270.07,89.485,147.76,178.472,160.188,181.266,181.03,103.954,40.11,239.718
2003-05-30 15:10:00,160.522,51.2,201.333,117.14,1262.06,381.347,97.25184749999998,195.312,83.57,143.737,270.141,89.155,149.26,181.23,161.41,179.806,183.774,102.412,40.87,239.062
2003-05-30 15:15:00,159.718,51.903,200.5,119.523,1274.6,378.97,96.318,192.184,82.472,145.297,275.014,89.621,145.32,180.566,163.818,184.202,181.054,104.106,40.648,236.636
2003-05-30 15:20:00,158.716,51.66,197.633,118.863,1270.68,376.71,96.6158325,193.222,83.264,144.14,270.955,89.407,147.34,179.906,161.976,180.092,181.086,103.378,40.732,238.098
2003-05-30 15:25:00,158.224,50.637,199.0,118.107,1262.26,382.083,96.90009166666674,193.288,82.694,143.93,268.725,90.823,147.58,178.758,160.996,183.602,182.222,102.408,41.2,237.546
2003-05-30 15:30:00,162.756,52.777,201.033,120.017,1270.26,378.193,95.678,194.918,83.054,143.35,269.095,90.578,146.98,180.43,159.474,179.432,178.962,102.38,41.204,239.376
2003-05-30 15:35:00,160.858,50.623,200.233,117.907,1268.38,379.917,96.80380166666683,193.304,82.486,143.577,269.877,89.849,146.76,180.724,160.926,181.364,183.122,103.35,40.432,237.806
2003-05-30 15:40:00,159.232,51.157,202.433,117.963,1268.6,378.133,96.57366499999995,191.162,82.978,144.277,270.863,90.064,144.76,180.784,163.144,177.958,181.278,103.162,40.502,240.168
2003-05-30 15:45:00,162.166,51.22,198.967,117.307,1268.58,381.207,97.159,189.232,83.564,144.463,268.387,87.168,146.16,180.088,163.012,178.776,179.226,102.66,41.272,239.658
2003-05-30 15:50:00,162.562,51.08,199.933,118.14,1261.5,379.527,96.8292027083334,192.39,83.262,144.727,269.15,89.536,147.72,180.646,161.71,180.796,181.98,102.838,40.316,241.148
2003-05-30 15:55:00,159.328,51.683,201.7,121.2,1265.02,379.12,96.82800666666662,194.45,82.898,143.367,271.36,88.877,145.46,181.466,161.272,182.242,181.52,103.352,40.694,240.902
2003-05-30 16:00:00,161.19,51.383,201.333,119.813,1265.2,381.77,96.578,192.132,83.988,144.707,270.015,89.698,145.98,179.968,162.198,180.304,180.616,103.452,40.372,238.272
2003-05-30 16:05:00,162.448,51.983,198.533,119.867,1268.54,382.143,96.67210104166658,194.718,83.21,145.967,272.693,89.655,146.12,178.258,161.87,181.958,181.472,103.13,40.95,239.86
2003-05-30 16:10:00,161.108,51.79,200.9,117.453,1261.66,383.287,97.06700625000006,192.08,82.758,142.743,272.494,89.871,146.66,180.206,161.724,180.706,181.322,102.27,41.446,239.326
2003-05-30 16:15:00,161.07,51.337,201.233,117.113,1254.92,388.19,97.262,192.17,82.332,143.373,269.388,88.579,145.98,178.638,160.606,179.672,181.534,102.964,41.138,240.218
2003-05-30 16:20:00,160.462,51.347,202.1,119.597,1251.68,382.784,96.85447166666663,193.84,82.876,144.467,272.176,91.216,146.2,179.872,160.49,181.624,181.902,104.674,41.538,237.114
2003-05-30 16:25:00,161.006,51.563,202.1,119.083,1257.62,380.123,96.93873208333329,191.482,83.64,144.583,269.071,89.973,147.68,179.462,162.782,180.258,182.028,102.142,41.404,240.316
2003-05-30 16:30:00,159.964,51.923,197.433,118.377,1261.44,381.753,97.005,194.922,83.216,145.95,270.863,91.715,144.84,180.254,160.268,179.786,179.684,101.952,40.64,238.344
2003-05-30 16:35:00,159.318,51.753,201.767,118.583,1257.52,378.883,96.79633874999998,193.924,83.416,144.093,272.013,90.081,145.6,177.778,159.536,180.496,180.52,102.828,41.066,242.34
2003-05-30 16:40:00,160.314,51.547,200.7,119.07,1253.3,382.293,96.49078666666668,194.136,82.07,146.227,268.89,89.736,146.46,179.868,160.704,181.576,179.228,102.974,40.432,238.468
2003-05-30 16:45:00,160.28,51.213,198.733,118.41,1257.52,382.84,96.233,193.502,83.506,145.17,269.081,89.846,147.34,178.522,159.89,181.132,181.422,103.904,40.57,238.902
2003-05-30 16:50:00,157.916,50.337,197.3,119.073,1262.78,378.763,96.65774458333323,193.88,83.614,145.553,270.996,91.432,147.16,178.956,159.702,180.826,179.856,102.404,40.682,238.228
2003-05-30 16:55:00,160.622,51.567,201.1,117.893,1257.54,380.19,96.71019624999991,193.846,82.574,144.527,267.404,89.124,146.76,179.404,158.844,182.546,178.814,103.394,41.346,238.02
2003-05-30 17:00:00,160.066,51.11,200.733,119.363,1257.56,381.444,96.258,192.948,82.388,147.917,270.297,92.384,145.46,178.672,160.27,180.14,181.272,104.334,40.61,242.842
2003-05-30 17:05:00,159.266,51.84,197.967,119.967,1250.04,379.196,96.79378791666664,191.684,83.798,142.293,268.963,90.228,146.82,176.556,161.944,182.02,179.626,103.434,41.196,241.282
2003-05-30 17:10:00,158.654,52.083,197.467,118.593,1248.24,379.723,96.69819583333323,196.084,82.9,143.87,270.591,90.739,147.28,179.534,158.15,182.336,180.54,103.586,41.946,239.45
2003-05-30 17:15:00,160.82,51.09,198.0,118.503,1249.6,380.056,97.133,192.746,83.002,144.253,270.487,90.168,145.52,179.716,159.678,183.612,181.142,105.514,41.464,240.744
2003-05-30 17:20:00,159.352,51.24,197.2,118.247,1253.18,383.097,96.72276166666657,191.976,83.438,145.597,270.184,91.566,147.78,179.754,157.564,180.58,178.796,102.82,41.05,243.238
2003-05-30 17:25:00,161.408,50.487,198.4,120.277,1250.9,379.387,96.79129166666665,193.65,82.788,145.133,271.118,90.499,148.42,178.686,158.092,181.636,181.886,102.712,41.028,236.638
2003-05-30 17:30:00,158.546,51.933,186.533,118.363,1257.84,376.68,96.804,191.95,83.628,142.127,272.557,88.56,146.82,178.102,159.378,183.274,177.168,103.766,40.78,242.958
2003-05-30 17:35:00,158.678,51.08,200.967,119.603,1253.94,383.103,96.74164374999998,192.71,81.174,144.723,269.377,90.284,147.78,179.038,158.446,181.788,180.378,102.094,41.146,241.866
2003-05-30 17:40:00,159.26,51.28,200.233,118.343,1251.66,382.71,96.28489749999989,190.332,82.372,143.183,270.135,89.571,146.84,179.25,158.802,182.454,180.806,103.536,40.668,241.27
2003-05-30 17:45:00,157.404,50.047,199.8,116.77,1256.34,382.747,97.387,194.834,83.03,143.053,271.726,90.952,149.12,178.074,160.282,179.1,180.498,103.656,41.352,238.906
2003-05-30 17:50:00,159.026,50.793,199.733,118.053,1246.3,383.873,96.78697437500004,192.016,82.868,145.467,269.041,90.974,148.3,177.084,158.752,179.9,180.652,102.856,41.136,242.226
2003-05-30 17:55:00,158.626,50.747,198.133,116.87,1247.44,380.443,96.77882750000002,194.21,82.25,144.007,268.255,90.675,148.54,177.134,158.616,181.682,177.878,102.93,41.11,241.304
2003-05-30 18:00:00,158.694,50.167,200.333,118.113,1240.56,378.927,96.892,194.154,81.766,143.823,268.648,91.038,145.82,179.024,158.198,181.494,179.536,101.326,40.74,241.264
2003-05-30 18:05:00,158.32,51.2,198.767,117.303,1245.14,381.92,96.48821645833331,192.732,83.178,146.03,264.748,89.529,146.74,180.154,158.926,181.218,181.2,103.222,40.85,240.442
2003-05-30 18:10:00,158.438,50.8,199.233,118.003,1249.28,379.723,96.81287166666671,194.012,82.466,144.086,269.895,89.521,147.3,179.808,161.19,180.494,178.376,101.004,40.658,239.148
2003-05-30 18:15:00,158.024,52.487,201.333,117.75,1248.8,378.647,95.937,192.97,82.06,144.12,267.079,91.508,146.96,179.92,159.812,180.17,179.594,102.82,40.438,238.472
2003-05-30 18:20:00,159.624,51.863,200.133,116.6,1247.52,380.757,96.75722937499988,196.076,82.306,144.603,270.561,89.842,146.16,178.332,160.278,182.116,177.662,101.668,40.732,239.166
2003-05-30 18:25:00,158.334,52.303,201.267,118.877,1252.12,379.43,96.42310833333335,191.85,81.718,144.067,267.039,89.116,146.42,179.368,160.064,181.76,179.664,103.522,40.408,237.15
2003-05-30 18:30:00,158.396,50.853,199.367,118.463,1245.84,381.63,96.029,193.308,83.82,144.0,268.739,89.802,146.72,176.716,156.96,180.224,178.998,102.894,39.82,238.214
2003-05-30 18:35:00,159.452,51.717,201.0,116.837,1251.6,377.433,96.69888375,192.802,83.336,142.827,270.537,89.982,146.2,179.866,159.39,179.388,180.202,102.228,40.944,237.268
2003-05-30 18:40:00,157.89,50.513,199.833,118.137,1245.1,380.917,96.43823708333335,192.264,81.044,143.724,265.869,90.643,145.3,178.812,159.846,179.46,179.654,103.124,40.818,237.978
2003-05-30 18:45:00,159.886,51.657,199.667,118.607,1242.12,380.54,95.729,194.956,83.426,145.693,267.179,90.333,146.88,181.848,159.078,179.264,180.652,103.286,40.156,238.924
2003-05-30 18:50:00,158.988,50.337,201.033,116.093,1246.02,379.423,96.74455895833346,194.396,81.54,146.29,267.034,87.987,148.78,177.966,160.458,179.906,181.42,102.088,41.206,239.9
2003-05-30 18:55:00,158.456,51.623,199.9,117.797,1247.02,373.917,95.85982249999995,190.868,83.648,148.213,267.857,89.48,144.06,177.694,160.408,181.164,179.578,104.338,40.99,238.0
2003-05-30 19:00:00,157.612,50.85,197.933,115.843,1254.8,377.943,96.319,193.564,81.628,145.0,266.21,90.79,147.5,177.822,158.414,181.584,181.27,101.51,40.386,240.384
2003-05-30 19:05:00,158.076,50.31,198.6,117.43,1248.0,378.907,96.95388208333337,192.142,83.976,143.54,267.112,89.4,148.62,180.97,161.11,181.886,181.096,102.816,41.11,237.922
2003-05-30 19:10:00,160.104,50.673,200.167,116.973,1250.26,380.33,96.27260812499998,190.006,82.55,145.897,267.356,88.966,146.02,179.078,158.876,181.334,182.094,102.29,41.11,237.96
2003-05-30 19:15:00,158.654,51.15,199.867,119.033,1238.88,379.534,95.785,194.3,82.874,145.367,268.693,89.008,147.08,178.356,159.826,180.398,178.8,101.248,41.112,236.452
2003-05-30 19:20:00,157.946,50.513,201.7,118.81,1239.84,379.01,96.34174541666661,191.074,83.032,145.857,266.166,89.272,144.62,178.76,158.614,180.96,180.028,102.216,40.646,240.852
2003-05-30 19:25:00,157.006,51.097,197.167,119.28,1229.04,381.18,96.32581541666664,190.138,83.608,143.473,267.835,88.774,144.72,178.934,157.668,181.818,181.702,102.256,40.946,240.732
2003-05-30 19:30:00,157.092,51.45,200.367,118.267,1251.42,382.193,96.334,191.692,81.808,144.073,268.405,89.11,145.34,180.048,158.63,178.942,180.982,102.176,40.856,238.822
2003-05-30 19:35:00,158.266,50.847,199.567,118.483,1244.74,379.777,96.68843583333336,192.568,82.762,143.76,266.339,88.056,144.4,181.366,161.228,180.254,180.674,101.41,41.268,240.34
2003-05-30 19:40:00,157.126,50.67,200.7,118.737,1241.32,380.593,96.43817833333337,192.334,81.886,143.807,268.254,89.362,144.42,181.188,158.024,177.836,183.352,102.284,40.568,239.516
2003-05-30 19:45:00,158.544,50.68,198.7,116.763,1244.96,379.34,96.951,191.948,82.386,144.296,266.18,87.62,145.7,180.604,161.004,180.936,182.646,101.31,40.31,239.696
2003-05-30 19:50:00,156.058,51.927,197.7,118.813,1235.58,379.51,96.44930125000002,192.646,82.986,144.41,268.488,88.802,144.56,179.878,159.978,179.196,182.098,103.356,40.91,239.068
2003-05-30 19:55:00,157.822,50.713,201.233,118.363,1236.84,381.077,96.75489916666668,193.182,82.474,143.35,270.086,88.164,146.24,180.134,159.03,180.866,181.57,101.736,41.204,240.846
2003-05-30 20:00:00,159.58,51.837,200.933,119.013,1238.9,381.68,96.12,189.966,83.266,145.603,269.067,91.127,146.74,180.414,158.686,178.308,182.456,101.3,41.602,240.52
2003-05-30 20:05:00,158.356,50.88,200.4,118.9,1243.64,380.763,96.50587208333334,194.608,82.138,144.49,268.152,88.843,144.46,180.716,160.422,178.072,180.682,101.004,41.55,240.878
2003-05-30 20:10:00,158.226,51.433,200.2,117.917,1243.24,378.27,96.70900458333335,193.824,83.558,144.35,270.768,90.915,147.44,180.376,160.45,179.362,182.022,102.772,40.896,243.536
2003-05-30 20:15:00,158.67,49.457,199.5,118.367,1238.72,381.097,97.334,193.736,82.218,144.067,269.219,88.251,146.4,181.118,161.25,180.718,181.1,102.516,41.03,240.602
2003-05-30 20:20:00,158.698,50.987,201.3,117.753,1241.86,380.137,96.71843562500004,192.002,83.362,144.98,266.575,90.03,146.5,179.768,160.27,180.842,179.924,103.07,41.414,240.988
2003-05-30 20:25:00,158.588,50.64,199.567,118.443,1242.08,381.647,96.64271749999993,194.286,83.472,144.403,266.955,87.487,147.56,178.092,159.908,181.634,180.114,102.014,41.3,243.068
2003-05-30 20:30:00,159.438,50.55,197.467,117.213,1244.64,380.913,96.498,195.724,83.1,144.463,267.487,88.825,146.34,178.69,160.942,179.828,182.162,103.548,41.044,238.072
2003-05-30 20:35:00,157.804,50.95,200.533,118.15,1242.66,380.027,96.60265541666674,193.62,81.786,145.453,266.116,89.995,146.46,179.016,162.398,180.35,180.912,102.304,41.162,239.128
2003-05-30 20:40:00,158.924,48.91,198.967,117.487,1246.08,382.22,96.91233791666664,193.744,84.238,143.433,267.891,89.038,145.94,180.872,163.142,182.19,181.672,102.978,40.888,241.878
2003-05-30 20:45:00,158.648,50.903,200.0,116.827,1242.3,382.653,97.013,191.772,82.104,145.93,269.032,90.559,144.42,178.402,160.092,180.768,179.592,103.206,41.978,244.456
2003-05-30 20:50:00,156.618,51.07,199.267,115.94,1247.66,380.347,96.77277354166665,193.486,83.146,149.01,269.183,89.524,145.0,180.046,160.502,180.252,181.08,102.742,41.728,244.53
2003-05-30 20:55:00,157.348,50.787,199.833,118.553,1244.56,379.127,96.81475708333332,192.664,82.636,143.48,270.0,89.763,147.02,180.49,160.496,182.06,180.478,103.162,40.712,241.636
2003-05-30 21:00:00,157.906,50.343,198.767,117.757,1243.7,378.257,97.098,191.58,83.158,143.793,267.845,89.283,146.52,179.196,161.18,179.898,183.022,103.786,40.726,240.852
2003-05-30 21:05:00,158.694,50.563,199.167,116.77,1238.14,379.33,96.7576337500001,193.896,82.362,144.55,268.881,91.354,145.8,179.54,161.002,179.958,181.462,103.578,40.54,240.858
2003-05-30 21:10:00,157.856,52.187,202.0,117.723,1247.62,381.377,96.74444583333342,193.444,82.206,142.287,268.052,89.09,145.54,181.648,161.064,178.396,182.576,102.372,40.496,242.84
2003-05-30 21:15:00,156.796,51.42,198.5,116.613,1237.6,378.63,96.746,192.452,83.2,142.787,269.044,89.187,145.6,179.208,160.82,181.906,182.454,101.794,41.232,242.876
2003-05-30 21:20:00,158.162,51.413,200.433,117.17,1238.28,376.757,96.21901375000002,190.98,83.506,147.403,269.192,89.394,144.04,181.226,160.946,180.94,182.562,102.382,41.594,240.7
2003-05-30 21:25:00,160.908,51.493,198.867,117.433,1235.26,376.45,96.75208708333325,192.91,84.308,143.9,269.132,88.744,146.04,177.54,161.394,181.136,182.142,102.608,40.708,243.738
2003-05-30 21:30:00,158.4,50.533,198.667,116.643,1241.48,372.317,96.666,189.15,82.85,144.567,268.536,89.578,144.5,179.984,161.136,181.298,178.65,101.34,41.054,243.742
2003-05-30 21:35:00,156.462,51.983,201.6,115.633,1242.6,373.83,95.55678666666661,190.688,82.67,145.533,268.099,90.917,144.14,180.016,159.744,178.736,178.218,101.756,40.8,240.41
2003-05-30 21:40:00,156.974,50.27,199.033,117.847,1249.12,375.73,96.21920187500001,190.676,81.858,143.793,268.765,90.146,146.06,177.232,161.748,180.274,180.682,101.896,41.14,240.422
2003-05-30 21:45:00,158.434,51.113,198.733,116.703,1240.6,377.973,96.547,189.402,82.232,144.407,268.362,88.951,144.62,178.67,160.742,177.254,181.232,102.15,41.302,242.156
2003-05-30 21:50:00,155.03,51.233,200.433,118.527,1250.14,370.167,95.3324841666665,191.154,81.81,144.197,271.727,90.772,145.78,180.074,161.658,182.018,178.282,102.332,41.532,239.368
2003-05-30 21:55:00,155.544,50.737,201.3,116.603,1245.18,374.21,95.33109333333323,189.266,81.946,140.697,270.186,89.217,146.84,179.39,160.22,180.036,180.16,101.79,41.986,241.508
2003-05-30 22:00:00,156.428,50.273,198.933,116.217,1245.6,376.597,95.617,190.066,81.852,141.837,270.176,89.087,145.02,179.734,160.746,179.192,179.164,102.84,41.34,243.834
2003-05-30 22:05:00,157.32,50.87,201.6,115.313,1241.74,372.88,95.10428708333328,189.83,82.438,141.38,267.203,91.862,143.98,179.784,159.364,178.978,181.19,102.474,40.53,241.206
2003-05-30 22:10:00,156.048,51.453,202.0,115.097,1248.72,375.25,95.19731708333326,189.41,82.736,142.597,272.658,89.072,144.34,179.004,158.956,179.36,181.094,101.914,40.488,240.7
2003-05-30 22:15:00,156.99,50.097,198.9,116.243,1248.9,369.643,94.483,190.774,84.072,144.307,270.497,88.764,143.44,180.066,159.872,178.384,180.85,102.226,41.248,240.424
2003-05-30 22:20:00,156.488,52.123,196.133,116.737,1250.04,372.92,94.64447000000001,189.34,81.096,141.0,270.738,89.439,143.56,179.966,160.528,180.15,181.342,101.678,40.878,241.436
2003-05-30 22:25:00,155.376,50.083,200.333,116.27,1244.92,375.163,95.47950416666662,187.832,82.074,142.787,270.178,88.144,144.24,180.374,160.992,180.826,180.992,103.332,41.472,239.156
2003-05-30 22:30:00,157.286,51.323,200.7,118.043,1251.94,371.047,94.099,189.636,82.814,144.63,270.97,89.364,145.92,179.752,159.52,180.622,179.266,102.342,40.824,239.766
2003-05-30 22:35:00,156.4,51.117,201.467,115.303,1249.12,371.457,94.75253749999996,189.898,81.654,143.623,268.947,89.955,145.38,179.638,159.298,178.816,180.444,102.428,40.426,239.502
2003-05-30 22:40:00,156.008,51.357,198.067,115.137,1248.46,373.923,95.01292499999991,188.338,84.706,142.6,271.03,88.338,145.12,180.536,160.132,179.582,178.706,101.33,40.696,240.484
2003-05-30 22:45:00,158.134,49.913,198.967,116.38,1240.68,370.213,94.973,189.162,81.584,142.73,271.099,88.128,144.1,178.214,160.054,179.772,180.12,102.75,40.728,237.876
2003-05-30 22:50:00,156.894,48.87,200.6,113.717,1247.46,374.007,94.66649166666667,189.044,82.52,140.68,270.91,87.405,143.94,177.988,159.466,177.446,181.826,101.166,40.53,242.328
2003-05-30 22:55:00,156.268,50.177,198.033,115.117,1245.04,373.013,94.91709749999997,188.892,81.97,138.437,271.459,87.588,144.26,176.456,160.002,178.354,180.82,101.348,42.004,239.702
2003-05-30 23:00:00,158.152,51.083,200.1,117.323,1254.62,371.22,93.938,188.384,83.368,141.393,270.506,89.41,145.16,179.69,157.69,177.29,178.344,102.552,40.724,238.888
2003-05-30 23:05:00,156.696,51.663,199.633,118.53,1252.52,372.95,95.02741291666669,190.928,83.204,140.583,268.149,88.988,145.3,177.276,157.762,179.564,180.124,100.462,40.596,237.168
2003-05-30 23:10:00,156.876,50.133,199.4,116.66,1257.38,372.067,94.6099395833334,189.8,83.416,140.593,268.149,88.348,143.56,179.556,160.136,179.236,179.56,101.404,41.198,240.578
2003-05-30 23:15:00,158.264,48.43,198.433,116.313,1252.2,370.973,94.019,188.624,82.58,141.073,270.223,87.386,143.52,178.41,158.708,179.67,181.396,101.73,41.07,240.512
2003-05-30 23:20:00,157.158,49.187,200.067,115.143,1253.56,372.533,94.37775875000001,188.988,81.79,140.903,270.308,87.849,143.94,179.698,159.306,178.872,180.696,102.132,40.664,238.296
2003-05-30 23:25:00,157.878,49.537,200.833,116.843,1260.52,373.93,94.97004499999997,187.552,82.982,141.52,267.327,89.65,145.14,179.474,159.154,179.738,180.92,100.308,40.79,239.388
2003-05-30 23:30:00,156.762,50.503,199.267,115.92,1258.92,371.717,94.186,188.968,81.768,143.29,271.892,88.557,143.82,179.51,160.404,179.028,179.998,101.29,40.848,240.796
2003-05-30 23:35:00,157.444,49.163,199.333,115.287,1248.84,372.78,94.71933666666659,189.746,82.806,141.49,269.872,88.656,143.34,177.484,160.052,177.436,182.854,101.232,40.174,238.24
2003-05-30 23:40:00,157.838,50.413,199.933,116.19,1257.2,373.007,94.70130083333342,190.036,82.372,143.417,271.268,87.336,142.58,181.718,159.178,177.104,181.132,101.272,40.956,236.836
2003-05-30 23:45:00,158.39,50.183,198.8,117.42,1254.34,371.92,94.457,188.194,82.796,140.087,271.831,86.427,143.44,179.586,159.804,178.558,180.652,102.042,40.52,238.43
2003-05-30 23:50:00,156.492,50.43,197.433,115.237,1254.12,374.557,95.0046216666667,185.534,81.506,142.573,269.802,88.298,144.32,178.506,159.292,177.258,181.408,101.76,40.768,239.432
2003-05-30 23:55:00,155.732,50.433,196.333,116.87,1257.74,371.803,94.50558000000008,189.474,81.55,141.903,269.776,87.26,142.78,179.894,158.606,178.592,181.71,102.082,40.946,240.474
2003-05-31 00:00:00,158.472,50.327,199.733,115.857,1255.56,376.057,94.235,190.072,83.736,141.043,267.826,89.26,143.26,178.476,160.168,179.034,180.326,101.78,40.172,240.314
2003-05-31 00:05:00,157.958,49.7,199.967,117.003,1262.66,371.173,94.8562908333335,189.414,82.922,142.014,268.486,88.882,143.34,180.144,160.558,177.648,179.984,102.918,41.34,239.216
2003-05-31 00:10:00,157.812,50.897,198.267,117.337,1258.38,372.503,95.04151041666668,189.494,81.842,141.657,266.72,88.198,144.18,177.324,160.984,181.18,178.474,102.592,40.494,240.728
2003-05-31 00:15:00,159.3,48.907,199.1,117.42,1254.94,373.687,94.15,188.89,82.332,140.35,270.88,88.131,143.74,180.066,159.542,177.97,180.644,100.654,40.532,240.952
2003-05-31 00:20:00,158.496,50.937,197.467,116.307,1261.32,371.697,94.65565541666672,188.432,83.058,139.566,268.852,89.109,144.72,177.828,159.378,178.796,176.998,101.206,40.616,238.526
