DATETIME,ATHN,MXCO,ROME,LMKS,DRBS,MOSC,NEWK,KIEL,CALG,OULU,APTY,FSMT,INVK,NAIN,PWNK,THUL,SOPB,SOPO
2004-11-09 13:45:00,54.86,214.3,129.933,415.89,107.121,207.0,91.75,151.887,295.598,99.54,159.34,198.382,177.55,195.984,200.356,113.686,141.148,274.392
2004-11-09 13:50:00,53.96,212.933,127.73,418.167,106.86326375000004,205.662,91.604,153.183,296.631,98.458,161.52,198.294,180.996,200.402,199.948,113.224,141.468,276.724
2004-11-09 13:55:00,54.627,213.867,128.85,415.567,107.25468875000017,211.506,91.074,155.613,296.984,97.186,162.56,200.188,177.218,198.332,198.344,112.002,142.484,275.592
2004-11-09 14:00:00,54.043,212.467,127.49,421.083,106.016,207.348,91.74,155.333,297.146,99.472,160.36,199.734,178.132,200.062,201.536,113.562,140.362,277.884
2004-11-09 14:05:00,54.17,211.867,129.813,420.26,106.47571333333332,208.946,91.152,153.847,295.405,101.2,160.28,199.898,177.52,198.776,198.51,114.09,140.676,274.6
2004-11-09 14:10:00,54.583,214.767,128.74,419.69,106.8671572916667,209.654,91.778,153.787,293.221,97.218,159.62,200.372,178.15,200.424,201.246,113.918,141.974,275.988
2004-11-09 14:15:00,53.927,212.4,127.053,416.017,107.268,206.772,91.724,153.97,299.172,98.352,160.4,200.45,178.984,200.418,197.91,111.8,140.958,275.448
2004-11-09 14:20:00,54.717,215.967,128.677,417.733,106.9951437500001,209.762,90.724,155.773,293.342,97.948,162.14,199.43,179.014,199.108,197.67,113.284,141.64,274.724
2004-11-09 14:25:00,55.14,214.867,128.557,420.093,106.7422920833334,206.862,92.684,154.61,298.024,97.849,159.44,200.624,178.908,198.81,199.804,113.038,141.446,277.18
2004-11-09 14:30:00,55.033,214.467,129.097,419.203,107.359,209.408,92.462,156.45,294.147,100.293,161.62,199.834,176.788,196.758,200.29,113.026,141.402,277.394
2004-11-09 14:35:00,54.1,214.733,128.883,415.453,107.13733104166677,210.262,92.378,154.28,298.322,95.818,161.1,198.662,177.532,197.482,200.654,112.644,140.226,275.354
2004-11-09 14:40:00,55.527,214.8,129.767,415.327,106.85100041666672,210.486,89.898,153.957,295.721,99.943,159.44,202.872,177.832,198.69,200.132,113.486,144.018,276.078
2004-11-09 14:45:00,53.037,213.2,129.643,417.42,105.87,206.938,91.06,158.023,298.185,99.893,160.42,200.15,180.422,198.306,199.3,113.286,141.994,276.26
2004-11-09 14:50:00,54.873,213.833,129.21,413.177,107.03165750000002,211.822,91.194,152.71,296.542,96.263,160.34,199.478,178.976,197.93,202.14,113.802,143.05,274.086
2004-11-09 14:55:00,55.33,211.9,128.227,415.037,106.81939166666675,210.266,91.378,153.693,293.437,98.983,159.78,202.356,180.092,198.878,200.274,114.838,141.178,275.554
2004-11-09 15:00:00,55.777,216.667,129.08,413.117,106.155,208.924,92.2,154.437,296.713,99.43,160.3,201.08,179.09,199.126,199.332,112.828,142.58,276.858
2004-11-09 15:05:00,54.24,213.7,129.017,414.38,106.85661541666674,210.378,91.064,154.977,294.328,98.012,158.92,199.506,177.95,198.878,200.162,113.76,141.382,276.29
2004-11-09 15:10:00,54.653,213.667,128.53,414.77,106.68418666666676,207.314,91.164,154.473,294.704,97.197,157.8,198.958,177.978,197.6,201.646,115.138,142.838,276.588
2004-11-09 15:15:00,54.02,214.067,126.297,416.92,107.221,208.028,93.386,156.233,296.428,98.871,161.06,200.4,177.854,199.93,200.784,113.206,142.47,278.83
2004-11-09 15:20:00,53.543,214.4,129.98,416.42,106.54067958333354,207.148,90.674,155.51,298.381,98.719,159.88,198.844,177.306,198.48,198.686,114.508,141.58,276.708
2004-11-09 15:25:00,54.83,212.067,129.65,414.147,106.7088195833333,208.694,91.574,152.983,296.6,98.648,159.66,199.322,179.608,198.634,198.89,113.09,143.282,276.44
2004-11-09 15:30:00,54.65,216.067,128.717,418.34,106.107,207.508,92.378,156.813,297.843,96.673,159.32,198.908,177.724,198.186,198.574,114.056,143.544,275.508
2004-11-09 15:35:00,54.503,212.5,129.463,412.993,106.98447854166672,210.446,92.43,154.243,295.923,98.265,159.8,200.956,177.74,198.864,200.59,113.124,142.312,276.296
2004-11-09 15:40:00,55.29,216.667,128.437,415.903,106.66824375000013,208.818,91.062,155.193,297.136,100.067,160.36,199.022,179.526,197.158,199.854,113.81,141.54,276.034
2004-11-09 15:45:00,53.663,215.067,127.967,417.3,106.428,209.62,93.456,153.52,296.562,98.363,158.88,199.348,179.232,199.414,199.622,113.932,142.304,276.038
2004-11-09 15:50:00,54.8,217.1,129.8,417.157,106.81427041666672,207.11,91.896,154.097,295.257,99.665,162.1,199.12,179.784,199.992,199.248,113.274,140.416,277.704
2004-11-09 15:55:00,54.987,214.433,128.123,419.177,107.02891583333331,213.24,92.552,151.78,297.558,98.82,159.72,199.294,177.83,198.724,199.144,114.006,141.988,278.184
2004-11-09 16:00:00,55.12,212.967,127.623,416.68,107.461,210.134,92.024,151.767,296.048,98.202,159.86,201.044,178.076,197.35,203.93,112.296,143.11,278.074
2004-11-09 16:05:00,55.157,217.8,127.56,418.757,106.96762104166696,206.648,93.29,154.39,296.939,99.823,161.4,202.542,176.488,199.102,201.366,112.53,142.266,275.278
2004-11-09 16:10:00,54.49,213.833,129.733,418.383,107.01148041666681,209.712,93.39,156.23,296.011,98.264,160.56,199.448,175.992,199.258,201.468,112.742,142.736,276.654
2004-11-09 16:15:00,53.747,217.233,130.127,423.917,106.979,211.462,91.782,153.574,298.703,97.589,159.4,199.736,178.206,197.136,200.932,112.192,141.404,277.296
2004-11-09 16:20:00,55.32,215.5,129.11,419.197,106.85127604166655,211.208,92.702,156.127,293.1,97.749,158.64,200.616,176.356,197.164,199.578,113.354,142.176,277.292
2004-11-09 16:25:00,55.063,214.467,129.343,420.643,106.95351874999993,210.728,90.258,156.72,298.819,98.217,160.16,200.552,177.398,198.41,198.16,112.6,141.93,277.33
2004-11-09 16:30:00,55.267,214.267,128.01,421.753,107.479,209.548,92.028,155.303,298.417,97.913,162.04,199.948,179.386,198.02,199.114,113.616,142.162,276.466
2004-11-09 16:35:00,52.91,214.667,128.697,421.503,106.82100541666665,211.434,93.174,155.173,291.256,98.255,160.4,201.846,179.334,197.974,199.34,113.194,142.878,276.392
2004-11-09 16:40:00,54.753,214.2,128.613,422.527,106.88899791666678,210.042,92.722,153.833,295.731,99.767,160.2,201.008,180.148,199.036,201.156,113.088,141.874,277.48
2004-11-09 16:45:00,54.27,213.767,128.533,421.197,107.492,212.276,90.466,153.387,296.568,98.708,161.48,199.53,178.478,198.368,202.056,113.008,142.988,277.196
2004-11-09 16:50:00,55.427,214.267,129.577,417.693,107.11466250000016,208.564,92.332,154.957,299.151,98.666,161.4,199.802,179.03,199.048,200.252,113.752,142.076,278.466
2004-11-09 16:55:00,53.72,216.333,129.587,420.54,106.96720625000007,208.388,92.386,155.46,297.119,98.155,160.5,201.15,179.928,198.862,202.706,112.76,142.288,280.732
2004-11-09 17:00:00,56.263,215.6,128.773,422.343,107.182,205.818,92.026,153.17,296.026,99.052,159.78,202.548,178.892,195.978,201.092,113.874,143.114,276.744
2004-11-09 17:05:00,54.34,213.033,128.787,421.243,107.21231625000007,209.41,91.028,155.363,297.406,97.087,160.96,200.986,179.988,196.73,201.66,113.604,142.55,277.138
2004-11-09 17:10:00,55.167,216.533,129.133,419.253,106.92864249999994,211.328,91.118,154.537,296.335,98.295,160.4,199.49,176.308,195.51,199.558,113.168,143.562,278.196
2004-11-09 17:15:00,53.433,215.6,127.137,418.827,107.833,211.924,91.522,156.413,298.76,97.573,160.28,199.086,177.826,194.584,200.716,113.852,142.394,279.518
2004-11-09 17:20:00,54.383,213.667,128.53,416.88,107.08047874999997,210.614,93.302,154.217,297.391,97.947,160.68,200.42,179.7,197.808,199.454,113.4,142.458,281.41
2004-11-09 17:25:00,53.847,216.367,128.243,416.493,107.08727708333343,210.78,91.992,153.237,296.951,96.599,161.02,199.53,179.852,199.2,198.092,114.33,141.676,280.426
2004-11-09 17:30:00,54.103,217.067,127.5,417.0,106.723,207.91,92.504,155.84,300.315,99.228,161.7,199.382,179.46,196.896,202.094,113.066,143.534,279.53
2004-11-09 17:35:00,54.39,218.5,126.843,413.9,106.78787250000019,209.048,93.034,157.83,298.886,100.647,160.7,200.99,180.272,198.758,198.496,111.81,143.15,278.942
2004-11-09 17:40:00,53.89,216.8,126.98,414.093,107.11239583333352,211.938,93.362,154.553,300.902,99.611,162.18,200.148,179.192,198.996,199.418,112.544,142.078,279.96
2004-11-09 17:45:00,53.673,214.967,127.8,415.623,107.222,210.458,92.24,154.323,299.716,98.706,160.02,201.938,180.282,199.266,200.58,111.94,143.698,277.266
2004-11-09 17:50:00,54.07,217.633,129.003,415.787,107.33316250000011,210.028,92.056,157.717,301.733,100.173,162.32,200.058,179.454,197.16,201.822,111.992,144.274,280.386
2004-11-09 17:55:00,53.157,215.467,127.99,414.727,107.31262541666675,211.176,93.374,154.847,301.169,97.531,160.6,200.942,178.646,196.948,197.898,111.994,143.478,279.976
2004-11-09 18:00:00,53.863,214.6,127.933,416.07,107.909,210.576,92.504,156.2,300.962,99.279,162.1,200.486,178.118,199.038,201.602,113.07,144.276,282.552
2004-11-09 18:05:00,54.41,215.633,127.52,417.733,107.3424862500001,208.634,92.488,154.407,297.924,98.009,161.5,200.592,180.316,196.084,200.578,113.002,144.18,280.462
2004-11-09 18:10:00,54.713,215.267,128.63,415.517,107.2889637500002,209.1,91.356,154.65,300.165,99.24,161.42,198.872,178.812,198.16,202.838,112.26,143.028,279.356
2004-11-09 18:15:00,53.687,216.0,128.27,415.287,107.777,209.558,93.348,154.763,300.603,99.377,162.22,200.62,177.874,197.144,200.93,112.244,144.722,281.718
2004-11-09 18:20:00,54.057,215.567,128.547,416.863,107.24025375000012,210.424,93.484,154.413,300.004,97.92,162.28,201.71,179.224,196.174,199.312,115.078,143.356,281.392
2004-11-09 18:25:00,54.147,217.533,129.11,415.907,107.42214833333354,208.984,93.372,155.543,301.201,99.84,161.5,200.812,177.752,199.344,200.926,111.846,144.158,282.068
2004-11-09 18:30:00,54.92,216.7,128.343,412.91,107.886,208.228,92.774,154.263,298.16,97.682,160.96,199.168,178.248,196.808,200.56,111.73,144.522,279.594
2004-11-09 18:35:00,54.287,217.4,128.357,411.737,106.77090541666665,208.556,92.866,158.483,299.267,97.33,159.08,200.456,178.482,197.29,199.346,113.0,144.406,282.332
2004-11-09 18:40:00,54.467,215.967,126.57,412.507,106.97506625000011,207.224,92.566,153.843,299.072,98.814,160.6,198.838,178.762,195.936,197.03,112.266,143.45,279.226
2004-11-09 18:45:00,54.893,217.767,126.35,411.897,106.483,211.388,94.078,155.537,297.966,99.39,160.28,201.308,179.024,196.818,199.326,112.644,145.164,281.538
2004-11-09 18:50:00,53.243,214.767,128.337,415.883,106.96225583333333,209.474,92.886,155.807,296.544,98.057,159.34,198.206,177.75,195.34,196.328,113.39,143.53,281.566
2004-11-09 18:55:00,53.6,211.9,128.907,414.77,106.99134791666667,208.656,91.9,155.493,298.164,97.814,160.0,200.008,178.676,195.28,197.292,113.388,145.682,282.456
2004-11-09 19:00:00,53.537,214.633,127.113,415.0,107.517,211.692,92.354,153.73,297.071,98.465,159.48,201.482,180.404,197.092,197.744,111.554,145.463,283.106
2004-11-09 19:05:00,54.82,213.9,128.497,413.91,107.13619,212.528,90.958,152.244,297.658,96.718,158.38,200.442,178.052,193.904,198.662,112.338,144.456,284.124
2004-11-09 19:10:00,54.487,217.4,128.91,413.75,106.6115554166665,210.136,91.304,151.927,299.888,97.246,158.7,195.52,178.358,193.14,198.198,111.588,144.224,280.702
2004-11-09 19:15:00,54.36,216.533,128.817,413.623,107.129,210.028,91.428,152.434,295.534,96.085,159.36,199.506,176.852,192.932,196.696,112.718,145.846,282.046
2004-11-09 19:20:00,53.093,215.3,128.203,414.063,107.39293250000024,211.72,92.982,155.037,295.508,97.691,161.08,198.578,178.118,196.21,196.62,111.92,145.096,283.146
2004-11-09 19:25:00,53.633,216.033,128.213,414.903,106.95669083333334,211.176,91.078,153.163,298.542,97.934,157.7,198.382,178.986,195.046,195.14,112.324,144.906,283.554
2004-11-09 19:30:00,53.343,216.233,130.427,415.664,106.887,207.612,91.984,154.02,294.621,98.476,159.1,198.426,176.846,193.312,196.854,112.584,145.988,281.104
2004-11-09 19:35:00,54.783,218.233,128.833,411.2,106.65399499999992,210.974,91.62,153.553,294.699,97.276,159.74,197.638,175.824,194.102,196.622,113.34,144.468,281.23
2004-11-09 19:40:00,53.883,215.267,127.657,410.74,106.39810874999978,209.286,90.902,153.017,292.895,98.356,159.16,196.362,177.192,192.818,194.692,111.204,142.524,280.192
2004-11-09 19:45:00,54.783,215.3,126.063,410.613,106.275,207.184,91.632,151.72,291.447,95.394,159.3,196.828,178.51,192.184,194.048,111.626,142.968,281.116
2004-11-09 19:50:00,54.127,216.767,126.967,409.81,105.8532127083331,205.282,89.516,153.293,289.716,97.669,157.6,196.2,176.602,192.292,193.306,110.852,144.488,283.638
2004-11-09 19:55:00,54.413,216.2,125.49,408.587,105.69840104166654,203.564,91.91,150.61,290.613,97.095,158.04,195.198,173.88,191.644,193.134,112.35,142.548,279.856
2004-11-09 20:00:00,53.553,214.5,125.317,407.707,104.311,205.358,91.936,149.903,287.303,98.871,156.82,194.334,175.528,192.104,192.498,112.094,141.396,279.602
2004-11-09 20:05:00,52.817,216.767,124.767,404.99,105.1893656249999,205.288,91.466,151.2,289.582,96.144,156.56,193.614,173.646,191.066,193.032,110.176,141.88,273.946
2004-11-09 20:10:00,54.187,216.233,125.067,402.703,104.8472389583333,204.304,90.882,151.887,286.929,97.171,156.9,194.834,175.49,192.476,191.49,110.438,140.416,277.428
2004-11-09 20:15:00,54.197,214.433,126.623,407.29,105.109,203.448,91.202,151.547,286.584,95.982,158.56,193.768,174.952,191.292,192.59,108.754,141.282,276.726
2004-11-09 20:20:00,53.297,215.0,126.31,410.88,104.71079729166667,203.678,90.194,150.973,285.167,94.72,157.4,194.132,172.932,190.188,192.82,110.09,140.234,275.386
2004-11-09 20:25:00,54.36,217.533,126.463,403.504,105.49603437499995,204.506,89.848,151.123,289.626,96.928,154.7,194.738,172.226,193.44,193.19,109.348,142.37,277.808
2004-11-09 20:30:00,53.953,217.267,126.733,407.467,106.442,205.836,89.786,150.973,290.697,94.584,156.12,194.598,173.876,192.98,193.782,110.714,141.018,277.884
2004-11-09 20:35:00,54.197,217.867,127.01,408.477,105.97459708333321,208.102,90.698,152.333,292.943,95.19,157.14,194.45,174.252,194.618,193.924,109.622,140.93,276.198
2004-11-09 20:40:00,53.873,215.367,127.323,412.87,105.69487854166658,207.966,89.582,150.403,290.662,95.317,158.04,194.376,175.014,192.444,193.608,110.384,140.024,272.392
2004-11-09 20:45:00,54.7,218.667,129.04,413.287,105.811,210.298,91.79,149.847,293.432,97.725,159.98,194.226,177.354,193.236,195.044,110.322,140.354,271.668
2004-11-09 20:50:00,53.967,215.767,127.92,415.44,105.88103624999981,206.52,90.954,152.8,295.025,97.555,159.8,196.4,176.064,193.116,196.92,109.952,139.162,270.25
2004-11-09 20:55:00,55.813,217.367,126.88,409.607,105.92932875000001,208.912,89.956,154.647,292.258,97.571,159.04,198.072,174.248,193.184,193.948,109.786,138.342,273.946
2004-11-09 21:00:00,55.177,217.1,125.477,410.157,105.711,205.608,90.776,152.267,293.847,98.121,160.28,197.072,172.886,193.656,196.832,110.068,140.918,271.862
2004-11-09 21:05:00,53.947,216.933,127.803,405.893,105.30999249999992,203.804,91.802,151.927,292.12,96.408,155.3,194.46,171.718,188.954,189.836,108.052,139.8,272.174
2004-11-09 21:10:00,54.153,218.433,125.05,402.483,104.61964041666668,203.864,90.172,153.97,289.219,94.995,155.94,190.21,171.866,191.34,191.512,107.994,138.778,271.346
2004-11-09 21:15:00,52.287,216.067,124.23,400.07,105.121,199.316,88.118,150.997,286.521,95.117,153.48,193.472,169.954,189.514,187.788,109.668,137.014,269.07
2004-11-09 21:20:00,53.81,213.7,124.853,396.08,102.91206875000013,197.612,88.53,150.183,284.894,91.999,153.24,191.632,171.328,188.884,188.534,109.7,135.264,267.55
2004-11-09 21:25:00,52.917,215.133,125.637,394.36,102.64179166666666,200.784,88.516,149.333,282.261,93.889,154.58,191.41,173.548,188.788,190.972,108.552,134.09,266.1
2004-11-09 21:30:00,52.73,212.633,124.823,395.44,102.082,199.938,87.136,147.033,281.5,92.501,154.42,190.366,174.832,188.968,189.412,109.196,135.018,263.648
2004-11-09 21:35:00,52.077,210.833,123.323,394.713,101.96118541666674,199.732,88.488,144.527,284.304,93.344,154.56,192.5,171.872,188.056,189.316,108.954,133.912,261.336
2004-11-09 21:40:00,52.303,209.0,124.383,391.09,101.72030541666669,199.064,88.88,147.24,281.254,92.599,152.9,190.552,170.49,190.254,187.596,108.416,133.46,261.212
2004-11-09 21:45:00,52.427,208.833,122.853,393.03,103.142,197.646,87.408,147.633,285.414,94.81,154.88,190.302,172.184,189.198,191.626,106.746,131.024,258.998
2004-11-09 21:50:00,52.623,207.267,122.907,392.02,102.0983414583334,201.162,86.638,149.487,281.738,92.673,153.12,189.61,172.146,186.15,190.2,108.784,130.718,255.224
2004-11-09 21:55:00,51.7,211.767,122.6,391.39,101.88922874999993,199.06,87.5,147.344,280.902,93.926,155.36,189.904,174.418,185.542,188.036,108.108,131.688,259.19
2004-11-09 22:00:00,53.397,211.5,125.167,394.467,101.777,200.406,86.19,146.977,279.444,94.712,153.72,189.23,171.842,188.042,189.21,107.902,130.732,258.082
2004-11-09 22:05:00,53.073,209.6,121.323,387.427,101.42406750000015,198.722,86.716,148.27,281.215,93.95,152.62,190.04,172.734,187.922,187.774,108.332,130.512,259.316
2004-11-09 22:10:00,52.057,206.467,122.997,388.564,101.38350250000009,196.602,86.382,145.097,281.25,94.149,154.48,191.782,172.57,187.242,188.84,107.304,130.754,258.106
2004-11-09 22:15:00,52.63,207.7,122.057,389.603,100.932,197.2,85.93,147.887,280.902,94.216,152.18,190.316,171.038,187.508,189.502,108.73,129.842,257.156
2004-11-09 22:20:00,52.803,207.067,121.863,388.593,101.45207750000009,196.778,88.04,147.683,280.969,93.755,153.92,189.66,170.26,187.994,189.874,108.386,130.352,256.27
2004-11-09 22:25:00,52.843,207.2,123.347,390.71,101.62585208333348,198.566,85.746,146.34,278.741,94.93,153.16,190.402,169.768,186.812,188.85,108.356,131.01,256.836
2004-11-09 22:30:00,52.503,207.8,121.68,391.113,100.985,198.684,86.852,147.473,277.831,93.395,151.5,189.438,169.582,188.054,187.84,109.866,130.086,257.792
2004-11-09 22:35:00,52.15,207.2,124.807,387.763,101.28930166666677,196.786,87.194,146.247,279.356,94.33,152.44,189.498,170.416,189.428,189.188,107.704,130.042,258.002
2004-11-09 22:40:00,53.533,206.1,124.047,388.293,101.42176666666676,197.234,86.358,145.863,279.183,92.942,153.62,190.912,170.436,186.782,187.192,107.828,130.012,254.88
2004-11-09 22:45:00,52.94,206.233,122.433,389.873,102.007,198.514,87.322,147.543,280.466,92.929,153.46,190.422,169.12,187.086,189.962,107.564,131.338,254.204
2004-11-09 22:50:00,52.55,206.367,122.28,390.02,101.44266416666679,196.376,86.1,145.283,280.671,93.93,153.34,190.924,168.31,186.11,186.942,106.568,131.344,254.96
2004-11-09 22:55:00,51.13,206.033,122.923,392.073,101.58843041666677,198.522,88.226,147.77,279.311,92.196,151.56,192.068,171.152,186.19,186.016,108.448,131.346,258.016
2004-11-09 23:00:00,52.935,205.367,123.23,386.707,101.487,198.146,85.5,144.413,279.376,94.659,151.94,189.668,169.396,187.332,188.394,108.752,132.622,259.636
2004-11-09 23:05:00,52.957,205.1,123.04,388.78,101.74784416666671,199.304,86.48,148.273,278.359,94.259,153.58,186.276,170.374,185.998,185.858,108.342,132.016,258.224
2004-11-09 23:10:00,52.663,204.533,123.78,390.75,101.76030083333345,199.23,86.698,145.613,278.876,92.759,154.42,189.114,168.828,185.762,186.002,106.592,131.11,258.554
2004-11-09 23:15:00,52.85,205.0,123.077,391.607,101.345,198.886,85.136,145.963,279.61,94.387,154.28,188.338,171.296,184.266,186.62,107.878,132.696,257.264
2004-11-09 23:20:00,52.193,207.3,123.927,392.153,102.25553333333337,201.912,86.758,146.443,279.226,93.948,155.9,188.46,169.758,184.228,188.532,106.478,129.758,257.73
2004-11-09 23:25:00,53.893,205.6,122.853,392.363,102.15132916666664,199.826,87.098,150.473,278.941,93.371,155.6,188.932,172.884,184.986,186.962,107.86,131.688,260.678
2004-11-09 23:30:00,53.557,205.533,123.82,395.13,102.338,199.374,85.268,148.88,277.045,95.184,155.38,188.708,168.982,185.614,186.52,108.364,129.82,259.01
2004-11-09 23:35:00,53.303,204.3,124.857,395.02,102.58649541666668,200.8,85.612,149.78,277.08,95.911,155.28,190.634,167.528,187.542,185.876,108.088,131.88,260.296
2004-11-09 23:40:00,53.153,203.133,124.34,393.28,102.76260916666675,202.79,86.504,150.213,276.091,95.086,155.2,188.402,168.528,186.22,186.756,108.064,129.166,255.87
2004-11-09 23:45:00,52.87,206.6,124.033,396.137,103.56,201.58,86.416,148.733,275.952,95.858,156.38,187.636,171.072,186.312,185.974,107.004,129.268,253.036
2004-11-09 23:50:00,51.993,204.5,123.163,398.48,103.17675062500005,202.66,85.43,149.383,281.168,96.677,157.0,188.934,170.098,186.43,185.114,108.166,128.59,252.878
2004-11-09 23:55:00,53.375,202.433,122.6,400.793,103.42596062499999,200.088,85.764,148.437,277.975,98.155,157.94,189.884,169.984,187.474,186.062,108.724,128.196,252.156
2004-11-10 00:00:00,54.1,203.467,125.4,400.787,103.611,205.73,85.77,150.48,277.328,96.8,159.3,188.554,168.544,187.65,189.564,109.004,126.654,249.158
2004-11-10 00:05:00,52.25,204.533,125.417,401.4,104.00905895833337,206.482,84.018,152.19,274.275,97.897,157.4,188.67,172.35,185.012,185.266,108.74,126.358,249.246
2004-11-10 00:10:00,52.06,204.8,125.57,402.74,104.25623374999999,207.016,84.194,149.243,272.299,98.645,158.56,187.712,170.848,184.798,186.162,108.814,127.636,250.558
2004-11-10 00:15:00,52.387,202.467,124.8,400.037,104.242,206.828,83.936,152.113,271.949,98.406,161.5,184.78,169.122,187.066,186.568,109.336,127.414,250.684
2004-11-10 00:20:00,53.303,203.167,125.343,408.803,104.08457812500012,203.874,85.79,150.397,273.201,97.586,162.18,184.172,169.158,186.12,184.814,110.38,128.074,253.054
2004-11-10 00:25:00,53.0,203.2,126.96,401.313,104.23480583333343,205.922,84.7,152.443,269.11,97.553,161.1,187.86,170.494,186.094,186.6,111.138,127.782,251.722
2004-11-10 00:30:00,53.227,202.533,126.263,405.85,105.879,205.638,84.202,153.65,273.177,99.268,159.18,187.992,167.14,186.8,185.086,111.348,126.506,248.66
2004-11-10 00:35:00,52.07,205.867,124.783,408.993,104.02492375000008,207.822,86.0,153.537,269.241,97.989,157.88,186.118,169.932,187.636,184.562,111.064,127.218,250.352
2004-11-10 00:40:00,54.097,202.933,126.143,405.467,104.53743083333323,207.358,84.32,154.833,273.282,98.814,159.44,185.022,168.854,187.332,183.2,110.094,128.318,251.51
2004-11-10 00:45:00,52.33,207.033,125.16,403.84,103.795,203.484,84.566,151.823,268.593,97.732,159.26,184.548,168.512,188.81,183.922,110.19,127.812,249.882
2004-11-10 00:50:00,51.903,204.1,126.42,403.69,104.02266541666688,206.52,85.84,150.776,272.388,96.449,160.08,187.928,169.394,186.214,181.256,110.26,127.63,251.156
2004-11-10 00:55:00,53.177,203.533,123.827,398.08,104.16371645833347,204.004,84.372,152.18,269.741,97.723,160.36,185.726,165.204,185.11,184.94,110.274,127.682,249.842
2004-11-10 01:00:00,52.877,204.567,123.38,401.23,103.868,203.096,84.382,150.387,269.106,97.286,159.12,184.15,165.592,188.824,183.114,111.126,128.068,250.47
2004-11-10 01:05:00,53.23,203.2,124.9,393.217,103.68967583333333,204.93,84.606,151.87,269.267,98.634,158.68,182.03,166.216,187.864,181.312,110.432,128.672,252.806
2004-11-10 01:10:00,51.51,201.933,123.11,394.957,103.48741458333346,202.942,85.82,149.263,267.201,95.949,155.98,183.744,163.592,188.41,183.342,111.39,126.974,251.886
2004-11-10 01:15:00,52.327,205.267,122.35,395.41,102.775,201.596,85.254,148.84,268.792,96.077,156.54,183.562,167.088,187.284,182.838,109.408,128.868,252.256
2004-11-10 01:20:00,52.947,201.033,123.503,396.84,103.08325791666675,201.198,85.622,149.653,268.863,95.087,154.8,183.21,168.282,185.672,182.032,110.704,128.968,254.838
2004-11-10 01:25:00,52.357,204.333,124.873,394.32,103.10910750000005,205.61,85.212,150.1,273.268,95.894,154.08,183.422,166.108,184.158,181.982,109.21,128.692,256.408
2004-11-10 01:30:00,52.0,202.067,122.337,397.27,103.433,198.886,85.56,146.95,269.291,95.665,154.02,184.212,166.798,184.698,182.706,108.812,131.478,257.864
2004-11-10 01:35:00,52.443,204.533,123.37,394.88,102.74905166666666,201.902,85.462,149.327,275.308,95.249,155.7,182.348,166.636,187.276,184.53,108.756,130.388,255.088
2004-11-10 01:40:00,53.36,202.533,122.9,393.97,102.48600625,198.472,85.704,151.067,272.761,93.923,154.62,184.812,168.606,187.142,181.668,107.11,128.858,255.998
2004-11-10 01:45:00,52.203,205.467,124.707,394.937,103.384,201.602,86.814,147.073,272.392,96.122,153.84,185.57,165.254,186.206,182.198,106.73,130.502,256.526
2004-11-10 01:50:00,53.88,201.833,120.833,396.707,103.22488250000008,202.48,86.284,147.15,272.343,95.202,154.24,185.682,165.992,185.61,182.736,105.668,128.104,254.92
2004-11-10 01:55:00,53.173,204.233,121.993,389.286,102.37758395833343,200.872,86.24,151.24,275.7,94.816,157.04,185.734,167.252,185.184,183.172,105.066,129.224,254.176
2004-11-10 02:00:00,51.267,206.667,123.317,390.48,101.945,200.328,85.488,148.127,271.407,94.247,156.88,184.236,165.454,184.38,186.088,106.686,130.476,255.466
2004-11-10 02:05:00,52.44,204.267,122.963,391.097,101.87186,196.59,86.974,147.277,276.09,94.624,153.52,184.216,167.14,185.976,183.264,106.218,130.382,253.994
2004-11-10 02:10:00,52.797,202.3,122.73,392.333,102.62171562499992,200.324,85.4,147.537,272.223,94.085,152.76,187.182,167.694,183.008,182.802,106.382,129.384,254.436
2004-11-10 02:15:00,53.49,202.533,123.433,392.687,102.496,201.084,84.786,147.15,273.452,95.224,154.24,186.392,167.442,184.092,183.72,106.138,130.136,254.338
2004-11-10 02:20:00,53.237,203.467,124.13,393.147,102.91498166666666,202.36,86.28,147.437,273.829,93.357,153.86,186.634,168.356,184.832,183.466,106.18,129.076,250.498
2004-11-10 02:25:00,52.547,202.767,123.583,396.297,102.64909083333342,200.01,87.118,145.327,273.58,94.334,155.14,183.618,167.032,184.452,184.254,106.216,128.924,253.254
2004-11-10 02:30:00,51.85,200.533,122.537,391.093,104.433,200.99,85.696,148.577,270.829,94.515,153.36,185.858,164.574,185.672,183.742,106.016,127.416,254.618
2004-11-10 02:35:00,51.177,203.267,121.643,394.807,103.01036812499987,202.422,85.66,148.63,269.762,95.587,153.0,183.882,165.402,186.518,182.296,106.136,129.458,253.936
2004-11-10 02:40:00,51.877,201.7,119.853,395.084,103.10074812499994,203.044,85.01,148.147,272.592,96.881,154.1,186.762,167.694,185.29,183.136,107.15,129.462,253.25
2004-11-10 02:45:00,51.917,203.633,122.027,395.473,103.194,205.68,85.624,151.873,274.321,94.905,152.84,188.334,165.066,187.444,183.12,106.686,129.988,251.946
2004-11-10 02:50:00,51.673,204.133,123.637,390.403,102.22768166666653,200.08,87.394,150.143,271.316,94.199,154.68,185.516,167.176,186.032,185.804,106.39,130.74,254.514
2004-11-10 02:55:00,52.303,201.9,120.677,384.66,100.94380395833336,198.216,84.488,150.08,275.459,95.502,154.5,186.358,166.568,189.408,185.172,107.018,128.192,252.564
2004-11-10 03:00:00,51.477,202.9,122.1,381.407,99.807,197.058,84.14,145.337,274.652,94.905,152.8,185.934,168.208,185.224,185.58,105.74,129.712,252.784
2004-11-10 03:05:00,51.93,201.267,120.727,381.787,100.26603999999999,197.708,84.542,145.517,272.727,92.126,152.3,185.268,165.456,184.564,183.03,106.266,129.464,253.002
2004-11-10 03:10:00,51.373,198.1,120.593,382.707,99.88694833333338,196.32,84.17,145.69,273.283,91.616,150.7,187.06,166.886,184.564,183.222,105.704,128.878,251.676
2004-11-10 03:15:00,51.823,204.267,120.94,384.613,99.988,196.628,84.794,142.81,273.411,92.829,152.38,184.92,165.928,183.218,181.744,105.248,128.528,253.656
2004-11-10 03:20:00,51.74,200.333,122.29,384.593,100.38298708333346,198.198,84.78,144.93,273.803,91.687,149.22,185.984,166.314,184.266,185.172,106.806,128.184,253.654
2004-11-10 03:25:00,51.19,199.667,122.697,386.053,100.79724625000009,197.274,85.746,146.793,276.504,92.302,150.78,186.158,167.73,185.012,183.336,105.592,128.564,254.192
2004-11-10 03:30:00,51.697,198.933,121.733,385.95,99.347,196.83,84.22,147.04,273.16,91.98,150.74,184.592,166.53,182.74,184.746,105.382,130.152,251.808
2004-11-10 03:35:00,52.687,201.433,119.967,384.796,100.39840541666676,197.13,85.178,143.82,273.167,91.21,149.34,185.54,166.238,183.358,182.604,104.726,128.664,251.95
2004-11-10 03:40:00,51.88,198.6,119.963,384.247,100.00637916666665,195.65,84.038,144.673,273.81,91.769,150.82,183.402,166.742,184.82,182.3,104.442,129.84,252.856
2004-11-10 03:45:00,52.453,201.7,120.293,385.243,100.316,195.724,84.094,144.973,272.49,92.412,150.92,184.104,166.234,183.502,183.702,105.32,130.058,250.41
2004-11-10 03:50:00,52.227,200.633,121.89,379.87,100.90128083333344,195.654,85.73,143.93,270.092,91.582,150.9,187.97,165.266,183.166,182.926,105.364,131.048,256.428
2004-11-10 03:55:00,53.107,200.133,121.07,386.277,100.8163570833334,196.592,85.804,144.987,271.129,92.348,149.22,184.062,168.31,184.914,182.034,104.022,127.082,251.05
2004-11-10 04:00:00,52.557,201.633,120.74,384.19,99.452,195.006,84.022,143.433,272.957,93.311,151.4,185.21,166.174,184.034,181.706,106.416,130.952,254.444
2004-11-10 04:05:00,51.647,201.267,120.503,383.017,100.69904375000007,193.602,85.622,142.3,274.102,94.505,150.24,185.732,166.398,183.5,181.44,104.134,129.422,256.01
2004-11-10 04:10:00,52.513,202.167,122.887,384.247,101.15820875000004,199.157,86.328,147.44,274.159,92.614,151.46,183.92,163.368,182.302,182.574,104.474,129.898,254.994
2004-11-10 04:15:00,51.663,203.167,122.637,381.19,100.516,195.546,85.05,143.663,274.503,93.376,150.58,187.032,166.418,184.256,182.736,105.122,131.088,253.728
2004-11-10 04:20:00,51.717,199.8,121.033,382.967,100.64035791666679,198.236,84.8,142.483,273.411,92.472,152.22,184.202,167.656,183.44,182.93,104.986,130.368,256.994
2004-11-10 04:25:00,51.877,200.833,123.21,387.133,100.58071666666675,195.146,84.398,145.237,275.694,91.917,149.92,184.96,165.456,184.508,183.65,103.452,129.72,257.482
2004-11-10 04:30:00,51.31,200.033,123.22,385.99,100.63,198.688,85.208,146.167,272.984,94.107,150.0,185.144,168.17,185.37,183.506,103.864,130.516,256.042
2004-11-10 04:35:00,52.533,200.567,121.877,385.73,101.3177508333335,199.086,85.884,146.573,273.055,93.329,151.5,186.388,167.482,184.164,181.916,105.264,131.712,257.804
2004-11-10 04:40:00,51.773,200.9,121.683,389.83,101.16696333333344,198.418,85.214,146.873,271.492,92.214,150.68,184.582,167.122,183.808,184.182,104.494,130.216,256.232
2004-11-10 04:45:00,52.267,201.767,121.72,388.153,101.474,197.236,86.156,146.69,273.815,94.341,151.72,185.164,166.76,182.974,182.258,105.706,131.75,258.006
2004-11-10 04:50:00,52.067,201.867,121.153,389.447,101.58896416666671,200.332,85.576,145.817,273.022,91.766,150.44,186.93,168.324,186.31,183.482,106.03,130.726,260.272
2004-11-10 04:55:00,51.88,203.933,120.53,387.233,101.13963666666677,196.36,85.426,148.337,273.311,93.195,151.56,186.818,166.864,186.63,184.354,105.366,130.794,258.478
2004-11-10 05:00:00,52.817,202.333,121.67,390.577,101.557,198.214,85.66,146.037,273.619,95.033,152.66,187.596,168.704,184.036,183.116,106.55,132.208,260.432
2004-11-10 05:05:00,51.903,202.567,122.263,387.423,101.56665333333343,198.56,86.104,148.063,272.665,92.87,153.5,185.616,165.82,184.35,184.354,105.898,132.378,260.416
2004-11-10 05:10:00,51.89,201.733,121.02,387.84,101.29860958333335,195.11,85.102,147.57,273.37,93.738,153.02,187.268,165.318,187.43,185.378,107.108,132.594,257.76
2004-11-10 05:15:00,51.523,201.033,119.27,390.18,101.034,197.812,87.47,146.357,274.868,93.503,151.24,184.5,166.292,187.45,186.534,104.876,130.36,259.836
2004-11-10 05:20:00,52.487,203.233,120.603,387.597,101.2893433333335,196.43,86.224,145.07,277.164,93.106,151.1,186.832,168.392,187.868,182.962,106.156,131.92,257.626
2004-11-10 05:25:00,53.343,204.967,120.38,387.803,101.89814666666678,201.244,87.74,147.587,275.45,93.245,153.04,188.438,169.306,185.202,185.096,104.88,131.024,258.948
2004-11-10 05:30:00,52.02,204.1,122.85,382.43,100.071,198.178,86.674,145.1,273.715,95.084,153.94,186.3,167.29,186.9,185.644,106.358,131.958,260.876
2004-11-10 05:35:00,52.273,201.1,122.103,387.053,101.49273375000016,199.016,87.156,148.434,275.76,94.605,151.12,186.25,166.896,186.7,185.136,105.674,133.15,261.704
2004-11-10 05:40:00,52.387,203.867,121.863,383.33,101.45091875000006,199.472,86.024,147.127,275.056,93.64,152.52,185.87,166.894,186.778,186.736,105.432,131.61,258.128
2004-11-10 05:45:00,52.25,204.467,119.807,386.273,101.385,196.508,85.682,146.74,275.672,93.329,152.68,183.75,166.328,184.056,184.35,106.524,132.054,259.322
2004-11-10 05:50:00,52.123,205.467,120.897,384.617,101.2339025000002,197.67,86.056,144.963,274.351,92.525,152.62,185.096,166.906,186.644,183.946,107.324,132.166,259.548
2004-11-10 05:55:00,52.34,202.267,123.277,386.193,101.30734208333354,196.802,87.126,144.043,273.283,91.649,152.74,185.458,169.694,184.426,182.704,105.85,131.836,257.292
2004-11-10 06:00:00,51.877,203.767,122.36,383.99,101.828,197.522,86.118,144.253,273.645,93.995,152.4,185.046,167.804,185.192,183.104,105.94,131.71,256.852
2004-11-10 06:05:00,52.23,202.9,120.657,390.027,101.86136125000002,199.64,85.19,147.22,273.391,92.931,155.42,184.506,165.94,185.864,183.926,106.454,132.264,259.422
2004-11-10 06:10:00,51.103,201.733,120.197,390.97,101.56284416666671,199.522,85.184,146.543,274.936,94.669,151.24,187.594,167.986,186.81,183.646,105.476,131.822,258.156
2004-11-10 06:15:00,50.933,202.5,121.817,385.71,101.06,199.158,85.322,146.653,273.427,92.247,154.04,185.074,167.716,185.906,185.71,105.258,132.286,259.692
2004-11-10 06:20:00,53.207,201.767,121.563,388.937,101.3792583333334,196.746,86.138,144.7,275.81,95.605,153.62,186.716,167.156,184.564,185.918,105.568,131.398,256.6
2004-11-10 06:25:00,51.98,203.267,121.15,388.833,101.8725016666668,201.47,87.888,147.603,273.554,94.284,155.92,186.426,169.278,183.322,185.474,107.222,131.47,258.036
2004-11-10 06:30:00,52.1,202.933,122.203,389.39,101.632,201.498,85.25,146.75,274.847,92.901,154.64,186.298,166.42,187.294,184.602,106.988,131.796,255.684
2004-11-10 06:35:00,52.7,203.567,123.277,389.477,101.90138083333336,199.344,87.34,146.697,274.045,94.261,153.4,185.91,166.408,185.724,188.346,106.38,132.44,254.916
2004-11-10 06:40:00,51.407,203.167,124.207,394.337,102.39311375000007,200.346,86.188,146.223,277.494,95.004,153.46,187.734,167.11,184.388,187.098,106.524,131.556,258.406
2004-11-10 06:45:00,51.123,203.533,122.08,390.9,101.28,197.83,85.162,147.547,273.24,95.467,153.26,188.196,169.01,184.726,184.814,107.422,131.14,257.068
2004-11-10 06:50:00,51.413,203.6,124.3,392.493,102.3744466666665,200.312,87.228,146.97,271.027,95.587,152.54,189.08,165.892,187.266,184.61,107.994,131.38,257.082
2004-11-10 06:55:00,53.623,204.5,122.723,391.93,102.51802458333341,201.774,86.916,149.287,272.688,95.198,156.42,188.128,167.86,186.778,184.132,107.834,130.188,258.01
2004-11-10 07:00:00,51.403,202.167,124.517,390.623,101.361,200.232,87.876,147.677,275.906,94.324,153.74,188.6,169.192,186.32,186.448,107.158,132.304,259.36
2004-11-10 07:05:00,52.083,204.267,126.357,393.953,102.1511277083332,197.75,85.544,148.283,273.254,94.731,152.06,186.944,168.956,188.476,184.422,107.984,132.02,259.962
2004-11-10 07:10:00,53.04,203.767,125.363,396.26,102.43109416666661,198.988,86.816,144.963,275.833,93.775,154.28,186.266,167.596,187.69,185.302,105.93,133.192,260.172
2004-11-10 07:15:00,52.5,202.5,123.207,395.773,102.852,202.262,86.054,147.044,275.578,96.376,154.14,188.078,166.416,188.312,186.378,107.622,133.314,261.02
2004-11-10 07:20:00,53.13,204.533,124.767,394.177,102.87879958333329,202.574,87.712,147.717,274.496,94.962,153.68,186.642,168.822,188.48,182.966,106.434,132.514,261.374
2004-11-10 07:25:00,52.98,203.633,123.063,394.887,102.13869041666666,199.062,88.218,145.25,273.343,92.875,154.02,188.802,166.674,187.42,185.776,107.636,133.512,259.866
2004-11-10 07:30:00,52.167,204.233,124.047,397.18,102.039,198.554,86.204,150.58,276.731,93.148,152.8,187.016,167.584,189.024,186.304,105.368,131.838,259.506
2004-11-10 07:35:00,51.873,204.467,123.423,394.99,102.37756041666657,200.204,86.978,147.647,276.365,93.024,154.46,187.264,167.63,187.7,185.496,107.336,132.46,260.838
2004-11-10 07:40:00,52.533,209.433,122.873,395.33,102.75744499999998,202.478,86.14,149.923,272.935,94.625,153.3,186.952,168.332,188.448,184.99,106.96,132.206,258.934
2004-11-10 07:45:00,52.92,207.633,122.683,393.48,102.868,201.212,88.256,147.707,273.779,95.682,153.44,187.07,165.462,187.948,187.292,106.502,131.516,256.87
2004-11-10 07:50:00,53.123,205.833,123.39,391.567,102.07054541666673,199.636,86.058,147.747,274.64,93.624,154.04,188.464,168.474,187.37,184.852,107.56,131.33,259.92
2004-11-10 07:55:00,52.427,204.133,122.79,391.32,102.26966833333331,200.638,87.784,147.136,276.089,95.917,152.5,187.488,168.188,188.478,186.124,106.986,132.432,259.412
2004-11-10 08:00:00,53.433,205.733,121.4,391.097,102.039,199.476,87.204,147.42,275.097,93.831,154.4,187.756,166.446,186.402,187.174,107.332,130.684,259.162
2004-11-10 08:05:00,51.763,204.667,124.477,390.17,101.87309166666661,199.96,85.302,147.007,274.547,94.605,154.9,186.58,168.164,186.04,184.994,106.89,131.448,260.242
2004-11-10 08:10:00,52.49,206.8,122.307,392.493,102.19840999999985,198.788,85.938,148.923,276.07,93.067,154.42,186.346,167.47,189.19,186.514,106.458,132.008,258.792
2004-11-10 08:15:00,53.01,202.533,122.813,393.07,102.754,199.844,88.706,147.38,276.475,94.769,153.02,185.09,166.432,188.458,186.78,108.05,131.726,260.782
2004-11-10 08:20:00,53.067,204.6,124.24,391.68,102.06505291666672,199.732,87.288,148.69,273.034,93.291,151.48,188.054,165.666,188.334,187.496,107.776,131.752,257.614
2004-11-10 08:25:00,51.617,204.167,123.43,391.847,102.08829208333323,199.336,86.598,148.343,276.878,93.699,152.98,186.424,167.438,189.502,187.468,106.216,131.388,257.606
2004-11-10 08:30:00,52.6,203.7,122.063,395.613,102.624,199.476,86.022,148.677,274.722,93.932,152.46,187.462,167.682,186.012,187.47,107.854,132.052,258.726
2004-11-10 08:35:00,52.99,203.9,123.333,393.19,101.90450374999995,198.102,85.658,145.65,274.207,92.63,152.02,187.438,166.744,188.69,184.594,108.43,133.208,259.606
2004-11-10 08:40:00,52.587,201.467,123.47,395.823,102.64243041666664,199.46,86.854,147.093,274.924,93.598,153.14,186.008,166.334,186.488,187.558,107.378,132.202,257.738
2004-11-10 08:45:00,53.627,202.067,122.08,395.633,103.181,200.122,87.732,146.967,274.127,92.719,152.62,186.006,169.196,186.83,188.098,108.266,130.91,258.618
2004-11-10 08:50:00,52.373,205.633,123.1,396.543,102.45321083333322,201.634,86.072,146.847,273.368,93.196,152.44,186.83,168.646,189.206,186.802,108.066,131.166,257.898
2004-11-10 08:55:00,52.203,205.567,125.683,397.13,102.50652354166652,198.412,85.396,147.407,276.857,93.464,153.22,186.098,166.296,187.548,188.246,107.046,132.198,257.46
2004-11-10 09:00:00,53.107,203.867,123.697,394.323,102.004,197.8,86.468,150.223,274.418,95.53,152.78,187.798,168.686,188.906,187.198,107.632,131.396,259.1
2004-11-10 09:05:00,53.347,204.033,122.883,395.907,102.2262866666666,198.158,85.386,148.74,273.027,92.782,152.94,187.796,166.53,189.384,187.644,106.948,131.67,258.314
2004-11-10 09:10:00,53.663,203.333,124.65,396.28,102.66247291666657,199.734,85.772,148.753,273.657,93.021,152.44,186.986,166.868,186.668,187.03,107.074,132.99,260.224
2004-11-10 09:15:00,52.857,203.6,121.67,396.69,101.736,198.25,87.08,146.72,274.855,93.734,154.1,187.76,167.726,184.686,185.428,107.686,132.706,257.346
2004-11-10 09:20:00,52.697,204.067,125.637,395.837,102.76840687499985,200.702,86.048,147.75,276.595,93.107,152.9,187.68,166.0,185.21,183.91,107.004,130.54,258.45
2004-11-10 09:25:00,53.13,203.4,124.637,397.467,102.53339499999994,198.448,85.308,147.533,275.13,93.724,154.58,187.54,166.146,187.014,186.47,106.392,131.844,257.264
2004-11-10 09:30:00,53.423,202.767,124.033,394.687,102.448,202.342,87.298,149.84,277.851,93.731,154.08,188.686,165.928,185.618,184.39,107.886,132.736,255.306
2004-11-10 09:35:00,54.163,203.2,123.783,396.96,102.72347791666664,201.004,85.59,148.337,275.924,94.246,152.94,186.45,168.206,188.342,188.628,107.018,132.218,257.996
2004-11-10 09:40:00,54.077,204.533,125.017,396.743,102.20678916666671,196.496,85.876,145.603,274.606,95.081,154.0,188.062,168.784,187.568,187.474,107.554,130.712,257.822
2004-11-10 09:45:00,53.21,204.6,126.267,398.207,103.073,200.532,87.126,147.02,274.398,93.218,153.88,187.466,165.614,185.12,185.818,106.416,132.556,258.818
2004-11-10 09:50:00,53.99,203.633,124.927,394.993,102.19452249999993,197.21,86.334,147.787,274.434,94.279,152.94,189.304,166.066,186.016,186.284,107.25,131.796,256.574
2004-11-10 09:55:00,52.963,203.267,123.71,402.233,102.7437254166667,199.542,86.392,148.927,277.16,94.166,153.9,186.694,167.032,186.63,185.686,106.712,131.156,258.746
2004-11-10 10:00:00,52.947,206.967,123.923,396.75,102.974,200.628,87.036,148.3,276.641,94.206,153.04,186.448,167.356,187.41,188.128,107.776,132.624,260.244
2004-11-10 10:05:00,51.483,205.633,125.66,401.247,102.69922437499983,203.738,88.272,147.013,275.861,93.347,153.78,187.746,167.276,189.326,187.778,106.966,131.886,256.57
2004-11-10 10:10:00,53.293,205.733,123.59,396.787,102.55516166666666,202.164,86.156,146.683,278.459,93.638,152.6,188.398,167.11,185.794,186.198,106.184,132.008,259.096
2004-11-10 10:15:00,53.783,205.633,126.073,402.87,103.112,201.096,88.414,150.81,274.53,93.671,153.92,188.552,169.206,187.116,187.504,107.122,132.818,258.658
2004-11-10 10:20:00,53.87,205.867,125.11,402.133,102.9687766666666,203.18,86.918,149.914,276.109,93.847,153.46,187.988,168.424,185.194,185.366,106.04,129.994,259.608
2004-11-10 10:25:00,53.443,205.1,124.95,402.34,102.60912374999998,202.508,86.54,149.053,275.736,94.049,153.86,188.798,168.24,190.318,186.4,107.892,132.074,257.626
2004-11-10 10:30:00,53.337,204.6,125.32,406.31,104.259,199.902,85.904,149.983,276.459,94.06,153.68,188.402,167.516,187.526,188.222,106.294,132.924,259.494
2004-11-10 10:35:00,51.83,203.933,125.85,410.673,103.41577270833308,200.878,86.034,147.867,276.101,93.833,154.24,187.76,168.198,189.122,188.496,106.978,131.978,258.822
2004-11-10 10:40:00,54.117,206.0,123.993,407.203,103.21334874999997,201.31,87.468,147.987,276.96,94.864,152.96,187.974,167.336,187.196,185.374,106.386,132.426,258.308
2004-11-10 10:45:00,52.097,205.4,124.36,409.897,103.777,202.528,88.4,150.447,275.355,95.004,154.02,188.758,169.306,187.114,189.248,106.748,133.476,259.152
2004-11-10 10:50:00,53.813,207.3,125.31,409.31,103.2415949999999,199.65,87.914,146.937,275.542,93.876,153.4,187.46,167.62,188.98,187.796,107.662,133.734,259.58
2004-11-10 10:55:00,53.187,207.3,126.527,409.006,103.34027729166654,200.59,87.21,148.243,274.399,94.452,153.08,187.912,168.008,188.586,188.996,107.336,133.072,261.02
2004-11-10 11:00:00,53.42,206.067,124.58,409.027,103.9,202.712,87.478,149.15,279.215,95.441,154.86,189.698,169.926,188.294,186.114,108.844,132.388,260.574
2004-11-10 11:05:00,53.467,211.433,125.153,408.53,103.41721708333321,201.616,86.916,150.257,276.415,96.345,154.16,187.986,167.722,189.962,185.828,106.85,133.96,258.472
2004-11-10 11:10:00,53.33,205.033,124.34,412.176,103.12103375000001,199.594,85.386,148.407,277.962,93.539,154.56,188.808,166.88,191.612,188.514,106.888,133.58,260.134
2004-11-10 11:15:00,53.327,206.967,124.297,407.89,102.293,199.762,85.714,150.567,278.389,95.441,154.98,187.59,167.842,187.832,186.192,107.41,131.896,258.712
2004-11-10 11:20:00,53.797,207.1,124.167,406.633,103.12324458333325,200.192,87.072,151.077,274.912,95.173,154.24,188.224,168.222,189.99,187.594,107.29,132.652,262.828
2004-11-10 11:25:00,53.34,207.467,122.25,406.65,102.89387083333335,200.918,86.79,146.653,279.436,94.019,153.56,189.17,167.604,190.09,188.23,107.084,133.572,260.26
2004-11-10 11:30:00,52.323,205.9,124.693,406.413,102.557,201.974,85.884,147.72,277.283,94.094,154.06,191.846,166.4,186.81,188.768,108.104,134.04,259.916
2004-11-10 11:35:00,53.26,208.4,123.563,409.653,103.0638758333334,198.722,88.122,148.223,279.341,93.154,155.1,188.572,167.0,189.79,187.498,107.98,132.928,261.822
2004-11-10 11:40:00,52.663,206.967,125.357,409.053,103.2836595833333,199.006,88.528,148.883,278.143,95.152,155.84,188.492,169.768,190.51,187.176,107.878,133.736,260.394
2004-11-10 11:45:00,52.697,206.067,124.627,407.907,102.984,203.202,88.392,148.483,277.994,93.572,155.14,188.452,167.718,189.694,189.668,108.022,133.622,262.48
2004-11-10 11:50:00,53.58,205.967,125.213,411.033,103.44047624999989,201.214,85.926,149.14,278.63,94.723,154.68,189.734,168.862,189.104,186.532,107.566,133.548,260.406
2004-11-10 11:55:00,53.007,210.133,124.653,410.54,103.08617625000002,202.462,88.294,149.057,275.6,93.004,152.98,190.254,169.326,188.314,188.642,107.694,134.03,261.77
2004-11-10 12:00:00,53.16,210.267,123.863,411.593,103.237,198.478,87.996,147.493,280.763,96.629,154.82,188.346,168.718,189.332,190.242,108.796,132.224,261.94
2004-11-10 12:05:00,52.763,207.967,123.783,409.49,103.23706874999992,201.666,87.312,149.45,279.508,93.57,154.44,190.542,168.406,188.29,186.858,107.272,132.334,259.642
2004-11-10 12:10:00,53.843,208.8,124.2,408.723,103.13244750000004,201.736,88.026,147.447,277.47,93.765,153.7,191.166,170.154,190.998,190.144,106.506,134.062,262.788
2004-11-10 12:15:00,52.833,208.233,125.737,408.447,103.975,202.874,86.572,147.89,279.004,95.094,153.84,189.176,169.666,189.758,188.404,107.888,133.412,262.452
2004-11-10 12:20:00,53.743,205.533,124.31,408.01,103.13789500000004,199.616,88.654,147.927,279.433,95.075,153.86,190.478,170.042,188.944,192.194,108.034,133.628,259.78
2004-11-10 12:25:00,52.877,205.767,123.897,407.54,103.10743958333333,202.178,86.968,150.743,279.881,95.907,154.22,189.494,167.062,189.828,189.382,109.742,133.056,259.756
2004-11-10 12:30:00,53.483,206.767,125.033,406.41,103.54,201.216,87.39,148.223,283.402,94.984,154.78,190.348,168.662,188.742,189.67,106.914,133.324,261.536
2004-11-10 12:35:00,53.403,207.767,122.203,408.77,103.0706095833332,201.844,87.602,149.257,280.798,94.567,153.82,191.344,170.394,188.588,189.436,108.29,133.384,261.048
2004-11-10 12:40:00,52.917,207.433,123.413,407.783,102.90484208333329,201.116,86.822,146.75,279.787,94.614,153.5,189.812,171.18,188.524,189.906,108.168,133.728,262.868
2004-11-10 12:45:00,52.17,207.033,124.55,410.963,103.465,201.882,86.284,149.863,278.699,93.389,154.14,188.542,170.774,186.74,188.828,108.132,134.794,260.186
2004-11-10 12:50:00,52.98,205.733,123.53,409.44,103.21787291666658,202.024,86.492,151.503,281.53,96.054,155.68,190.06,169.354,187.202,187.192,107.854,134.538,260.056
2004-11-10 12:55:00,51.75,207.2,123.917,407.953,102.90352958333328,201.068,87.142,149.166,278.197,94.301,155.8,192.608,171.132,190.33,187.738,108.79,134.928,259.458
2004-11-10 13:00:00,51.99,208.367,123.963,408.453,103.393,199.79,86.424,149.44,282.99,95.608,154.54,191.904,169.63,189.116,188.306,107.526,133.606,260.86
2004-11-10 13:05:00,53.273,208.033,123.697,405.723,102.67852583333334,200.046,87.23,147.23,280.743,94.267,153.5,190.304,171.016,186.78,190.154,107.41,133.514,259.618
2004-11-10 13:10:00,53.44,208.567,123.327,409.93,103.2007466666666,201.258,87.46,150.593,280.593,95.122,154.44,191.714,171.196,189.866,188.758,106.89,133.3,262.38
2004-11-10 13:15:00,53.693,207.733,124.607,409.53,103.414,201.084,87.078,148.0,280.743,94.526,154.6,190.68,169.226,189.482,189.368,107.548,133.46,259.934
2004-11-10 13:20:00,53.153,208.0,124.45,409.223,103.13581541666659,202.036,89.658,147.707,279.64,95.067,155.98,190.306,171.99,186.478,187.916,108.41,134.424,262.788
2004-11-10 13:25:00,52.563,206.167,122.387,407.057,103.01425999999988,198.702,86.858,149.027,281.604,95.222,154.26,192.222,168.506,188.75,187.486,106.42,132.972,262.104
2004-11-10 13:30:00,52.623,209.867,123.517,406.657,103.564,203.162,87.41,148.764,279.786,94.8,156.32,191.44,170.47,189.568,187.734,108.256,133.558,262.448
2004-11-10 13:35:00,54.02,210.367,123.64,408.043,102.76660500000018,198.434,88.352,145.69,280.536,94.521,153.64,190.602,170.062,190.276,188.512,107.828,133.174,263.016
2004-11-10 13:40:00,52.867,205.4,125.447,410.79,103.30454041666651,202.506,88.428,144.763,281.153,95.916,154.82,190.142,169.524,188.668,188.044,108.956,132.878,261.356
2004-11-10 13:45:00,52.997,206.2,123.977,405.997,102.701,198.944,88.776,146.927,278.206,94.631,152.9,190.612,170.82,188.636,188.926,107.948,133.856,263.982
2004-11-10 13:50:00,52.83,205.967,123.143,403.297,102.54357541666667,201.604,87.742,150.127,277.005,95.101,152.4,188.866,170.238,187.642,188.734,107.584,133.832,259.772
2004-11-10 13:55:00,53.797,206.033,121.067,406.317,102.57572666666684,199.18,87.494,148.107,278.432,94.407,153.04,190.318,170.538,191.172,189.384,107.734,133.064,263.828
2004-11-10 14:00:00,53.227,207.033,123.87,405.463,102.826,199.35,86.946,151.3,277.719,95.968,153.72,191.75,172.164,189.692,186.896,107.166,134.716,259.402
2004-11-10 14:05:00,52.413,208.733,123.143,405.184,102.80858666666674,201.992,88.236,147.403,279.895,96.024,154.22,192.144,169.482,188.062,187.81,108.784,132.35,263.646
2004-11-10 14:10:00,51.51,207.133,122.267,409.09,103.0534791666665,201.934,88.492,148.117,275.842,93.939,154.92,189.942,167.036,188.648,188.612,107.874,132.086,262.672
2004-11-10 14:15:00,53.457,206.333,124.797,405.16,103.376,200.334,89.904,148.233,277.591,95.537,153.74,190.266,170.292,187.768,188.136,106.416,134.152,263.558
2004-11-10 14:20:00,52.19,206.867,124.853,406.52,102.56804916666655,200.678,87.59,148.597,280.703,94.415,152.08,187.968,170.95,188.81,189.936,107.452,133.932,261.532
2004-11-10 14:25:00,53.163,208.733,124.71,407.403,103.12353416666669,201.334,87.524,149.973,277.666,97.146,152.9,190.698,170.338,187.816,188.544,106.846,133.712,262.966
2004-11-10 14:30:00,52.73,207.5,124.287,405.223,103.274,201.016,86.8,150.053,284.266,95.158,154.32,189.47,169.964,188.46,188.16,108.616,134.524,262.34
2004-11-10 14:35:00,52.81,208.867,123.643,406.917,102.98378208333341,198.552,86.904,147.61,279.391,94.348,154.22,189.044,169.286,189.462,188.384,108.0,134.586,263.622
2004-11-10 14:40:00,51.627,208.6,124.907,405.663,102.6148575,198.44,89.044,150.15,277.628,95.203,153.18,189.652,168.086,188.33,189.292,107.516,133.688,262.536
2004-11-10 14:45:00,53.123,206.067,124.273,404.14,102.341,200.414,87.144,148.583,278.491,95.835,153.98,190.696,170.71,188.032,187.844,108.452,133.832,262.464
2004-11-10 14:50:00,54.733,206.033,125.837,406.533,103.11222791666667,199.002,87.596,148.103,281.397,92.722,153.88,188.342,169.292,188.582,188.368,107.498,134.244,261.416
2004-11-10 14:55:00,52.463,203.8,124.5,408.804,102.76165416666659,199.83,87.26,145.347,280.065,94.973,152.66,190.174,168.008,189.004,187.828,108.976,133.97,261.414
2004-11-10 15:00:00,52.467,208.567,123.693,409.227,103.637,199.02,86.722,149.003,278.732,95.275,154.88,190.586,168.158,185.816,189.124,107.918,133.828,262.93
2004-11-10 15:05:00,52.96,205.667,122.447,405.33,102.80402916666667,201.01,87.008,149.28,281.998,95.03,153.72,190.652,170.228,187.908,189.364,107.266,133.576,260.662
2004-11-10 15:10:00,52.817,204.633,122.85,406.933,102.80519958333339,201.044,86.576,147.173,277.929,94.791,154.1,190.728,168.006,188.768,190.668,109.148,132.672,263.518
2004-11-10 15:15:00,52.483,206.533,125.58,407.556,102.745,198.55,86.138,147.507,280.308,95.794,152.78,190.658,169.66,190.812,189.362,107.648,136.106,262.354
2004-11-10 15:20:00,52.277,206.633,123.88,407.227,102.59729249999992,200.174,88.086,147.977,280.683,93.889,152.68,191.516,167.92,188.89,189.414,107.206,134.43,262.844
2004-11-10 15:25:00,53.313,207.1,125.01,408.45,102.79252541666669,198.08,87.866,149.507,278.807,94.317,152.8,188.952,168.732,190.74,189.388,107.69,134.388,262.912
2004-11-10 15:30:00,53.763,208.5,124.443,410.2,102.701,202.76,88.228,149.253,282.316,92.522,155.96,190.092,170.322,185.964,188.528,108.186,134.168,262.714
2004-11-10 15:35:00,51.9,206.033,124.37,407.447,102.8118483333334,198.782,87.896,150.407,282.034,95.324,154.7,190.36,168.586,191.83,189.116,107.726,134.67,261.662
2004-11-10 15:40:00,52.393,206.2,124.603,405.483,102.78019250000006,199.548,88.736,150.13,280.758,96.384,156.02,192.62,169.324,187.918,190.906,108.802,134.464,260.978
2004-11-10 15:45:00,52.34,209.033,122.52,406.32,102.618,201.224,86.834,147.28,283.836,95.432,154.78,191.07,170.636,186.794,189.612,108.656,133.158,260.368
2004-11-10 15:50:00,52.46,205.133,124.777,408.877,102.60201916666672,198.16,86.044,146.4,282.504,93.197,152.54,190.864,169.97,188.444,187.57,107.836,133.942,260.466
2004-11-10 15:55:00,52.803,206.733,123.723,406.84,102.96273000000005,201.306,87.654,148.07,281.697,93.8,154.08,191.222,169.784,189.622,188.976,108.312,132.42,261.0
2004-11-10 16:00:00,52.847,207.467,123.687,406.837,103.368,201.578,88.462,148.923,278.982,94.242,154.2,189.496,171.878,189.724,189.04,108.586,133.196,262.674
2004-11-10 16:05:00,53.627,207.467,122.37,408.66,102.73934583333333,195.836,87.18,149.223,280.985,94.174,154.28,191.604,171.928,189.912,191.446,106.844,133.046,261.452
2004-11-10 16:10:00,53.47,203.9,124.513,409.723,103.06735833333329,200.248,87.84,147.363,279.695,93.491,154.48,189.79,168.638,190.97,189.118,107.82,134.268,261.576
2004-11-10 16:15:00,53.633,205.667,124.883,406.727,103.295,200.234,87.494,147.377,281.211,95.006,153.98,192.652,170.892,189.192,192.066,107.746,134.69,263.752
2004-11-10 16:20:00,52.36,208.733,123.313,406.427,102.68405291666673,199.1,88.074,148.32,280.518,94.897,153.42,191.72,170.942,190.282,187.466,108.76,134.09,261.522
2004-11-10 16:25:00,52.773,208.233,124.373,407.647,103.02047750000006,198.516,87.652,148.7,280.781,95.273,155.3,192.178,170.618,189.314,188.022,108.496,132.87,259.738
2004-11-10 16:30:00,52.693,207.8,123.743,404.587,102.31,201.636,87.15,149.4,280.032,94.172,153.62,191.79,169.002,188.432,189.934,108.442,134.784,261.33
2004-11-10 16:35:00,52.47,205.067,124.2,403.293,102.37228625000002,200.174,88.248,148.313,283.57,95.878,153.46,191.706,169.786,191.084,189.798,107.572,134.152,260.646
2004-11-10 16:40:00,52.22,207.033,121.857,405.893,102.68534458333338,199.938,87.832,148.84,279.695,95.18,154.06,190.202,170.822,190.4,190.43,108.95,132.294,261.124
2004-11-10 16:45:00,52.41,206.6,124.893,402.023,101.313,202.182,87.116,148.963,277.523,93.738,153.26,190.46,169.656,190.524,189.33,109.634,133.678,262.422
2004-11-10 16:50:00,54.73,206.967,124.053,403.073,102.37295250000005,202.094,87.446,148.997,280.93,96.469,151.76,190.944,170.038,189.896,188.112,109.962,133.444,264.302
2004-11-10 16:55:00,53.303,207.933,123.783,403.693,102.23060666666672,200.532,87.288,148.37,279.208,94.345,153.26,189.262,169.478,189.632,190.946,108.06,134.204,261.98
2004-11-10 17:00:00,53.2,205.467,124.273,404.423,101.818,200.282,87.41,149.81,280.464,94.455,153.94,190.63,169.274,191.028,188.812,108.314,133.07,259.54
2004-11-10 17:05:00,52.143,208.833,123.083,405.883,102.25364666666654,200.73,87.532,149.057,279.586,92.68,152.36,189.656,170.56,190.286,189.866,108.046,133.108,260.274
2004-11-10 17:10:00,53.35,205.6,121.68,400.367,101.80936416666673,199.418,87.02,145.616,280.353,94.885,153.32,190.944,171.062,190.36,190.836,108.712,132.774,263.14
2004-11-10 17:15:00,52.223,206.867,122.71,397.853,101.872,200.154,87.702,147.033,282.613,94.048,151.66,191.608,169.532,191.49,187.38,108.278,133.048,260.376
2004-11-10 17:20:00,52.513,204.867,122.523,399.66,101.9692604166667,200.872,88.536,150.61,277.744,94.595,152.9,191.43,170.722,190.236,188.476,108.49,133.594,260.14
2004-11-10 17:25:00,52.07,208.267,122.837,398.443,102.14450083333323,200.122,87.834,148.323,277.743,93.1,153.42,188.816,170.37,189.192,190.208,107.908,133.486,263.488
2004-11-10 17:30:00,52.19,206.967,122.81,401.3,101.57,196.134,87.218,149.207,279.441,94.823,152.94,190.956,168.074,191.762,190.156,108.446,133.574,259.64
2004-11-10 17:35:00,51.457,205.533,121.293,401.18,101.69355250000004,199.556,87.756,146.5,284.137,94.665,152.42,190.004,171.744,190.392,189.77,108.146,132.904,263.15
2004-11-10 17:40:00,52.023,205.3,124.32,401.21,101.82846208333319,200.788,87.652,148.337,279.648,91.703,152.42,190.958,169.402,189.72,189.206,108.384,133.278,264.618
2004-11-10 17:45:00,51.91,206.267,123.53,398.41,101.877,195.114,89.7,148.37,280.095,94.499,152.06,191.802,169.474,191.482,188.358,108.568,132.434,262.624
2004-11-10 17:50:00,52.153,206.833,121.403,401.52,101.47503250000011,198.536,87.264,150.02,279.61,93.963,150.9,191.2,169.77,191.916,190.572,108.078,133.58,262.672
2004-11-10 17:55:00,52.5,207.433,123.15,398.58,101.82667500000004,198.656,87.152,150.187,280.039,93.598,154.5,190.726,169.936,191.542,191.536,108.468,134.024,262.156
2004-11-10 18:00:00,51.797,207.2,123.24,401.277,101.695,196.534,86.748,153.177,281.565,94.702,152.86,189.458,170.086,189.83,189.878,108.182,133.424,261.356
2004-11-10 18:05:00,52.8,205.433,122.07,399.44,101.78885625000008,199.236,88.95,150.76,280.3,94.862,153.26,189.566,171.336,190.944,189.486,109.104,133.208,263.002
2004-11-10 18:10:00,52.48,206.067,122.687,402.27,102.21202583333329,198.358,87.556,150.933,278.997,94.555,153.7,189.334,169.844,188.946,188.466,108.42,135.746,262.488
2004-11-10 18:15:00,52.443,206.8,121.933,402.927,102.801,197.488,86.118,153.367,282.459,93.433,154.5,189.506,171.422,192.062,190.684,108.444,135.41,260.918
2004-11-10 18:20:00,51.703,204.3,123.417,404.103,102.11899124999992,199.11,89.042,150.05,280.671,95.532,152.74,191.868,170.896,190.812,190.112,107.216,133.988,262.518
2004-11-10 18:25:00,53.13,206.767,122.777,402.747,102.4954412500001,199.298,86.028,151.383,277.863,95.267,154.82,189.676,170.704,191.168,189.59,107.3,134.612,261.538
2004-11-10 18:30:00,52.853,206.967,122.367,399.35,100.707,198.198,86.36,150.187,280.653,94.451,153.38,190.498,171.174,189.832,189.482,108.016,133.068,261.638
2004-11-10 18:35:00,52.083,205.333,122.177,400.113,102.11172125000004,196.562,86.596,149.963,283.182,95.008,154.1,190.352,171.492,189.504,192.46,108.1,135.086,262.314
2004-11-10 18:40:00,51.463,205.667,123.633,400.79,102.05956041666663,199.048,86.734,152.153,281.081,93.026,154.2,191.38,171.26,189.316,187.92,108.378,134.242,261.39
2004-11-10 18:45:00,52.193,207.333,125.323,400.17,103.135,197.526,88.15,151.913,281.156,92.951,153.86,190.714,168.294,190.996,188.838,108.674,133.91,265.444
2004-11-10 18:50:00,52.253,207.3,123.463,397.957,102.07837458333333,200.51,86.674,153.273,281.191,93.098,153.88,192.476,172.538,192.79,191.414,109.018,134.254,263.338
2004-11-10 18:55:00,51.92,206.267,123.38,403.803,101.81470916666663,200.516,89.408,152.093,282.716,93.313,152.64,189.406,171.308,192.656,190.624,108.68,133.05,263.558
2004-11-10 19:00:00,51.31,209.433,123.01,400.416,102.039,202.132,86.882,150.987,282.08,94.086,152.8,192.014,171.674,190.718,190.574,108.764,133.608,264.824
2004-11-10 19:05:00,52.85,204.633,123.517,406.693,102.44171041666675,198.104,86.014,152.894,284.678,93.417,153.0,193.062,170.2,189.224,190.06,107.86,134.104,261.576
2004-11-10 19:10:00,53.99,205.967,122.207,404.137,102.28804833333345,198.908,87.304,153.46,282.729,94.327,155.38,190.786,170.24,190.094,191.182,109.112,133.788,263.714
2004-11-10 19:15:00,52.21,205.033,121.783,403.32,101.025,200.628,87.868,150.58,280.335,93.339,152.38,192.598,170.388,191.104,193.184,109.282,132.78,261.912
2004-11-10 19:20:00,52.7,206.5,123.66,404.29,102.26976875000013,199.46,87.604,149.667,282.648,95.19,154.24,192.652,171.324,191.32,190.7,107.914,133.738,261.978
2004-11-10 19:25:00,52.27,205.867,122.187,403.58,101.82910833333341,200.246,89.704,150.327,280.833,94.161,154.22,190.17,171.218,190.182,192.484,108.658,134.378,261.918
2004-11-10 19:30:00,51.837,208.833,123.067,399.034,102.479,201.998,87.632,153.777,278.945,93.928,153.44,190.804,172.544,190.094,189.262,108.382,133.128,259.846
2004-11-10 19:35:00,52.597,205.167,121.407,399.034,101.79977333333332,199.136,88.564,151.853,280.537,94.74,153.6,190.44,172.06,190.514,192.696,107.466,134.434,262.15
2004-11-10 19:40:00,51.893,206.567,122.18,399.51,101.66778499999998,199.7,87.542,151.68,280.443,94.851,151.94,192.95,170.658,189.42,191.752,108.598,133.776,260.656
2004-11-10 19:45:00,52.263,208.7,124.597,402.633,101.094,199.856,88.698,153.363,283.456,94.207,152.64,191.472,170.404,190.624,191.474,108.354,134.02,262.312
2004-11-10 19:50:00,52.707,210.9,124.037,403.71,101.97438791666659,198.332,87.81,151.24,282.215,94.551,152.92,191.11,170.706,189.222,192.862,108.306,135.2,260.016
2004-11-10 19:55:00,52.98,205.8,123.26,400.413,102.01624625000018,199.434,87.434,150.983,284.557,94.309,155.96,190.648,171.022,190.508,190.61,108.63,134.214,262.346
2004-11-10 20:00:00,52.133,205.367,124.347,401.236,101.068,199.828,88.268,152.67,281.324,94.812,152.56,192.406,174.034,189.966,192.582,108.644,134.472,263.048
2004-11-10 20:05:00,52.343,209.067,122.57,401.763,102.48020625000014,195.976,88.594,150.093,286.723,93.81,155.38,188.048,171.45,189.306,192.02,109.626,133.01,261.094
2004-11-10 20:10:00,52.047,203.733,123.487,404.687,101.80054958333332,200.284,87.784,150.99,280.544,93.645,152.1,190.352,171.914,191.902,190.612,107.916,134.306,263.738
2004-11-10 20:15:00,52.427,207.833,122.513,401.58,101.938,201.172,88.276,152.023,283.367,93.609,153.48,192.536,171.202,190.17,191.762,108.7,133.922,262.912
2004-11-10 20:20:00,51.503,205.833,122.947,404.81,101.77526916666669,200.164,86.85,151.93,281.892,94.618,151.86,192.444,170.638,189.756,191.542,108.03,133.434,263.36
2004-11-10 20:25:00,52.127,206.3,121.77,405.877,102.66476791666668,201.868,87.342,151.36,286.059,93.2,155.4,192.512,170.898,190.846,188.324,109.306,135.172,262.24
2004-11-10 20:30:00,52.36,206.267,122.913,404.347,102.356,198.35,86.846,151.22,284.893,94.821,156.16,192.954,170.202,191.146,190.56,109.09,134.536,261.206
2004-11-10 20:35:00,52.523,206.4,122.037,400.59,102.22333520833345,200.418,86.774,150.347,282.115,95.033,154.8,193.99,172.756,188.648,189.57,108.994,133.844,261.692
2004-11-10 20:40:00,52.407,205.233,122.277,402.237,102.21495395833331,200.528,87.996,151.923,280.293,93.414,155.28,193.682,171.046,193.706,192.344,108.092,135.596,262.706
2004-11-10 20:45:00,51.84,208.033,124.303,404.63,101.242,198.692,87.998,150.027,281.96,93.736,154.3,191.094,171.494,189.408,189.57,108.012,133.754,262.104
2004-11-10 20:50:00,52.57,208.3,122.64,403.527,102.4140245833334,201.12,86.944,151.807,281.937,94.959,154.64,192.15,169.372,188.562,191.548,110.336,133.034,262.03
2004-11-10 20:55:00,51.44,208.033,122.8,399.887,102.08471250000001,200.384,89.682,153.35,281.314,93.726,154.46,188.838,170.172,191.106,191.754,109.84,134.048,260.888
2004-11-10 21:00:00,52.73,205.2,122.797,398.796,101.326,200.844,88.034,150.103,282.905,93.61,154.64,193.612,169.358,191.438,191.308,108.608,132.746,261.906
2004-11-10 21:05:00,51.397,207.333,122.377,399.64,102.33930583333333,199.612,86.27,150.377,281.488,95.078,156.12,191.6,169.972,190.256,190.542,109.366,134.586,263.548
2004-11-10 21:10:00,52.47,207.833,123.0,402.63,102.20950208333326,199.134,87.044,155.74,283.551,94.263,154.3,190.982,169.962,191.246,189.668,110.016,135.226,262.178
2004-11-10 21:15:00,52.263,205.467,122.083,400.626,101.986,200.792,89.398,151.787,281.943,94.366,153.96,192.184,172.666,188.538,187.698,110.134,132.728,261.738
2004-11-10 21:20:00,52.893,208.0,122.373,402.433,102.22995750000005,200.31,89.35,153.35,284.954,94.541,154.9,190.894,169.25,190.722,190.462,109.45,134.198,261.252
2004-11-10 21:25:00,51.457,208.867,123.143,403.103,102.23134416666659,201.29,88.71,153.203,281.956,95.103,153.38,191.29,171.05,188.42,190.382,108.664,134.0,261.98
2004-11-10 21:30:00,52.36,208.267,123.497,404.513,101.619,200.406,88.37,150.887,284.307,93.924,153.06,190.788,171.292,189.986,191.198,108.934,133.038,262.22
2004-11-10 21:35:00,52.537,208.333,122.717,401.99,102.22639125000003,202.136,87.83,153.083,280.012,94.24,154.58,191.832,171.498,187.716,189.208,109.326,134.438,264.108
2004-11-10 21:40:00,52.637,206.767,121.453,404.09,102.31172208333324,200.828,88.416,150.857,282.324,94.62,156.48,190.668,170.568,187.86,189.834,109.24,135.108,264.208
2004-11-10 21:45:00,53.383,206.667,122.117,404.89,102.74,201.6,87.992,152.927,282.702,95.775,154.2,191.574,170.892,188.912,190.308,108.982,134.66,260.604
2004-11-10 21:50:00,52.193,208.133,124.85,406.773,102.66382208333336,199.672,87.354,152.297,282.021,94.725,155.5,190.312,171.88,186.982,189.62,108.01,133.494,263.3
2004-11-10 21:55:00,51.933,207.067,123.143,405.523,102.49209833333335,200.29,88.114,149.94,282.714,94.988,154.08,191.026,171.362,189.31,189.402,110.344,135.344,262.632
2004-11-10 22:00:00,52.767,205.867,126.133,402.37,102.946,201.286,86.908,153.84,282.943,95.996,155.48,192.358,170.56,190.662,191.522,109.0,133.66,262.03
2004-11-10 22:05:00,52.197,205.167,123.623,405.153,102.44151583333343,201.732,88.75,150.923,280.032,94.838,154.84,191.424,172.522,190.1,189.53,110.094,132.426,262.222
2004-11-10 22:10:00,53.267,207.3,121.387,404.18,102.70619541666674,200.828,87.392,152.657,283.49,95.537,156.38,191.298,170.494,189.322,187.582,109.34,134.234,261.894
2004-11-10 22:15:00,52.58,207.133,123.97,402.3,101.662,201.728,87.274,153.713,280.737,94.694,156.96,192.316,171.002,187.772,190.798,108.994,133.69,263.382
2004-11-10 22:20:00,52.407,204.967,124.547,402.537,102.49354125000005,202.304,87.86,153.08,284.592,95.366,154.62,191.0,171.29,189.3,190.856,109.194,134.812,261.658
2004-11-10 22:25:00,52.467,208.5,122.637,402.233,102.65835791666676,201.586,86.664,152.133,283.185,95.786,156.12,193.03,169.288,186.612,189.32,107.712,133.232,262.838
2004-11-10 22:30:00,52.343,206.833,123.953,403.117,102.264,200.85,88.384,154.913,282.64,96.088,155.58,191.462,171.636,186.886,190.486,110.238,132.124,263.326
2004-11-10 22:35:00,51.57,205.167,124.03,403.737,102.39474458333336,200.246,87.364,152.773,280.304,95.244,154.62,191.16,171.498,188.714,189.214,107.4,133.808,261.238
2004-11-10 22:40:00,53.16,208.9,124.14,402.043,102.44631916666677,200.824,85.7,151.487,281.792,95.283,155.4,191.722,173.146,189.174,190.768,108.538,135.45,263.354
2004-11-10 22:45:00,52.24,206.467,122.937,406.987,101.625,205.072,87.788,150.18,282.906,95.305,154.68,190.288,172.704,189.116,189.812,109.324,134.742,262.864
2004-11-10 22:50:00,52.723,207.5,124.487,405.59,102.64878750000004,200.5,86.958,153.847,280.304,95.158,154.7,190.636,172.262,187.602,191.592,108.66,133.798,262.65
2004-11-10 22:55:00,52.837,208.533,124.893,407.767,102.84294208333327,202.82,86.078,151.143,283.679,96.007,154.72,190.294,172.084,186.952,189.442,108.978,133.04,262.916
2004-11-10 23:00:00,53.72,205.0,122.103,405.83,103.335,201.446,87.614,151.483,281.707,96.266,155.78,189.478,170.668,189.6,189.44,108.754,132.612,259.422
2004-11-10 23:05:00,52.917,208.2,123.553,406.417,103.0665433333334,204.598,86.476,152.247,280.271,96.926,156.06,190.576,169.732,190.994,190.718,108.542,132.728,262.534
2004-11-10 23:10:00,52.697,204.6,123.1,405.187,102.76929166666675,204.146,87.202,152.363,282.479,95.069,157.66,192.97,172.822,186.852,190.806,109.62,132.922,260.678
2004-11-10 23:15:00,52.487,208.567,121.753,403.566,102.754,200.286,87.53,153.06,280.379,93.135,155.76,192.006,172.582,189.944,190.718,109.92,135.426,261.224
2004-11-10 23:20:00,53.093,207.233,122.213,405.25,102.72879541666669,199.826,87.048,153.56,282.888,95.58,155.7,188.48,173.436,190.656,190.524,109.89,133.356,259.592
2004-11-10 23:25:00,50.927,206.1,122.64,405.457,102.66514375000003,203.102,88.408,151.747,281.947,96.06,156.64,190.766,171.278,190.146,190.424,108.44,133.344,262.236
2004-11-10 23:30:00,52.76,207.3,124.093,404.897,102.207,201.692,88.428,152.063,280.03,95.861,155.24,189.966,172.074,189.076,189.25,108.172,132.86,263.832
2004-11-10 23:35:00,53.05,206.733,122.183,405.537,102.89028291666676,201.006,85.572,151.147,280.934,95.839,157.42,192.376,172.936,190.168,189.716,109.696,133.788,262.548
2004-11-10 23:40:00,52.8,208.4,124.97,406.55,103.02839375000003,203.38,87.172,150.23,281.211,94.75,155.92,190.498,171.002,189.874,188.986,108.378,134.536,262.162
2004-11-10 23:45:00,52.237,208.033,124.667,404.777,102.744,202.834,88.416,155.226,281.863,97.006,156.98,190.276,170.428,187.584,188.378,109.32,134.286,262.794
2004-11-10 23:50:00,52.557,206.033,123.507,402.247,102.73483666666677,200.982,86.344,154.1,279.103,96.13,158.32,190.618,172.024,189.786,189.216,109.902,134.862,263.458
2004-11-10 23:55:00,52.537,207.167,124.923,405.22,102.749925,201.31,87.184,153.65,281.2,93.959,156.66,189.17,170.514,187.33,188.686,109.106,134.44,261.014
2004-11-11 00:00:00,52.12,207.3,122.24,408.8,103.622,201.316,88.826,154.597,284.164,95.94,157.1,191.41,169.89,188.302,189.066,110.138,133.122,261.474
2004-11-11 00:05:00,53.25,206.433,122.083,410.497,103.10121374999993,201.19,86.772,153.67,282.041,95.874,156.52,191.114,171.794,188.18,190.71,110.952,134.288,261.206
2004-11-11 00:10:00,52.667,209.5,123.83,403.053,102.44669208333336,202.926,88.232,152.613,282.956,95.168,156.74,190.596,172.366,188.35,190.2,110.154,133.228,261.954
2004-11-11 00:15:00,53.343,207.133,124.6,404.243,102.698,206.342,87.804,155.076,279.525,94.796,153.62,188.946,171.358,190.05,189.82,109.774,131.8,263.386
2004-11-11 00:20:00,52.453,207.533,122.853,406.733,102.70346166666674,202.61,87.91,154.93,280.452,95.248,156.46,190.988,172.282,189.44,191.458,109.604,135.132,261.97
2004-11-11 00:25:00,52.253,207.667,123.037,404.897,102.68481125000012,202.666,87.654,153.427,280.487,96.439,156.3,190.886,170.52,189.624,191.268,109.314,135.212,261.608
2004-11-11 00:30:00,53.42,206.3,123.893,405.45,103.221,205.71,88.824,154.334,280.704,95.374,156.46,191.63,171.828,189.468,189.766,109.354,132.838,262.544
2004-11-11 00:35:00,51.01,204.367,124.04,405.74,102.5896616666666,203.11,87.744,152.43,280.272,95.946,154.2,190.266,172.454,186.404,189.098,109.126,133.656,263.73
2004-11-11 00:40:00,52.22,209.367,125.51,406.61,102.97942625,202.23,88.634,153.74,281.738,97.108,155.68,191.956,173.632,189.532,187.778,109.38,134.276,264.982
2004-11-11 00:45:00,52.47,206.8,124.387,406.237,103.092,204.908,87.142,152.197,279.19,94.809,155.2,192.724,172.828,190.956,188.626,109.084,134.906,262.236
