ATHN    MXCO    ROME    LMKS    DRBS    MOSC    NEWK    KIEL    CALG    OULU    APTY    FSMT    INVK    NAIN    PWNK    THUL    SOPB    SOPO
2004-11-09 13:45:00; 54.860;214.300;129.933;415.890;107.121;207.000; 91.750;151.887;295.598; 99.540;159.340;198.382;177.550;195.984;200.356;113.686;141.148;274.392
2004-11-09 13:50:00; 53.960;212.933;127.730;418.167;   null;205.662; 91.604;153.183;296.631; 98.458;161.520;198.294;180.996;200.402;199.948;113.224;141.468;276.724
2004-11-09 13:55:00; 54.627;213.867;128.850;415.567;   null;211.506; 91.074;155.613;296.984; 97.186;162.560;200.188;177.218;198.332;198.344;112.002;142.484;275.592
2004-11-09 14:00:00; 54.043;212.467;127.490;421.083;106.016;207.348; 91.740;155.333;297.146; 99.472;160.360;199.734;178.132;200.062;201.536;113.562;140.362;277.884
2004-11-09 14:05:00; 54.170;211.867;129.813;420.260;   null;208.946; 91.152;153.847;295.405;101.200;160.280;199.898;177.520;198.776;198.510;114.090;140.676;274.600
2004-11-09 14:10:00; 54.583;214.767;128.740;419.690;   null;209.654; 91.778;153.787;293.221; 97.218;159.620;200.372;178.150;200.424;201.246;113.918;141.974;275.988
2004-11-09 14:15:00; 53.927;212.400;127.053;416.017;107.268;206.772; 91.724;153.970;299.172; 98.352;160.400;200.450;178.984;200.418;197.910;111.800;140.958;275.448
2004-11-09 14:20:00; 54.717;215.967;128.677;417.733;   null;209.762; 90.724;155.773;293.342; 97.948;162.140;199.430;179.014;199.108;197.670;113.284;141.640;274.724
2004-11-09 14:25:00; 55.140;214.867;128.557;420.093;   null;206.862; 92.684;154.610;298.024; 97.849;159.440;200.624;178.908;198.810;199.804;113.038;141.446;277.180
2004-11-09 14:30:00; 55.033;214.467;129.097;419.203;107.359;209.408; 92.462;156.450;294.147;100.293;161.620;199.834;176.788;196.758;200.290;113.026;141.402;277.394
2004-11-09 14:35:00; 54.100;214.733;128.883;415.453;   null;210.262; 92.378;154.280;298.322; 95.818;161.100;198.662;177.532;197.482;200.654;112.644;140.226;275.354
2004-11-09 14:40:00; 55.527;214.800;129.767;415.327;   null;210.486; 89.898;153.957;295.721; 99.943;159.440;202.872;177.832;198.690;200.132;113.486;144.018;276.078
2004-11-09 14:45:00; 53.037;213.200;129.643;417.420;105.870;206.938; 91.060;158.023;298.185; 99.893;160.420;200.150;180.422;198.306;199.300;113.286;141.994;276.260
2004-11-09 14:50:00; 54.873;213.833;129.210;413.177;   null;211.822; 91.194;152.710;296.542; 96.263;160.340;199.478;178.976;197.930;202.140;113.802;143.050;274.086
2004-11-09 14:55:00; 55.330;211.900;128.227;415.037;   null;210.266; 91.378;153.693;293.437; 98.983;159.780;202.356;180.092;198.878;200.274;114.838;141.178;275.554
2004-11-09 15:00:00; 55.777;216.667;129.080;413.117;106.155;208.924; 92.200;154.437;296.713; 99.430;160.300;201.080;179.090;199.126;199.332;112.828;142.580;276.858
2004-11-09 15:05:00; 54.240;213.700;129.017;414.380;   null;210.378; 91.064;154.977;294.328; 98.012;158.920;199.506;177.950;198.878;200.162;113.760;141.382;276.290
2004-11-09 15:10:00; 54.653;213.667;128.530;414.770;   null;207.314; 91.164;154.473;294.704; 97.197;157.800;198.958;177.978;197.600;201.646;115.138;142.838;276.588
2004-11-09 15:15:00; 54.020;214.067;126.297;416.920;107.221;208.028; 93.386;156.233;296.428; 98.871;161.060;200.400;177.854;199.930;200.784;113.206;142.470;278.830
2004-11-09 15:20:00; 53.543;214.400;129.980;416.420;   null;207.148; 90.674;155.510;298.381; 98.719;159.880;198.844;177.306;198.480;198.686;114.508;141.580;276.708
2004-11-09 15:25:00; 54.830;212.067;129.650;414.147;   null;208.694; 91.574;152.983;296.600; 98.648;159.660;199.322;179.608;198.634;198.890;113.090;143.282;276.440
2004-11-09 15:30:00; 54.650;216.067;128.717;418.340;106.107;207.508; 92.378;156.813;297.843; 96.673;159.320;198.908;177.724;198.186;198.574;114.056;143.544;275.508
2004-11-09 15:35:00; 54.503;212.500;129.463;412.993;   null;210.446; 92.430;154.243;295.923; 98.265;159.800;200.956;177.740;198.864;200.590;113.124;142.312;276.296
2004-11-09 15:40:00; 55.290;216.667;128.437;415.903;   null;208.818; 91.062;155.193;297.136;100.067;160.360;199.022;179.526;197.158;199.854;113.810;141.540;276.034
2004-11-09 15:45:00; 53.663;215.067;127.967;417.300;106.428;209.620; 93.456;153.520;296.562; 98.363;158.880;199.348;179.232;199.414;199.622;113.932;142.304;276.038
2004-11-09 15:50:00; 54.800;217.100;129.800;417.157;   null;207.110; 91.896;154.097;295.257; 99.665;162.100;199.120;179.784;199.992;199.248;113.274;140.416;277.704
2004-11-09 15:55:00; 54.987;214.433;128.123;419.177;   null;213.240; 92.552;151.780;297.558; 98.820;159.720;199.294;177.830;198.724;199.144;114.006;141.988;278.184
2004-11-09 16:00:00; 55.120;212.967;127.623;416.680;107.461;210.134; 92.024;151.767;296.048; 98.202;159.860;201.044;178.076;197.350;203.930;112.296;143.110;278.074
2004-11-09 16:05:00; 55.157;217.800;127.560;418.757;   null;206.648; 93.290;154.390;296.939; 99.823;161.400;202.542;176.488;199.102;201.366;112.530;142.266;275.278
2004-11-09 16:10:00; 54.490;213.833;129.733;418.383;   null;209.712; 93.390;156.230;296.011; 98.264;160.560;199.448;175.992;199.258;201.468;112.742;142.736;276.654
2004-11-09 16:15:00; 53.747;217.233;130.127;423.917;106.979;211.462; 91.782;153.574;298.703; 97.589;159.400;199.736;178.206;197.136;200.932;112.192;141.404;277.296
2004-11-09 16:20:00; 55.320;215.500;129.110;419.197;   null;211.208; 92.702;156.127;293.100; 97.749;158.640;200.616;176.356;197.164;199.578;113.354;142.176;277.292
2004-11-09 16:25:00; 55.063;214.467;129.343;420.643;   null;210.728; 90.258;156.720;298.819; 98.217;160.160;200.552;177.398;198.410;198.160;112.600;141.930;277.330
2004-11-09 16:30:00; 55.267;214.267;128.010;421.753;107.479;209.548; 92.028;155.303;298.417; 97.913;162.040;199.948;179.386;198.020;199.114;113.616;142.162;276.466
2004-11-09 16:35:00; 52.910;214.667;128.697;421.503;   null;211.434; 93.174;155.173;291.256; 98.255;160.400;201.846;179.334;197.974;199.340;113.194;142.878;276.392
2004-11-09 16:40:00; 54.753;214.200;128.613;422.527;   null;210.042; 92.722;153.833;295.731; 99.767;160.200;201.008;180.148;199.036;201.156;113.088;141.874;277.480
2004-11-09 16:45:00; 54.270;213.767;128.533;421.197;107.492;212.276; 90.466;153.387;296.568; 98.708;161.480;199.530;178.478;198.368;202.056;113.008;142.988;277.196
2004-11-09 16:50:00; 55.427;214.267;129.577;417.693;   null;208.564; 92.332;154.957;299.151; 98.666;161.400;199.802;179.030;199.048;200.252;113.752;142.076;278.466
2004-11-09 16:55:00; 53.720;216.333;129.587;420.540;   null;208.388; 92.386;155.460;297.119; 98.155;160.500;201.150;179.928;198.862;202.706;112.760;142.288;280.732
2004-11-09 17:00:00; 56.263;215.600;128.773;422.343;107.182;205.818; 92.026;153.170;296.026; 99.052;159.780;202.548;178.892;195.978;201.092;113.874;143.114;276.744
2004-11-09 17:05:00; 54.340;213.033;128.787;421.243;   null;209.410; 91.028;155.363;297.406; 97.087;160.960;200.986;179.988;196.730;201.660;113.604;142.550;277.138
2004-11-09 17:10:00; 55.167;216.533;129.133;419.253;   null;211.328; 91.118;154.537;296.335; 98.295;160.400;199.490;176.308;195.510;199.558;113.168;143.562;278.196
2004-11-09 17:15:00; 53.433;215.600;127.137;418.827;107.833;211.924; 91.522;156.413;298.760; 97.573;160.280;199.086;177.826;194.584;200.716;113.852;142.394;279.518
2004-11-09 17:20:00; 54.383;213.667;128.530;416.880;   null;210.614; 93.302;154.217;297.391; 97.947;160.680;200.420;179.700;197.808;199.454;113.400;142.458;281.410
2004-11-09 17:25:00; 53.847;216.367;128.243;416.493;   null;210.780; 91.992;153.237;296.951; 96.599;161.020;199.530;179.852;199.200;198.092;114.330;141.676;280.426
2004-11-09 17:30:00; 54.103;217.067;127.500;417.000;106.723;207.910; 92.504;155.840;300.315; 99.228;161.700;199.382;179.460;196.896;202.094;113.066;143.534;279.530
2004-11-09 17:35:00; 54.390;218.500;126.843;413.900;   null;209.048; 93.034;157.830;298.886;100.647;160.700;200.990;180.272;198.758;198.496;111.810;143.150;278.942
2004-11-09 17:40:00; 53.890;216.800;126.980;414.093;   null;211.938; 93.362;154.553;300.902; 99.611;162.180;200.148;179.192;198.996;199.418;112.544;142.078;279.960
2004-11-09 17:45:00; 53.673;214.967;127.800;415.623;107.222;210.458; 92.240;154.323;299.716; 98.706;160.020;201.938;180.282;199.266;200.580;111.940;143.698;277.266
2004-11-09 17:50:00; 54.070;217.633;129.003;415.787;   null;210.028; 92.056;157.717;301.733;100.173;162.320;200.058;179.454;197.160;201.822;111.992;144.274;280.386
2004-11-09 17:55:00; 53.157;215.467;127.990;414.727;   null;211.176; 93.374;154.847;301.169; 97.531;160.600;200.942;178.646;196.948;197.898;111.994;143.478;279.976
2004-11-09 18:00:00; 53.863;214.600;127.933;416.070;107.909;210.576; 92.504;156.200;300.962; 99.279;162.100;200.486;178.118;199.038;201.602;113.070;144.276;282.552
2004-11-09 18:05:00; 54.410;215.633;127.520;417.733;   null;208.634; 92.488;154.407;297.924; 98.009;161.500;200.592;180.316;196.084;200.578;113.002;144.180;280.462
2004-11-09 18:10:00; 54.713;215.267;128.630;415.517;   null;209.100; 91.356;154.650;300.165; 99.240;161.420;198.872;178.812;198.160;202.838;112.260;143.028;279.356
2004-11-09 18:15:00; 53.687;216.000;128.270;415.287;107.777;209.558; 93.348;154.763;300.603; 99.377;162.220;200.620;177.874;197.144;200.930;112.244;144.722;281.718
2004-11-09 18:20:00; 54.057;215.567;128.547;416.863;   null;210.424; 93.484;154.413;300.004; 97.920;162.280;201.710;179.224;196.174;199.312;115.078;143.356;281.392
2004-11-09 18:25:00; 54.147;217.533;129.110;415.907;   null;208.984; 93.372;155.543;301.201; 99.840;161.500;200.812;177.752;199.344;200.926;111.846;144.158;282.068
2004-11-09 18:30:00; 54.920;216.700;128.343;412.910;107.886;208.228; 92.774;154.263;298.160; 97.682;160.960;199.168;178.248;196.808;200.560;111.730;144.522;279.594
2004-11-09 18:35:00; 54.287;217.400;128.357;411.737;   null;208.556; 92.866;158.483;299.267; 97.330;159.080;200.456;178.482;197.290;199.346;113.000;144.406;282.332
2004-11-09 18:40:00; 54.467;215.967;126.570;412.507;   null;207.224; 92.566;153.843;299.072; 98.814;160.600;198.838;178.762;195.936;197.030;112.266;143.450;279.226
2004-11-09 18:45:00; 54.893;217.767;126.350;411.897;106.483;211.388; 94.078;155.537;297.966; 99.390;160.280;201.308;179.024;196.818;199.326;112.644;145.164;281.538
2004-11-09 18:50:00; 53.243;214.767;128.337;415.883;   null;209.474; 92.886;155.807;296.544; 98.057;159.340;198.206;177.750;195.340;196.328;113.390;143.530;281.566
2004-11-09 18:55:00; 53.600;211.900;128.907;414.770;   null;208.656; 91.900;155.493;298.164; 97.814;160.000;200.008;178.676;195.280;197.292;113.388;145.682;282.456
2004-11-09 19:00:00; 53.537;214.633;127.113;415.000;107.517;211.692; 92.354;153.730;297.071; 98.465;159.480;201.482;180.404;197.092;197.744;111.554;145.463;283.106
2004-11-09 19:05:00; 54.820;213.900;128.497;413.910;   null;212.528; 90.958;152.244;297.658; 96.718;158.380;200.442;178.052;193.904;198.662;112.338;144.456;284.124
2004-11-09 19:10:00; 54.487;217.400;128.910;413.750;   null;210.136; 91.304;151.927;299.888; 97.246;158.700;195.520;178.358;193.140;198.198;111.588;144.224;280.702
2004-11-09 19:15:00; 54.360;216.533;128.817;413.623;107.129;210.028; 91.428;152.434;295.534; 96.085;159.360;199.506;176.852;192.932;196.696;112.718;145.846;282.046
2004-11-09 19:20:00; 53.093;215.300;128.203;414.063;   null;211.720; 92.982;155.037;295.508; 97.691;161.080;198.578;178.118;196.210;196.620;111.920;145.096;283.146
2004-11-09 19:25:00; 53.633;216.033;128.213;414.903;   null;211.176; 91.078;153.163;298.542; 97.934;157.700;198.382;178.986;195.046;195.140;112.324;144.906;283.554
2004-11-09 19:30:00; 53.343;216.233;130.427;415.664;106.887;207.612; 91.984;154.020;294.621; 98.476;159.100;198.426;176.846;193.312;196.854;112.584;145.988;281.104
2004-11-09 19:35:00; 54.783;218.233;128.833;411.200;   null;210.974; 91.620;153.553;294.699; 97.276;159.740;197.638;175.824;194.102;196.622;113.340;144.468;281.230
2004-11-09 19:40:00; 53.883;215.267;127.657;410.740;   null;209.286; 90.902;153.017;292.895; 98.356;159.160;196.362;177.192;192.818;194.692;111.204;142.524;280.192
2004-11-09 19:45:00; 54.783;215.300;126.063;410.613;106.275;207.184; 91.632;151.720;291.447; 95.394;159.300;196.828;178.510;192.184;194.048;111.626;142.968;281.116
2004-11-09 19:50:00; 54.127;216.767;126.967;409.810;   null;205.282; 89.516;153.293;289.716; 97.669;157.600;196.200;176.602;192.292;193.306;110.852;144.488;283.638
2004-11-09 19:55:00; 54.413;216.200;125.490;408.587;   null;203.564; 91.910;150.610;290.613; 97.095;158.040;195.198;173.880;191.644;193.134;112.350;142.548;279.856
2004-11-09 20:00:00; 53.553;214.500;125.317;407.707;104.311;205.358; 91.936;149.903;287.303; 98.871;156.820;194.334;175.528;192.104;192.498;112.094;141.396;279.602
2004-11-09 20:05:00; 52.817;216.767;124.767;404.990;   null;205.288; 91.466;151.200;289.582; 96.144;156.560;193.614;173.646;191.066;193.032;110.176;141.880;273.946
2004-11-09 20:10:00; 54.187;216.233;125.067;402.703;   null;204.304; 90.882;151.887;286.929; 97.171;156.900;194.834;175.490;192.476;191.490;110.438;140.416;277.428
2004-11-09 20:15:00; 54.197;214.433;126.623;407.290;105.109;203.448; 91.202;151.547;286.584; 95.982;158.560;193.768;174.952;191.292;192.590;108.754;141.282;276.726
2004-11-09 20:20:00; 53.297;215.000;126.310;410.880;   null;203.678; 90.194;150.973;285.167; 94.720;157.400;194.132;172.932;190.188;192.820;110.090;140.234;275.386
2004-11-09 20:25:00; 54.360;217.533;126.463;403.504;   null;204.506; 89.848;151.123;289.626; 96.928;154.700;194.738;172.226;193.440;193.190;109.348;142.370;277.808
2004-11-09 20:30:00; 53.953;217.267;126.733;407.467;106.442;205.836; 89.786;150.973;290.697; 94.584;156.120;194.598;173.876;192.980;193.782;110.714;141.018;277.884
2004-11-09 20:35:00; 54.197;217.867;127.010;408.477;   null;208.102; 90.698;152.333;292.943; 95.190;157.140;194.450;174.252;194.618;193.924;109.622;140.930;276.198
2004-11-09 20:40:00; 53.873;215.367;127.323;412.870;   null;207.966; 89.582;150.403;290.662; 95.317;158.040;194.376;175.014;192.444;193.608;110.384;140.024;272.392
2004-11-09 20:45:00; 54.700;218.667;129.040;413.287;105.811;210.298; 91.790;149.847;293.432; 97.725;159.980;194.226;177.354;193.236;195.044;110.322;140.354;271.668
2004-11-09 20:50:00; 53.967;215.767;127.920;415.440;   null;206.520; 90.954;152.800;295.025; 97.555;159.800;196.400;176.064;193.116;196.920;109.952;139.162;270.250
2004-11-09 20:55:00; 55.813;217.367;126.880;409.607;   null;208.912; 89.956;154.647;292.258; 97.571;159.040;198.072;174.248;193.184;193.948;109.786;138.342;273.946
2004-11-09 21:00:00; 55.177;217.100;125.477;410.157;105.711;205.608; 90.776;152.267;293.847; 98.121;160.280;197.072;172.886;193.656;196.832;110.068;140.918;271.862
2004-11-09 21:05:00; 53.947;216.933;127.803;405.893;   null;203.804; 91.802;151.927;292.120; 96.408;155.300;194.460;171.718;188.954;189.836;108.052;139.800;272.174
2004-11-09 21:10:00; 54.153;218.433;125.050;402.483;   null;203.864; 90.172;153.970;289.219; 94.995;155.940;190.210;171.866;191.340;191.512;107.994;138.778;271.346
2004-11-09 21:15:00; 52.287;216.067;124.230;400.070;105.121;199.316; 88.118;150.997;286.521; 95.117;153.480;193.472;169.954;189.514;187.788;109.668;137.014;269.070
2004-11-09 21:20:00; 53.810;213.700;124.853;396.080;   null;197.612; 88.530;150.183;284.894; 91.999;153.240;191.632;171.328;188.884;188.534;109.700;135.264;267.550
2004-11-09 21:25:00; 52.917;215.133;125.637;394.360;   null;200.784; 88.516;149.333;282.261; 93.889;154.580;191.410;173.548;188.788;190.972;108.552;134.090;266.100
2004-11-09 21:30:00; 52.730;212.633;124.823;395.440;102.082;199.938; 87.136;147.033;281.500; 92.501;154.420;190.366;174.832;188.968;189.412;109.196;135.018;263.648
2004-11-09 21:35:00; 52.077;210.833;123.323;394.713;   null;199.732; 88.488;144.527;284.304; 93.344;154.560;192.500;171.872;188.056;189.316;108.954;133.912;261.336
2004-11-09 21:40:00; 52.303;209.000;124.383;391.090;   null;199.064; 88.880;147.240;281.254; 92.599;152.900;190.552;170.490;190.254;187.596;108.416;133.460;261.212
2004-11-09 21:45:00; 52.427;208.833;122.853;393.030;103.142;197.646; 87.408;147.633;285.414; 94.810;154.880;190.302;172.184;189.198;191.626;106.746;131.024;258.998
2004-11-09 21:50:00; 52.623;207.267;122.907;392.020;   null;201.162; 86.638;149.487;281.738; 92.673;153.120;189.610;172.146;186.150;190.200;108.784;130.718;255.224
2004-11-09 21:55:00; 51.700;211.767;122.600;391.390;   null;199.060; 87.500;147.344;280.902; 93.926;155.360;189.904;174.418;185.542;188.036;108.108;131.688;259.190
2004-11-09 22:00:00; 53.397;211.500;125.167;394.467;101.777;200.406; 86.190;146.977;279.444; 94.712;153.720;189.230;171.842;188.042;189.210;107.902;130.732;258.082
2004-11-09 22:05:00; 53.073;209.600;121.323;387.427;   null;198.722; 86.716;148.270;281.215; 93.950;152.620;190.040;172.734;187.922;187.774;108.332;130.512;259.316
2004-11-09 22:10:00; 52.057;206.467;122.997;388.564;   null;196.602; 86.382;145.097;281.250; 94.149;154.480;191.782;172.570;187.242;188.840;107.304;130.754;258.106
2004-11-09 22:15:00; 52.630;207.700;122.057;389.603;100.932;197.200; 85.930;147.887;280.902; 94.216;152.180;190.316;171.038;187.508;189.502;108.730;129.842;257.156
2004-11-09 22:20:00; 52.803;207.067;121.863;388.593;   null;196.778; 88.040;147.683;280.969; 93.755;153.920;189.660;170.260;187.994;189.874;108.386;130.352;256.270
2004-11-09 22:25:00; 52.843;207.200;123.347;390.710;   null;198.566; 85.746;146.340;278.741; 94.930;153.160;190.402;169.768;186.812;188.850;108.356;131.010;256.836
2004-11-09 22:30:00; 52.503;207.800;121.680;391.113;100.985;198.684; 86.852;147.473;277.831; 93.395;151.500;189.438;169.582;188.054;187.840;109.866;130.086;257.792
2004-11-09 22:35:00; 52.150;207.200;124.807;387.763;   null;196.786; 87.194;146.247;279.356; 94.330;152.440;189.498;170.416;189.428;189.188;107.704;130.042;258.002
2004-11-09 22:40:00; 53.533;206.100;124.047;388.293;   null;197.234; 86.358;145.863;279.183; 92.942;153.620;190.912;170.436;186.782;187.192;107.828;130.012;254.880
2004-11-09 22:45:00; 52.940;206.233;122.433;389.873;102.007;198.514; 87.322;147.543;280.466; 92.929;153.460;190.422;169.120;187.086;189.962;107.564;131.338;254.204
2004-11-09 22:50:00; 52.550;206.367;122.280;390.020;   null;196.376; 86.100;145.283;280.671; 93.930;153.340;190.924;168.310;186.110;186.942;106.568;131.344;254.960
2004-11-09 22:55:00; 51.130;206.033;122.923;392.073;   null;198.522; 88.226;147.770;279.311; 92.196;151.560;192.068;171.152;186.190;186.016;108.448;131.346;258.016
2004-11-09 23:00:00; 52.935;205.367;123.230;386.707;101.487;198.146; 85.500;144.413;279.376; 94.659;151.940;189.668;169.396;187.332;188.394;108.752;132.622;259.636
2004-11-09 23:05:00; 52.957;205.100;123.040;388.780;   null;199.304; 86.480;148.273;278.359; 94.259;153.580;186.276;170.374;185.998;185.858;108.342;132.016;258.224
2004-11-09 23:10:00; 52.663;204.533;123.780;390.750;   null;199.230; 86.698;145.613;278.876; 92.759;154.420;189.114;168.828;185.762;186.002;106.592;131.110;258.554
2004-11-09 23:15:00; 52.850;205.000;123.077;391.607;101.345;198.886; 85.136;145.963;279.610; 94.387;154.280;188.338;171.296;184.266;186.620;107.878;132.696;257.264
2004-11-09 23:20:00; 52.193;207.300;123.927;392.153;   null;201.912; 86.758;146.443;279.226; 93.948;155.900;188.460;169.758;184.228;188.532;106.478;129.758;257.730
2004-11-09 23:25:00; 53.893;205.600;122.853;392.363;   null;199.826; 87.098;150.473;278.941; 93.371;155.600;188.932;172.884;184.986;186.962;107.860;131.688;260.678
2004-11-09 23:30:00; 53.557;205.533;123.820;395.130;102.338;199.374; 85.268;148.880;277.045; 95.184;155.380;188.708;168.982;185.614;186.520;108.364;129.820;259.010
2004-11-09 23:35:00; 53.303;204.300;124.857;395.020;   null;200.800; 85.612;149.780;277.080; 95.911;155.280;190.634;167.528;187.542;185.876;108.088;131.880;260.296
2004-11-09 23:40:00; 53.153;203.133;124.340;393.280;   null;202.790; 86.504;150.213;276.091; 95.086;155.200;188.402;168.528;186.220;186.756;108.064;129.166;255.870
2004-11-09 23:45:00; 52.870;206.600;124.033;396.137;103.560;201.580; 86.416;148.733;275.952; 95.858;156.380;187.636;171.072;186.312;185.974;107.004;129.268;253.036
2004-11-09 23:50:00; 51.993;204.500;123.163;398.480;   null;202.660; 85.430;149.383;281.168; 96.677;157.000;188.934;170.098;186.430;185.114;108.166;128.590;252.878
2004-11-09 23:55:00; 53.375;202.433;122.600;400.793;   null;200.088; 85.764;148.437;277.975; 98.155;157.940;189.884;169.984;187.474;186.062;108.724;128.196;252.156
2004-11-10 00:00:00; 54.100;203.467;125.400;400.787;103.611;205.730; 85.770;150.480;277.328; 96.800;159.300;188.554;168.544;187.650;189.564;109.004;126.654;249.158
2004-11-10 00:05:00; 52.250;204.533;125.417;401.400;   null;206.482; 84.018;152.190;274.275; 97.897;157.400;188.670;172.350;185.012;185.266;108.740;126.358;249.246
2004-11-10 00:10:00; 52.060;204.800;125.570;402.740;   null;207.016; 84.194;149.243;272.299; 98.645;158.560;187.712;170.848;184.798;186.162;108.814;127.636;250.558
2004-11-10 00:15:00; 52.387;202.467;124.800;400.037;104.242;206.828; 83.936;152.113;271.949; 98.406;161.500;184.780;169.122;187.066;186.568;109.336;127.414;250.684
2004-11-10 00:20:00; 53.303;203.167;125.343;408.803;   null;203.874; 85.790;150.397;273.201; 97.586;162.180;184.172;169.158;186.120;184.814;110.380;128.074;253.054
2004-11-10 00:25:00; 53.000;203.200;126.960;401.313;   null;205.922; 84.700;152.443;269.110; 97.553;161.100;187.860;170.494;186.094;186.600;111.138;127.782;251.722
2004-11-10 00:30:00; 53.227;202.533;126.263;405.850;105.879;205.638; 84.202;153.650;273.177; 99.268;159.180;187.992;167.140;186.800;185.086;111.348;126.506;248.660
2004-11-10 00:35:00; 52.070;205.867;124.783;408.993;   null;207.822; 86.000;153.537;269.241; 97.989;157.880;186.118;169.932;187.636;184.562;111.064;127.218;250.352
2004-11-10 00:40:00; 54.097;202.933;126.143;405.467;   null;207.358; 84.320;154.833;273.282; 98.814;159.440;185.022;168.854;187.332;183.200;110.094;128.318;251.510
2004-11-10 00:45:00; 52.330;207.033;125.160;403.840;103.795;203.484; 84.566;151.823;268.593; 97.732;159.260;184.548;168.512;188.810;183.922;110.190;127.812;249.882
2004-11-10 00:50:00; 51.903;204.100;126.420;403.690;   null;206.520; 85.840;150.776;272.388; 96.449;160.080;187.928;169.394;186.214;181.256;110.260;127.630;251.156
2004-11-10 00:55:00; 53.177;203.533;123.827;398.080;   null;204.004; 84.372;152.180;269.741; 97.723;160.360;185.726;165.204;185.110;184.940;110.274;127.682;249.842
2004-11-10 01:00:00; 52.877;204.567;123.380;401.230;103.868;203.096; 84.382;150.387;269.106; 97.286;159.120;184.150;165.592;188.824;183.114;111.126;128.068;250.470
2004-11-10 01:05:00; 53.230;203.200;124.900;393.217;   null;204.930; 84.606;151.870;269.267; 98.634;158.680;182.030;166.216;187.864;181.312;110.432;128.672;252.806
2004-11-10 01:10:00; 51.510;201.933;123.110;394.957;   null;202.942; 85.820;149.263;267.201; 95.949;155.980;183.744;163.592;188.410;183.342;111.390;126.974;251.886
2004-11-10 01:15:00; 52.327;205.267;122.350;395.410;102.775;201.596; 85.254;148.840;268.792; 96.077;156.540;183.562;167.088;187.284;182.838;109.408;128.868;252.256
2004-11-10 01:20:00; 52.947;201.033;123.503;396.840;   null;201.198; 85.622;149.653;268.863; 95.087;154.800;183.210;168.282;185.672;182.032;110.704;128.968;254.838
2004-11-10 01:25:00; 52.357;204.333;124.873;394.320;   null;205.610; 85.212;150.100;273.268; 95.894;154.080;183.422;166.108;184.158;181.982;109.210;128.692;256.408
2004-11-10 01:30:00; 52.000;202.067;122.337;397.270;103.433;198.886; 85.560;146.950;269.291; 95.665;154.020;184.212;166.798;184.698;182.706;108.812;131.478;257.864
2004-11-10 01:35:00; 52.443;204.533;123.370;394.880;   null;201.902; 85.462;149.327;275.308; 95.249;155.700;182.348;166.636;187.276;184.530;108.756;130.388;255.088
2004-11-10 01:40:00; 53.360;202.533;122.900;393.970;   null;198.472; 85.704;151.067;272.761; 93.923;154.620;184.812;168.606;187.142;181.668;107.110;128.858;255.998
2004-11-10 01:45:00; 52.203;205.467;124.707;394.937;103.384;201.602; 86.814;147.073;272.392; 96.122;153.840;185.570;165.254;186.206;182.198;106.730;130.502;256.526
2004-11-10 01:50:00; 53.880;201.833;120.833;396.707;   null;202.480; 86.284;147.150;272.343; 95.202;154.240;185.682;165.992;185.610;182.736;105.668;128.104;254.920
2004-11-10 01:55:00; 53.173;204.233;121.993;389.286;   null;200.872; 86.240;151.240;275.700; 94.816;157.040;185.734;167.252;185.184;183.172;105.066;129.224;254.176
2004-11-10 02:00:00; 51.267;206.667;123.317;390.480;101.945;200.328; 85.488;148.127;271.407; 94.247;156.880;184.236;165.454;184.380;186.088;106.686;130.476;255.466
2004-11-10 02:05:00; 52.440;204.267;122.963;391.097;   null;196.590; 86.974;147.277;276.090; 94.624;153.520;184.216;167.140;185.976;183.264;106.218;130.382;253.994
2004-11-10 02:10:00; 52.797;202.300;122.730;392.333;   null;200.324; 85.400;147.537;272.223; 94.085;152.760;187.182;167.694;183.008;182.802;106.382;129.384;254.436
2004-11-10 02:15:00; 53.490;202.533;123.433;392.687;102.496;201.084; 84.786;147.150;273.452; 95.224;154.240;186.392;167.442;184.092;183.720;106.138;130.136;254.338
2004-11-10 02:20:00; 53.237;203.467;124.130;393.147;   null;202.360; 86.280;147.437;273.829; 93.357;153.860;186.634;168.356;184.832;183.466;106.180;129.076;250.498
2004-11-10 02:25:00; 52.547;202.767;123.583;396.297;   null;200.010; 87.118;145.327;273.580; 94.334;155.140;183.618;167.032;184.452;184.254;106.216;128.924;253.254
2004-11-10 02:30:00; 51.850;200.533;122.537;391.093;104.433;200.990; 85.696;148.577;270.829; 94.515;153.360;185.858;164.574;185.672;183.742;106.016;127.416;254.618
2004-11-10 02:35:00; 51.177;203.267;121.643;394.807;   null;202.422; 85.660;148.630;269.762; 95.587;153.000;183.882;165.402;186.518;182.296;106.136;129.458;253.936
2004-11-10 02:40:00; 51.877;201.700;119.853;395.084;   null;203.044; 85.010;148.147;272.592; 96.881;154.100;186.762;167.694;185.290;183.136;107.150;129.462;253.250
2004-11-10 02:45:00; 51.917;203.633;122.027;395.473;103.194;205.680; 85.624;151.873;274.321; 94.905;152.840;188.334;165.066;187.444;183.120;106.686;129.988;251.946
2004-11-10 02:50:00; 51.673;204.133;123.637;390.403;   null;200.080; 87.394;150.143;271.316; 94.199;154.680;185.516;167.176;186.032;185.804;106.390;130.740;254.514
2004-11-10 02:55:00; 52.303;201.900;120.677;384.660;   null;198.216; 84.488;150.080;275.459; 95.502;154.500;186.358;166.568;189.408;185.172;107.018;128.192;252.564
2004-11-10 03:00:00; 51.477;202.900;122.100;381.407; 99.807;197.058; 84.140;145.337;274.652; 94.905;152.800;185.934;168.208;185.224;185.580;105.740;129.712;252.784
2004-11-10 03:05:00; 51.930;201.267;120.727;381.787;   null;197.708; 84.542;145.517;272.727; 92.126;152.300;185.268;165.456;184.564;183.030;106.266;129.464;253.002
2004-11-10 03:10:00; 51.373;198.100;120.593;382.707;   null;196.320; 84.170;145.690;273.283; 91.616;150.700;187.060;166.886;184.564;183.222;105.704;128.878;251.676
2004-11-10 03:15:00; 51.823;204.267;120.940;384.613; 99.988;196.628; 84.794;142.810;273.411; 92.829;152.380;184.920;165.928;183.218;181.744;105.248;128.528;253.656
2004-11-10 03:20:00; 51.740;200.333;122.290;384.593;   null;198.198; 84.780;144.930;273.803; 91.687;149.220;185.984;166.314;184.266;185.172;106.806;128.184;253.654
2004-11-10 03:25:00; 51.190;199.667;122.697;386.053;   null;197.274; 85.746;146.793;276.504; 92.302;150.780;186.158;167.730;185.012;183.336;105.592;128.564;254.192
2004-11-10 03:30:00; 51.697;198.933;121.733;385.950; 99.347;196.830; 84.220;147.040;273.160; 91.980;150.740;184.592;166.530;182.740;184.746;105.382;130.152;251.808
2004-11-10 03:35:00; 52.687;201.433;119.967;384.796;   null;197.130; 85.178;143.820;273.167; 91.210;149.340;185.540;166.238;183.358;182.604;104.726;128.664;251.950
2004-11-10 03:40:00; 51.880;198.600;119.963;384.247;   null;195.650; 84.038;144.673;273.810; 91.769;150.820;183.402;166.742;184.820;182.300;104.442;129.840;252.856
2004-11-10 03:45:00; 52.453;201.700;120.293;385.243;100.316;195.724; 84.094;144.973;272.490; 92.412;150.920;184.104;166.234;183.502;183.702;105.320;130.058;250.410
2004-11-10 03:50:00; 52.227;200.633;121.890;379.870;   null;195.654; 85.730;143.930;270.092; 91.582;150.900;187.970;165.266;183.166;182.926;105.364;131.048;256.428
2004-11-10 03:55:00; 53.107;200.133;121.070;386.277;   null;196.592; 85.804;144.987;271.129; 92.348;149.220;184.062;168.310;184.914;182.034;104.022;127.082;251.050
2004-11-10 04:00:00; 52.557;201.633;120.740;384.190; 99.452;195.006; 84.022;143.433;272.957; 93.311;151.400;185.210;166.174;184.034;181.706;106.416;130.952;254.444
2004-11-10 04:05:00; 51.647;201.267;120.503;383.017;   null;193.602; 85.622;142.300;274.102; 94.505;150.240;185.732;166.398;183.500;181.440;104.134;129.422;256.010
2004-11-10 04:10:00; 52.513;202.167;122.887;384.247;   null;199.157; 86.328;147.440;274.159; 92.614;151.460;183.920;163.368;182.302;182.574;104.474;129.898;254.994
2004-11-10 04:15:00; 51.663;203.167;122.637;381.190;100.516;195.546; 85.050;143.663;274.503; 93.376;150.580;187.032;166.418;184.256;182.736;105.122;131.088;253.728
2004-11-10 04:20:00; 51.717;199.800;121.033;382.967;   null;198.236; 84.800;142.483;273.411; 92.472;152.220;184.202;167.656;183.440;182.930;104.986;130.368;256.994
2004-11-10 04:25:00; 51.877;200.833;123.210;387.133;   null;195.146; 84.398;145.237;275.694; 91.917;149.920;184.960;165.456;184.508;183.650;103.452;129.720;257.482
2004-11-10 04:30:00; 51.310;200.033;123.220;385.990;100.630;198.688; 85.208;146.167;272.984; 94.107;150.000;185.144;168.170;185.370;183.506;103.864;130.516;256.042
2004-11-10 04:35:00; 52.533;200.567;121.877;385.730;   null;199.086; 85.884;146.573;273.055; 93.329;151.500;186.388;167.482;184.164;181.916;105.264;131.712;257.804
2004-11-10 04:40:00; 51.773;200.900;121.683;389.830;   null;198.418; 85.214;146.873;271.492; 92.214;150.680;184.582;167.122;183.808;184.182;104.494;130.216;256.232
2004-11-10 04:45:00; 52.267;201.767;121.720;388.153;101.474;197.236; 86.156;146.690;273.815; 94.341;151.720;185.164;166.760;182.974;182.258;105.706;131.750;258.006
2004-11-10 04:50:00; 52.067;201.867;121.153;389.447;   null;200.332; 85.576;145.817;273.022; 91.766;150.440;186.930;168.324;186.310;183.482;106.030;130.726;260.272
2004-11-10 04:55:00; 51.880;203.933;120.530;387.233;   null;196.360; 85.426;148.337;273.311; 93.195;151.560;186.818;166.864;186.630;184.354;105.366;130.794;258.478
2004-11-10 05:00:00; 52.817;202.333;121.670;390.577;101.557;198.214; 85.660;146.037;273.619; 95.033;152.660;187.596;168.704;184.036;183.116;106.550;132.208;260.432
2004-11-10 05:05:00; 51.903;202.567;122.263;387.423;   null;198.560; 86.104;148.063;272.665; 92.870;153.500;185.616;165.820;184.350;184.354;105.898;132.378;260.416
2004-11-10 05:10:00; 51.890;201.733;121.020;387.840;   null;195.110; 85.102;147.570;273.370; 93.738;153.020;187.268;165.318;187.430;185.378;107.108;132.594;257.760
2004-11-10 05:15:00; 51.523;201.033;119.270;390.180;101.034;197.812; 87.470;146.357;274.868; 93.503;151.240;184.500;166.292;187.450;186.534;104.876;130.360;259.836
2004-11-10 05:20:00; 52.487;203.233;120.603;387.597;   null;196.430; 86.224;145.070;277.164; 93.106;151.100;186.832;168.392;187.868;182.962;106.156;131.920;257.626
2004-11-10 05:25:00; 53.343;204.967;120.380;387.803;   null;201.244; 87.740;147.587;275.450; 93.245;153.040;188.438;169.306;185.202;185.096;104.880;131.024;258.948
2004-11-10 05:30:00; 52.020;204.100;122.850;382.430;100.071;198.178; 86.674;145.100;273.715; 95.084;153.940;186.300;167.290;186.900;185.644;106.358;131.958;260.876
2004-11-10 05:35:00; 52.273;201.100;122.103;387.053;   null;199.016; 87.156;148.434;275.760; 94.605;151.120;186.250;166.896;186.700;185.136;105.674;133.150;261.704
2004-11-10 05:40:00; 52.387;203.867;121.863;383.330;   null;199.472; 86.024;147.127;275.056; 93.640;152.520;185.870;166.894;186.778;186.736;105.432;131.610;258.128
2004-11-10 05:45:00; 52.250;204.467;119.807;386.273;101.385;196.508; 85.682;146.740;275.672; 93.329;152.680;183.750;166.328;184.056;184.350;106.524;132.054;259.322
2004-11-10 05:50:00; 52.123;205.467;120.897;384.617;   null;197.670; 86.056;144.963;274.351; 92.525;152.620;185.096;166.906;186.644;183.946;107.324;132.166;259.548
2004-11-10 05:55:00; 52.340;202.267;123.277;386.193;   null;196.802; 87.126;144.043;273.283; 91.649;152.740;185.458;169.694;184.426;182.704;105.850;131.836;257.292
2004-11-10 06:00:00; 51.877;203.767;122.360;383.990;101.828;197.522; 86.118;144.253;273.645; 93.995;152.400;185.046;167.804;185.192;183.104;105.940;131.710;256.852
2004-11-10 06:05:00; 52.230;202.900;120.657;390.027;   null;199.640; 85.190;147.220;273.391; 92.931;155.420;184.506;165.940;185.864;183.926;106.454;132.264;259.422
2004-11-10 06:10:00; 51.103;201.733;120.197;390.970;   null;199.522; 85.184;146.543;274.936; 94.669;151.240;187.594;167.986;186.810;183.646;105.476;131.822;258.156
2004-11-10 06:15:00; 50.933;202.500;121.817;385.710;101.060;199.158; 85.322;146.653;273.427; 92.247;154.040;185.074;167.716;185.906;185.710;105.258;132.286;259.692
2004-11-10 06:20:00; 53.207;201.767;121.563;388.937;   null;196.746; 86.138;144.700;275.810; 95.605;153.620;186.716;167.156;184.564;185.918;105.568;131.398;256.600
2004-11-10 06:25:00; 51.980;203.267;121.150;388.833;   null;201.470; 87.888;147.603;273.554; 94.284;155.920;186.426;169.278;183.322;185.474;107.222;131.470;258.036
2004-11-10 06:30:00; 52.100;202.933;122.203;389.390;101.632;201.498; 85.250;146.750;274.847; 92.901;154.640;186.298;166.420;187.294;184.602;106.988;131.796;255.684
2004-11-10 06:35:00; 52.700;203.567;123.277;389.477;   null;199.344; 87.340;146.697;274.045; 94.261;153.400;185.910;166.408;185.724;188.346;106.380;132.440;254.916
2004-11-10 06:40:00; 51.407;203.167;124.207;394.337;   null;200.346; 86.188;146.223;277.494; 95.004;153.460;187.734;167.110;184.388;187.098;106.524;131.556;258.406
2004-11-10 06:45:00; 51.123;203.533;122.080;390.900;101.280;197.830; 85.162;147.547;273.240; 95.467;153.260;188.196;169.010;184.726;184.814;107.422;131.140;257.068
2004-11-10 06:50:00; 51.413;203.600;124.300;392.493;   null;200.312; 87.228;146.970;271.027; 95.587;152.540;189.080;165.892;187.266;184.610;107.994;131.380;257.082
2004-11-10 06:55:00; 53.623;204.500;122.723;391.930;   null;201.774; 86.916;149.287;272.688; 95.198;156.420;188.128;167.860;186.778;184.132;107.834;130.188;258.010
2004-11-10 07:00:00; 51.403;202.167;124.517;390.623;101.361;200.232; 87.876;147.677;275.906; 94.324;153.740;188.600;169.192;186.320;186.448;107.158;132.304;259.360
2004-11-10 07:05:00; 52.083;204.267;126.357;393.953;   null;197.750; 85.544;148.283;273.254; 94.731;152.060;186.944;168.956;188.476;184.422;107.984;132.020;259.962
2004-11-10 07:10:00; 53.040;203.767;125.363;396.260;   null;198.988; 86.816;144.963;275.833; 93.775;154.280;186.266;167.596;187.690;185.302;105.930;133.192;260.172
2004-11-10 07:15:00; 52.500;202.500;123.207;395.773;102.852;202.262; 86.054;147.044;275.578; 96.376;154.140;188.078;166.416;188.312;186.378;107.622;133.314;261.020
2004-11-10 07:20:00; 53.130;204.533;124.767;394.177;   null;202.574; 87.712;147.717;274.496; 94.962;153.680;186.642;168.822;188.480;182.966;106.434;132.514;261.374
2004-11-10 07:25:00; 52.980;203.633;123.063;394.887;   null;199.062; 88.218;145.250;273.343; 92.875;154.020;188.802;166.674;187.420;185.776;107.636;133.512;259.866
2004-11-10 07:30:00; 52.167;204.233;124.047;397.180;102.039;198.554; 86.204;150.580;276.731; 93.148;152.800;187.016;167.584;189.024;186.304;105.368;131.838;259.506
2004-11-10 07:35:00; 51.873;204.467;123.423;394.990;   null;200.204; 86.978;147.647;276.365; 93.024;154.460;187.264;167.630;187.700;185.496;107.336;132.460;260.838
2004-11-10 07:40:00; 52.533;209.433;122.873;395.330;   null;202.478; 86.140;149.923;272.935; 94.625;153.300;186.952;168.332;188.448;184.990;106.960;132.206;258.934
2004-11-10 07:45:00; 52.920;207.633;122.683;393.480;102.868;201.212; 88.256;147.707;273.779; 95.682;153.440;187.070;165.462;187.948;187.292;106.502;131.516;256.870
2004-11-10 07:50:00; 53.123;205.833;123.390;391.567;   null;199.636; 86.058;147.747;274.640; 93.624;154.040;188.464;168.474;187.370;184.852;107.560;131.330;259.920
2004-11-10 07:55:00; 52.427;204.133;122.790;391.320;   null;200.638; 87.784;147.136;276.089; 95.917;152.500;187.488;168.188;188.478;186.124;106.986;132.432;259.412
2004-11-10 08:00:00; 53.433;205.733;121.400;391.097;102.039;199.476; 87.204;147.420;275.097; 93.831;154.400;187.756;166.446;186.402;187.174;107.332;130.684;259.162
2004-11-10 08:05:00; 51.763;204.667;124.477;390.170;   null;199.960; 85.302;147.007;274.547; 94.605;154.900;186.580;168.164;186.040;184.994;106.890;131.448;260.242
2004-11-10 08:10:00; 52.490;206.800;122.307;392.493;   null;198.788; 85.938;148.923;276.070; 93.067;154.420;186.346;167.470;189.190;186.514;106.458;132.008;258.792
2004-11-10 08:15:00; 53.010;202.533;122.813;393.070;102.754;199.844; 88.706;147.380;276.475; 94.769;153.020;185.090;166.432;188.458;186.780;108.050;131.726;260.782
2004-11-10 08:20:00; 53.067;204.600;124.240;391.680;   null;199.732; 87.288;148.690;273.034; 93.291;151.480;188.054;165.666;188.334;187.496;107.776;131.752;257.614
2004-11-10 08:25:00; 51.617;204.167;123.430;391.847;   null;199.336; 86.598;148.343;276.878; 93.699;152.980;186.424;167.438;189.502;187.468;106.216;131.388;257.606
2004-11-10 08:30:00; 52.600;203.700;122.063;395.613;102.624;199.476; 86.022;148.677;274.722; 93.932;152.460;187.462;167.682;186.012;187.470;107.854;132.052;258.726
2004-11-10 08:35:00; 52.990;203.900;123.333;393.190;   null;198.102; 85.658;145.650;274.207; 92.630;152.020;187.438;166.744;188.690;184.594;108.430;133.208;259.606
2004-11-10 08:40:00; 52.587;201.467;123.470;395.823;   null;199.460; 86.854;147.093;274.924; 93.598;153.140;186.008;166.334;186.488;187.558;107.378;132.202;257.738
2004-11-10 08:45:00; 53.627;202.067;122.080;395.633;103.181;200.122; 87.732;146.967;274.127; 92.719;152.620;186.006;169.196;186.830;188.098;108.266;130.910;258.618
2004-11-10 08:50:00; 52.373;205.633;123.100;396.543;   null;201.634; 86.072;146.847;273.368; 93.196;152.440;186.830;168.646;189.206;186.802;108.066;131.166;257.898
2004-11-10 08:55:00; 52.203;205.567;125.683;397.130;   null;198.412; 85.396;147.407;276.857; 93.464;153.220;186.098;166.296;187.548;188.246;107.046;132.198;257.460
2004-11-10 09:00:00; 53.107;203.867;123.697;394.323;102.004;197.800; 86.468;150.223;274.418; 95.530;152.780;187.798;168.686;188.906;187.198;107.632;131.396;259.100
2004-11-10 09:05:00; 53.347;204.033;122.883;395.907;   null;198.158; 85.386;148.740;273.027; 92.782;152.940;187.796;166.530;189.384;187.644;106.948;131.670;258.314
2004-11-10 09:10:00; 53.663;203.333;124.650;396.280;   null;199.734; 85.772;148.753;273.657; 93.021;152.440;186.986;166.868;186.668;187.030;107.074;132.990;260.224
2004-11-10 09:15:00; 52.857;203.600;121.670;396.690;101.736;198.250; 87.080;146.720;274.855; 93.734;154.100;187.760;167.726;184.686;185.428;107.686;132.706;257.346
2004-11-10 09:20:00; 52.697;204.067;125.637;395.837;   null;200.702; 86.048;147.750;276.595; 93.107;152.900;187.680;166.000;185.210;183.910;107.004;130.540;258.450
2004-11-10 09:25:00; 53.130;203.400;124.637;397.467;   null;198.448; 85.308;147.533;275.130; 93.724;154.580;187.540;166.146;187.014;186.470;106.392;131.844;257.264
2004-11-10 09:30:00; 53.423;202.767;124.033;394.687;102.448;202.342; 87.298;149.840;277.851; 93.731;154.080;188.686;165.928;185.618;184.390;107.886;132.736;255.306
2004-11-10 09:35:00; 54.163;203.200;123.783;396.960;   null;201.004; 85.590;148.337;275.924; 94.246;152.940;186.450;168.206;188.342;188.628;107.018;132.218;257.996
2004-11-10 09:40:00; 54.077;204.533;125.017;396.743;   null;196.496; 85.876;145.603;274.606; 95.081;154.000;188.062;168.784;187.568;187.474;107.554;130.712;257.822
2004-11-10 09:45:00; 53.210;204.600;126.267;398.207;103.073;200.532; 87.126;147.020;274.398; 93.218;153.880;187.466;165.614;185.120;185.818;106.416;132.556;258.818
2004-11-10 09:50:00; 53.990;203.633;124.927;394.993;   null;197.210; 86.334;147.787;274.434; 94.279;152.940;189.304;166.066;186.016;186.284;107.250;131.796;256.574
2004-11-10 09:55:00; 52.963;203.267;123.710;402.233;   null;199.542; 86.392;148.927;277.160; 94.166;153.900;186.694;167.032;186.630;185.686;106.712;131.156;258.746
2004-11-10 10:00:00; 52.947;206.967;123.923;396.750;102.974;200.628; 87.036;148.300;276.641; 94.206;153.040;186.448;167.356;187.410;188.128;107.776;132.624;260.244
2004-11-10 10:05:00; 51.483;205.633;125.660;401.247;   null;203.738; 88.272;147.013;275.861; 93.347;153.780;187.746;167.276;189.326;187.778;106.966;131.886;256.570
2004-11-10 10:10:00; 53.293;205.733;123.590;396.787;   null;202.164; 86.156;146.683;278.459; 93.638;152.600;188.398;167.110;185.794;186.198;106.184;132.008;259.096
2004-11-10 10:15:00; 53.783;205.633;126.073;402.870;103.112;201.096; 88.414;150.810;274.530; 93.671;153.920;188.552;169.206;187.116;187.504;107.122;132.818;258.658
2004-11-10 10:20:00; 53.870;205.867;125.110;402.133;   null;203.180; 86.918;149.914;276.109; 93.847;153.460;187.988;168.424;185.194;185.366;106.040;129.994;259.608
2004-11-10 10:25:00; 53.443;205.100;124.950;402.340;   null;202.508; 86.540;149.053;275.736; 94.049;153.860;188.798;168.240;190.318;186.400;107.892;132.074;257.626
2004-11-10 10:30:00; 53.337;204.600;125.320;406.310;104.259;199.902; 85.904;149.983;276.459; 94.060;153.680;188.402;167.516;187.526;188.222;106.294;132.924;259.494
2004-11-10 10:35:00; 51.830;203.933;125.850;410.673;   null;200.878; 86.034;147.867;276.101; 93.833;154.240;187.760;168.198;189.122;188.496;106.978;131.978;258.822
2004-11-10 10:40:00; 54.117;206.000;123.993;407.203;   null;201.310; 87.468;147.987;276.960; 94.864;152.960;187.974;167.336;187.196;185.374;106.386;132.426;258.308
2004-11-10 10:45:00; 52.097;205.400;124.360;409.897;103.777;202.528; 88.400;150.447;275.355; 95.004;154.020;188.758;169.306;187.114;189.248;106.748;133.476;259.152
2004-11-10 10:50:00; 53.813;207.300;125.310;409.310;   null;199.650; 87.914;146.937;275.542; 93.876;153.400;187.460;167.620;188.980;187.796;107.662;133.734;259.580
2004-11-10 10:55:00; 53.187;207.300;126.527;409.006;   null;200.590; 87.210;148.243;274.399; 94.452;153.080;187.912;168.008;188.586;188.996;107.336;133.072;261.020
2004-11-10 11:00:00; 53.420;206.067;124.580;409.027;103.900;202.712; 87.478;149.150;279.215; 95.441;154.860;189.698;169.926;188.294;186.114;108.844;132.388;260.574
2004-11-10 11:05:00; 53.467;211.433;125.153;408.530;   null;201.616; 86.916;150.257;276.415; 96.345;154.160;187.986;167.722;189.962;185.828;106.850;133.960;258.472
2004-11-10 11:10:00; 53.330;205.033;124.340;412.176;   null;199.594; 85.386;148.407;277.962; 93.539;154.560;188.808;166.880;191.612;188.514;106.888;133.580;260.134
2004-11-10 11:15:00; 53.327;206.967;124.297;407.890;102.293;199.762; 85.714;150.567;278.389; 95.441;154.980;187.590;167.842;187.832;186.192;107.410;131.896;258.712
2004-11-10 11:20:00; 53.797;207.100;124.167;406.633;   null;200.192; 87.072;151.077;274.912; 95.173;154.240;188.224;168.222;189.990;187.594;107.290;132.652;262.828
2004-11-10 11:25:00; 53.340;207.467;122.250;406.650;   null;200.918; 86.790;146.653;279.436; 94.019;153.560;189.170;167.604;190.090;188.230;107.084;133.572;260.260
2004-11-10 11:30:00; 52.323;205.900;124.693;406.413;102.557;201.974; 85.884;147.720;277.283; 94.094;154.060;191.846;166.400;186.810;188.768;108.104;134.040;259.916
2004-11-10 11:35:00; 53.260;208.400;123.563;409.653;   null;198.722; 88.122;148.223;279.341; 93.154;155.100;188.572;167.000;189.790;187.498;107.980;132.928;261.822
2004-11-10 11:40:00; 52.663;206.967;125.357;409.053;   null;199.006; 88.528;148.883;278.143; 95.152;155.840;188.492;169.768;190.510;187.176;107.878;133.736;260.394
2004-11-10 11:45:00; 52.697;206.067;124.627;407.907;102.984;203.202; 88.392;148.483;277.994; 93.572;155.140;188.452;167.718;189.694;189.668;108.022;133.622;262.480
2004-11-10 11:50:00; 53.580;205.967;125.213;411.033;   null;201.214; 85.926;149.140;278.630; 94.723;154.680;189.734;168.862;189.104;186.532;107.566;133.548;260.406
2004-11-10 11:55:00; 53.007;210.133;124.653;410.540;   null;202.462; 88.294;149.057;275.600; 93.004;152.980;190.254;169.326;188.314;188.642;107.694;134.030;261.770
2004-11-10 12:00:00; 53.160;210.267;123.863;411.593;103.237;198.478; 87.996;147.493;280.763; 96.629;154.820;188.346;168.718;189.332;190.242;108.796;132.224;261.940
2004-11-10 12:05:00; 52.763;207.967;123.783;409.490;   null;201.666; 87.312;149.450;279.508; 93.570;154.440;190.542;168.406;188.290;186.858;107.272;132.334;259.642
2004-11-10 12:10:00; 53.843;208.800;124.200;408.723;   null;201.736; 88.026;147.447;277.470; 93.765;153.700;191.166;170.154;190.998;190.144;106.506;134.062;262.788
2004-11-10 12:15:00; 52.833;208.233;125.737;408.447;103.975;202.874; 86.572;147.890;279.004; 95.094;153.840;189.176;169.666;189.758;188.404;107.888;133.412;262.452
2004-11-10 12:20:00; 53.743;205.533;124.310;408.010;   null;199.616; 88.654;147.927;279.433; 95.075;153.860;190.478;170.042;188.944;192.194;108.034;133.628;259.780
2004-11-10 12:25:00; 52.877;205.767;123.897;407.540;   null;202.178; 86.968;150.743;279.881; 95.907;154.220;189.494;167.062;189.828;189.382;109.742;133.056;259.756
2004-11-10 12:30:00; 53.483;206.767;125.033;406.410;103.540;201.216; 87.390;148.223;283.402; 94.984;154.780;190.348;168.662;188.742;189.670;106.914;133.324;261.536
2004-11-10 12:35:00; 53.403;207.767;122.203;408.770;   null;201.844; 87.602;149.257;280.798; 94.567;153.820;191.344;170.394;188.588;189.436;108.290;133.384;261.048
2004-11-10 12:40:00; 52.917;207.433;123.413;407.783;   null;201.116; 86.822;146.750;279.787; 94.614;153.500;189.812;171.180;188.524;189.906;108.168;133.728;262.868
2004-11-10 12:45:00; 52.170;207.033;124.550;410.963;103.465;201.882; 86.284;149.863;278.699; 93.389;154.140;188.542;170.774;186.740;188.828;108.132;134.794;260.186
2004-11-10 12:50:00; 52.980;205.733;123.530;409.440;   null;202.024; 86.492;151.503;281.530; 96.054;155.680;190.060;169.354;187.202;187.192;107.854;134.538;260.056
2004-11-10 12:55:00; 51.750;207.200;123.917;407.953;   null;201.068; 87.142;149.166;278.197; 94.301;155.800;192.608;171.132;190.330;187.738;108.790;134.928;259.458
2004-11-10 13:00:00; 51.990;208.367;123.963;408.453;103.393;199.790; 86.424;149.440;282.990; 95.608;154.540;191.904;169.630;189.116;188.306;107.526;133.606;260.860
2004-11-10 13:05:00; 53.273;208.033;123.697;405.723;   null;200.046; 87.230;147.230;280.743; 94.267;153.500;190.304;171.016;186.780;190.154;107.410;133.514;259.618
2004-11-10 13:10:00; 53.440;208.567;123.327;409.930;   null;201.258; 87.460;150.593;280.593; 95.122;154.440;191.714;171.196;189.866;188.758;106.890;133.300;262.380
2004-11-10 13:15:00; 53.693;207.733;124.607;409.530;103.414;201.084; 87.078;148.000;280.743; 94.526;154.600;190.680;169.226;189.482;189.368;107.548;133.460;259.934
2004-11-10 13:20:00; 53.153;208.000;124.450;409.223;   null;202.036; 89.658;147.707;279.640; 95.067;155.980;190.306;171.990;186.478;187.916;108.410;134.424;262.788
2004-11-10 13:25:00; 52.563;206.167;122.387;407.057;   null;198.702; 86.858;149.027;281.604; 95.222;154.260;192.222;168.506;188.750;187.486;106.420;132.972;262.104
2004-11-10 13:30:00; 52.623;209.867;123.517;406.657;103.564;203.162; 87.410;148.764;279.786; 94.800;156.320;191.440;170.470;189.568;187.734;108.256;133.558;262.448
2004-11-10 13:35:00; 54.020;210.367;123.640;408.043;   null;198.434; 88.352;145.690;280.536; 94.521;153.640;190.602;170.062;190.276;188.512;107.828;133.174;263.016
2004-11-10 13:40:00; 52.867;205.400;125.447;410.790;   null;202.506; 88.428;144.763;281.153; 95.916;154.820;190.142;169.524;188.668;188.044;108.956;132.878;261.356
2004-11-10 13:45:00; 52.997;206.200;123.977;405.997;102.701;198.944; 88.776;146.927;278.206; 94.631;152.900;190.612;170.820;188.636;188.926;107.948;133.856;263.982
2004-11-10 13:50:00; 52.830;205.967;123.143;403.297;   null;201.604; 87.742;150.127;277.005; 95.101;152.400;188.866;170.238;187.642;188.734;107.584;133.832;259.772
2004-11-10 13:55:00; 53.797;206.033;121.067;406.317;   null;199.180; 87.494;148.107;278.432; 94.407;153.040;190.318;170.538;191.172;189.384;107.734;133.064;263.828
2004-11-10 14:00:00; 53.227;207.033;123.870;405.463;102.826;199.350; 86.946;151.300;277.719; 95.968;153.720;191.750;172.164;189.692;186.896;107.166;134.716;259.402
2004-11-10 14:05:00; 52.413;208.733;123.143;405.184;   null;201.992; 88.236;147.403;279.895; 96.024;154.220;192.144;169.482;188.062;187.810;108.784;132.350;263.646
2004-11-10 14:10:00; 51.510;207.133;122.267;409.090;   null;201.934; 88.492;148.117;275.842; 93.939;154.920;189.942;167.036;188.648;188.612;107.874;132.086;262.672
2004-11-10 14:15:00; 53.457;206.333;124.797;405.160;103.376;200.334; 89.904;148.233;277.591; 95.537;153.740;190.266;170.292;187.768;188.136;106.416;134.152;263.558
2004-11-10 14:20:00; 52.190;206.867;124.853;406.520;   null;200.678; 87.590;148.597;280.703; 94.415;152.080;187.968;170.950;188.810;189.936;107.452;133.932;261.532
2004-11-10 14:25:00; 53.163;208.733;124.710;407.403;   null;201.334; 87.524;149.973;277.666; 97.146;152.900;190.698;170.338;187.816;188.544;106.846;133.712;262.966
2004-11-10 14:30:00; 52.730;207.500;124.287;405.223;103.274;201.016; 86.800;150.053;284.266; 95.158;154.320;189.470;169.964;188.460;188.160;108.616;134.524;262.340
2004-11-10 14:35:00; 52.810;208.867;123.643;406.917;   null;198.552; 86.904;147.610;279.391; 94.348;154.220;189.044;169.286;189.462;188.384;108.000;134.586;263.622
2004-11-10 14:40:00; 51.627;208.600;124.907;405.663;   null;198.440; 89.044;150.150;277.628; 95.203;153.180;189.652;168.086;188.330;189.292;107.516;133.688;262.536
2004-11-10 14:45:00; 53.123;206.067;124.273;404.140;102.341;200.414; 87.144;148.583;278.491; 95.835;153.980;190.696;170.710;188.032;187.844;108.452;133.832;262.464
2004-11-10 14:50:00; 54.733;206.033;125.837;406.533;   null;199.002; 87.596;148.103;281.397; 92.722;153.880;188.342;169.292;188.582;188.368;107.498;134.244;261.416
2004-11-10 14:55:00; 52.463;203.800;124.500;408.804;   null;199.830; 87.260;145.347;280.065; 94.973;152.660;190.174;168.008;189.004;187.828;108.976;133.970;261.414
2004-11-10 15:00:00; 52.467;208.567;123.693;409.227;103.637;199.020; 86.722;149.003;278.732; 95.275;154.880;190.586;168.158;185.816;189.124;107.918;133.828;262.930
2004-11-10 15:05:00; 52.960;205.667;122.447;405.330;   null;201.010; 87.008;149.280;281.998; 95.030;153.720;190.652;170.228;187.908;189.364;107.266;133.576;260.662
2004-11-10 15:10:00; 52.817;204.633;122.850;406.933;   null;201.044; 86.576;147.173;277.929; 94.791;154.100;190.728;168.006;188.768;190.668;109.148;132.672;263.518
2004-11-10 15:15:00; 52.483;206.533;125.580;407.556;102.745;198.550; 86.138;147.507;280.308; 95.794;152.780;190.658;169.660;190.812;189.362;107.648;136.106;262.354
2004-11-10 15:20:00; 52.277;206.633;123.880;407.227;   null;200.174; 88.086;147.977;280.683; 93.889;152.680;191.516;167.920;188.890;189.414;107.206;134.430;262.844
2004-11-10 15:25:00; 53.313;207.100;125.010;408.450;   null;198.080; 87.866;149.507;278.807; 94.317;152.800;188.952;168.732;190.740;189.388;107.690;134.388;262.912
2004-11-10 15:30:00; 53.763;208.500;124.443;410.200;102.701;202.760; 88.228;149.253;282.316; 92.522;155.960;190.092;170.322;185.964;188.528;108.186;134.168;262.714
2004-11-10 15:35:00; 51.900;206.033;124.370;407.447;   null;198.782; 87.896;150.407;282.034; 95.324;154.700;190.360;168.586;191.830;189.116;107.726;134.670;261.662
2004-11-10 15:40:00; 52.393;206.200;124.603;405.483;   null;199.548; 88.736;150.130;280.758; 96.384;156.020;192.620;169.324;187.918;190.906;108.802;134.464;260.978
2004-11-10 15:45:00; 52.340;209.033;122.520;406.320;102.618;201.224; 86.834;147.280;283.836; 95.432;154.780;191.070;170.636;186.794;189.612;108.656;133.158;260.368
2004-11-10 15:50:00; 52.460;205.133;124.777;408.877;   null;198.160; 86.044;146.400;282.504; 93.197;152.540;190.864;169.970;188.444;187.570;107.836;133.942;260.466
2004-11-10 15:55:00; 52.803;206.733;123.723;406.840;   null;201.306; 87.654;148.070;281.697; 93.800;154.080;191.222;169.784;189.622;188.976;108.312;132.420;261.000
2004-11-10 16:00:00; 52.847;207.467;123.687;406.837;103.368;201.578; 88.462;148.923;278.982; 94.242;154.200;189.496;171.878;189.724;189.040;108.586;133.196;262.674
2004-11-10 16:05:00; 53.627;207.467;122.370;408.660;   null;195.836; 87.180;149.223;280.985; 94.174;154.280;191.604;171.928;189.912;191.446;106.844;133.046;261.452
2004-11-10 16:10:00; 53.470;203.900;124.513;409.723;   null;200.248; 87.840;147.363;279.695; 93.491;154.480;189.790;168.638;190.970;189.118;107.820;134.268;261.576
2004-11-10 16:15:00; 53.633;205.667;124.883;406.727;103.295;200.234; 87.494;147.377;281.211; 95.006;153.980;192.652;170.892;189.192;192.066;107.746;134.690;263.752
2004-11-10 16:20:00; 52.360;208.733;123.313;406.427;   null;199.100; 88.074;148.320;280.518; 94.897;153.420;191.720;170.942;190.282;187.466;108.760;134.090;261.522
2004-11-10 16:25:00; 52.773;208.233;124.373;407.647;   null;198.516; 87.652;148.700;280.781; 95.273;155.300;192.178;170.618;189.314;188.022;108.496;132.870;259.738
2004-11-10 16:30:00; 52.693;207.800;123.743;404.587;102.310;201.636; 87.150;149.400;280.032; 94.172;153.620;191.790;169.002;188.432;189.934;108.442;134.784;261.330
2004-11-10 16:35:00; 52.470;205.067;124.200;403.293;   null;200.174; 88.248;148.313;283.570; 95.878;153.460;191.706;169.786;191.084;189.798;107.572;134.152;260.646
2004-11-10 16:40:00; 52.220;207.033;121.857;405.893;   null;199.938; 87.832;148.840;279.695; 95.180;154.060;190.202;170.822;190.400;190.430;108.950;132.294;261.124
2004-11-10 16:45:00; 52.410;206.600;124.893;402.023;101.313;202.182; 87.116;148.963;277.523; 93.738;153.260;190.460;169.656;190.524;189.330;109.634;133.678;262.422
2004-11-10 16:50:00; 54.730;206.967;124.053;403.073;   null;202.094; 87.446;148.997;280.930; 96.469;151.760;190.944;170.038;189.896;188.112;109.962;133.444;264.302
2004-11-10 16:55:00; 53.303;207.933;123.783;403.693;   null;200.532; 87.288;148.370;279.208; 94.345;153.260;189.262;169.478;189.632;190.946;108.060;134.204;261.980
2004-11-10 17:00:00; 53.200;205.467;124.273;404.423;101.818;200.282; 87.410;149.810;280.464; 94.455;153.940;190.630;169.274;191.028;188.812;108.314;133.070;259.540
2004-11-10 17:05:00; 52.143;208.833;123.083;405.883;   null;200.730; 87.532;149.057;279.586; 92.680;152.360;189.656;170.560;190.286;189.866;108.046;133.108;260.274
2004-11-10 17:10:00; 53.350;205.600;121.680;400.367;   null;199.418; 87.020;145.616;280.353; 94.885;153.320;190.944;171.062;190.360;190.836;108.712;132.774;263.140
2004-11-10 17:15:00; 52.223;206.867;122.710;397.853;101.872;200.154; 87.702;147.033;282.613; 94.048;151.660;191.608;169.532;191.490;187.380;108.278;133.048;260.376
2004-11-10 17:20:00; 52.513;204.867;122.523;399.660;   null;200.872; 88.536;150.610;277.744; 94.595;152.900;191.430;170.722;190.236;188.476;108.490;133.594;260.140
2004-11-10 17:25:00; 52.070;208.267;122.837;398.443;   null;200.122; 87.834;148.323;277.743; 93.100;153.420;188.816;170.370;189.192;190.208;107.908;133.486;263.488
2004-11-10 17:30:00; 52.190;206.967;122.810;401.300;101.570;196.134; 87.218;149.207;279.441; 94.823;152.940;190.956;168.074;191.762;190.156;108.446;133.574;259.640
2004-11-10 17:35:00; 51.457;205.533;121.293;401.180;   null;199.556; 87.756;146.500;284.137; 94.665;152.420;190.004;171.744;190.392;189.770;108.146;132.904;263.150
2004-11-10 17:40:00; 52.023;205.300;124.320;401.210;   null;200.788; 87.652;148.337;279.648; 91.703;152.420;190.958;169.402;189.720;189.206;108.384;133.278;264.618
2004-11-10 17:45:00; 51.910;206.267;123.530;398.410;101.877;195.114; 89.700;148.370;280.095; 94.499;152.060;191.802;169.474;191.482;188.358;108.568;132.434;262.624
2004-11-10 17:50:00; 52.153;206.833;121.403;401.520;   null;198.536; 87.264;150.020;279.610; 93.963;150.900;191.200;169.770;191.916;190.572;108.078;133.580;262.672
2004-11-10 17:55:00; 52.500;207.433;123.150;398.580;   null;198.656; 87.152;150.187;280.039; 93.598;154.500;190.726;169.936;191.542;191.536;108.468;134.024;262.156
2004-11-10 18:00:00; 51.797;207.200;123.240;401.277;101.695;196.534; 86.748;153.177;281.565; 94.702;152.860;189.458;170.086;189.830;189.878;108.182;133.424;261.356
2004-11-10 18:05:00; 52.800;205.433;122.070;399.440;   null;199.236; 88.950;150.760;280.300; 94.862;153.260;189.566;171.336;190.944;189.486;109.104;133.208;263.002
2004-11-10 18:10:00; 52.480;206.067;122.687;402.270;   null;198.358; 87.556;150.933;278.997; 94.555;153.700;189.334;169.844;188.946;188.466;108.420;135.746;262.488
2004-11-10 18:15:00; 52.443;206.800;121.933;402.927;102.801;197.488; 86.118;153.367;282.459; 93.433;154.500;189.506;171.422;192.062;190.684;108.444;135.410;260.918
2004-11-10 18:20:00; 51.703;204.300;123.417;404.103;   null;199.110; 89.042;150.050;280.671; 95.532;152.740;191.868;170.896;190.812;190.112;107.216;133.988;262.518
2004-11-10 18:25:00; 53.130;206.767;122.777;402.747;   null;199.298; 86.028;151.383;277.863; 95.267;154.820;189.676;170.704;191.168;189.590;107.300;134.612;261.538
2004-11-10 18:30:00; 52.853;206.967;122.367;399.350;100.707;198.198; 86.360;150.187;280.653; 94.451;153.380;190.498;171.174;189.832;189.482;108.016;133.068;261.638
2004-11-10 18:35:00; 52.083;205.333;122.177;400.113;   null;196.562; 86.596;149.963;283.182; 95.008;154.100;190.352;171.492;189.504;192.460;108.100;135.086;262.314
2004-11-10 18:40:00; 51.463;205.667;123.633;400.790;   null;199.048; 86.734;152.153;281.081; 93.026;154.200;191.380;171.260;189.316;187.920;108.378;134.242;261.390
2004-11-10 18:45:00; 52.193;207.333;125.323;400.170;103.135;197.526; 88.150;151.913;281.156; 92.951;153.860;190.714;168.294;190.996;188.838;108.674;133.910;265.444
2004-11-10 18:50:00; 52.253;207.300;123.463;397.957;   null;200.510; 86.674;153.273;281.191; 93.098;153.880;192.476;172.538;192.790;191.414;109.018;134.254;263.338
2004-11-10 18:55:00; 51.920;206.267;123.380;403.803;   null;200.516; 89.408;152.093;282.716; 93.313;152.640;189.406;171.308;192.656;190.624;108.680;133.050;263.558
2004-11-10 19:00:00; 51.310;209.433;123.010;400.416;102.039;202.132; 86.882;150.987;282.080; 94.086;152.800;192.014;171.674;190.718;190.574;108.764;133.608;264.824
2004-11-10 19:05:00; 52.850;204.633;123.517;406.693;   null;198.104; 86.014;152.894;284.678; 93.417;153.000;193.062;170.200;189.224;190.060;107.860;134.104;261.576
2004-11-10 19:10:00; 53.990;205.967;122.207;404.137;   null;198.908; 87.304;153.460;282.729; 94.327;155.380;190.786;170.240;190.094;191.182;109.112;133.788;263.714
2004-11-10 19:15:00; 52.210;205.033;121.783;403.320;101.025;200.628; 87.868;150.580;280.335; 93.339;152.380;192.598;170.388;191.104;193.184;109.282;132.780;261.912
2004-11-10 19:20:00; 52.700;206.500;123.660;404.290;   null;199.460; 87.604;149.667;282.648; 95.190;154.240;192.652;171.324;191.320;190.700;107.914;133.738;261.978
2004-11-10 19:25:00; 52.270;205.867;122.187;403.580;   null;200.246; 89.704;150.327;280.833; 94.161;154.220;190.170;171.218;190.182;192.484;108.658;134.378;261.918
2004-11-10 19:30:00; 51.837;208.833;123.067;399.034;102.479;201.998; 87.632;153.777;278.945; 93.928;153.440;190.804;172.544;190.094;189.262;108.382;133.128;259.846
2004-11-10 19:35:00; 52.597;205.167;121.407;399.034;   null;199.136; 88.564;151.853;280.537; 94.740;153.600;190.440;172.060;190.514;192.696;107.466;134.434;262.150
2004-11-10 19:40:00; 51.893;206.567;122.180;399.510;   null;199.700; 87.542;151.680;280.443; 94.851;151.940;192.950;170.658;189.420;191.752;108.598;133.776;260.656
2004-11-10 19:45:00; 52.263;208.700;124.597;402.633;101.094;199.856; 88.698;153.363;283.456; 94.207;152.640;191.472;170.404;190.624;191.474;108.354;134.020;262.312
2004-11-10 19:50:00; 52.707;210.900;124.037;403.710;   null;198.332; 87.810;151.240;282.215; 94.551;152.920;191.110;170.706;189.222;192.862;108.306;135.200;260.016
2004-11-10 19:55:00; 52.980;205.800;123.260;400.413;   null;199.434; 87.434;150.983;284.557; 94.309;155.960;190.648;171.022;190.508;190.610;108.630;134.214;262.346
2004-11-10 20:00:00; 52.133;205.367;124.347;401.236;101.068;199.828; 88.268;152.670;281.324; 94.812;152.560;192.406;174.034;189.966;192.582;108.644;134.472;263.048
2004-11-10 20:05:00; 52.343;209.067;122.570;401.763;   null;195.976; 88.594;150.093;286.723; 93.810;155.380;188.048;171.450;189.306;192.020;109.626;133.010;261.094
2004-11-10 20:10:00; 52.047;203.733;123.487;404.687;   null;200.284; 87.784;150.990;280.544; 93.645;152.100;190.352;171.914;191.902;190.612;107.916;134.306;263.738
2004-11-10 20:15:00; 52.427;207.833;122.513;401.580;101.938;201.172; 88.276;152.023;283.367; 93.609;153.480;192.536;171.202;190.170;191.762;108.700;133.922;262.912
2004-11-10 20:20:00; 51.503;205.833;122.947;404.810;   null;200.164; 86.850;151.930;281.892; 94.618;151.860;192.444;170.638;189.756;191.542;108.030;133.434;263.360
2004-11-10 20:25:00; 52.127;206.300;121.770;405.877;   null;201.868; 87.342;151.360;286.059; 93.200;155.400;192.512;170.898;190.846;188.324;109.306;135.172;262.240
2004-11-10 20:30:00; 52.360;206.267;122.913;404.347;102.356;198.350; 86.846;151.220;284.893; 94.821;156.160;192.954;170.202;191.146;190.560;109.090;134.536;261.206
2004-11-10 20:35:00; 52.523;206.400;122.037;400.590;   null;200.418; 86.774;150.347;282.115; 95.033;154.800;193.990;172.756;188.648;189.570;108.994;133.844;261.692
2004-11-10 20:40:00; 52.407;205.233;122.277;402.237;   null;200.528; 87.996;151.923;280.293; 93.414;155.280;193.682;171.046;193.706;192.344;108.092;135.596;262.706
2004-11-10 20:45:00; 51.840;208.033;124.303;404.630;101.242;198.692; 87.998;150.027;281.960; 93.736;154.300;191.094;171.494;189.408;189.570;108.012;133.754;262.104
2004-11-10 20:50:00; 52.570;208.300;122.640;403.527;   null;201.120; 86.944;151.807;281.937; 94.959;154.640;192.150;169.372;188.562;191.548;110.336;133.034;262.030
2004-11-10 20:55:00; 51.440;208.033;122.800;399.887;   null;200.384; 89.682;153.350;281.314; 93.726;154.460;188.838;170.172;191.106;191.754;109.840;134.048;260.888
2004-11-10 21:00:00; 52.730;205.200;122.797;398.796;101.326;200.844; 88.034;150.103;282.905; 93.610;154.640;193.612;169.358;191.438;191.308;108.608;132.746;261.906
2004-11-10 21:05:00; 51.397;207.333;122.377;399.640;   null;199.612; 86.270;150.377;281.488; 95.078;156.120;191.600;169.972;190.256;190.542;109.366;134.586;263.548
2004-11-10 21:10:00; 52.470;207.833;123.000;402.630;   null;199.134; 87.044;155.740;283.551; 94.263;154.300;190.982;169.962;191.246;189.668;110.016;135.226;262.178
2004-11-10 21:15:00; 52.263;205.467;122.083;400.626;101.986;200.792; 89.398;151.787;281.943; 94.366;153.960;192.184;172.666;188.538;187.698;110.134;132.728;261.738
2004-11-10 21:20:00; 52.893;208.000;122.373;402.433;   null;200.310; 89.350;153.350;284.954; 94.541;154.900;190.894;169.250;190.722;190.462;109.450;134.198;261.252
2004-11-10 21:25:00; 51.457;208.867;123.143;403.103;   null;201.290; 88.710;153.203;281.956; 95.103;153.380;191.290;171.050;188.420;190.382;108.664;134.000;261.980
2004-11-10 21:30:00; 52.360;208.267;123.497;404.513;101.619;200.406; 88.370;150.887;284.307; 93.924;153.060;190.788;171.292;189.986;191.198;108.934;133.038;262.220
2004-11-10 21:35:00; 52.537;208.333;122.717;401.990;   null;202.136; 87.830;153.083;280.012; 94.240;154.580;191.832;171.498;187.716;189.208;109.326;134.438;264.108
2004-11-10 21:40:00; 52.637;206.767;121.453;404.090;   null;200.828; 88.416;150.857;282.324; 94.620;156.480;190.668;170.568;187.860;189.834;109.240;135.108;264.208
2004-11-10 21:45:00; 53.383;206.667;122.117;404.890;102.740;201.600; 87.992;152.927;282.702; 95.775;154.200;191.574;170.892;188.912;190.308;108.982;134.660;260.604
2004-11-10 21:50:00; 52.193;208.133;124.850;406.773;   null;199.672; 87.354;152.297;282.021; 94.725;155.500;190.312;171.880;186.982;189.620;108.010;133.494;263.300
2004-11-10 21:55:00; 51.933;207.067;123.143;405.523;   null;200.290; 88.114;149.940;282.714; 94.988;154.080;191.026;171.362;189.310;189.402;110.344;135.344;262.632
2004-11-10 22:00:00; 52.767;205.867;126.133;402.370;102.946;201.286; 86.908;153.840;282.943; 95.996;155.480;192.358;170.560;190.662;191.522;109.000;133.660;262.030
2004-11-10 22:05:00; 52.197;205.167;123.623;405.153;   null;201.732; 88.750;150.923;280.032; 94.838;154.840;191.424;172.522;190.100;189.530;110.094;132.426;262.222
2004-11-10 22:10:00; 53.267;207.300;121.387;404.180;   null;200.828; 87.392;152.657;283.490; 95.537;156.380;191.298;170.494;189.322;187.582;109.340;134.234;261.894
2004-11-10 22:15:00; 52.580;207.133;123.970;402.300;101.662;201.728; 87.274;153.713;280.737; 94.694;156.960;192.316;171.002;187.772;190.798;108.994;133.690;263.382
2004-11-10 22:20:00; 52.407;204.967;124.547;402.537;   null;202.304; 87.860;153.080;284.592; 95.366;154.620;191.000;171.290;189.300;190.856;109.194;134.812;261.658
2004-11-10 22:25:00; 52.467;208.500;122.637;402.233;   null;201.586; 86.664;152.133;283.185; 95.786;156.120;193.030;169.288;186.612;189.320;107.712;133.232;262.838
2004-11-10 22:30:00; 52.343;206.833;123.953;403.117;102.264;200.850; 88.384;154.913;282.640; 96.088;155.580;191.462;171.636;186.886;190.486;110.238;132.124;263.326
2004-11-10 22:35:00; 51.570;205.167;124.030;403.737;   null;200.246; 87.364;152.773;280.304; 95.244;154.620;191.160;171.498;188.714;189.214;107.400;133.808;261.238
2004-11-10 22:40:00; 53.160;208.900;124.140;402.043;   null;200.824; 85.700;151.487;281.792; 95.283;155.400;191.722;173.146;189.174;190.768;108.538;135.450;263.354
2004-11-10 22:45:00; 52.240;206.467;122.937;406.987;101.625;205.072; 87.788;150.180;282.906; 95.305;154.680;190.288;172.704;189.116;189.812;109.324;134.742;262.864
2004-11-10 22:50:00; 52.723;207.500;124.487;405.590;   null;200.500; 86.958;153.847;280.304; 95.158;154.700;190.636;172.262;187.602;191.592;108.660;133.798;262.650
2004-11-10 22:55:00; 52.837;208.533;124.893;407.767;   null;202.820; 86.078;151.143;283.679; 96.007;154.720;190.294;172.084;186.952;189.442;108.978;133.040;262.916
2004-11-10 23:00:00; 53.720;205.000;122.103;405.830;103.335;201.446; 87.614;151.483;281.707; 96.266;155.780;189.478;170.668;189.600;189.440;108.754;132.612;259.422
2004-11-10 23:05:00; 52.917;208.200;123.553;406.417;   null;204.598; 86.476;152.247;280.271; 96.926;156.060;190.576;169.732;190.994;190.718;108.542;132.728;262.534
2004-11-10 23:10:00; 52.697;204.600;123.100;405.187;   null;204.146; 87.202;152.363;282.479; 95.069;157.660;192.970;172.822;186.852;190.806;109.620;132.922;260.678
2004-11-10 23:15:00; 52.487;208.567;121.753;403.566;102.754;200.286; 87.530;153.060;280.379; 93.135;155.760;192.006;172.582;189.944;190.718;109.920;135.426;261.224
2004-11-10 23:20:00; 53.093;207.233;122.213;405.250;   null;199.826; 87.048;153.560;282.888; 95.580;155.700;188.480;173.436;190.656;190.524;109.890;133.356;259.592
2004-11-10 23:25:00; 50.927;206.100;122.640;405.457;   null;203.102; 88.408;151.747;281.947; 96.060;156.640;190.766;171.278;190.146;190.424;108.440;133.344;262.236
2004-11-10 23:30:00; 52.760;207.300;124.093;404.897;102.207;201.692; 88.428;152.063;280.030; 95.861;155.240;189.966;172.074;189.076;189.250;108.172;132.860;263.832
2004-11-10 23:35:00; 53.050;206.733;122.183;405.537;   null;201.006; 85.572;151.147;280.934; 95.839;157.420;192.376;172.936;190.168;189.716;109.696;133.788;262.548
2004-11-10 23:40:00; 52.800;208.400;124.970;406.550;   null;203.380; 87.172;150.230;281.211; 94.750;155.920;190.498;171.002;189.874;188.986;108.378;134.536;262.162
2004-11-10 23:45:00; 52.237;208.033;124.667;404.777;102.744;202.834; 88.416;155.226;281.863; 97.006;156.980;190.276;170.428;187.584;188.378;109.320;134.286;262.794
2004-11-10 23:50:00; 52.557;206.033;123.507;402.247;   null;200.982; 86.344;154.100;279.103; 96.130;158.320;190.618;172.024;189.786;189.216;109.902;134.862;263.458
2004-11-10 23:55:00; 52.537;207.167;124.923;405.220;   null;201.310; 87.184;153.650;281.200; 93.959;156.660;189.170;170.514;187.330;188.686;109.106;134.440;261.014
2004-11-11 00:00:00; 52.120;207.300;122.240;408.800;103.622;201.316; 88.826;154.597;284.164; 95.940;157.100;191.410;169.890;188.302;189.066;110.138;133.122;261.474
2004-11-11 00:05:00; 53.250;206.433;122.083;410.497;   null;201.190; 86.772;153.670;282.041; 95.874;156.520;191.114;171.794;188.180;190.710;110.952;134.288;261.206
2004-11-11 00:10:00; 52.667;209.500;123.830;403.053;   null;202.926; 88.232;152.613;282.956; 95.168;156.740;190.596;172.366;188.350;190.200;110.154;133.228;261.954
2004-11-11 00:15:00; 53.343;207.133;124.600;404.243;102.698;206.342; 87.804;155.076;279.525; 94.796;153.620;188.946;171.358;190.050;189.820;109.774;131.800;263.386
2004-11-11 00:20:00; 52.453;207.533;122.853;406.733;   null;202.610; 87.910;154.930;280.452; 95.248;156.460;190.988;172.282;189.440;191.458;109.604;135.132;261.970
2004-11-11 00:25:00; 52.253;207.667;123.037;404.897;   null;202.666; 87.654;153.427;280.487; 96.439;156.300;190.886;170.520;189.624;191.268;109.314;135.212;261.608
2004-11-11 00:30:00; 53.420;206.300;123.893;405.450;103.221;205.710; 88.824;154.334;280.704; 95.374;156.460;191.630;171.828;189.468;189.766;109.354;132.838;262.544
2004-11-11 00:35:00; 51.010;204.367;124.040;405.740;   null;203.110; 87.744;152.430;280.272; 95.946;154.200;190.266;172.454;186.404;189.098;109.126;133.656;263.730
2004-11-11 00:40:00; 52.220;209.367;125.510;406.610;   null;202.230; 88.634;153.740;281.738; 97.108;155.680;191.956;173.632;189.532;187.778;109.380;134.276;264.982
2004-11-11 00:45:00; 52.470;206.800;124.387;406.237;103.092;204.908; 87.142;152.197;279.190; 94.809;155.200;192.724;172.828;190.956;188.626;109.084;134.906;262.236
