DATETIME,ESOI,ATHN,MXCO,ROME,AATB,LMKS,DRBS,MOSC,NEWK,KIEL,CALG,OULU,APTY,FSMT,NAIN,PWNK,THUL,SOPB,SOPO
2001-09-25 15:25:00,172.802,51.693,210.2,126.603,1361.62,402.757,104.05645874999988,211.12,90.148,156.78,292.1,96.131,160.42,196.438,199.512,202.3,112.894,46.51,267.082
2001-09-25 15:30:00,170.894,52.763,212.533,125.26,1359.7,406.263,104.216,212.376,90.502,156.203,293.877,98.571,159.52,197.838,202.266,196.793,111.53,46.446,266.536
2001-09-25 15:35:00,169.88,53.177,210.633,127.49,1361.96,406.867,104.53021958333328,212.916,90.504,155.377,292.721,98.744,161.68,196.004,201.06,195.99,113.464,46.014,268.048
2001-09-25 15:40:00,173.254,51.47,209.667,125.217,1358.16,409.067,104.52118374999995,211.83,89.162,158.603,292.754,97.88,159.68,196.502,199.674,200.318,114.046,46.488,267.922
2001-09-25 15:45:00,171.458,52.49,210.2,125.85,1355.68,406.51,104.668,211.75,90.598,158.503,294.205,96.893,158.84,197.102,200.748,198.464,111.918,46.004,268.582
2001-09-25 15:50:00,169.704,51.433,211.133,127.76,1360.5,409.577,104.3829016666667,214.456,89.5,156.46,293.968,98.088,158.24,196.65,200.89,199.818,113.392,46.316,265.562
2001-09-25 15:55:00,169.87,51.353,210.367,127.173,1361.96,405.613,104.50525333333333,213.66,89.536,155.99,293.288,98.729,159.9,197.306,200.148,200.84,113.13,46.232,267.868
2001-09-25 16:00:00,169.534,51.833,212.967,126.33,1358.34,413.283,104.398,213.836,89.152,156.003,294.714,98.78,160.7,196.044,202.422,199.574,113.092,46.412,267.916
2001-09-25 16:05:00,170.252,50.957,210.967,124.49,1358.52,407.503,104.50654291666672,213.026,88.542,155.877,295.019,98.499,160.7,196.546,201.574,198.668,114.088,46.732,267.244
2001-09-25 16:10:00,168.552,51.813,211.067,127.127,1363.3,403.27,104.04360250000016,212.288,90.782,154.923,294.307,98.971,159.58,196.738,201.082,201.54,112.168,46.406,269.08
2001-09-25 16:15:00,170.032,51.727,206.833,126.07,1356.08,406.95,104.539,210.612,89.478,158.883,292.837,98.087,160.14,195.378,201.594,200.312,112.766,46.15,268.34
2001-09-25 16:20:00,171.432,51.863,212.933,125.183,1357.74,406.81,104.53397916666658,213.626,90.372,154.443,291.615,99.065,160.4,196.238,203.184,199.576,113.15,45.852,269.514
2001-09-25 16:25:00,172.82,52.097,211.033,126.327,1364.28,407.664,104.44862416666666,211.332,88.86,157.23,294.024,98.783,159.56,196.518,199.988,200.12,111.358,46.356,267.056
2001-09-25 16:30:00,170.59,51.45,209.5,125.36,1366.82,402.69,104.362,213.894,91.01,157.72,295.257,97.101,160.58,196.334,200.936,200.252,112.92,46.846,266.294
2001-09-25 16:35:00,171.68,51.073,209.7,127.11,1365.42,404.297,104.50037750000007,210.956,90.538,154.967,292.972,98.302,159.48,196.534,201.614,200.038,112.282,45.834,266.218
2001-09-25 16:40:00,172.502,53.293,211.2,126.397,1362.86,407.923,104.63535041666663,210.726,90.018,156.87,295.755,99.869,158.12,195.716,202.566,201.176,112.698,45.922,269.108
2001-09-25 16:45:00,170.494,52.113,211.967,127.303,1353.62,406.303,104.266,211.586,90.556,154.577,297.98,97.853,160.18,196.732,201.978,198.908,111.288,46.048,267.858
2001-09-25 16:50:00,169.83,52.137,208.1,124.473,1360.38,409.487,104.62043833333333,211.654,89.63,157.136,293.538,100.039,158.94,197.948,200.804,201.09,112.946,46.498,267.798
2001-09-25 16:55:00,171.042,51.507,211.867,125.4,1359.18,411.55,104.56593458333326,212.462,89.67,158.286,292.521,99.712,161.86,196.468,201.726,199.152,112.514,46.914,267.216
2001-09-25 17:00:00,170.818,51.68,209.767,125.927,1356.04,409.823,104.982,212.704,89.888,155.977,297.525,99.081,159.26,200.0,202.212,200.668,112.218,46.17,268.978
2001-09-25 17:05:00,172.938,52.86,209.3,127.8,1355.58,407.18,104.63374124999987,211.478,90.518,158.18,292.872,98.817,160.32,197.13,202.376,201.437,113.028,45.748,268.85
2001-09-25 17:10:00,171.02,52.48,213.733,126.84,1367.7,409.813,104.58870458333335,211.502,89.916,158.637,296.631,100.446,159.26,196.268,202.12,200.72924083333342,113.032,46.82,268.182
2001-09-25 17:15:00,170.076,50.94,213.033,124.07,1354.92,405.557,104.736,210.398,91.146,157.47,295.344,98.072,160.82,197.452,201.324,202.648,112.458,46.034,268.208
2001-09-25 17:20:00,170.6,52.79,213.567,126.927,1356.8,407.41,104.44649833333325,209.63,88.576,156.917,292.23,99.099,159.8,198.008,202.004,203.298,112.202,46.234,266.846
2001-09-25 17:25:00,171.582,51.573,211.5,127.033,1366.38,411.303,104.62241208333326,211.418,91.3,156.0,292.635,99.119,158.56,196.784,201.532,201.472,112.678,46.34,268.804
2001-09-25 17:30:00,172.348,52.89,209.8,126.72,1351.82,408.107,104.809,211.864,90.352,156.24,293.708,99.433,159.64,196.986,201.232,201.28,113.718,45.614,267.792
2001-09-25 17:35:00,170.532,53.6,210.567,125.123,1346.32,406.947,104.62467874999979,213.518,90.942,157.097,296.143,97.269,159.64,196.938,201.312,200.214,112.596,46.08,268.232
2001-09-25 17:40:00,171.228,51.257,210.433,127.837,1356.38,404.804,104.52830750000003,212.3,89.9,154.57,295.116,97.743,161.86,196.918,202.17,201.292,113.076,46.098,268.318
2001-09-25 17:45:00,169.494,51.673,211.533,126.433,1356.4,407.23,103.843,212.81,90.564,156.786,295.42,97.907,160.72,197.794,201.47,201.328,113.22,46.322,266.856
2001-09-25 17:50:00,169.524,52.05,210.267,125.427,1356.44,405.28,104.41138583333336,209.95,90.104,156.227,293.325,98.988,160.72,197.156,202.014,199.406,112.864,45.37,267.13
2001-09-25 17:55:00,171.51,52.447,209.967,126.06,1346.92,404.643,104.48373208333334,213.31,90.89,159.456,296.252,98.537,159.9,197.774,201.59,200.538,114.044,47.032,268.006
2001-09-25 18:00:00,172.176,52.283,209.7,124.617,1352.9,407.3,104.62,209.16,89.752,157.007,296.658,99.457,160.32,197.648,201.17,199.386,113.33,45.612,267.502
2001-09-25 18:05:00,171.558,51.347,212.333,123.49,1354.82,406.817,104.28321875,210.658,89.944,156.773,295.374,99.575,157.66,197.094,202.656,200.574,112.528,46.87,266.52
2001-09-25 18:10:00,168.2,52.293,212.133,124.25,1353.22,407.317,103.87524166666667,211.646,90.47,157.003,294.078,98.02,161.26,198.828,203.12,201.764,113.354,46.628,265.534
2001-09-25 18:15:00,169.87,51.037,212.5,125.117,1349.36,410.736,105.666,213.064,90.618,157.243,295.091,100.017,161.4,199.498,200.698,201.406,113.718,46.166,268.23
2001-09-25 18:20:00,171.14,51.31,207.8,126.633,1353.76,406.137,104.65839958333319,212.148,90.192,156.367,299.345,99.531,159.32,197.236,200.802,201.854,112.214,46.254,267.812
2001-09-25 18:25:00,171.932,52.34,211.033,125.743,1346.98,405.956,104.60095333333331,211.094,90.038,155.73,292.975,99.811,161.6,198.306,202.288,198.604,112.806,46.116,267.746
2001-09-25 18:30:00,170.328,53.32,208.0,125.013,1351.3,408.46,104.805,215.298,91.292,158.467,294.13,98.423,161.86,199.432,199.85,200.538,112.746,45.992,268.436
2001-09-25 18:35:00,168.59,51.32,209.567,127.12,1346.66,408.647,104.50364000000005,213.554,92.508,156.973,293.839,98.761,159.76,198.618,202.046,199.506,113.6,45.558,267.286
2001-09-25 18:40:00,170.418,51.757,212.033,127.647,1350.08,408.947,104.73209124999993,212.614,89.898,158.79,293.67,100.82,161.02,198.752,203.172,203.6,112.358,45.816,265.526
2001-09-25 18:45:00,169.32,52.227,210.4,127.033,1355.14,410.323,104.307,214.404,89.89,157.763,297.394,98.41,160.54,197.628,201.714,201.874,112.786,45.66,266.574
2001-09-25 18:50:00,170.446,52.413,211.1,124.9,1347.14,407.13,104.62902291666666,215.466,90.754,159.367,296.068,99.014,158.58,198.352,201.212,203.726,114.38,46.48,265.228
2001-09-25 18:55:00,169.278,51.45,210.0,127.3,1346.2,411.613,104.54485625000008,211.108,88.878,156.363,297.346,98.329,159.04,198.922,200.89,201.836,113.812,45.894,264.904
2001-09-25 19:00:00,170.662,50.903,209.167,125.443,1347.88,407.153,105.144,213.998,90.604,157.363,296.221,99.351,160.04,197.512,199.946,202.736,112.764,45.938,267.138
2001-09-25 19:05:00,169.338,51.85,208.733,126.58,1358.12,407.3,104.47622208333335,214.41,88.456,157.06,294.554,98.341,159.06,196.47,201.696,199.514,112.52,45.912,263.504
2001-09-25 19:10:00,170.93,50.84,208.967,126.037,1351.42,405.09,104.55491083333338,213.558,88.052,156.576,293.855,97.889,160.76,198.236,202.82,201.268,113.382,46.104,263.154
2001-09-25 19:15:00,171.05,53.133,210.867,126.42,1352.46,409.803,104.728,212.02,89.588,157.723,297.784,99.863,159.38,199.026,201.04,202.72,112.628,45.376,263.848
2001-09-25 19:20:00,172.238,50.683,210.0,126.17,1349.08,406.663,104.81333208333325,213.796,90.916,158.527,296.863,100.124,158.16,198.604,199.378,201.79,113.04,45.792,264.248
2001-09-25 19:25:00,169.582,51.68,212.167,126.713,1355.32,407.893,104.64379208333332,212.79,89.83,155.087,297.165,100.154,159.44,199.358,201.434,200.12,112.982,46.168,264.562
2001-09-25 19:30:00,169.78,50.91,210.667,124.167,1350.38,405.83,104.041,209.884,90.564,158.163,296.024,98.532,161.04,198.602,200.368,200.493,113.456,46.258,265.088
2001-09-25 19:35:00,172.49,51.76,211.433,124.153,1346.94,411.723,104.68064583333326,212.618,90.39,159.417,297.283,98.985,161.22,200.224,201.146,204.25,114.034,46.336,266.002
2001-09-25 19:40:00,171.804,51.463,209.867,125.303,1361.08,407.753,104.69629166666657,212.432,90.984,156.36,296.998,99.531,159.72,199.234,200.798,199.284,113.716,46.616,264.33
2001-09-25 19:45:00,169.762,51.09,208.733,126.03,1351.78,407.357,105.278,212.198,89.162,155.407,298.49,98.705,159.62,197.37,203.616,200.962,112.574,45.404,260.354
2001-09-25 19:50:00,169.826,51.707,209.5,123.107,1354.12,403.593,104.13904708333328,213.896,89.534,157.753,296.916,99.593,159.94,200.384,201.228,199.694,112.9,45.056,261.868
2001-09-25 19:55:00,169.656,51.977,210.233,126.587,1354.38,408.65,104.5404954166666,210.218,90.75,156.567,296.581,99.659,159.14,199.4,203.886,200.994,112.828,44.736,262.614
2001-09-25 20:00:00,172.4,50.63,211.9,126.857,1359.68,405.143,104.769,212.036,88.98,158.867,295.094,99.632,158.3,201.57,202.632,199.874,112.874,44.586,261.576
2001-09-25 20:05:00,169.614,51.997,210.833,126.2,1352.76,405.64,104.23739666666664,213.272,90.134,158.583,301.968,100.132,158.06,199.172,201.38,201.332,113.322,44.88,259.08
2001-09-25 20:10:00,169.75,53.33,208.667,124.277,1352.78,404.103,104.44469999999994,213.502,88.466,157.823,298.205,101.029,160.52,197.8,201.964,199.396,113.328,45.508,262.162
2001-09-25 20:15:00,169.882,52.03,210.2,125.17,1349.4,403.69,104.309,211.696,89.492,154.633,299.256,99.575,160.48,199.944,203.086,201.43,113.184,46.387,258.24
2001-09-25 20:20:00,171.132,51.68,208.333,124.947,1353.78,406.383,104.68204458333325,213.67,90.054,157.147,298.237,99.078,160.8,200.616,201.044,202.38,113.876,45.384,260.31
2001-09-25 20:25:00,167.926,52.303,211.633,124.42,1335.2,404.117,103.44849833333336,209.666,90.39,157.057,297.003,99.147,161.42,202.376,200.606,198.276,114.098,44.708,262.378
2001-09-25 20:30:00,170.272,51.433,210.033,125.523,1340.76,402.703,103.148,211.53,90.212,157.5,300.906,99.884,159.92,199.746,200.512,201.114,112.808,43.984,258.248
2001-09-25 20:35:00,167.772,50.903,208.867,123.713,1339.04,403.39,103.36531083333341,208.63,87.738,157.587,296.686,98.406,160.7,200.442,200.052,202.153,113.602,45.58,260.228
2001-09-25 20:40:00,167.806,50.037,206.567,124.56,1336.06,400.877,102.7239220833334,208.568,88.124,156.393,296.037,97.636,157.84,198.02,200.298,199.94722312500002,111.588,44.944,261.114
2001-09-25 20:45:00,167.116,51.547,207.233,122.96,1348.38,398.917,102.782,209.14,90.048,155.81,297.718,96.842,162.04,199.77,198.24,204.264,113.694,45.038,262.092
2001-09-25 20:50:00,169.502,51.61,205.233,123.973,1334.66,396.923,102.7713704166668,211.878,87.712,154.66,296.835,99.347,158.56,200.546,200.99,199.498,114.142,44.342,259.024
2001-09-25 20:55:00,168.29,51.467,208.467,122.283,1337.72,393.79,101.9633579166667,207.566,89.93,156.12,298.55,97.437,159.44,197.978,198.654,197.614,113.07,44.09,259.368
2001-09-25 21:00:00,168.29,50.22,207.033,122.483,1342.56,395.897,102.118,208.972,87.944,155.75,296.353,98.679,158.74,197.958,199.722,199.536,113.36,44.466,257.414
2001-09-25 21:05:00,165.804,50.393,206.167,121.447,1339.34,396.03,101.75750000000008,210.726,87.866,153.31,296.07,98.491,157.34,200.324,197.832,201.134,112.45,44.61,255.448
2001-09-25 21:10:00,167.794,49.153,207.933,123.497,1335.5,394.87,101.60783708333338,209.944,89.1,155.447,296.9,96.51,155.82,198.044,196.966,200.862,112.278,43.564,255.95
2001-09-25 21:15:00,167.762,51.393,206.9,120.727,1334.86,393.48,100.689,206.976,88.958,155.543,295.057,97.608,156.74,198.414,199.042,199.848,111.312,44.152,254.75
2001-09-25 21:20:00,166.912,51.343,207.9,123.017,1328.84,393.917,101.22229416666683,207.34,89.584,153.237,293.099,97.304,155.96,198.108,197.76,200.678,112.45,44.198,253.35
2001-09-25 21:25:00,167.122,50.643,208.7,122.867,1314.38,391.553,101.05278541666684,205.886,87.116,154.86,294.095,97.348,158.02,199.264,195.892,196.972,112.7,43.87,253.146
2001-09-25 21:30:00,165.04,51.45,207.1,123.817,1320.48,390.02,101.209,205.21,89.688,154.707,291.18,96.916,157.12,196.83,196.76,200.952,111.732,42.374,250.142
2001-09-25 21:35:00,166.566,50.02,207.1,122.357,1309.8,388.787,100.57939458333338,205.444,88.742,153.584,290.616,96.279,157.64,196.264,197.742,197.532,110.532,41.954,249.316
2001-09-25 21:40:00,165.572,51.86,208.267,122.35,1315.36,387.797,100.43277041666664,203.61,88.14,152.567,290.503,97.728,155.24,195.82,195.408,197.658,111.262,42.728,248.294
2001-09-25 21:45:00,164.084,50.41,204.767,121.94,1312.86,385.523,99.85,204.448,87.454,152.393,289.63,94.627,154.86,194.382,195.932,195.506,110.258,41.87,246.644
2001-09-25 21:50:00,165.814,50.163,202.633,121.623,1298.06,387.017,100.03790249999987,201.026,87.314,150.58,286.893,95.307,153.08,193.696,196.354,196.704,110.628,42.542,245.06
2001-09-25 21:55:00,162.17,51.033,202.3,121.917,1305.42,385.213,99.95398541666671,200.78,85.464,151.11,287.312,94.003,152.66,191.5,197.518,194.738,111.176,42.128,246.274
2001-09-25 22:00:00,165.4,49.453,204.9,122.003,1302.24,386.633,100.191,199.08,86.942,149.774,292.973,95.014,153.6,195.33,196.67,197.35,110.744,42.472,245.512
2001-09-25 22:05:00,162.744,50.937,202.1,121.037,1314.0,386.04,99.96714874999999,199.65,86.55,150.217,291.388,94.346,152.74,194.488,196.076,194.1,109.142,41.67,246.16
2001-09-25 22:10:00,164.296,50.893,200.6,122.857,1316.46,389.407,99.89845374999986,203.702,87.54,150.007,292.478,94.574,153.08,194.608,194.374,193.806,110.36,42.184,247.748
2001-09-25 22:15:00,168.366,49.65,202.533,121.8,1322.12,390.003,99.514,204.7,87.428,151.86,294.082,94.945,157.18,195.536,195.556,194.262,108.352,42.76,249.66
2001-09-25 22:20:00,165.328,50.96,201.067,123.027,1316.78,388.077,99.86212166666657,202.68,87.87,152.083,290.945,94.805,155.84,195.208,192.9,193.59,108.766,42.656,246.056
2001-09-25 22:25:00,165.016,50.09,202.533,123.263,1306.24,388.99,100.0225316666666,203.698,87.136,149.907,290.354,95.718,152.94,194.832,195.282,194.232,109.848,41.672,247.712
2001-09-25 22:30:00,164.572,49.807,206.5,123.15,1303.66,393.45,100.272,203.044,86.312,151.993,286.991,94.524,153.9,194.094,193.028,194.546,107.908,41.524,243.53
2001-09-25 22:35:00,163.704,50.54,203.233,122.437,1292.74,389.977,99.79717333333332,200.954,86.276,152.213,282.926,93.438,152.62,193.738,190.844,192.668,109.418,42.312,245.35
2001-09-25 22:40:00,164.014,50.527,200.733,120.697,1289.4,388.817,99.77691333333331,201.4,85.58,150.757,282.259,93.937,150.84,190.492,190.868,191.832,107.462,41.776,245.024
2001-09-25 22:45:00,163.046,49.963,201.4,119.003,1291.08,389.143,100.035,202.302,85.414,150.35,279.368,93.985,152.74,190.6,189.232,192.228,108.618,42.198,246.572
2001-09-25 22:50:00,162.502,49.473,198.867,120.493,1279.24,388.48,99.52029583333322,199.938,84.69,148.817,280.514,91.656,153.28,191.226,188.31,193.28,107.714,42.116,245.26
2001-09-25 22:55:00,163.076,50.337,199.433,120.453,1283.46,385.793,99.19234458333321,198.956,84.732,147.7,278.599,92.765,151.66,188.594,190.308,192.962,107.62,41.74,244.726
2001-09-25 23:00:00,163.428,48.637,200.233,120.303,1284.7,385.427,100.738,197.622,84.912,150.09,281.033,95.027,151.44,184.766,192.612,191.744,107.894,41.516,243.932
2001-09-25 23:05:00,163.194,50.05,199.233,121.127,1294.84,384.95,99.36495958333332,200.164,86.838,147.703,282.143,93.394,151.26,187.74,191.728,194.298,108.15,41.754,244.274
2001-09-25 23:10:00,162.65,51.06,200.7,119.553,1279.38,383.61,99.11514208333328,200.09,86.01,148.26,283.754,93.491,151.36,188.636,192.158,191.602,108.586,42.17,246.182
2001-09-25 23:15:00,163.22,50.417,200.667,120.0,1288.78,388.06,99.67,201.028,87.104,146.957,283.591,93.453,153.08,188.176,193.024,192.8,109.138,42.74,246.42
2001-09-25 23:20:00,165.182,49.087,201.733,123.72,1288.32,384.263,99.19205541666658,201.688,87.016,146.923,282.397,92.956,154.48,187.844,190.868,192.352,109.806,42.55,248.648
2001-09-25 23:25:00,163.01,49.967,202.633,121.83,1285.38,385.02,99.54237749999993,199.028,85.276,149.07,283.242,93.557,152.26,189.572,192.282,192.78,109.682,42.746,247.166
2001-09-25 23:30:00,213.042,50.297,201.967,122.177,1295.44,384.927,100.04,198.514,86.656,150.4,283.767,94.366,153.64,186.874,189.936,193.566,108.584,42.184,245.322
2001-09-25 23:35:00,165.638,50.473,204.133,119.62,1289.24,385.61,99.55546958333329,200.298,86.436,150.963,281.371,93.594,153.08,188.39,192.7,189.916,108.674,42.354,246.63
2001-09-25 23:40:00,164.072,50.417,201.667,120.543,1287.06,383.757,99.53584000000001,200.996,86.198,149.513,284.216,94.352,152.52,187.606,191.82,193.92,107.892,42.518,244.648
2001-09-25 23:45:00,164.316,50.217,203.2,122.123,1293.78,388.413,99.595,201.5,87.946,150.196,284.042,93.21,151.72,189.98,192.814,193.192,107.752,41.926,246.138
2001-09-25 23:50:00,164.592,49.527,203.133,119.04,1287.46,388.06,99.58365124999993,201.83,85.21,147.417,283.375,93.605,151.58,189.53,193.612,191.772,106.286,41.968,244.632
2001-09-25 23:55:00,161.986,49.86,203.467,121.803,1291.18,384.95,99.56493958333331,203.216,87.048,147.617,286.606,94.341,150.02,189.298,193.094,191.144,106.734,42.194,243.78
2001-09-26 00:00:00,166.08,49.59,202.133,121.65,1292.74,388.48,99.888,200.584,86.276,151.14,281.629,94.258,150.72,187.214,191.32,192.122,107.976,41.296,244.234
2001-09-26 00:05:00,162.108,51.25,203.7,120.84,1289.8,387.47,99.4961341666666,198.984,86.006,148.207,278.062,93.055,150.36,185.144,189.832,189.5111641666668,107.646,41.078,243.642
2001-09-26 00:10:00,164.494,51.1,201.3,120.817,1288.06,386.537,99.41398291666667,200.932,86.566,149.587,277.336,92.429,150.06,185.32,189.036,192.548,106.186,41.418,245.34
2001-09-26 00:15:00,161.674,49.37,203.867,119.58,1281.82,391.263,98.824,201.964,85.872,150.247,277.047,94.021,151.64,184.494,189.368,191.422,107.274,42.042,244.824
2001-09-26 00:20:00,164.842,49.3,203.233,122.0,1288.5,383.52,99.18930166666665,199.114,86.154,149.3,277.466,93.136,152.16,183.912,190.94,188.558,108.932,41.598,245.348
2001-09-26 00:25:00,163.686,50.573,204.233,121.533,1285.88,384.007,99.12544708333327,198.818,84.87,148.78,277.205,93.267,151.6,185.45,189.718,186.958,109.382,41.666,243.076
2001-09-26 00:30:00,166.492,51.33,201.367,120.763,1291.6,383.507,98.839,198.604,85.516,149.487,278.677,93.325,153.26,185.082,189.24,190.874,108.518,41.698,244.27
2001-09-26 00:35:00,165.694,50.217,201.733,121.92,1300.94,385.653,99.42002749999997,200.518,87.102,149.707,286.024,92.874,152.22,184.836,191.306,189.724,107.56,41.578,243.888
2001-09-26 00:40:00,165.798,50.947,204.633,120.947,1294.36,381.687,98.8214441666666,200.408,85.772,148.007,283.965,93.067,151.36,186.436,187.834,188.526,106.994,41.792,246.796
2001-09-26 00:45:00,163.992,49.91,203.3,122.087,1300.3,386.15,99.131,198.504,86.288,148.167,279.323,93.88,151.48,184.078,188.858,189.983,107.388,42.142,243.374
2001-09-26 00:50:00,164.498,50.23,201.7,123.003,1291.28,383.497,99.00606958333343,200.938,85.578,147.243,281.22,93.564,150.62,188.16,190.472,186.24,106.55,41.476,241.104
2001-09-26 00:55:00,165.422,50.66,203.1,121.19,1296.96,385.943,99.2951629166666,195.756,86.998,148.797,278.303,93.384,152.82,186.044,187.768,190.95,108.876,41.234,244.148
2001-09-26 01:00:00,165.306,49.927,201.133,120.96,1289.12,385.827,98.845,198.52,85.618,149.247,280.795,93.267,151.0,186.966,186.922,188.674,107.294,41.82,243.162
2001-09-26 01:05:00,164.862,49.167,204.0,119.74,1291.86,384.48,99.29779458333333,199.338,86.666,150.743,279.658,92.801,152.42,184.416,191.198,189.456,105.45,41.9,243.362
2001-09-26 01:10:00,165.976,50.617,201.333,122.387,1302.5,384.217,99.31254583333339,199.866,85.852,148.14,282.984,94.214,149.68,182.478,190.978,188.606,104.266,42.166,245.654
2001-09-26 01:15:00,163.894,49.373,203.333,120.55,1304.18,389.457,99.977,198.454,85.468,147.973,282.723,94.549,150.54,184.692,189.014,188.692,105.216,42.828,244.022
2001-09-26 01:20:00,163.546,50.907,202.5,120.777,1310.24,387.043,99.33898708333324,195.974,87.214,148.25,283.595,93.67,148.7,184.634,190.972,189.224,104.632,42.284,248.044
2001-09-26 01:25:00,165.08,50.15,202.6,121.743,1305.5,383.4,98.77699541666661,198.192,86.672,147.794,278.507,92.715,148.64,185.838,188.386,188.796,103.612,42.796,245.602
2001-09-26 01:30:00,164.828,49.45,202.1,122.143,1310.82,387.91,98.994,201.946,85.238,146.82,280.46,94.583,149.84,183.606,189.518,189.268,103.15,42.686,245.772
2001-09-26 01:35:00,166.33,49.91,201.067,122.61,1307.08,387.0,99.12773499999996,199.212,86.232,147.383,274.841,92.052,148.3,182.532,187.796,187.794,104.3,42.624,248.678
2001-09-26 01:40:00,167.758,50.61,200.2,121.383,1311.86,388.3,99.32059041666656,204.102,85.002,149.437,278.205,93.1,149.42,183.916,186.438,187.042,105.588,42.32,244.56
2001-09-26 01:45:00,166.696,52.06,199.967,121.03,1294.06,385.18,99.299,203.568,85.528,148.387,274.808,93.205,149.7,186.588,185.756,186.592,105.01,42.144,246.358
2001-09-26 01:50:00,164.064,50.747,203.067,122.297,1300.3,387.357,99.43208999999987,201.544,84.532,149.76,274.285,91.797,150.84,183.636,186.372,185.997,105.106,42.032,246.266
2001-09-26 01:55:00,165.986,51.18,201.967,122.607,1309.78,383.9,98.83054124999997,202.03,85.078,147.49,275.522,91.475,148.62,184.132,186.188,189.76,104.926,41.78,246.428
2001-09-26 02:00:00,165.816,51.06,201.267,122.557,1308.98,387.43,99.079,201.49,85.422,148.113,275.157,91.87,148.02,183.756,186.752,186.97,106.39,41.834,242.69
2001-09-26 02:05:00,167.522,49.987,201.833,123.45,1296.16,388.227,99.29733666666657,202.702,85.302,147.364,271.474,91.331,151.32,183.41,187.376,183.852,105.46,41.854,243.712
2001-09-26 02:10:00,165.534,50.59,202.467,121.777,1295.16,386.527,99.20007916666657,199.694,85.342,147.453,271.762,93.035,149.92,183.402,187.946,186.248,105.18,41.972,243.032
2001-09-26 02:15:00,165.106,52.483,200.3,125.677,1293.64,391.51,99.129,202.41,85.196,147.54,272.838,93.093,148.3,184.87,185.632,187.83,104.43,41.994,245.58
2001-09-26 02:20:00,167.788,50.34,201.933,121.963,1296.32,388.653,99.3814429166666,200.468,84.538,147.21,272.284,92.331,150.88,184.032,184.336,185.587,105.126,42.244,245.734
2001-09-26 02:25:00,160.886,51.023,202.767,121.0,1294.34,386.993,99.80190874999988,202.476,83.946,149.333,276.456,94.265,150.16,186.136,186.316,183.99,104.332,41.102,247.68
2001-09-26 02:30:00,165.48,49.807,202.967,121.027,1302.46,387.364,99.931,199.528,84.004,149.847,275.967,92.513,152.54,186.608,186.67,187.558,105.518,41.832,243.654
2001-09-26 02:35:00,165.086,50.597,201.6,123.19,1309.22,394.567,99.79863374999988,203.136,84.494,150.673,277.849,92.796,150.66,185.442,186.408,186.998,104.662,41.194,244.966
2001-09-26 02:40:00,166.604,50.793,200.3,121.65,1292.98,392.05,99.54493999999997,201.014,84.956,150.923,275.179,93.424,151.32,186.362,185.668,185.68,106.488,42.09,243.474
2001-09-26 02:45:00,165.656,49.927,201.7,122.31,1296.22,391.05,99.915,203.198,85.222,148.307,274.523,91.455,152.02,186.634,188.398,186.316,105.586,41.554,244.806
2001-09-26 02:50:00,165.882,50.213,201.233,121.923,1289.6,390.723,99.7793116666666,203.734,84.182,148.607,277.615,91.841,151.0,186.24,189.802,187.368,105.388,41.308,244.042
2001-09-26 02:55:00,165.972,51.927,201.2,121.657,1297.92,385.917,99.38315583333316,203.56,84.01,148.287,273.119,92.865,152.26,187.076,187.836,187.958,105.368,41.336,243.068
2001-09-26 03:00:00,164.238,51.317,201.267,121.987,1286.12,390.397,100.768,202.038,84.184,148.76,274.863,94.234,150.9,185.542,188.376,187.972,104.436,41.188,241.312
2001-09-26 03:05:00,165.088,49.873,199.733,122.11,1286.18,391.123,99.79860250000003,203.66,85.81,151.64,277.591,94.074,150.96,186.7,187.698,187.728,104.944,41.624,241.96
2001-09-26 03:10:00,165.75,51.517,200.8,122.35,1283.2,389.653,99.52332958333325,199.562,84.788,151.113,275.351,92.884,150.14,184.444,188.05,189.672,106.796,42.15,244.196
2001-09-26 03:15:00,162.786,51.593,201.2,122.017,1281.86,388.98,99.925,199.336,83.866,150.31,276.033,93.055,149.64,186.464,187.048,187.912,105.394,41.126,241.784
2001-09-26 03:20:00,164.11,49.597,202.6,122.6,1286.48,386.357,99.53637458333327,201.414,83.486,148.953,275.572,93.492,150.84,185.792,188.762,190.202,108.126,41.568,242.768
2001-09-26 03:25:00,164.224,49.897,201.133,121.653,1286.56,387.077,99.35930666666658,199.262,83.346,147.553,275.922,92.988,150.64,186.026,187.954,186.664,105.898,41.852,241.286
2001-09-26 03:30:00,164.726,49.09,200.567,122.303,1278.58,386.31,100.396,198.514,85.29,150.47,275.559,94.179,150.3,185.328,189.458,186.648,107.364,41.012,242.45
2001-09-26 03:35:00,165.574,50.903,201.7,121.393,1276.98,381.503,98.60934208333323,196.928,85.538,147.79,275.235,92.382,150.74,185.298,188.674,188.158,104.718,41.78,241.642
2001-09-26 03:40:00,163.274,50.683,200.9,120.917,1280.16,379.39,98.30648416666659,200.788,84.402,148.24,275.972,91.619,150.6,185.246,187.124,189.32,104.05,41.128,243.296
2001-09-26 03:45:00,165.084,49.47,200.667,120.937,1279.34,379.7,99.215,197.32,84.984,146.903,275.584,91.853,150.84,183.678,188.834,189.196,104.624,42.426,244.062
2001-09-26 03:50:00,163.632,50.727,200.9,122.283,1276.44,379.123,98.47829125,198.926,85.972,148.163,274.276,92.675,148.8,184.48,188.416,189.442,105.482,41.532,242.292
2001-09-26 03:55:00,164.784,50.1,198.367,122.35,1278.42,382.25,98.76330499999996,201.284,82.91,148.136,275.925,93.101,150.9,186.266,188.476,189.8,105.902,41.236,243.002
2001-09-26 04:00:00,164.756,50.503,204.1,121.063,1274.62,379.15,100.209,198.154,85.156,148.177,276.79,93.155,149.72,184.012,186.094,188.238,104.954,41.544,242.598
2001-09-26 04:05:00,166.256,50.7,201.767,120.937,1277.06,378.957,98.39643,197.338,83.512,149.037,275.234,92.641,148.08,185.892,186.524,189.672,105.802,41.69,243.752
2001-09-26 04:10:00,165.036,49.743,202.333,120.983,1279.74,380.747,98.57510125000007,197.094,84.164,149.18,276.605,92.42,150.02,186.566,187.072,189.258,106.056,42.218,247.398
2001-09-26 04:15:00,165.998,51.46,201.6,122.43,1283.06,382.01,98.049,197.15,83.882,149.337,272.703,92.452,151.08,187.154,185.49,188.69,105.774,41.768,246.516
2001-09-26 04:20:00,163.294,50.537,199.8,119.31,1276.26,382.327,98.53824458333331,199.51,84.038,148.83,275.145,91.883,151.36,187.74,185.782,189.834,104.88,42.566,247.744
2001-09-26 04:25:00,163.128,49.46,206.133,121.84,1277.9,380.407,98.3293425000001,195.888,84.142,147.11,274.688,92.214,148.32,185.828,187.12,189.692,105.544,41.91,245.642
2001-09-26 04:30:00,164.458,50.85,200.8,119.847,1288.94,383.21,98.457,196.628,83.698,146.797,278.078,92.398,147.5,186.832,186.37,191.364,106.902,42.602,246.122
2001-09-26 04:35:00,164.002,49.52,200.367,119.06,1278.38,378.34,97.9736775,198.508,85.706,147.87,274.141,91.747,148.36,185.562,188.216,190.04,106.57,41.732,247.462
2001-09-26 04:40:00,161.998,49.24,201.967,119.95,1282.6,382.52,98.79458083333338,197.946,84.356,150.0,273.587,93.383,149.16,183.778,185.256,189.35,106.626,42.172,244.412
2001-09-26 04:45:00,163.624,49.713,203.2,118.257,1285.9,382.29,98.526,197.36,83.61,147.16,277.437,92.516,149.26,184.568,188.014,191.212,107.64,41.71,245.592
2001-09-26 04:50:00,163.938,51.137,201.333,120.557,1273.54,378.507,98.26389249999998,198.646,83.926,145.664,275.34,91.736,151.02,186.46,186.752,189.754,107.124,41.796,245.674
2001-09-26 04:55:00,165.802,49.59,199.967,120.64,1276.46,377.727,98.17165958333328,197.732,82.954,145.687,276.785,92.927,150.52,185.968,184.808,188.276,107.2,42.146,245.832
2001-09-26 05:00:00,163.094,50.673,199.233,119.337,1275.14,383.237,97.876,197.892,84.206,146.963,276.559,94.122,150.7,186.848,187.842,187.362,106.628,42.122,246.34
2001-09-26 05:05:00,161.076,51.057,202.9,120.157,1277.52,380.15,98.18085458333333,195.586,84.118,147.477,275.749,91.936,150.46,186.112,185.132,189.116,106.026,41.202,243.592
2001-09-26 05:10:00,163.542,48.5,198.4,120.223,1274.18,379.79,98.15880625000005,195.822,85.158,149.093,274.969,92.762,149.92,189.44,185.658,188.524,106.486,41.86,242.458
2001-09-26 05:15:00,164.48,49.477,198.833,119.543,1274.18,380.273,98.468,198.352,84.636,150.173,276.66,93.767,149.62,187.956,187.568,187.086,105.864,41.67,243.68
2001-09-26 05:20:00,163.236,49.663,200.9,120.523,1269.18,378.663,97.80636833333321,197.824,84.256,146.793,275.666,91.2,149.0,189.502,188.216,188.5,105.764,40.85,240.76
2001-09-26 05:25:00,163.462,49.06,199.5,120.833,1267.38,380.253,98.19763916666666,193.768,85.096,147.05,275.987,91.643,150.22,188.186,187.0,187.754,107.062,41.384,244.722
2001-09-26 05:30:00,162.738,48.88,202.567,118.883,1268.94,378.267,97.606,199.24,84.042,144.287,276.744,90.729,146.74,186.964,186.984,188.226,105.606,41.506,243.284
2001-09-26 05:35:00,164.312,49.617,197.933,120.393,1275.52,377.167,98.26971458333335,199.974,84.83,146.85,279.512,93.759,150.66,186.798,188.638,187.54,106.288,41.314,243.502
2001-09-26 05:40:00,162.664,48.64,201.067,119.843,1275.42,376.023,97.49888958333322,197.35,84.716,146.553,278.934,91.859,149.04,188.062,188.578,188.91,106.722,41.492,242.38
2001-09-26 05:45:00,162.504,51.063,199.8,119.2,1267.26,379.553,98.456,196.86,83.768,147.727,279.041,91.858,149.16,187.498,186.446,185.026,107.276,42.044,241.808
2001-09-26 05:50:00,162.182,51.227,199.6,119.48,1277.24,378.84,98.24274208333333,197.026,84.144,145.947,275.524,92.811,149.22,186.78,189.08,188.148,105.55,41.808,241.068
2001-09-26 05:55:00,163.126,49.077,196.667,121.733,1278.84,383.0,98.5189116666666,197.124,85.26,147.82,276.897,92.017,151.24,186.864,189.464,186.758,107.4,41.998,238.918
2001-09-26 06:00:00,164.154,50.66,198.567,121.207,1281.54,378.807,97.912,198.476,83.694,147.633,275.703,92.125,149.12,187.506,189.134,186.514,107.594,40.538,242.116
2001-09-26 06:05:00,163.884,49.457,197.833,119.59,1283.4,378.52,97.93111458333337,199.156,83.644,147.783,276.081,92.08,149.2,188.444,188.464,187.706,107.438,41.642,241.802
2001-09-26 06:10:00,163.612,50.033,198.233,120.457,1274.32,376.566,97.82825458333333,197.316,83.918,146.44,279.733,91.765,149.1,190.66,186.222,189.788,107.682,41.852,242.504
2001-09-26 06:15:00,163.058,51.48,199.333,118.94,1272.44,379.633,98.739,197.856,83.71,146.63,277.715,91.604,148.64,188.444,188.104,188.487,108.14,41.52,240.826
2001-09-26 06:20:00,162.4,50.037,198.633,120.36,1265.44,379.31,98.05162125000001,197.076,84.096,146.89,277.893,91.842,149.92,190.24,187.158,190.95,105.932,41.034,240.766
2001-09-26 06:25:00,162.642,50.173,196.633,120.307,1268.16,378.553,98.09366041666667,195.642,83.646,147.29,276.344,93.272,149.62,190.622,185.232,188.218,106.088,41.27,242.35
2001-09-26 06:30:00,162.97,50.023,197.367,123.037,1271.02,381.543,98.717,197.298,83.698,147.113,276.428,93.117,148.32,188.948,187.344,186.188,107.982,41.594,244.122
2001-09-26 06:35:00,162.232,50.227,198.867,118.57,1267.56,377.073,97.95168749999993,199.32,85.088,147.67,278.32,91.85,147.78,187.402,186.154,187.39,106.52,41.318,243.188
2001-09-26 06:40:00,161.504,48.783,198.2,121.717,1274.82,378.793,97.94418666666667,197.31,83.232,147.504,277.503,91.947,147.68,189.048,185.51,188.38,106.952,41.472,243.644
2001-09-26 06:45:00,161.748,49.853,197.933,118.637,1275.58,378.733,97.722,193.986,84.744,147.857,275.148,92.695,150.5,188.792,185.528,186.786,107.306,41.918,243.256
2001-09-26 06:50:00,161.918,49.14,196.867,119.85,1269.56,377.213,97.74599041666664,197.314,84.99,145.337,279.28,91.616,147.38,187.356,183.646,188.054,106.606,42.13,242.902
2001-09-26 06:55:00,163.39,49.273,199.4,121.26,1276.8,379.197,97.94917166666664,197.924,83.734,147.283,276.673,91.116,148.98,185.978,185.45,183.95,106.208,42.16,243.908
2001-09-26 07:00:00,162.072,50.04,198.667,119.417,1269.26,376.177,98.38,196.852,84.658,147.4,277.679,92.452,147.94,186.268,186.194,189.573,106.18,41.756,243.874
2001-09-26 07:05:00,162.382,50.02,199.933,119.997,1270.72,375.093,97.87433958333328,197.356,83.414,146.777,276.722,92.688,146.78,187.666,186.314,188.048,106.278,42.264,245.388
2001-09-26 07:10:00,163.918,49.837,198.933,117.837,1277.28,376.074,97.93932041666663,197.024,83.988,146.557,274.324,93.14,149.16,188.266,187.794,186.342,105.232,41.494,245.578
2001-09-26 07:15:00,163.12,49.28,199.0,117.547,1278.42,378.227,97.762,196.622,83.462,146.527,276.37,91.653,148.28,185.196,186.906,189.326,104.234,41.71,244.36
2001-09-26 07:20:00,163.64,49.103,197.4,119.41,1274.3,373.973,97.72351791666676,195.46,83.932,147.063,276.97,91.718,150.26,186.066,186.728,186.498,105.016,41.308,242.592
2001-09-26 07:25:00,161.1,49.103,200.367,118.913,1277.16,374.33,97.58113749999998,194.326,84.284,143.907,276.755,91.155,150.06,184.644,185.642,187.264,105.514,41.898,242.018
2001-09-26 07:30:00,162.864,49.72,199.367,119.61,1273.86,374.32,97.855,197.544,84.788,145.507,280.185,91.004,147.7,188.226,188.59,187.186,106.23,41.028,245.04
2001-09-26 07:35:00,163.348,49.487,198.567,120.713,1270.24,374.806,97.77945875000005,194.234,85.946,146.733,280.184,92.478,148.38,188.342,186.556,186.816,106.112,41.508,243.022
2001-09-26 07:40:00,161.38,48.753,199.867,120.213,1266.16,374.8,97.56792416666666,196.94,83.968,145.817,275.729,91.451,147.42,186.896,186.356,186.3,106.38,41.652,243.304
2001-09-26 07:45:00,162.212,49.043,198.2,119.223,1264.04,373.12,98.178,196.372,84.334,147.923,278.866,90.078,147.86,184.86,186.2,185.278,105.414,41.498,242.922
2001-09-26 07:50:00,161.85,49.0,199.133,120.64,1272.94,377.19,97.4617629166667,195.604,83.254,147.777,276.453,90.815,148.16,186.744,185.286,185.118,106.16,41.146,241.668
2001-09-26 07:55:00,162.212,49.817,201.533,119.9,1269.26,379.09,97.7880270833334,197.354,84.076,146.893,277.615,91.481,147.56,186.116,186.392,186.74,105.446,41.678,241.658
2001-09-26 08:00:00,162.998,50.2,199.0,119.493,1267.32,373.2,98.195,196.87,83.358,148.01,275.88,91.111,147.22,185.896,185.59,186.456,105.796,41.648,243.196
2001-09-26 08:05:00,162.03,49.833,201.333,120.847,1271.1,375.82,97.58563499999995,198.04,85.02,145.967,277.727,91.496,147.82,187.022,187.436,186.76,105.528,41.846,242.24
2001-09-26 08:10:00,163.386,48.94,201.367,120.587,1277.9,376.217,97.46984708333326,194.518,83.756,146.05,275.956,88.834,148.86,187.592,187.226,185.8,104.848,41.968,242.71
2001-09-26 08:15:00,161.768,50.06,198.9,121.5,1269.22,377.133,97.227,197.388,84.548,147.407,277.794,91.09,146.88,185.946,188.268,186.454,105.47,41.496,241.772
2001-09-26 08:20:00,161.728,49.9,199.633,120.767,1271.36,376.38,97.48800833333337,197.05,81.832,145.61,278.28,90.599,147.78,187.71,190.288,189.068,104.48,41.086,241.132
2001-09-26 08:25:00,161.468,49.383,199.133,119.85,1272.56,376.963,97.60464166666672,197.128,83.416,145.483,280.453,91.306,148.12,187.526,187.74,188.07,106.77,41.318,242.508
2001-09-26 08:30:00,162.556,48.903,199.267,118.68,1264.9,376.56,97.575,196.024,85.372,143.607,277.277,92.336,149.72,186.042,188.374,188.292,106.69,41.958,244.778
2001-09-26 08:35:00,162.374,49.123,197.8,119.38,1268.06,376.977,97.73987291666677,195.734,83.836,147.237,276.774,89.936,148.28,188.908,188.624,188.366,107.456,41.782,241.576
2001-09-26 08:40:00,165.232,49.977,201.033,118.57,1263.3,374.32,97.74574208333338,196.058,85.904,144.39,277.496,91.826,148.02,188.096,188.982,186.718,107.806,41.444,243.378
2001-09-26 08:45:00,161.83,49.643,197.767,118.953,1274.58,374.987,97.593,197.582,83.32,145.287,278.001,91.671,148.54,184.678,187.34,186.414,107.348,41.556,242.94
2001-09-26 08:50:00,162.924,50.26,198.267,119.823,1258.98,376.71,97.84049083333338,195.486,83.578,144.637,276.369,92.578,147.88,184.934,187.83,188.056,107.352,42.084,243.252
2001-09-26 08:55:00,162.654,50.44,199.4,120.283,1271.98,376.337,98.01491458333341,199.08,84.01,147.933,278.365,92.863,148.4,188.96,187.674,188.642,106.486,41.034,242.974
2001-09-26 09:00:00,162.362,50.297,199.933,120.077,1265.0,374.107,97.459,197.284,84.656,145.757,278.507,93.232,148.22,189.2,186.032,187.49,106.65,41.82,241.736
2001-09-26 09:05:00,161.892,50.43,198.933,121.08,1262.16,374.707,97.8291708333332,197.768,84.224,145.127,276.082,91.571,146.86,189.042,185.954,187.592,105.974,41.68,245.01
2001-09-26 09:10:00,165.65,49.63,199.5,118.353,1270.42,373.287,97.84799249999998,195.924,83.926,147.703,277.661,90.232,147.9,188.612,187.126,188.488,105.436,41.428,244.466
2001-09-26 09:15:00,162.856,48.883,201.8,120.023,1266.72,376.557,97.035,196.796,83.69,147.187,279.962,90.076,148.22,186.994,185.79,188.48,106.448,41.666,244.556
2001-09-26 09:20:00,162.228,50.427,200.333,119.597,1268.02,375.043,97.75164541666662,199.362,85.29,145.083,278.523,91.589,148.06,189.678,184.74,188.274,106.672,41.666,246.01
2001-09-26 09:25:00,161.478,49.18,201.567,120.03,1270.88,376.903,97.53931874999998,196.35,84.202,147.807,277.211,91.334,149.18,187.616,184.284,188.144,106.824,41.876,242.212
2001-09-26 09:30:00,164.022,49.413,200.833,120.797,1274.8,376.063,97.193,193.606,84.46,146.693,277.054,90.831,149.02,188.766,185.216,188.918,107.912,41.268,241.246
2001-09-26 09:35:00,161.984,50.21,202.2,118.89,1265.56,375.023,97.6017395833333,196.824,85.04,145.48,277.586,92.234,149.1,189.848,186.454,188.25,106.246,41.378,241.514
2001-09-26 09:40:00,162.97,49.883,200.733,120.333,1275.22,376.857,97.71253708333317,197.568,84.884,144.35,278.022,91.735,150.6,188.67,188.456,187.854,106.57,41.338,238.532
2001-09-26 09:45:00,162.236,48.14,201.533,117.55,1271.4,374.357,97.4,195.326,83.586,146.183,277.351,92.411,149.58,187.018,183.166,188.176,105.646,41.518,240.4
2001-09-26 09:50:00,161.754,50.353,204.633,119.453,1267.08,377.877,97.7620579166667,196.836,83.794,147.793,277.882,91.036,147.36,187.9,185.308,189.214,106.918,41.378,242.308
2001-09-26 09:55:00,162.734,51.163,200.533,119.95,1272.28,377.013,98.02875999999998,196.71,83.394,148.807,277.16,92.44,148.26,188.782,184.584,188.014,106.722,41.788,242.674
2001-09-26 10:00:00,162.96,49.25,200.2,119.84,1267.8,376.177,97.339,194.084,84.208,147.957,274.587,90.583,148.32,188.874,185.666,185.994,105.424,41.26,241.674
2001-09-26 10:05:00,162.036,49.537,200.8,118.557,1268.24,374.023,97.4906483333334,195.264,84.512,147.207,278.208,91.727,147.62,186.962,184.808,185.274,106.348,41.106,241.986
2001-09-26 10:10:00,163.1,48.59,199.933,119.34,1263.34,376.883,97.55203749999993,195.98,83.792,145.273,275.728,90.341,151.44,187.674,184.188,188.07,105.232,40.92,241.016
2001-09-26 10:15:00,163.176,49.263,197.833,118.733,1265.78,376.533,97.917,197.956,83.738,145.183,277.566,91.161,148.74,188.692,185.22,187.238,104.432,41.182,243.606
2001-09-26 10:20:00,161.704,49.423,200.6,120.067,1268.64,375.59,97.47718791666661,195.226,84.584,145.227,279.18,91.866,150.04,188.908,185.278,190.624,104.822,41.6,239.008
2001-09-26 10:25:00,163.106,49.407,202.3,118.513,1271.74,376.683,97.48941833333323,197.234,85.418,145.483,279.431,91.726,148.7,185.888,185.17,186.362,103.966,41.178,239.936
2001-09-26 10:30:00,163.798,48.897,200.5,117.843,1270.14,378.127,97.75,196.796,83.662,147.987,279.196,90.752,149.62,189.622,184.754,187.576,105.022,41.436,241.75
2001-09-26 10:35:00,162.408,49.387,198.867,118.2,1269.92,377.936,97.45309583333334,197.306,83.308,145.98,277.864,92.301,149.1,187.532,184.61,184.654,103.466,41.004,242.256
2001-09-26 10:40:00,164.072,50.593,202.3,119.78,1272.04,375.39,97.54256124999998,195.416,84.258,146.1,280.464,92.472,148.92,189.072,185.27,185.848,104.94,41.136,238.956
2001-09-26 10:45:00,163.238,48.573,201.4,118.573,1268.78,378.883,97.677,197.12,83.81,144.577,281.75,91.717,146.92,186.94,185.742,186.704,104.328,41.404,242.094
2001-09-26 10:50:00,162.87,49.957,199.367,119.6,1269.06,376.667,97.3478120833333,195.038,84.064,144.53,277.864,90.46,148.68,186.524,186.024,184.494,103.628,41.226,239.832
2001-09-26 10:55:00,162.866,49.62,201.567,119.243,1275.16,377.957,97.4014783333332,198.362,84.602,145.687,281.513,90.625,149.44,188.3,183.22,185.39,103.332,41.27,239.418
2001-09-26 11:00:00,164.172,50.747,202.367,118.883,1280.36,378.26,98.303,196.322,83.354,146.6,279.853,90.971,149.18,184.582,186.726,181.235,105.382,40.902,240.38
2001-09-26 11:05:00,162.128,49.977,197.933,119.32,1276.72,376.207,97.73024249999992,196.69,85.218,145.383,276.771,90.341,147.48,185.978,187.044,187.125,104.172,41.338,243.32
2001-09-26 11:10:00,165.04,48.52,199.1,120.267,1276.62,375.13,97.45024291666668,195.272,83.476,146.063,278.006,91.786,147.72,185.534,186.332,186.25,104.358,42.072,239.494
2001-09-26 11:15:00,163.99,49.243,200.067,118.743,1283.48,378.083,97.718,194.312,84.046,143.19,276.455,91.616,148.98,186.156,184.478,187.98,104.382,41.984,241.29
2001-09-26 11:20:00,163.882,49.96,198.767,119.19,1279.0,380.317,97.74251999999997,194.814,84.97,146.787,278.38,90.208,148.8,183.406,185.142,185.506,104.892,41.042,241.258
2001-09-26 11:25:00,162.024,50.463,200.933,120.77,1281.84,375.614,97.63444749999996,199.002,84.648,145.52,276.418,92.481,147.8,183.324,185.09,185.872,104.208,41.032,241.434
2001-09-26 11:30:00,163.104,49.803,201.267,119.793,1288.96,377.21,96.902,196.828,83.426,146.63,276.594,88.607,147.98,184.61,185.25,187.186,102.524,41.388,240.532
2001-09-26 11:35:00,163.65,49.967,200.467,120.243,1285.82,376.437,97.62083041666664,197.594,84.878,144.597,274.21,91.465,147.1,184.668,185.96,187.372,105.234,41.834,243.24
2001-09-26 11:40:00,165.57,50.077,199.3,118.53,1284.32,377.76,97.86653291666671,195.788,84.534,146.4,275.823,91.31,149.42,185.34,186.602,185.732,105.89,41.198,242.254
2001-09-26 11:45:00,162.074,48.817,199.2,120.397,1293.34,375.603,97.236,194.446,84.49,144.833,273.751,91.514,147.6,185.346,185.974,187.96,104.372,41.45,241.53
2001-09-26 11:50:00,164.228,50.503,198.667,118.747,1295.4,379.597,97.91632875000003,195.94,83.648,144.926,275.503,90.77,147.26,182.576,188.118,190.76,106.14,41.414,241.702
2001-09-26 11:55:00,163.264,50.063,199.767,120.413,1292.5,374.537,97.33441749999996,196.322,83.728,144.88,273.857,91.932,150.02,183.066,185.498,187.25,103.098,41.28,240.78
2001-09-26 12:00:00,163.972,50.42,200.367,120.127,1294.6,375.277,97.27,197.66,83.42,144.843,276.584,91.494,150.18,184.672,184.86,185.932,104.69,41.284,241.246
2001-09-26 12:05:00,162.902,48.477,199.733,120.537,1291.14,375.987,97.29495999999996,197.19,83.492,145.997,277.339,91.362,147.02,184.104,186.522,186.69,103.59,41.33,240.318
2001-09-26 12:10:00,160.548,50.123,199.733,122.013,1295.58,378.45,97.57113458333338,195.33,84.574,146.277,272.874,91.057,147.7,184.378,184.8,186.17,104.608,40.908,241.21
2001-09-26 12:15:00,164.124,50.12,198.267,119.603,1288.02,375.997,97.3,194.644,83.808,146.327,271.042,91.289,149.82,182.734,185.456,186.896,105.178,40.566,243.09
2001-09-26 12:20:00,165.074,49.783,198.9,118.317,1280.52,375.37,97.64441999999995,196.8,84.188,148.357,274.026,90.436,148.28,180.356,184.89,187.642,104.594,40.97,241.9
2001-09-26 12:25:00,164.048,50.757,201.267,119.58,1293.98,376.377,97.64501791666672,195.168,82.746,146.113,274.1,92.592,149.64,181.866,186.494,187.58,104.498,41.302,239.904
2001-09-26 12:30:00,164.844,48.857,202.7,119.917,1284.1,373.937,97.318,196.784,84.598,143.46,272.402,91.817,146.4,182.588,186.022,186.446,104.344,41.064,240.546
2001-09-26 12:35:00,163.53,49.897,201.433,119.8,1282.88,375.443,97.1096441666667,196.376,84.238,145.0,274.089,91.434,147.88,181.3,186.96,188.302,103.354,40.344,241.472
2001-09-26 12:40:00,164.002,50.507,200.8,119.333,1291.38,374.767,97.48861958333342,192.916,84.844,145.683,273.094,90.647,148.6,184.272,187.344,187.468,103.98,41.498,240.328
2001-09-26 12:45:00,163.832,50.217,202.467,119.123,1289.5,375.627,96.996,194.936,83.148,148.32,275.705,90.551,147.96,184.266,188.444,187.492,104.864,41.134,242.26
2001-09-26 12:50:00,163.668,49.903,199.433,121.2,1295.72,376.737,97.7167175,196.692,84.162,146.773,273.376,91.687,149.46,183.928,186.882,188.38,104.462,41.074,241.364
2001-09-26 12:55:00,162.77,50.157,199.567,118.85,1293.54,374.603,97.49415375000004,197.632,85.26,147.277,276.66,90.769,147.08,182.022,185.998,188.834,103.346,41.16,241.368
2001-09-26 13:00:00,164.508,50.26,202.033,118.477,1295.24,376.167,97.869,196.37,83.774,145.823,274.344,90.504,150.46,183.74,184.48,188.25,104.032,41.592,240.73
2001-09-26 13:05:00,162.814,51.03,200.367,119.523,1299.18,375.853,97.82227916666665,194.972,83.738,145.953,275.552,93.178,149.28,183.586,185.61,189.34,104.594,41.53,242.728
2001-09-26 13:10:00,164.286,50.6,201.033,121.077,1296.36,371.84,98.11634250000003,198.532,83.436,147.807,278.624,93.373,149.1,185.836,186.75,185.996,104.334,41.804,239.81
2001-09-26 13:15:00,164.408,50.393,198.467,120.183,1298.14,376.393,97.514,198.104,83.578,147.46,273.987,91.791,148.94,185.014,187.942,187.702,104.058,41.17,243.072
2001-09-26 13:20:00,165.154,49.827,199.033,120.473,1292.6,378.41,97.8004558333333,195.338,83.278,146.917,276.069,90.946,149.58,183.39,184.64,187.278,105.096,42.106,241.76
2001-09-26 13:25:00,164.598,49.637,199.6,120.773,1296.78,379.05,97.99579208333333,194.83,83.452,145.467,275.165,93.25,148.2,184.516,185.202,188.944,104.19,41.544,243.888
2001-09-26 13:30:00,163.526,50.29,200.867,118.82,1294.96,376.963,97.063,197.602,82.172,146.073,278.778,90.736,149.42,183.518,186.058,187.99,104.256,41.538,241.842
2001-09-26 13:35:00,163.732,50.787,199.733,119.163,1296.02,376.783,97.71153041666653,198.402,83.702,145.817,276.713,91.468,147.32,186.594,184.628,186.06,104.364,41.262,243.618
2001-09-26 13:40:00,165.744,49.823,199.7,122.367,1298.7,376.647,97.83509541666666,198.406,84.264,148.32,274.376,91.625,148.72,185.278,183.398,186.657,103.838,41.272,239.786
2001-09-26 13:45:00,165.644,49.25,200.467,119.54,1293.94,377.993,97.549,195.57,83.762,147.753,276.947,91.818,147.38,184.624,185.396,187.856,103.554,41.47,240.678
2001-09-26 13:50:00,162.53,49.633,200.8,119.307,1305.32,376.863,97.51550500000005,197.752,83.31,146.407,277.299,92.434,148.12,185.276,186.772,188.496,104.578,41.416,243.682
2001-09-26 13:55:00,162.058,49.45,200.3,120.13,1295.24,375.673,97.48123291666663,198.77,84.654,145.827,274.87,91.511,148.52,186.762,186.564,188.408,105.486,41.586,240.608
2001-09-26 14:00:00,164.294,48.607,201.533,119.957,1297.78,375.547,95.698,195.602,83.396,145.273,278.371,92.449,148.9,185.258,185.836,185.936,103.368,40.848,245.634
2001-09-26 14:05:00,162.644,49.767,198.367,121.403,1294.82,376.8,97.48885458333325,195.13,83.352,144.723,273.588,90.424,149.74,185.422,184.628,187.892,105.192,41.43387083333334,241.6909316666668
2001-09-26 14:10:00,165.278,50.133,199.933,120.38,1298.7,378.373,97.97143333333335,197.932,83.896,146.137,272.104,92.803,149.22,184.896,186.808,187.95,104.322,41.102,241.847
2001-09-26 14:15:00,165.258,49.617,197.667,118.833,1290.6,379.963,96.71,198.55,83.304,145.533,275.589,92.071,148.52,185.13,186.078,187.168,104.466,40.874,240.568
2001-09-26 14:20:00,163.972,49.627,199.8,119.833,1302.68,376.723,97.60532708333331,198.642,84.14,144.293,275.008,92.316,149.14,184.866,185.582,184.952,105.0,41.548,243.168
2001-09-26 14:25:00,164.492,48.793,198.733,122.167,1296.98,379.517,98.11835500000005,194.332,86.07,148.06,273.851,92.472,149.22,182.726,185.478,187.068,104.188,41.122,241.392
2001-09-26 14:30:00,164.262,50.407,199.467,120.59,1295.56,378.403,97.629,197.426,83.146,146.76,272.881,91.75,151.0,184.192,185.91,189.574,104.528,41.778,240.978
2001-09-26 14:35:00,164.012,50.163,199.867,118.88,1300.8,380.01,97.73883625000003,197.31,83.214,145.193,273.818,92.624,151.24,184.622,186.802,189.686,104.09,40.486,242.708
2001-09-26 14:40:00,165.188,51.02,200.933,120.673,1299.58,381.11,98.18737124999998,199.286,84.262,145.1,276.077,91.758,148.08,183.38,186.324,190.006,106.006,41.224,243.712
2001-09-26 14:45:00,163.426,50.613,199.6,118.683,1303.2,376.817,98.578,196.24,82.866,146.55,274.44,90.737,149.0,182.536,186.544,188.38,104.116,41.878,243.54
2001-09-26 14:50:00,166.22,48.79,201.267,120.03,1307.78,379.653,97.69147541666665,198.72,83.806,147.083,274.631,91.954,148.4,185.206,184.966,187.954,103.906,41.096,241.514
2001-09-26 14:55:00,164.134,49.277,201.4,122.113,1303.58,376.77,97.5017670833333,196.972,82.39,145.613,272.609,90.97,149.0,182.424,186.96,185.956,104.56,41.402,240.948
2001-09-26 15:00:00,163.894,50.813,200.433,119.483,1300.2,380.893,97.197,197.784,83.27,146.567,272.927,90.81,147.46,184.348,185.516,187.748,104.438,41.434,243.18
2001-09-26 15:05:00,163.612,49.677,199.233,121.677,1309.1,378.14,98.05407375000003,197.836,81.416,148.727,274.269,92.851,146.36,185.018,187.122,187.416,103.542,41.336,240.624
2001-09-26 15:10:00,164.904,50.493,198.867,119.203,1303.54,379.857,97.92805625000011,199.576,83.96,146.197,275.73,91.732,148.42,183.128,184.654,186.48,105.902,41.962,241.582
2001-09-26 15:15:00,165.876,49.953,196.867,119.897,1305.28,378.947,97.588,198.7,84.202,147.47,275.042,92.432,149.6,184.008,185.694,188.282,104.38,41.962,242.492
2001-09-26 15:20:00,165.102,49.933,199.7,121.573,1308.14,380.813,98.39252458333328,194.898,84.34,148.33,273.806,92.655,151.92,185.102,185.4,188.52,104.56,41.64,241.688
2001-09-26 15:25:00,164.56,50.183,197.233,121.7,1299.2,381.493,97.97392958333336,196.136,83.338,145.883,273.974,90.861,148.88,182.686,185.248,186.514,104.968,41.978,241.278
2001-09-26 15:30:00,165.962,49.77,200.533,119.923,1291.94,380.083,97.631,195.19,83.81,148.237,277.095,91.618,150.62,185.714,185.212,186.32,104.43,41.83,241.996
2001-09-26 15:35:00,166.922,50.08,198.3,118.183,1295.44,381.667,98.1729254166666,196.106,83.884,147.32,274.682,90.539,148.9,186.242,186.742,187.49,104.878,41.61,242.652
2001-09-26 15:40:00,163.926,48.997,200.967,120.48,1291.22,379.397,98.44313124999996,196.846,83.936,148.447,274.798,93.851,150.84,183.986,184.068,185.03,104.978,41.228,241.162
2001-09-26 15:45:00,166.234,50.233,197.7,117.98,1292.62,376.917,98.523,197.554,83.364,147.577,274.513,90.819,150.86,182.328,186.718,189.094,104.08,41.49,243.864
2001-09-26 15:50:00,166.276,50.13,199.933,121.237,1290.36,380.75,98.30790541666661,197.89,85.372,147.003,273.975,91.261,149.64,185.788,185.552,186.974,105.76,41.072,243.534
2001-09-26 15:55:00,166.394,49.137,198.267,120.49,1300.14,381.697,98.29550499999986,196.688,84.678,146.83,273.879,92.487,149.3,184.768,185.866,187.31,103.422,41.68,241.252
2001-09-26 16:00:00,164.896,50.183,201.167,119.82,1301.18,378.697,98.047,199.328,83.796,147.837,273.118,92.281,149.28,186.236,186.216,184.948,105.564,42.002,239.868
2001-09-26 16:05:00,165.522,50.117,197.2,120.287,1297.12,379.407,98.03184500000002,198.374,83.944,146.883,272.864,91.792,151.92,185.17,186.268,187.312,105.996,41.08,241.844
2001-09-26 16:10:00,163.664,50.233,196.867,119.733,1296.12,379.473,97.71614208333338,202.324,84.008,146.003,275.434,92.248,146.76,184.212,185.446,188.166,103.892,41.72,244.204
2001-09-26 16:15:00,167.232,49.737,197.7,119.753,1293.46,377.307,98.38,195.64,83.792,146.923,273.457,93.039,150.44,186.956,185.73,186.364,106.0,41.974,242.034
2001-09-26 16:20:00,165.086,49.96,196.133,121.287,1296.0,379.233,98.18533749999989,197.436,83.55,148.64,274.629,91.842,150.76,184.772,184.614,188.86,104.798,42.04,242.062
2001-09-26 16:25:00,166.464,51.457,199.4,119.293,1296.4,376.923,98.29429916666673,198.912,84.826,148.09,273.878,92.093,149.76,185.978,187.052,188.56,103.754,41.668,243.54
2001-09-26 16:30:00,165.238,49.823,198.8,119.377,1292.16,379.953,97.34,196.228,84.208,147.08,274.492,91.381,151.18,185.558,184.538,185.454,104.258,41.564,239.582
2001-09-26 16:35:00,164.028,49.803,198.567,120.563,1291.42,379.764,98.04270333333325,198.376,84.396,146.893,271.848,92.148,150.32,185.418,187.354,186.918,104.62,41.486,244.32
2001-09-26 16:40:00,165.764,49.477,200.867,121.087,1298.68,379.857,98.5410566666667,198.698,84.822,147.86,273.708,91.847,150.8,184.046,185.866,189.57,104.62,41.674,243.258
2001-09-26 16:45:00,165.4,50.913,198.7,121.09,1293.84,380.927,98.082,200.332,85.0,144.36,274.13,91.301,152.64,185.578,188.692,188.548,105.438,41.272,243.774
2001-09-26 16:50:00,162.846,49.87,197.6,121.447,1290.4,377.2,98.18008958333334,198.914,85.602,145.047,273.271,93.307,151.16,184.202,186.378,187.83,105.306,41.64,242.452
2001-09-26 16:55:00,163.124,49.897,199.9,119.193,1283.84,379.177,97.73378458333342,196.058,83.044,145.613,265.705,93.382,148.94,184.19,185.168,187.52,105.184,40.298,241.364
2001-09-26 17:00:00,163.108,50.517,197.4,123.07,1285.82,376.53,98.126,197.514,83.188,146.92,272.549,93.069,149.76,185.194,187.058,186.882,106.72,41.51,241.98
2001-09-26 17:05:00,166.028,49.003,200.267,119.223,1293.36,379.493,98.05450166666665,198.522,83.498,146.42,276.462,92.16,150.46,184.886,184.828,186.664,105.97,41.106,245.284
2001-09-26 17:10:00,167.632,49.773,196.733,119.463,1295.02,379.54,97.74989416666665,202.534,83.83,146.1,273.376,91.465,149.34,185.498,184.292,185.228,104.034,41.134,244.108
2001-09-26 17:15:00,166.808,50.16,200.7,119.79,1288.18,378.387,98.612,197.822,84.248,147.01,272.643,92.871,150.28,184.314,184.728,187.416,105.976,41.422,242.67
2001-09-26 17:20:00,164.536,50.71,200.5,120.587,1290.78,379.873,97.98520208333332,199.372,83.21,145.157,274.171,92.402,150.18,185.2,185.38,185.72,104.43,42.064,243.262
2001-09-26 17:25:00,167.538,51.68,200.567,120.377,1291.48,380.977,98.33648458333344,201.304,82.382,147.817,273.98,91.512,151.6,183.532,185.7,189.52,103.4,41.494,242.268
2001-09-26 17:30:00,166.148,51.203,197.567,119.783,1294.58,382.933,98.035,198.198,82.252,147.267,275.677,91.002,150.58,184.784,185.526,189.486,105.258,41.38,243.55
2001-09-26 17:35:00,166.302,50.563,198.9,120.347,1288.42,382.464,98.1290237499999,199.36,83.41,144.57,276.016,92.543,149.5,182.568,186.81,187.1113629166667,104.482,41.72,240.088
2001-09-26 17:40:00,164.812,50.887,199.667,120.557,1294.26,378.894,98.19189583333335,198.894,83.38,145.46,273.574,92.288,152.06,183.784,186.906,187.85643833333336,104.79,41.6,240.542
2001-09-26 17:45:00,166.002,51.123,201.5,121.38,1293.5,382.253,97.43,198.016,84.222,145.386,271.632,92.866,151.22,182.08,187.716,185.33,105.058,41.67,241.436
2001-09-26 17:50:00,165.734,50.813,198.367,121.683,1298.32,380.497,98.47278000000007,199.39,82.584,148.907,273.598,92.218,149.82,184.336,186.076,184.478,104.624,41.104,242.18
2001-09-26 17:55:00,164.972,51.187,200.1,121.587,1283.94,382.67,98.68279041666656,199.282,84.538,147.033,277.352,92.004,150.64,184.814,186.138,187.156,104.33,41.722,241.242
2001-09-26 18:00:00,165.65,49.043,197.1,121.577,1295.54,382.813,97.882,201.062,83.544,148.307,275.007,92.474,151.76,182.83,187.324,186.762,103.546,41.546,241.844
2001-09-26 18:05:00,167.042,51.143,197.5,120.74,1294.38,384.3,98.80741083333338,198.8,84.046,147.037,271.25,93.247,151.5,183.152,187.024,186.014,105.914,41.358,242.6
2001-09-26 18:10:00,165.598,51.237,197.7,121.3,1293.06,384.42,99.18266916666673,199.426,84.082,150.243,272.81,93.042,150.26,183.318,186.502,189.09,105.084,41.822,242.788
2001-09-26 18:15:00,166.32,51.143,196.767,121.75,1294.76,380.847,98.584,196.434,85.628,147.243,274.404,92.055,149.3,183.616,187.256,187.264,105.95,41.602,241.614
2001-09-26 18:20:00,164.18,51.113,199.6,122.31,1296.12,384.457,98.93910208333332,200.15,83.298,147.46,271.872,92.275,151.76,182.68,186.362,187.214,106.704,41.932,243.2
2001-09-26 18:25:00,164.358,50.21,203.667,121.617,1299.18,380.433,98.57987458333336,198.946,85.144,147.98,276.408,92.661,149.36,185.076,185.052,186.892,105.41,41.554,243.634
2001-09-26 18:30:00,166.52,49.913,200.133,122.53,1288.44,383.297,98.446,198.112,82.678,148.083,277.853,92.914,149.4,183.004,186.338,184.77,105.442,40.954,242.046
2001-09-26 18:35:00,165.266,51.267,199.533,123.107,1287.18,386.673,99.26441124999994,197.97,84.514,147.577,269.659,92.107,150.94,186.406,186.34,186.094,106.75,41.518,242.884
2001-09-26 18:40:00,164.808,50.223,199.267,119.53,1294.66,380.077,98.25089125000001,198.384,83.12,146.223,273.161,93.227,150.58,183.762,185.762,189.084,105.824,41.644,242.446
2001-09-26 18:45:00,166.964,48.86,199.767,119.507,1289.68,382.383,99.527,198.034,82.726,147.727,272.915,92.116,149.9,185.868,185.53,189.287,104.496,41.074,241.838
2001-09-26 18:50:00,166.298,49.86,199.367,120.923,1290.88,384.037,98.88906666666658,198.086,84.724,147.68,274.731,91.517,148.7,185.33,186.114,187.5575124999998,103.908,42.036,243.11
2001-09-26 18:55:00,167.224,50.56,198.967,122.04,1288.58,382.256,98.92002333333336,199.362,82.32,147.953,272.803,93.513,151.36,184.216,182.582,186.99686333333335,105.304,40.938,242.566
2001-09-26 19:00:00,165.776,49.203,198.633,121.49,1292.1,381.23,99.922,198.118,83.36,148.196,274.561,93.202,150.06,184.188,186.462,187.647,103.692,41.214,241.952
2001-09-26 19:05:00,166.754,51.033,200.667,121.98,1291.18,380.37,98.64561500000005,199.564,83.446,149.14,272.142,92.817,151.5,183.308,185.258,188.484,105.722,41.426,243.906
2001-09-26 19:10:00,165.02,50.3,201.033,121.223,1290.9,379.197,98.46330416666672,198.92,84.788,145.58,272.237,93.666,150.6,182.532,184.442,187.854,104.13,41.578,243.994
2001-09-26 19:15:00,166.306,50.647,200.1,121.8,1292.22,384.75,99.4,198.292,84.382,146.396,274.052,92.153,150.84,182.988,185.002,186.248,104.602,41.232,242.832
2001-09-26 19:20:00,166.162,50.25,199.467,122.347,1291.34,380.85,98.86905083333328,200.388,83.902,149.65,272.938,93.592,152.08,183.582,183.576,188.91,104.61,41.242,241.344
2001-09-26 19:25:00,165.604,49.78,199.967,120.05,1288.14,380.98,98.74195624999997,200.214,85.422,149.23,275.103,93.127,150.4,183.742,186.102,188.062,105.986,41.306,242.156
2001-09-26 19:30:00,166.022,50.927,202.4,123.117,1290.52,379.057,99.458,198.754,83.876,148.47,272.397,92.394,151.2,184.128,186.998,187.828,106.332,41.374,242.682
2001-09-26 19:35:00,166.086,51.067,200.4,120.103,1301.6,381.073,98.27214708333331,196.796,82.232,146.803,273.52,92.953,149.06,183.212,186.592,187.374,104.722,41.84,240.732
2001-09-26 19:40:00,164.854,50.567,198.2,121.93,1292.42,380.723,98.33497250000003,197.475,84.654,146.413,272.333,92.179,149.72,182.996,185.088,187.68,105.074,41.434,240.786
2001-09-26 19:45:00,165.938,50.723,199.667,122.163,1295.02,380.55,98.873,200.39,83.518,145.95,275.049,92.261,150.28,183.154,185.52,187.164,106.052,41.766,241.184
2001-09-26 19:50:00,166.028,50.287,200.5,119.897,1289.68,379.063,98.2676375,198.126,83.666,148.103,276.993,92.702,148.6,184.798,184.998,189.436,106.032,42.04,242.668
2001-09-26 19:55:00,165.18,49.657,201.4,123.29,1296.08,379.633,98.77172124999997,199.722,83.85,148.55,273.361,94.162,148.52,183.644,185.32,188.688,105.074,41.672,243.424
2001-09-26 20:00:00,166.09,50.273,201.333,121.447,1280.9,380.63,98.423,198.9,83.876,148.143,275.909,92.828,149.68,185.144,185.054,187.198,104.486,41.146,241.364
2001-09-26 20:05:00,164.818,49.417,200.0,120.36,1284.68,381.283,98.51151124999996,199.414,84.232,149.757,275.973,92.221,151.22,184.986,184.854,186.764,105.524,41.98,243.878
2001-09-26 20:10:00,164.642,50.27,200.567,119.657,1282.46,378.823,98.50683166666664,199.462,83.892,149.367,274.74,93.331,149.44,183.446,187.046,187.497,106.17,41.476,244.214
2001-09-26 20:15:00,166.726,51.347,199.033,121.42,1279.42,379.48,98.044,199.912,83.198,148.55,272.931,92.727,150.8,184.462,185.476,187.1903941666668,105.11,40.97,243.126
2001-09-26 20:20:00,166.514,50.487,198.867,120.21,1284.64,381.863,98.54593541666662,199.07,84.03,149.753,272.97,91.369,150.2,184.256,184.756,188.662,106.18,41.486,243.886
2001-09-26 20:25:00,166.378,50.393,198.533,120.533,1286.32,378.46,98.29606708333331,198.728,83.596,146.783,271.437,92.37,151.9,184.01,183.52,187.466,105.38,41.694,243.702
2001-09-26 20:30:00,165.624,49.933,201.4,121.28,1285.3,381.617,98.342,198.726,82.11,149.147,271.923,92.381,150.6,183.014,182.57,186.686,104.638,41.958,245.12
2001-09-26 20:35:00,163.076,50.42,200.833,123.487,1283.32,379.617,98.53227374999987,199.996,83.602,150.643,273.52,92.972,151.34,184.876,186.686,185.52,103.854,41.802,241.824
2001-09-26 20:40:00,166.164,49.25,198.533,119.163,1287.24,379.947,98.12196416666673,200.66,83.458,148.497,274.872,91.429,149.68,182.572,187.86,188.646,104.988,41.286,242.702
2001-09-26 20:45:00,165.146,50.94,199.467,120.637,1284.34,378.52,98.363,199.456,83.244,146.957,271.539,93.813,152.6,185.054,185.05,186.604,104.486,41.194,241.714
2001-09-26 20:50:00,164.856,50.613,198.733,120.643,1284.02,381.773,98.62134999999996,200.362,83.41,147.537,273.895,92.924,149.94,184.792,186.6,187.158,103.936,42.002,242.176
2001-09-26 20:55:00,166.758,51.287,199.633,122.253,1284.98,382.777,98.72178875000007,199.192,83.14,146.713,272.739,92.133,150.78,183.98,186.38,186.738,105.186,41.748,244.122
2001-09-26 21:00:00,164.426,51.323,199.433,122.783,1287.12,383.15,99.089,199.532,84.036,148.177,274.95,94.028,149.12,186.168,187.126,186.992,106.112,40.796,241.656
2001-09-26 21:05:00,164.862,50.37,199.867,120.3,1288.76,379.89,98.65967458333326,201.138,81.502,148.903,275.095,93.161,150.98,183.97,186.28,188.444,105.708,41.504,245.99
2001-09-26 21:10:00,165.294,50.24,198.867,121.443,1293.18,381.597,98.70011666666662,200.962,84.694,149.207,272.48,93.262,150.84,183.276,187.318,185.318,105.674,41.522,242.96
2001-09-26 21:15:00,165.09,50.423,199.333,120.89,1280.86,384.283,99.45,202.794,84.378,149.33,272.711,93.865,153.14,184.684,185.842,187.784,105.952,41.196,243.444
2001-09-26 21:20:00,163.874,50.773,196.967,120.703,1291.72,382.177,98.43831833333341,200.284,82.758,150.103,275.082,92.419,150.72,182.384,186.286,189.064,104.772,41.838,240.262
2001-09-26 21:25:00,165.852,51.64,200.3,120.86,1286.14,378.963,98.31771583333341,199.444,83.562,149.01,271.654,91.65,151.02,185.186,185.106,189.042,105.438,41.478,242.034
2001-09-26 21:30:00,164.838,50.04,197.033,120.49,1286.84,381.633,98.769,199.524,83.596,150.757,272.71,94.398,150.64,183.568,187.264,184.974,104.45,41.44,243.416
2001-09-26 21:35:00,165.36,50.843,198.267,118.627,1276.94,382.757,98.69082374999992,198.176,84.096,148.913,272.96,93.705,150.66,183.61,186.322,186.848,104.828,41.488,241.918
2001-09-26 21:40:00,165.282,50.197,198.833,122.31,1288.74,377.973,98.57144124999999,197.924,82.314,149.45,272.493,93.163,148.22,183.798,186.512,187.752,104.762,41.286,243.34
2001-09-26 21:45:00,165.042,50.477,199.433,121.423,1294.66,383.267,99.453,199.844,84.142,148.077,273.43,91.772,150.18,185.022,186.594,186.652,105.508,42.054,243.07
2001-09-26 21:50:00,163.75,49.687,198.2,121.19,1281.56,381.287,98.57527125,199.57,83.424,148.977,274.786,93.019,150.22,184.012,187.708,185.482,106.242,42.326,243.284
2001-09-26 21:55:00,167.61,51.013,200.967,119.72,1292.26,379.307,98.37340791666664,196.74,82.524,149.617,274.745,92.738,149.74,184.456,186.574,185.142,104.6,41.816,243.712
2001-09-26 22:00:00,164.834,50.333,201.333,122.52,1285.18,376.7,98.463,198.042,84.356,148.997,274.168,92.818,150.88,186.028,185.25,187.156,104.86,41.638,243.596
2001-09-26 22:05:00,164.91,50.72,200.367,120.9,1288.74,380.927,98.61735666666665,201.262,82.004,146.987,275.651,93.909,149.86,184.954,184.2,185.04,104.846,41.358,242.062
2001-09-26 22:10:00,166.486,51.33,198.933,120.083,1285.22,377.93,98.09436875000004,197.27,84.1,149.287,273.983,92.126,148.26,185.584,187.204,186.804,105.092,41.316,242.282
2001-09-26 22:15:00,165.724,50.947,200.067,122.68,1288.92,380.823,99.058,198.914,83.828,148.277,273.22,92.82,150.04,183.742,188.594,186.744,103.756,41.056,242.704
2001-09-26 22:20:00,164.944,50.297,201.433,121.537,1284.5,380.163,98.63986499999999,197.266,83.65,147.503,270.687,93.059,149.58,184.92,186.37,187.622,105.89,41.628,245.222
2001-09-26 22:25:00,164.638,49.237,197.8,121.47,1278.7,378.353,98.59544291666671,198.514,84.388,146.736,276.721,95.942,151.6,183.486,186.124,186.676,106.318,41.368,243.296
2001-09-26 22:30:00,165.37,50.45,198.533,122.0,1289.6,382.35,98.149,197.606,84.914,146.61,272.525,91.593,150.72,182.904,189.056,185.25,104.398,40.736,243.088
2001-09-26 22:35:00,167.226,49.937,201.367,121.66,1285.38,377.753,98.46864416666665,200.686,84.668,146.833,273.761,93.999,150.26,182.848,185.946,187.23736083333327,104.274,41.93,241.198
2001-09-26 22:40:00,166.888,49.723,199.2,121.91,1283.0,378.83,98.59498916666672,199.57,84.6,147.833,271.929,93.345,151.0,184.98,187.112,189.9,105.176,41.232,241.406
2001-09-26 22:45:00,164.69,49.617,199.533,120.91,1284.5,380.97,98.408,200.544,83.972,148.94,276.935,93.372,149.56,187.124,186.514,187.026,106.214,41.618,242.11
2001-09-26 22:50:00,165.186,50.25,197.833,121.057,1287.68,382.263,98.59078041666663,196.802,83.942,148.1,272.612,92.795,149.88,184.782,185.88,187.032,105.522,41.784,241.248
2001-09-26 22:55:00,165.476,50.58,199.433,122.293,1288.38,379.98,98.69552749999998,199.88,84.956,149.25,274.321,92.505,150.38,183.514,187.396,187.046,104.642,41.302,243.206
2001-09-26 23:00:00,164.38,49.053,199.8,121.647,1276.54,380.423,98.73,203.292,84.708,147.477,272.908,93.229,151.9,184.16,187.778,189.86,104.06,41.614,243.456
2001-09-26 23:05:00,164.7,50.813,202.533,121.11,1282.62,381.077,98.8698716666667,197.024,83.532,148.843,272.165,93.378,150.38,184.712,185.642,188.496,104.972,41.88,243.712
2001-09-26 23:10:00,165.918,51.04,202.167,121.693,1289.9,383.917,99.1465970833333,199.518,84.674,149.233,274.774,92.966,151.26,183.85,186.25,187.708,104.272,41.46,243.162
2001-09-26 23:15:00,164.334,50.46,199.9,121.473,1280.14,381.324,98.83,199.668,85.128,146.663,277.742,92.311,151.42,185.682,187.87,186.972,104.74,41.17,243.05
2001-09-26 23:20:00,165.18,49.913,198.967,121.78,1279.62,378.643,98.52232791666665,199.8,83.696,149.573,272.585,92.989,151.02,183.574,187.042,184.82,105.702,42.09,242.542
2001-09-26 23:25:00,164.038,50.873,200.067,121.603,1282.04,380.99,98.47847749999995,197.562,82.484,149.25,273.624,92.598,151.36,185.198,186.608,186.344,106.198,41.96,244.036
2001-09-26 23:30:00,167.008,50.737,199.233,121.633,1287.32,385.01,98.981,196.73,84.358,148.737,276.04,92.796,152.72,185.114,186.93,188.366,105.574,41.614,244.132
2001-09-26 23:35:00,168.15,49.97,201.233,119.723,1283.34,381.033,98.49044999999992,198.08,84.51,147.56,273.98,92.345,151.32,184.432,188.814,188.738,103.644,41.222,242.666
2001-09-26 23:40:00,164.364,49.253,198.967,121.917,1289.56,384.167,99.23259874999998,198.626,85.198,147.873,273.689,94.06,151.96,185.638,189.766,187.388,106.66,42.076,239.002
2001-09-26 23:45:00,165.44,50.283,199.933,123.627,1284.9,381.457,98.126,200.912,84.542,148.32,273.468,92.72,150.32,182.938,186.908,186.99,105.588,41.12,241.656
2001-09-26 23:50:00,166.226,49.877,200.0,119.74,1286.6,383.157,98.9847104166667,200.156,85.69,148.587,273.236,93.791,152.98,185.866,187.312,188.254,105.39,41.534,242.588
2001-09-26 23:55:00,164.31,49.63,202.667,121.927,1286.6,382.357,98.96787249999996,200.004,83.644,151.647,273.017,93.45,151.64,183.282,188.21,189.042,105.234,42.004,243.006
2001-09-27 00:00:00,165.512,50.807,199.033,121.473,1289.74,381.68,98.556,199.054,83.742,147.07,272.687,93.221,150.66,183.492,188.802,187.784,104.4,41.604,243.852
2001-09-27 00:05:00,165.594,51.107,199.9,120.807,1279.76,382.857,98.84572041666662,199.824,83.792,147.653,271.88,94.359,151.2,185.118,183.642,185.298,104.88,41.386,244.024
2001-09-27 00:10:00,164.44,50.28,200.167,121.38,1290.98,381.133,98.75678708333336,198.34,84.434,146.913,273.636,93.278,151.92,184.324,188.034,186.594,105.97,41.618,245.238
2001-09-27 00:15:00,164.342,50.443,200.233,120.553,1288.92,383.787,99.185,199.366,84.138,149.72,273.695,92.268,152.22,185.958,186.726,187.296,106.468,41.604,243.67
2001-09-27 00:20:00,164.514,50.367,203.867,120.8,1285.46,381.777,98.79627291666665,198.178,84.308,149.573,274.71,92.153,152.34,185.892,188.192,187.154,106.096,41.46,243.806
2001-09-27 00:25:00,164.536,49.57,198.133,122.307,1288.66,382.507,98.81608583333336,200.068,83.818,149.34,273.383,92.948,153.0,186.126,185.89,185.806,105.918,41.18,245.366
2001-09-27 00:30:00,165.23,50.56,199.133,121.967,1287.8,382.976,99.301,201.08,85.076,148.56,273.712,91.97,151.94,183.728,190.3,189.804,106.75,41.456,245.972
2001-09-27 00:35:00,164.332,50.007,200.533,121.23,1289.56,381.993,98.94477416666665,199.04,85.164,148.107,274.236,93.76,149.74,184.108,188.394,186.702,105.668,42.104,244.432
2001-09-27 00:40:00,165.198,49.82,197.867,121.893,1285.3,382.2,98.9378945833333,198.78,84.166,149.197,276.174,94.091,151.84,183.788,187.396,188.88,105.26,42.688,244.138
2001-09-27 00:45:00,166.096,51.167,200.067,122.103,1283.6,382.41,99.122,199.156,85.0,148.407,276.278,93.498,151.92,184.422,188.89,187.382,105.772,42.382,244.788
2001-09-27 00:50:00,163.296,50.4,197.433,120.303,1290.64,378.123,98.11443500000001,200.656,84.392,147.477,274.702,92.198,152.48,185.018,187.998,186.696,106.384,41.452,244.166
2001-09-27 00:55:00,166.472,50.91,201.0,121.053,1291.38,382.157,98.68135458333337,200.608,83.782,148.77,274.122,92.551,151.82,184.616,189.842,187.34,105.888,42.804,244.386
2001-09-27 01:00:00,164.59,49.343,199.867,121.01,1285.98,381.843,99.286,197.778,84.424,146.813,271.008,93.429,151.18,184.372,188.668,187.572,107.128,41.94,245.536
2001-09-27 01:05:00,166.782,49.46,200.967,121.693,1290.76,377.12,98.4659258333333,201.622,83.612,147.453,272.964,92.814,153.14,184.062,187.906,187.114,105.68,41.92,244.718
2001-09-27 01:10:00,165.648,50.737,202.1,122.493,1280.38,382.58,99.01623708333344,200.174,85.622,147.233,273.973,94.694,152.14,184.262,187.866,186.192,107.912,41.402,244.482
2001-09-27 01:15:00,164.804,48.967,199.133,122.597,1288.92,380.937,98.166,200.312,83.084,147.62,274.299,92.094,151.24,185.794,190.002,188.09,106.386,42.054,244.66
2001-09-27 01:20:00,164.154,50.727,199.633,119.457,1283.42,382.7,98.54957458333321,198.624,84.3,147.103,273.844,92.41,151.68,185.406,189.054,185.946,106.102,42.494,244.662
2001-09-27 01:25:00,165.646,51.563,201.567,120.91,1288.92,380.85,98.9158383333333,200.8,85.234,148.487,273.839,94.524,153.18,182.898,187.37,189.404,106.762,41.864,243.572
2001-09-27 01:30:00,163.276,51.333,200.333,120.54,1288.78,377.087,98.786,198.954,84.334,145.777,276.32,92.752,151.46,184.102,189.582,187.14,105.93,41.838,246.506
2001-09-27 01:35:00,165.05,49.303,201.733,120.777,1289.58,380.133,98.81495666666662,197.872,85.742,148.163,274.56,93.101,152.04,184.536,186.542,189.56,105.146,42.15,246.368
2001-09-27 01:40:00,165.172,50.327,199.9,121.67,1286.74,380.03,98.70672791666664,198.804,85.596,147.994,275.19,91.908,152.76,184.292,189.6,189.446,105.854,43.034,245.606
2001-09-27 01:45:00,163.572,49.91,201.767,118.997,1286.6,379.193,97.887,199.906,84.16,147.96,274.863,92.25,152.76,184.498,189.084,187.09,105.5,42.086,243.506
2001-09-27 01:50:00,163.428,49.43,200.4,122.003,1285.42,380.587,98.7077862500001,199.11,84.194,147.143,274.374,94.116,152.02,184.176,190.23,188.798,105.97,42.528,244.74
2001-09-27 01:55:00,164.828,50.13,199.633,120.9,1291.2,382.483,98.84148083333325,197.556,85.228,150.177,274.77,92.4,152.42,186.766,188.65,189.094,106.496,41.938,246.906
2001-09-27 02:00:00,164.262,49.147,198.467,120.9,1282.96,378.63,98.079,197.31,85.61,146.08,274.439,93.196,151.92,184.052,187.392,190.334,106.134,42.438,243.974
2001-09-27 02:05:00,163.89,49.313,198.967,118.673,1279.34,379.836,98.33024958333326,199.084,86.252,149.243,274.799,92.574,153.24,183.416,187.542,188.83,105.938,42.116,243.496
2001-09-27 02:10:00,163.81,49.733,200.2,121.287,1284.38,381.66,98.55912041666652,196.404,85.602,149.207,272.772,92.16,152.22,184.806,189.353,189.588,106.242,41.722,243.428
2001-09-27 02:15:00,163.048,50.103,200.933,121.093,1289.52,379.463,97.526,200.358,85.512,147.977,274.272,92.52,150.38,185.72,189.89,197.5,105.436,42.742,247.428
2001-09-27 02:20:00,163.22,49.67,199.767,120.94,1287.3,376.99,98.29181375000002,195.102,84.592,147.243,275.641,94.2,151.42,185.168,189.39,190.653,106.742,41.526,247.402
