ESOI    ATHN    MXCO    ROME    AATB    LMKS    DRBS    MOSC    NEWK    KIEL    CALG    OULU    APTY    FSMT    NAIN    PWNK    THUL    SOPB    SOPO
2001-09-25 15:25:00;172.802; 51.693;210.200;126.603;1361.620;402.757;   null;211.120; 90.148;156.780;292.100; 96.131;160.420;196.438;199.512;202.300;112.894; 46.510;267.082
2001-09-25 15:30:00;170.894; 52.763;212.533;125.260;1359.700;406.263;104.216;212.376; 90.502;156.203;293.877; 98.571;159.520;197.838;202.266;196.793;111.530; 46.446;266.536
2001-09-25 15:35:00;169.880; 53.177;210.633;127.490;1361.960;406.867;   null;212.916; 90.504;155.377;292.721; 98.744;161.680;196.004;201.060;195.990;113.464; 46.014;268.048
2001-09-25 15:40:00;173.254; 51.470;209.667;125.217;1358.160;409.067;   null;211.830; 89.162;158.603;292.754; 97.880;159.680;196.502;199.674;200.318;114.046; 46.488;267.922
2001-09-25 15:45:00;171.458; 52.490;210.200;125.850;1355.680;406.510;104.668;211.750; 90.598;158.503;294.205; 96.893;158.840;197.102;200.748;198.464;111.918; 46.004;268.582
2001-09-25 15:50:00;169.704; 51.433;211.133;127.760;1360.500;409.577;   null;214.456; 89.500;156.460;293.968; 98.088;158.240;196.650;200.890;199.818;113.392; 46.316;265.562
2001-09-25 15:55:00;169.870; 51.353;210.367;127.173;1361.960;405.613;   null;213.660; 89.536;155.990;293.288; 98.729;159.900;197.306;200.148;200.840;113.130; 46.232;267.868
2001-09-25 16:00:00;169.534; 51.833;212.967;126.330;1358.340;413.283;104.398;213.836; 89.152;156.003;294.714; 98.780;160.700;196.044;202.422;199.574;113.092; 46.412;267.916
2001-09-25 16:05:00;170.252; 50.957;210.967;124.490;1358.520;407.503;   null;213.026; 88.542;155.877;295.019; 98.499;160.700;196.546;201.574;198.668;114.088; 46.732;267.244
2001-09-25 16:10:00;168.552; 51.813;211.067;127.127;1363.300;403.270;   null;212.288; 90.782;154.923;294.307; 98.971;159.580;196.738;201.082;201.540;112.168; 46.406;269.080
2001-09-25 16:15:00;170.032; 51.727;206.833;126.070;1356.080;406.950;104.539;210.612; 89.478;158.883;292.837; 98.087;160.140;195.378;201.594;200.312;112.766; 46.150;268.340
2001-09-25 16:20:00;171.432; 51.863;212.933;125.183;1357.740;406.810;   null;213.626; 90.372;154.443;291.615; 99.065;160.400;196.238;203.184;199.576;113.150; 45.852;269.514
2001-09-25 16:25:00;172.820; 52.097;211.033;126.327;1364.280;407.664;   null;211.332; 88.860;157.230;294.024; 98.783;159.560;196.518;199.988;200.120;111.358; 46.356;267.056
2001-09-25 16:30:00;170.590; 51.450;209.500;125.360;1366.820;402.690;104.362;213.894; 91.010;157.720;295.257; 97.101;160.580;196.334;200.936;200.252;112.920; 46.846;266.294
2001-09-25 16:35:00;171.680; 51.073;209.700;127.110;1365.420;404.297;   null;210.956; 90.538;154.967;292.972; 98.302;159.480;196.534;201.614;200.038;112.282; 45.834;266.218
2001-09-25 16:40:00;172.502; 53.293;211.200;126.397;1362.860;407.923;   null;210.726; 90.018;156.870;295.755; 99.869;158.120;195.716;202.566;201.176;112.698; 45.922;269.108
2001-09-25 16:45:00;170.494; 52.113;211.967;127.303;1353.620;406.303;104.266;211.586; 90.556;154.577;297.980; 97.853;160.180;196.732;201.978;198.908;111.288; 46.048;267.858
2001-09-25 16:50:00;169.830; 52.137;208.100;124.473;1360.380;409.487;   null;211.654; 89.630;157.136;293.538;100.039;158.940;197.948;200.804;201.090;112.946; 46.498;267.798
2001-09-25 16:55:00;171.042; 51.507;211.867;125.400;1359.180;411.550;   null;212.462; 89.670;158.286;292.521; 99.712;161.860;196.468;201.726;199.152;112.514; 46.914;267.216
2001-09-25 17:00:00;170.818; 51.680;209.767;125.927;1356.040;409.823;104.982;212.704; 89.888;155.977;297.525; 99.081;159.260;200.000;202.212;200.668;112.218; 46.170;268.978
2001-09-25 17:05:00;172.938; 52.860;209.300;127.800;1355.580;407.180;   null;211.478; 90.518;158.180;292.872; 98.817;160.320;197.130;202.376;201.437;113.028; 45.748;268.850
2001-09-25 17:10:00;171.020; 52.480;213.733;126.840;1367.700;409.813;   null;211.502; 89.916;158.637;296.631;100.446;159.260;196.268;202.120;   null;113.032; 46.820;268.182
2001-09-25 17:15:00;170.076; 50.940;213.033;124.070;1354.920;405.557;104.736;210.398; 91.146;157.470;295.344; 98.072;160.820;197.452;201.324;202.648;112.458; 46.034;268.208
2001-09-25 17:20:00;170.600; 52.790;213.567;126.927;1356.800;407.410;   null;209.630; 88.576;156.917;292.230; 99.099;159.800;198.008;202.004;203.298;112.202; 46.234;266.846
2001-09-25 17:25:00;171.582; 51.573;211.500;127.033;1366.380;411.303;   null;211.418; 91.300;156.000;292.635; 99.119;158.560;196.784;201.532;201.472;112.678; 46.340;268.804
2001-09-25 17:30:00;172.348; 52.890;209.800;126.720;1351.820;408.107;104.809;211.864; 90.352;156.240;293.708; 99.433;159.640;196.986;201.232;201.280;113.718; 45.614;267.792
2001-09-25 17:35:00;170.532; 53.600;210.567;125.123;1346.320;406.947;   null;213.518; 90.942;157.097;296.143; 97.269;159.640;196.938;201.312;200.214;112.596; 46.080;268.232
2001-09-25 17:40:00;171.228; 51.257;210.433;127.837;1356.380;404.804;   null;212.300; 89.900;154.570;295.116; 97.743;161.860;196.918;202.170;201.292;113.076; 46.098;268.318
2001-09-25 17:45:00;169.494; 51.673;211.533;126.433;1356.400;407.230;103.843;212.810; 90.564;156.786;295.420; 97.907;160.720;197.794;201.470;201.328;113.220; 46.322;266.856
2001-09-25 17:50:00;169.524; 52.050;210.267;125.427;1356.440;405.280;   null;209.950; 90.104;156.227;293.325; 98.988;160.720;197.156;202.014;199.406;112.864; 45.370;267.130
2001-09-25 17:55:00;171.510; 52.447;209.967;126.060;1346.920;404.643;   null;213.310; 90.890;159.456;296.252; 98.537;159.900;197.774;201.590;200.538;114.044; 47.032;268.006
2001-09-25 18:00:00;172.176; 52.283;209.700;124.617;1352.900;407.300;104.620;209.160; 89.752;157.007;296.658; 99.457;160.320;197.648;201.170;199.386;113.330; 45.612;267.502
2001-09-25 18:05:00;171.558; 51.347;212.333;123.490;1354.820;406.817;   null;210.658; 89.944;156.773;295.374; 99.575;157.660;197.094;202.656;200.574;112.528; 46.870;266.520
2001-09-25 18:10:00;168.200; 52.293;212.133;124.250;1353.220;407.317;   null;211.646; 90.470;157.003;294.078; 98.020;161.260;198.828;203.120;201.764;113.354; 46.628;265.534
2001-09-25 18:15:00;169.870; 51.037;212.500;125.117;1349.360;410.736;105.666;213.064; 90.618;157.243;295.091;100.017;161.400;199.498;200.698;201.406;113.718; 46.166;268.230
2001-09-25 18:20:00;171.140; 51.310;207.800;126.633;1353.760;406.137;   null;212.148; 90.192;156.367;299.345; 99.531;159.320;197.236;200.802;201.854;112.214; 46.254;267.812
2001-09-25 18:25:00;171.932; 52.340;211.033;125.743;1346.980;405.956;   null;211.094; 90.038;155.730;292.975; 99.811;161.600;198.306;202.288;198.604;112.806; 46.116;267.746
2001-09-25 18:30:00;170.328; 53.320;208.000;125.013;1351.300;408.460;104.805;215.298; 91.292;158.467;294.130; 98.423;161.860;199.432;199.850;200.538;112.746; 45.992;268.436
2001-09-25 18:35:00;168.590; 51.320;209.567;127.120;1346.660;408.647;   null;213.554; 92.508;156.973;293.839; 98.761;159.760;198.618;202.046;199.506;113.600; 45.558;267.286
2001-09-25 18:40:00;170.418; 51.757;212.033;127.647;1350.080;408.947;   null;212.614; 89.898;158.790;293.670;100.820;161.020;198.752;203.172;203.600;112.358; 45.816;265.526
2001-09-25 18:45:00;169.320; 52.227;210.400;127.033;1355.140;410.323;104.307;214.404; 89.890;157.763;297.394; 98.410;160.540;197.628;201.714;201.874;112.786; 45.660;266.574
2001-09-25 18:50:00;170.446; 52.413;211.100;124.900;1347.140;407.130;   null;215.466; 90.754;159.367;296.068; 99.014;158.580;198.352;201.212;203.726;114.380; 46.480;265.228
2001-09-25 18:55:00;169.278; 51.450;210.000;127.300;1346.200;411.613;   null;211.108; 88.878;156.363;297.346; 98.329;159.040;198.922;200.890;201.836;113.812; 45.894;264.904
2001-09-25 19:00:00;170.662; 50.903;209.167;125.443;1347.880;407.153;105.144;213.998; 90.604;157.363;296.221; 99.351;160.040;197.512;199.946;202.736;112.764; 45.938;267.138
2001-09-25 19:05:00;169.338; 51.850;208.733;126.580;1358.120;407.300;   null;214.410; 88.456;157.060;294.554; 98.341;159.060;196.470;201.696;199.514;112.520; 45.912;263.504
2001-09-25 19:10:00;170.930; 50.840;208.967;126.037;1351.420;405.090;   null;213.558; 88.052;156.576;293.855; 97.889;160.760;198.236;202.820;201.268;113.382; 46.104;263.154
2001-09-25 19:15:00;171.050; 53.133;210.867;126.420;1352.460;409.803;104.728;212.020; 89.588;157.723;297.784; 99.863;159.380;199.026;201.040;202.720;112.628; 45.376;263.848
2001-09-25 19:20:00;172.238; 50.683;210.000;126.170;1349.080;406.663;   null;213.796; 90.916;158.527;296.863;100.124;158.160;198.604;199.378;201.790;113.040; 45.792;264.248
2001-09-25 19:25:00;169.582; 51.680;212.167;126.713;1355.320;407.893;   null;212.790; 89.830;155.087;297.165;100.154;159.440;199.358;201.434;200.120;112.982; 46.168;264.562
2001-09-25 19:30:00;169.780; 50.910;210.667;124.167;1350.380;405.830;104.041;209.884; 90.564;158.163;296.024; 98.532;161.040;198.602;200.368;200.493;113.456; 46.258;265.088
2001-09-25 19:35:00;172.490; 51.760;211.433;124.153;1346.940;411.723;   null;212.618; 90.390;159.417;297.283; 98.985;161.220;200.224;201.146;204.250;114.034; 46.336;266.002
2001-09-25 19:40:00;171.804; 51.463;209.867;125.303;1361.080;407.753;   null;212.432; 90.984;156.360;296.998; 99.531;159.720;199.234;200.798;199.284;113.716; 46.616;264.330
2001-09-25 19:45:00;169.762; 51.090;208.733;126.030;1351.780;407.357;105.278;212.198; 89.162;155.407;298.490; 98.705;159.620;197.370;203.616;200.962;112.574; 45.404;260.354
2001-09-25 19:50:00;169.826; 51.707;209.500;123.107;1354.120;403.593;   null;213.896; 89.534;157.753;296.916; 99.593;159.940;200.384;201.228;199.694;112.900; 45.056;261.868
2001-09-25 19:55:00;169.656; 51.977;210.233;126.587;1354.380;408.650;   null;210.218; 90.750;156.567;296.581; 99.659;159.140;199.400;203.886;200.994;112.828; 44.736;262.614
2001-09-25 20:00:00;172.400; 50.630;211.900;126.857;1359.680;405.143;104.769;212.036; 88.980;158.867;295.094; 99.632;158.300;201.570;202.632;199.874;112.874; 44.586;261.576
2001-09-25 20:05:00;169.614; 51.997;210.833;126.200;1352.760;405.640;   null;213.272; 90.134;158.583;301.968;100.132;158.060;199.172;201.380;201.332;113.322; 44.880;259.080
2001-09-25 20:10:00;169.750; 53.330;208.667;124.277;1352.780;404.103;   null;213.502; 88.466;157.823;298.205;101.029;160.520;197.800;201.964;199.396;113.328; 45.508;262.162
2001-09-25 20:15:00;169.882; 52.030;210.200;125.170;1349.400;403.690;104.309;211.696; 89.492;154.633;299.256; 99.575;160.480;199.944;203.086;201.430;113.184; 46.387;258.240
2001-09-25 20:20:00;171.132; 51.680;208.333;124.947;1353.780;406.383;   null;213.670; 90.054;157.147;298.237; 99.078;160.800;200.616;201.044;202.380;113.876; 45.384;260.310
2001-09-25 20:25:00;167.926; 52.303;211.633;124.420;1335.200;404.117;   null;209.666; 90.390;157.057;297.003; 99.147;161.420;202.376;200.606;198.276;114.098; 44.708;262.378
2001-09-25 20:30:00;170.272; 51.433;210.033;125.523;1340.760;402.703;103.148;211.530; 90.212;157.500;300.906; 99.884;159.920;199.746;200.512;201.114;112.808; 43.984;258.248
2001-09-25 20:35:00;167.772; 50.903;208.867;123.713;1339.040;403.390;   null;208.630; 87.738;157.587;296.686; 98.406;160.700;200.442;200.052;202.153;113.602; 45.580;260.228
2001-09-25 20:40:00;167.806; 50.037;206.567;124.560;1336.060;400.877;   null;208.568; 88.124;156.393;296.037; 97.636;157.840;198.020;200.298;   null;111.588; 44.944;261.114
2001-09-25 20:45:00;167.116; 51.547;207.233;122.960;1348.380;398.917;102.782;209.140; 90.048;155.810;297.718; 96.842;162.040;199.770;198.240;204.264;113.694; 45.038;262.092
2001-09-25 20:50:00;169.502; 51.610;205.233;123.973;1334.660;396.923;   null;211.878; 87.712;154.660;296.835; 99.347;158.560;200.546;200.990;199.498;114.142; 44.342;259.024
2001-09-25 20:55:00;168.290; 51.467;208.467;122.283;1337.720;393.790;   null;207.566; 89.930;156.120;298.550; 97.437;159.440;197.978;198.654;197.614;113.070; 44.090;259.368
2001-09-25 21:00:00;168.290; 50.220;207.033;122.483;1342.560;395.897;102.118;208.972; 87.944;155.750;296.353; 98.679;158.740;197.958;199.722;199.536;113.360; 44.466;257.414
2001-09-25 21:05:00;165.804; 50.393;206.167;121.447;1339.340;396.030;   null;210.726; 87.866;153.310;296.070; 98.491;157.340;200.324;197.832;201.134;112.450; 44.610;255.448
2001-09-25 21:10:00;167.794; 49.153;207.933;123.497;1335.500;394.870;   null;209.944; 89.100;155.447;296.900; 96.510;155.820;198.044;196.966;200.862;112.278; 43.564;255.950
2001-09-25 21:15:00;167.762; 51.393;206.900;120.727;1334.860;393.480;100.689;206.976; 88.958;155.543;295.057; 97.608;156.740;198.414;199.042;199.848;111.312; 44.152;254.750
2001-09-25 21:20:00;166.912; 51.343;207.900;123.017;1328.840;393.917;   null;207.340; 89.584;153.237;293.099; 97.304;155.960;198.108;197.760;200.678;112.450; 44.198;253.350
2001-09-25 21:25:00;167.122; 50.643;208.700;122.867;1314.380;391.553;   null;205.886; 87.116;154.860;294.095; 97.348;158.020;199.264;195.892;196.972;112.700; 43.870;253.146
2001-09-25 21:30:00;165.040; 51.450;207.100;123.817;1320.480;390.020;101.209;205.210; 89.688;154.707;291.180; 96.916;157.120;196.830;196.760;200.952;111.732; 42.374;250.142
2001-09-25 21:35:00;166.566; 50.020;207.100;122.357;1309.800;388.787;   null;205.444; 88.742;153.584;290.616; 96.279;157.640;196.264;197.742;197.532;110.532; 41.954;249.316
2001-09-25 21:40:00;165.572; 51.860;208.267;122.350;1315.360;387.797;   null;203.610; 88.140;152.567;290.503; 97.728;155.240;195.820;195.408;197.658;111.262; 42.728;248.294
2001-09-25 21:45:00;164.084; 50.410;204.767;121.940;1312.860;385.523; 99.850;204.448; 87.454;152.393;289.630; 94.627;154.860;194.382;195.932;195.506;110.258; 41.870;246.644
2001-09-25 21:50:00;165.814; 50.163;202.633;121.623;1298.060;387.017;   null;201.026; 87.314;150.580;286.893; 95.307;153.080;193.696;196.354;196.704;110.628; 42.542;245.060
2001-09-25 21:55:00;162.170; 51.033;202.300;121.917;1305.420;385.213;   null;200.780; 85.464;151.110;287.312; 94.003;152.660;191.500;197.518;194.738;111.176; 42.128;246.274
2001-09-25 22:00:00;165.400; 49.453;204.900;122.003;1302.240;386.633;100.191;199.080; 86.942;149.774;292.973; 95.014;153.600;195.330;196.670;197.350;110.744; 42.472;245.512
2001-09-25 22:05:00;162.744; 50.937;202.100;121.037;1314.000;386.040;   null;199.650; 86.550;150.217;291.388; 94.346;152.740;194.488;196.076;194.100;109.142; 41.670;246.160
2001-09-25 22:10:00;164.296; 50.893;200.600;122.857;1316.460;389.407;   null;203.702; 87.540;150.007;292.478; 94.574;153.080;194.608;194.374;193.806;110.360; 42.184;247.748
2001-09-25 22:15:00;168.366; 49.650;202.533;121.800;1322.120;390.003; 99.514;204.700; 87.428;151.860;294.082; 94.945;157.180;195.536;195.556;194.262;108.352; 42.760;249.660
2001-09-25 22:20:00;165.328; 50.960;201.067;123.027;1316.780;388.077;   null;202.680; 87.870;152.083;290.945; 94.805;155.840;195.208;192.900;193.590;108.766; 42.656;246.056
2001-09-25 22:25:00;165.016; 50.090;202.533;123.263;1306.240;388.990;   null;203.698; 87.136;149.907;290.354; 95.718;152.940;194.832;195.282;194.232;109.848; 41.672;247.712
2001-09-25 22:30:00;164.572; 49.807;206.500;123.150;1303.660;393.450;100.272;203.044; 86.312;151.993;286.991; 94.524;153.900;194.094;193.028;194.546;107.908; 41.524;243.530
2001-09-25 22:35:00;163.704; 50.540;203.233;122.437;1292.740;389.977;   null;200.954; 86.276;152.213;282.926; 93.438;152.620;193.738;190.844;192.668;109.418; 42.312;245.350
2001-09-25 22:40:00;164.014; 50.527;200.733;120.697;1289.400;388.817;   null;201.400; 85.580;150.757;282.259; 93.937;150.840;190.492;190.868;191.832;107.462; 41.776;245.024
2001-09-25 22:45:00;163.046; 49.963;201.400;119.003;1291.080;389.143;100.035;202.302; 85.414;150.350;279.368; 93.985;152.740;190.600;189.232;192.228;108.618; 42.198;246.572
2001-09-25 22:50:00;162.502; 49.473;198.867;120.493;1279.240;388.480;   null;199.938; 84.690;148.817;280.514; 91.656;153.280;191.226;188.310;193.280;107.714; 42.116;245.260
2001-09-25 22:55:00;163.076; 50.337;199.433;120.453;1283.460;385.793;   null;198.956; 84.732;147.700;278.599; 92.765;151.660;188.594;190.308;192.962;107.620; 41.740;244.726
2001-09-25 23:00:00;163.428; 48.637;200.233;120.303;1284.700;385.427;100.738;197.622; 84.912;150.090;281.033; 95.027;151.440;184.766;192.612;191.744;107.894; 41.516;243.932
2001-09-25 23:05:00;163.194; 50.050;199.233;121.127;1294.840;384.950;   null;200.164; 86.838;147.703;282.143; 93.394;151.260;187.740;191.728;194.298;108.150; 41.754;244.274
2001-09-25 23:10:00;162.650; 51.060;200.700;119.553;1279.380;383.610;   null;200.090; 86.010;148.260;283.754; 93.491;151.360;188.636;192.158;191.602;108.586; 42.170;246.182
2001-09-25 23:15:00;163.220; 50.417;200.667;120.000;1288.780;388.060; 99.670;201.028; 87.104;146.957;283.591; 93.453;153.080;188.176;193.024;192.800;109.138; 42.740;246.420
2001-09-25 23:20:00;165.182; 49.087;201.733;123.720;1288.320;384.263;   null;201.688; 87.016;146.923;282.397; 92.956;154.480;187.844;190.868;192.352;109.806; 42.550;248.648
2001-09-25 23:25:00;163.010; 49.967;202.633;121.830;1285.380;385.020;   null;199.028; 85.276;149.070;283.242; 93.557;152.260;189.572;192.282;192.780;109.682; 42.746;247.166
2001-09-25 23:30:00;213.042; 50.297;201.967;122.177;1295.440;384.927;100.040;198.514; 86.656;150.400;283.767; 94.366;153.640;186.874;189.936;193.566;108.584; 42.184;245.322
2001-09-25 23:35:00;165.638; 50.473;204.133;119.620;1289.240;385.610;   null;200.298; 86.436;150.963;281.371; 93.594;153.080;188.390;192.700;189.916;108.674; 42.354;246.630
2001-09-25 23:40:00;164.072; 50.417;201.667;120.543;1287.060;383.757;   null;200.996; 86.198;149.513;284.216; 94.352;152.520;187.606;191.820;193.920;107.892; 42.518;244.648
2001-09-25 23:45:00;164.316; 50.217;203.200;122.123;1293.780;388.413; 99.595;201.500; 87.946;150.196;284.042; 93.210;151.720;189.980;192.814;193.192;107.752; 41.926;246.138
2001-09-25 23:50:00;164.592; 49.527;203.133;119.040;1287.460;388.060;   null;201.830; 85.210;147.417;283.375; 93.605;151.580;189.530;193.612;191.772;106.286; 41.968;244.632
2001-09-25 23:55:00;161.986; 49.860;203.467;121.803;1291.180;384.950;   null;203.216; 87.048;147.617;286.606; 94.341;150.020;189.298;193.094;191.144;106.734; 42.194;243.780
2001-09-26 00:00:00;166.080; 49.590;202.133;121.650;1292.740;388.480; 99.888;200.584; 86.276;151.140;281.629; 94.258;150.720;187.214;191.320;192.122;107.976; 41.296;244.234
2001-09-26 00:05:00;162.108; 51.250;203.700;120.840;1289.800;387.470;   null;198.984; 86.006;148.207;278.062; 93.055;150.360;185.144;189.832;   null;107.646; 41.078;243.642
2001-09-26 00:10:00;164.494; 51.100;201.300;120.817;1288.060;386.537;   null;200.932; 86.566;149.587;277.336; 92.429;150.060;185.320;189.036;192.548;106.186; 41.418;245.340
2001-09-26 00:15:00;161.674; 49.370;203.867;119.580;1281.820;391.263; 98.824;201.964; 85.872;150.247;277.047; 94.021;151.640;184.494;189.368;191.422;107.274; 42.042;244.824
2001-09-26 00:20:00;164.842; 49.300;203.233;122.000;1288.500;383.520;   null;199.114; 86.154;149.300;277.466; 93.136;152.160;183.912;190.940;188.558;108.932; 41.598;245.348
2001-09-26 00:25:00;163.686; 50.573;204.233;121.533;1285.880;384.007;   null;198.818; 84.870;148.780;277.205; 93.267;151.600;185.450;189.718;186.958;109.382; 41.666;243.076
2001-09-26 00:30:00;166.492; 51.330;201.367;120.763;1291.600;383.507; 98.839;198.604; 85.516;149.487;278.677; 93.325;153.260;185.082;189.240;190.874;108.518; 41.698;244.270
2001-09-26 00:35:00;165.694; 50.217;201.733;121.920;1300.940;385.653;   null;200.518; 87.102;149.707;286.024; 92.874;152.220;184.836;191.306;189.724;107.560; 41.578;243.888
2001-09-26 00:40:00;165.798; 50.947;204.633;120.947;1294.360;381.687;   null;200.408; 85.772;148.007;283.965; 93.067;151.360;186.436;187.834;188.526;106.994; 41.792;246.796
2001-09-26 00:45:00;163.992; 49.910;203.300;122.087;1300.300;386.150; 99.131;198.504; 86.288;148.167;279.323; 93.880;151.480;184.078;188.858;189.983;107.388; 42.142;243.374
2001-09-26 00:50:00;164.498; 50.230;201.700;123.003;1291.280;383.497;   null;200.938; 85.578;147.243;281.220; 93.564;150.620;188.160;190.472;186.240;106.550; 41.476;241.104
2001-09-26 00:55:00;165.422; 50.660;203.100;121.190;1296.960;385.943;   null;195.756; 86.998;148.797;278.303; 93.384;152.820;186.044;187.768;190.950;108.876; 41.234;244.148
2001-09-26 01:00:00;165.306; 49.927;201.133;120.960;1289.120;385.827; 98.845;198.520; 85.618;149.247;280.795; 93.267;151.000;186.966;186.922;188.674;107.294; 41.820;243.162
2001-09-26 01:05:00;164.862; 49.167;204.000;119.740;1291.860;384.480;   null;199.338; 86.666;150.743;279.658; 92.801;152.420;184.416;191.198;189.456;105.450; 41.900;243.362
2001-09-26 01:10:00;165.976; 50.617;201.333;122.387;1302.500;384.217;   null;199.866; 85.852;148.140;282.984; 94.214;149.680;182.478;190.978;188.606;104.266; 42.166;245.654
2001-09-26 01:15:00;163.894; 49.373;203.333;120.550;1304.180;389.457; 99.977;198.454; 85.468;147.973;282.723; 94.549;150.540;184.692;189.014;188.692;105.216; 42.828;244.022
2001-09-26 01:20:00;163.546; 50.907;202.500;120.777;1310.240;387.043;   null;195.974; 87.214;148.250;283.595; 93.670;148.700;184.634;190.972;189.224;104.632; 42.284;248.044
2001-09-26 01:25:00;165.080; 50.150;202.600;121.743;1305.500;383.400;   null;198.192; 86.672;147.794;278.507; 92.715;148.640;185.838;188.386;188.796;103.612; 42.796;245.602
2001-09-26 01:30:00;164.828; 49.450;202.100;122.143;1310.820;387.910; 98.994;201.946; 85.238;146.820;280.460; 94.583;149.840;183.606;189.518;189.268;103.150; 42.686;245.772
2001-09-26 01:35:00;166.330; 49.910;201.067;122.610;1307.080;387.000;   null;199.212; 86.232;147.383;274.841; 92.052;148.300;182.532;187.796;187.794;104.300; 42.624;248.678
2001-09-26 01:40:00;167.758; 50.610;200.200;121.383;1311.860;388.300;   null;204.102; 85.002;149.437;278.205; 93.100;149.420;183.916;186.438;187.042;105.588; 42.320;244.560
2001-09-26 01:45:00;166.696; 52.060;199.967;121.030;1294.060;385.180; 99.299;203.568; 85.528;148.387;274.808; 93.205;149.700;186.588;185.756;186.592;105.010; 42.144;246.358
2001-09-26 01:50:00;164.064; 50.747;203.067;122.297;1300.300;387.357;   null;201.544; 84.532;149.760;274.285; 91.797;150.840;183.636;186.372;185.997;105.106; 42.032;246.266
2001-09-26 01:55:00;165.986; 51.180;201.967;122.607;1309.780;383.900;   null;202.030; 85.078;147.490;275.522; 91.475;148.620;184.132;186.188;189.760;104.926; 41.780;246.428
2001-09-26 02:00:00;165.816; 51.060;201.267;122.557;1308.980;387.430; 99.079;201.490; 85.422;148.113;275.157; 91.870;148.020;183.756;186.752;186.970;106.390; 41.834;242.690
2001-09-26 02:05:00;167.522; 49.987;201.833;123.450;1296.160;388.227;   null;202.702; 85.302;147.364;271.474; 91.331;151.320;183.410;187.376;183.852;105.460; 41.854;243.712
2001-09-26 02:10:00;165.534; 50.590;202.467;121.777;1295.160;386.527;   null;199.694; 85.342;147.453;271.762; 93.035;149.920;183.402;187.946;186.248;105.180; 41.972;243.032
2001-09-26 02:15:00;165.106; 52.483;200.300;125.677;1293.640;391.510; 99.129;202.410; 85.196;147.540;272.838; 93.093;148.300;184.870;185.632;187.830;104.430; 41.994;245.580
2001-09-26 02:20:00;167.788; 50.340;201.933;121.963;1296.320;388.653;   null;200.468; 84.538;147.210;272.284; 92.331;150.880;184.032;184.336;185.587;105.126; 42.244;245.734
2001-09-26 02:25:00;160.886; 51.023;202.767;121.000;1294.340;386.993;   null;202.476; 83.946;149.333;276.456; 94.265;150.160;186.136;186.316;183.990;104.332; 41.102;247.680
2001-09-26 02:30:00;165.480; 49.807;202.967;121.027;1302.460;387.364; 99.931;199.528; 84.004;149.847;275.967; 92.513;152.540;186.608;186.670;187.558;105.518; 41.832;243.654
2001-09-26 02:35:00;165.086; 50.597;201.600;123.190;1309.220;394.567;   null;203.136; 84.494;150.673;277.849; 92.796;150.660;185.442;186.408;186.998;104.662; 41.194;244.966
2001-09-26 02:40:00;166.604; 50.793;200.300;121.650;1292.980;392.050;   null;201.014; 84.956;150.923;275.179; 93.424;151.320;186.362;185.668;185.680;106.488; 42.090;243.474
2001-09-26 02:45:00;165.656; 49.927;201.700;122.310;1296.220;391.050; 99.915;203.198; 85.222;148.307;274.523; 91.455;152.020;186.634;188.398;186.316;105.586; 41.554;244.806
2001-09-26 02:50:00;165.882; 50.213;201.233;121.923;1289.600;390.723;   null;203.734; 84.182;148.607;277.615; 91.841;151.000;186.240;189.802;187.368;105.388; 41.308;244.042
2001-09-26 02:55:00;165.972; 51.927;201.200;121.657;1297.920;385.917;   null;203.560; 84.010;148.287;273.119; 92.865;152.260;187.076;187.836;187.958;105.368; 41.336;243.068
2001-09-26 03:00:00;164.238; 51.317;201.267;121.987;1286.120;390.397;100.768;202.038; 84.184;148.760;274.863; 94.234;150.900;185.542;188.376;187.972;104.436; 41.188;241.312
2001-09-26 03:05:00;165.088; 49.873;199.733;122.110;1286.180;391.123;   null;203.660; 85.810;151.640;277.591; 94.074;150.960;186.700;187.698;187.728;104.944; 41.624;241.960
2001-09-26 03:10:00;165.750; 51.517;200.800;122.350;1283.200;389.653;   null;199.562; 84.788;151.113;275.351; 92.884;150.140;184.444;188.050;189.672;106.796; 42.150;244.196
2001-09-26 03:15:00;162.786; 51.593;201.200;122.017;1281.860;388.980; 99.925;199.336; 83.866;150.310;276.033; 93.055;149.640;186.464;187.048;187.912;105.394; 41.126;241.784
2001-09-26 03:20:00;164.110; 49.597;202.600;122.600;1286.480;386.357;   null;201.414; 83.486;148.953;275.572; 93.492;150.840;185.792;188.762;190.202;108.126; 41.568;242.768
2001-09-26 03:25:00;164.224; 49.897;201.133;121.653;1286.560;387.077;   null;199.262; 83.346;147.553;275.922; 92.988;150.640;186.026;187.954;186.664;105.898; 41.852;241.286
2001-09-26 03:30:00;164.726; 49.090;200.567;122.303;1278.580;386.310;100.396;198.514; 85.290;150.470;275.559; 94.179;150.300;185.328;189.458;186.648;107.364; 41.012;242.450
2001-09-26 03:35:00;165.574; 50.903;201.700;121.393;1276.980;381.503;   null;196.928; 85.538;147.790;275.235; 92.382;150.740;185.298;188.674;188.158;104.718; 41.780;241.642
2001-09-26 03:40:00;163.274; 50.683;200.900;120.917;1280.160;379.390;   null;200.788; 84.402;148.240;275.972; 91.619;150.600;185.246;187.124;189.320;104.050; 41.128;243.296
2001-09-26 03:45:00;165.084; 49.470;200.667;120.937;1279.340;379.700; 99.215;197.320; 84.984;146.903;275.584; 91.853;150.840;183.678;188.834;189.196;104.624; 42.426;244.062
2001-09-26 03:50:00;163.632; 50.727;200.900;122.283;1276.440;379.123;   null;198.926; 85.972;148.163;274.276; 92.675;148.800;184.480;188.416;189.442;105.482; 41.532;242.292
2001-09-26 03:55:00;164.784; 50.100;198.367;122.350;1278.420;382.250;   null;201.284; 82.910;148.136;275.925; 93.101;150.900;186.266;188.476;189.800;105.902; 41.236;243.002
2001-09-26 04:00:00;164.756; 50.503;204.100;121.063;1274.620;379.150;100.209;198.154; 85.156;148.177;276.790; 93.155;149.720;184.012;186.094;188.238;104.954; 41.544;242.598
2001-09-26 04:05:00;166.256; 50.700;201.767;120.937;1277.060;378.957;   null;197.338; 83.512;149.037;275.234; 92.641;148.080;185.892;186.524;189.672;105.802; 41.690;243.752
2001-09-26 04:10:00;165.036; 49.743;202.333;120.983;1279.740;380.747;   null;197.094; 84.164;149.180;276.605; 92.420;150.020;186.566;187.072;189.258;106.056; 42.218;247.398
2001-09-26 04:15:00;165.998; 51.460;201.600;122.430;1283.060;382.010; 98.049;197.150; 83.882;149.337;272.703; 92.452;151.080;187.154;185.490;188.690;105.774; 41.768;246.516
2001-09-26 04:20:00;163.294; 50.537;199.800;119.310;1276.260;382.327;   null;199.510; 84.038;148.830;275.145; 91.883;151.360;187.740;185.782;189.834;104.880; 42.566;247.744
2001-09-26 04:25:00;163.128; 49.460;206.133;121.840;1277.900;380.407;   null;195.888; 84.142;147.110;274.688; 92.214;148.320;185.828;187.120;189.692;105.544; 41.910;245.642
2001-09-26 04:30:00;164.458; 50.850;200.800;119.847;1288.940;383.210; 98.457;196.628; 83.698;146.797;278.078; 92.398;147.500;186.832;186.370;191.364;106.902; 42.602;246.122
2001-09-26 04:35:00;164.002; 49.520;200.367;119.060;1278.380;378.340;   null;198.508; 85.706;147.870;274.141; 91.747;148.360;185.562;188.216;190.040;106.570; 41.732;247.462
2001-09-26 04:40:00;161.998; 49.240;201.967;119.950;1282.600;382.520;   null;197.946; 84.356;150.000;273.587; 93.383;149.160;183.778;185.256;189.350;106.626; 42.172;244.412
2001-09-26 04:45:00;163.624; 49.713;203.200;118.257;1285.900;382.290; 98.526;197.360; 83.610;147.160;277.437; 92.516;149.260;184.568;188.014;191.212;107.640; 41.710;245.592
2001-09-26 04:50:00;163.938; 51.137;201.333;120.557;1273.540;378.507;   null;198.646; 83.926;145.664;275.340; 91.736;151.020;186.460;186.752;189.754;107.124; 41.796;245.674
2001-09-26 04:55:00;165.802; 49.590;199.967;120.640;1276.460;377.727;   null;197.732; 82.954;145.687;276.785; 92.927;150.520;185.968;184.808;188.276;107.200; 42.146;245.832
2001-09-26 05:00:00;163.094; 50.673;199.233;119.337;1275.140;383.237; 97.876;197.892; 84.206;146.963;276.559; 94.122;150.700;186.848;187.842;187.362;106.628; 42.122;246.340
2001-09-26 05:05:00;161.076; 51.057;202.900;120.157;1277.520;380.150;   null;195.586; 84.118;147.477;275.749; 91.936;150.460;186.112;185.132;189.116;106.026; 41.202;243.592
2001-09-26 05:10:00;163.542; 48.500;198.400;120.223;1274.180;379.790;   null;195.822; 85.158;149.093;274.969; 92.762;149.920;189.440;185.658;188.524;106.486; 41.860;242.458
2001-09-26 05:15:00;164.480; 49.477;198.833;119.543;1274.180;380.273; 98.468;198.352; 84.636;150.173;276.660; 93.767;149.620;187.956;187.568;187.086;105.864; 41.670;243.680
2001-09-26 05:20:00;163.236; 49.663;200.900;120.523;1269.180;378.663;   null;197.824; 84.256;146.793;275.666; 91.200;149.000;189.502;188.216;188.500;105.764; 40.850;240.760
2001-09-26 05:25:00;163.462; 49.060;199.500;120.833;1267.380;380.253;   null;193.768; 85.096;147.050;275.987; 91.643;150.220;188.186;187.000;187.754;107.062; 41.384;244.722
2001-09-26 05:30:00;162.738; 48.880;202.567;118.883;1268.940;378.267; 97.606;199.240; 84.042;144.287;276.744; 90.729;146.740;186.964;186.984;188.226;105.606; 41.506;243.284
2001-09-26 05:35:00;164.312; 49.617;197.933;120.393;1275.520;377.167;   null;199.974; 84.830;146.850;279.512; 93.759;150.660;186.798;188.638;187.540;106.288; 41.314;243.502
2001-09-26 05:40:00;162.664; 48.640;201.067;119.843;1275.420;376.023;   null;197.350; 84.716;146.553;278.934; 91.859;149.040;188.062;188.578;188.910;106.722; 41.492;242.380
2001-09-26 05:45:00;162.504; 51.063;199.800;119.200;1267.260;379.553; 98.456;196.860; 83.768;147.727;279.041; 91.858;149.160;187.498;186.446;185.026;107.276; 42.044;241.808
2001-09-26 05:50:00;162.182; 51.227;199.600;119.480;1277.240;378.840;   null;197.026; 84.144;145.947;275.524; 92.811;149.220;186.780;189.080;188.148;105.550; 41.808;241.068
2001-09-26 05:55:00;163.126; 49.077;196.667;121.733;1278.840;383.000;   null;197.124; 85.260;147.820;276.897; 92.017;151.240;186.864;189.464;186.758;107.400; 41.998;238.918
2001-09-26 06:00:00;164.154; 50.660;198.567;121.207;1281.540;378.807; 97.912;198.476; 83.694;147.633;275.703; 92.125;149.120;187.506;189.134;186.514;107.594; 40.538;242.116
2001-09-26 06:05:00;163.884; 49.457;197.833;119.590;1283.400;378.520;   null;199.156; 83.644;147.783;276.081; 92.080;149.200;188.444;188.464;187.706;107.438; 41.642;241.802
2001-09-26 06:10:00;163.612; 50.033;198.233;120.457;1274.320;376.566;   null;197.316; 83.918;146.440;279.733; 91.765;149.100;190.660;186.222;189.788;107.682; 41.852;242.504
2001-09-26 06:15:00;163.058; 51.480;199.333;118.940;1272.440;379.633; 98.739;197.856; 83.710;146.630;277.715; 91.604;148.640;188.444;188.104;188.487;108.140; 41.520;240.826
2001-09-26 06:20:00;162.400; 50.037;198.633;120.360;1265.440;379.310;   null;197.076; 84.096;146.890;277.893; 91.842;149.920;190.240;187.158;190.950;105.932; 41.034;240.766
2001-09-26 06:25:00;162.642; 50.173;196.633;120.307;1268.160;378.553;   null;195.642; 83.646;147.290;276.344; 93.272;149.620;190.622;185.232;188.218;106.088; 41.270;242.350
2001-09-26 06:30:00;162.970; 50.023;197.367;123.037;1271.020;381.543; 98.717;197.298; 83.698;147.113;276.428; 93.117;148.320;188.948;187.344;186.188;107.982; 41.594;244.122
2001-09-26 06:35:00;162.232; 50.227;198.867;118.570;1267.560;377.073;   null;199.320; 85.088;147.670;278.320; 91.850;147.780;187.402;186.154;187.390;106.520; 41.318;243.188
2001-09-26 06:40:00;161.504; 48.783;198.200;121.717;1274.820;378.793;   null;197.310; 83.232;147.504;277.503; 91.947;147.680;189.048;185.510;188.380;106.952; 41.472;243.644
2001-09-26 06:45:00;161.748; 49.853;197.933;118.637;1275.580;378.733; 97.722;193.986; 84.744;147.857;275.148; 92.695;150.500;188.792;185.528;186.786;107.306; 41.918;243.256
2001-09-26 06:50:00;161.918; 49.140;196.867;119.850;1269.560;377.213;   null;197.314; 84.990;145.337;279.280; 91.616;147.380;187.356;183.646;188.054;106.606; 42.130;242.902
2001-09-26 06:55:00;163.390; 49.273;199.400;121.260;1276.800;379.197;   null;197.924; 83.734;147.283;276.673; 91.116;148.980;185.978;185.450;183.950;106.208; 42.160;243.908
2001-09-26 07:00:00;162.072; 50.040;198.667;119.417;1269.260;376.177; 98.380;196.852; 84.658;147.400;277.679; 92.452;147.940;186.268;186.194;189.573;106.180; 41.756;243.874
2001-09-26 07:05:00;162.382; 50.020;199.933;119.997;1270.720;375.093;   null;197.356; 83.414;146.777;276.722; 92.688;146.780;187.666;186.314;188.048;106.278; 42.264;245.388
2001-09-26 07:10:00;163.918; 49.837;198.933;117.837;1277.280;376.074;   null;197.024; 83.988;146.557;274.324; 93.140;149.160;188.266;187.794;186.342;105.232; 41.494;245.578
2001-09-26 07:15:00;163.120; 49.280;199.000;117.547;1278.420;378.227; 97.762;196.622; 83.462;146.527;276.370; 91.653;148.280;185.196;186.906;189.326;104.234; 41.710;244.360
2001-09-26 07:20:00;163.640; 49.103;197.400;119.410;1274.300;373.973;   null;195.460; 83.932;147.063;276.970; 91.718;150.260;186.066;186.728;186.498;105.016; 41.308;242.592
2001-09-26 07:25:00;161.100; 49.103;200.367;118.913;1277.160;374.330;   null;194.326; 84.284;143.907;276.755; 91.155;150.060;184.644;185.642;187.264;105.514; 41.898;242.018
2001-09-26 07:30:00;162.864; 49.720;199.367;119.610;1273.860;374.320; 97.855;197.544; 84.788;145.507;280.185; 91.004;147.700;188.226;188.590;187.186;106.230; 41.028;245.040
2001-09-26 07:35:00;163.348; 49.487;198.567;120.713;1270.240;374.806;   null;194.234; 85.946;146.733;280.184; 92.478;148.380;188.342;186.556;186.816;106.112; 41.508;243.022
2001-09-26 07:40:00;161.380; 48.753;199.867;120.213;1266.160;374.800;   null;196.940; 83.968;145.817;275.729; 91.451;147.420;186.896;186.356;186.300;106.380; 41.652;243.304
2001-09-26 07:45:00;162.212; 49.043;198.200;119.223;1264.040;373.120; 98.178;196.372; 84.334;147.923;278.866; 90.078;147.860;184.860;186.200;185.278;105.414; 41.498;242.922
2001-09-26 07:50:00;161.850; 49.000;199.133;120.640;1272.940;377.190;   null;195.604; 83.254;147.777;276.453; 90.815;148.160;186.744;185.286;185.118;106.160; 41.146;241.668
2001-09-26 07:55:00;162.212; 49.817;201.533;119.900;1269.260;379.090;   null;197.354; 84.076;146.893;277.615; 91.481;147.560;186.116;186.392;186.740;105.446; 41.678;241.658
2001-09-26 08:00:00;162.998; 50.200;199.000;119.493;1267.320;373.200; 98.195;196.870; 83.358;148.010;275.880; 91.111;147.220;185.896;185.590;186.456;105.796; 41.648;243.196
2001-09-26 08:05:00;162.030; 49.833;201.333;120.847;1271.100;375.820;   null;198.040; 85.020;145.967;277.727; 91.496;147.820;187.022;187.436;186.760;105.528; 41.846;242.240
2001-09-26 08:10:00;163.386; 48.940;201.367;120.587;1277.900;376.217;   null;194.518; 83.756;146.050;275.956; 88.834;148.860;187.592;187.226;185.800;104.848; 41.968;242.710
2001-09-26 08:15:00;161.768; 50.060;198.900;121.500;1269.220;377.133; 97.227;197.388; 84.548;147.407;277.794; 91.090;146.880;185.946;188.268;186.454;105.470; 41.496;241.772
2001-09-26 08:20:00;161.728; 49.900;199.633;120.767;1271.360;376.380;   null;197.050; 81.832;145.610;278.280; 90.599;147.780;187.710;190.288;189.068;104.480; 41.086;241.132
2001-09-26 08:25:00;161.468; 49.383;199.133;119.850;1272.560;376.963;   null;197.128; 83.416;145.483;280.453; 91.306;148.120;187.526;187.740;188.070;106.770; 41.318;242.508
2001-09-26 08:30:00;162.556; 48.903;199.267;118.680;1264.900;376.560; 97.575;196.024; 85.372;143.607;277.277; 92.336;149.720;186.042;188.374;188.292;106.690; 41.958;244.778
2001-09-26 08:35:00;162.374; 49.123;197.800;119.380;1268.060;376.977;   null;195.734; 83.836;147.237;276.774; 89.936;148.280;188.908;188.624;188.366;107.456; 41.782;241.576
2001-09-26 08:40:00;165.232; 49.977;201.033;118.570;1263.300;374.320;   null;196.058; 85.904;144.390;277.496; 91.826;148.020;188.096;188.982;186.718;107.806; 41.444;243.378
2001-09-26 08:45:00;161.830; 49.643;197.767;118.953;1274.580;374.987; 97.593;197.582; 83.320;145.287;278.001; 91.671;148.540;184.678;187.340;186.414;107.348; 41.556;242.940
2001-09-26 08:50:00;162.924; 50.260;198.267;119.823;1258.980;376.710;   null;195.486; 83.578;144.637;276.369; 92.578;147.880;184.934;187.830;188.056;107.352; 42.084;243.252
2001-09-26 08:55:00;162.654; 50.440;199.400;120.283;1271.980;376.337;   null;199.080; 84.010;147.933;278.365; 92.863;148.400;188.960;187.674;188.642;106.486; 41.034;242.974
2001-09-26 09:00:00;162.362; 50.297;199.933;120.077;1265.000;374.107; 97.459;197.284; 84.656;145.757;278.507; 93.232;148.220;189.200;186.032;187.490;106.650; 41.820;241.736
2001-09-26 09:05:00;161.892; 50.430;198.933;121.080;1262.160;374.707;   null;197.768; 84.224;145.127;276.082; 91.571;146.860;189.042;185.954;187.592;105.974; 41.680;245.010
2001-09-26 09:10:00;165.650; 49.630;199.500;118.353;1270.420;373.287;   null;195.924; 83.926;147.703;277.661; 90.232;147.900;188.612;187.126;188.488;105.436; 41.428;244.466
2001-09-26 09:15:00;162.856; 48.883;201.800;120.023;1266.720;376.557; 97.035;196.796; 83.690;147.187;279.962; 90.076;148.220;186.994;185.790;188.480;106.448; 41.666;244.556
2001-09-26 09:20:00;162.228; 50.427;200.333;119.597;1268.020;375.043;   null;199.362; 85.290;145.083;278.523; 91.589;148.060;189.678;184.740;188.274;106.672; 41.666;246.010
2001-09-26 09:25:00;161.478; 49.180;201.567;120.030;1270.880;376.903;   null;196.350; 84.202;147.807;277.211; 91.334;149.180;187.616;184.284;188.144;106.824; 41.876;242.212
2001-09-26 09:30:00;164.022; 49.413;200.833;120.797;1274.800;376.063; 97.193;193.606; 84.460;146.693;277.054; 90.831;149.020;188.766;185.216;188.918;107.912; 41.268;241.246
2001-09-26 09:35:00;161.984; 50.210;202.200;118.890;1265.560;375.023;   null;196.824; 85.040;145.480;277.586; 92.234;149.100;189.848;186.454;188.250;106.246; 41.378;241.514
2001-09-26 09:40:00;162.970; 49.883;200.733;120.333;1275.220;376.857;   null;197.568; 84.884;144.350;278.022; 91.735;150.600;188.670;188.456;187.854;106.570; 41.338;238.532
2001-09-26 09:45:00;162.236; 48.140;201.533;117.550;1271.400;374.357; 97.400;195.326; 83.586;146.183;277.351; 92.411;149.580;187.018;183.166;188.176;105.646; 41.518;240.400
2001-09-26 09:50:00;161.754; 50.353;204.633;119.453;1267.080;377.877;   null;196.836; 83.794;147.793;277.882; 91.036;147.360;187.900;185.308;189.214;106.918; 41.378;242.308
2001-09-26 09:55:00;162.734; 51.163;200.533;119.950;1272.280;377.013;   null;196.710; 83.394;148.807;277.160; 92.440;148.260;188.782;184.584;188.014;106.722; 41.788;242.674
2001-09-26 10:00:00;162.960; 49.250;200.200;119.840;1267.800;376.177; 97.339;194.084; 84.208;147.957;274.587; 90.583;148.320;188.874;185.666;185.994;105.424; 41.260;241.674
2001-09-26 10:05:00;162.036; 49.537;200.800;118.557;1268.240;374.023;   null;195.264; 84.512;147.207;278.208; 91.727;147.620;186.962;184.808;185.274;106.348; 41.106;241.986
2001-09-26 10:10:00;163.100; 48.590;199.933;119.340;1263.340;376.883;   null;195.980; 83.792;145.273;275.728; 90.341;151.440;187.674;184.188;188.070;105.232; 40.920;241.016
2001-09-26 10:15:00;163.176; 49.263;197.833;118.733;1265.780;376.533; 97.917;197.956; 83.738;145.183;277.566; 91.161;148.740;188.692;185.220;187.238;104.432; 41.182;243.606
2001-09-26 10:20:00;161.704; 49.423;200.600;120.067;1268.640;375.590;   null;195.226; 84.584;145.227;279.180; 91.866;150.040;188.908;185.278;190.624;104.822; 41.600;239.008
2001-09-26 10:25:00;163.106; 49.407;202.300;118.513;1271.740;376.683;   null;197.234; 85.418;145.483;279.431; 91.726;148.700;185.888;185.170;186.362;103.966; 41.178;239.936
2001-09-26 10:30:00;163.798; 48.897;200.500;117.843;1270.140;378.127; 97.750;196.796; 83.662;147.987;279.196; 90.752;149.620;189.622;184.754;187.576;105.022; 41.436;241.750
2001-09-26 10:35:00;162.408; 49.387;198.867;118.200;1269.920;377.936;   null;197.306; 83.308;145.980;277.864; 92.301;149.100;187.532;184.610;184.654;103.466; 41.004;242.256
2001-09-26 10:40:00;164.072; 50.593;202.300;119.780;1272.040;375.390;   null;195.416; 84.258;146.100;280.464; 92.472;148.920;189.072;185.270;185.848;104.940; 41.136;238.956
2001-09-26 10:45:00;163.238; 48.573;201.400;118.573;1268.780;378.883; 97.677;197.120; 83.810;144.577;281.750; 91.717;146.920;186.940;185.742;186.704;104.328; 41.404;242.094
2001-09-26 10:50:00;162.870; 49.957;199.367;119.600;1269.060;376.667;   null;195.038; 84.064;144.530;277.864; 90.460;148.680;186.524;186.024;184.494;103.628; 41.226;239.832
2001-09-26 10:55:00;162.866; 49.620;201.567;119.243;1275.160;377.957;   null;198.362; 84.602;145.687;281.513; 90.625;149.440;188.300;183.220;185.390;103.332; 41.270;239.418
2001-09-26 11:00:00;164.172; 50.747;202.367;118.883;1280.360;378.260; 98.303;196.322; 83.354;146.600;279.853; 90.971;149.180;184.582;186.726;181.235;105.382; 40.902;240.380
2001-09-26 11:05:00;162.128; 49.977;197.933;119.320;1276.720;376.207;   null;196.690; 85.218;145.383;276.771; 90.341;147.480;185.978;187.044;187.125;104.172; 41.338;243.320
2001-09-26 11:10:00;165.040; 48.520;199.100;120.267;1276.620;375.130;   null;195.272; 83.476;146.063;278.006; 91.786;147.720;185.534;186.332;186.250;104.358; 42.072;239.494
2001-09-26 11:15:00;163.990; 49.243;200.067;118.743;1283.480;378.083; 97.718;194.312; 84.046;143.190;276.455; 91.616;148.980;186.156;184.478;187.980;104.382; 41.984;241.290
2001-09-26 11:20:00;163.882; 49.960;198.767;119.190;1279.000;380.317;   null;194.814; 84.970;146.787;278.380; 90.208;148.800;183.406;185.142;185.506;104.892; 41.042;241.258
2001-09-26 11:25:00;162.024; 50.463;200.933;120.770;1281.840;375.614;   null;199.002; 84.648;145.520;276.418; 92.481;147.800;183.324;185.090;185.872;104.208; 41.032;241.434
2001-09-26 11:30:00;163.104; 49.803;201.267;119.793;1288.960;377.210; 96.902;196.828; 83.426;146.630;276.594; 88.607;147.980;184.610;185.250;187.186;102.524; 41.388;240.532
2001-09-26 11:35:00;163.650; 49.967;200.467;120.243;1285.820;376.437;   null;197.594; 84.878;144.597;274.210; 91.465;147.100;184.668;185.960;187.372;105.234; 41.834;243.240
2001-09-26 11:40:00;165.570; 50.077;199.300;118.530;1284.320;377.760;   null;195.788; 84.534;146.400;275.823; 91.310;149.420;185.340;186.602;185.732;105.890; 41.198;242.254
2001-09-26 11:45:00;162.074; 48.817;199.200;120.397;1293.340;375.603; 97.236;194.446; 84.490;144.833;273.751; 91.514;147.600;185.346;185.974;187.960;104.372; 41.450;241.530
2001-09-26 11:50:00;164.228; 50.503;198.667;118.747;1295.400;379.597;   null;195.940; 83.648;144.926;275.503; 90.770;147.260;182.576;188.118;190.760;106.140; 41.414;241.702
2001-09-26 11:55:00;163.264; 50.063;199.767;120.413;1292.500;374.537;   null;196.322; 83.728;144.880;273.857; 91.932;150.020;183.066;185.498;187.250;103.098; 41.280;240.780
2001-09-26 12:00:00;163.972; 50.420;200.367;120.127;1294.600;375.277; 97.270;197.660; 83.420;144.843;276.584; 91.494;150.180;184.672;184.860;185.932;104.690; 41.284;241.246
2001-09-26 12:05:00;162.902; 48.477;199.733;120.537;1291.140;375.987;   null;197.190; 83.492;145.997;277.339; 91.362;147.020;184.104;186.522;186.690;103.590; 41.330;240.318
2001-09-26 12:10:00;160.548; 50.123;199.733;122.013;1295.580;378.450;   null;195.330; 84.574;146.277;272.874; 91.057;147.700;184.378;184.800;186.170;104.608; 40.908;241.210
2001-09-26 12:15:00;164.124; 50.120;198.267;119.603;1288.020;375.997; 97.300;194.644; 83.808;146.327;271.042; 91.289;149.820;182.734;185.456;186.896;105.178; 40.566;243.090
2001-09-26 12:20:00;165.074; 49.783;198.900;118.317;1280.520;375.370;   null;196.800; 84.188;148.357;274.026; 90.436;148.280;180.356;184.890;187.642;104.594; 40.970;241.900
2001-09-26 12:25:00;164.048; 50.757;201.267;119.580;1293.980;376.377;   null;195.168; 82.746;146.113;274.100; 92.592;149.640;181.866;186.494;187.580;104.498; 41.302;239.904
2001-09-26 12:30:00;164.844; 48.857;202.700;119.917;1284.100;373.937; 97.318;196.784; 84.598;143.460;272.402; 91.817;146.400;182.588;186.022;186.446;104.344; 41.064;240.546
2001-09-26 12:35:00;163.530; 49.897;201.433;119.800;1282.880;375.443;   null;196.376; 84.238;145.000;274.089; 91.434;147.880;181.300;186.960;188.302;103.354; 40.344;241.472
2001-09-26 12:40:00;164.002; 50.507;200.800;119.333;1291.380;374.767;   null;192.916; 84.844;145.683;273.094; 90.647;148.600;184.272;187.344;187.468;103.980; 41.498;240.328
2001-09-26 12:45:00;163.832; 50.217;202.467;119.123;1289.500;375.627; 96.996;194.936; 83.148;148.320;275.705; 90.551;147.960;184.266;188.444;187.492;104.864; 41.134;242.260
2001-09-26 12:50:00;163.668; 49.903;199.433;121.200;1295.720;376.737;   null;196.692; 84.162;146.773;273.376; 91.687;149.460;183.928;186.882;188.380;104.462; 41.074;241.364
2001-09-26 12:55:00;162.770; 50.157;199.567;118.850;1293.540;374.603;   null;197.632; 85.260;147.277;276.660; 90.769;147.080;182.022;185.998;188.834;103.346; 41.160;241.368
2001-09-26 13:00:00;164.508; 50.260;202.033;118.477;1295.240;376.167; 97.869;196.370; 83.774;145.823;274.344; 90.504;150.460;183.740;184.480;188.250;104.032; 41.592;240.730
2001-09-26 13:05:00;162.814; 51.030;200.367;119.523;1299.180;375.853;   null;194.972; 83.738;145.953;275.552; 93.178;149.280;183.586;185.610;189.340;104.594; 41.530;242.728
2001-09-26 13:10:00;164.286; 50.600;201.033;121.077;1296.360;371.840;   null;198.532; 83.436;147.807;278.624; 93.373;149.100;185.836;186.750;185.996;104.334; 41.804;239.810
2001-09-26 13:15:00;164.408; 50.393;198.467;120.183;1298.140;376.393; 97.514;198.104; 83.578;147.460;273.987; 91.791;148.940;185.014;187.942;187.702;104.058; 41.170;243.072
2001-09-26 13:20:00;165.154; 49.827;199.033;120.473;1292.600;378.410;   null;195.338; 83.278;146.917;276.069; 90.946;149.580;183.390;184.640;187.278;105.096; 42.106;241.760
2001-09-26 13:25:00;164.598; 49.637;199.600;120.773;1296.780;379.050;   null;194.830; 83.452;145.467;275.165; 93.250;148.200;184.516;185.202;188.944;104.190; 41.544;243.888
2001-09-26 13:30:00;163.526; 50.290;200.867;118.820;1294.960;376.963; 97.063;197.602; 82.172;146.073;278.778; 90.736;149.420;183.518;186.058;187.990;104.256; 41.538;241.842
2001-09-26 13:35:00;163.732; 50.787;199.733;119.163;1296.020;376.783;   null;198.402; 83.702;145.817;276.713; 91.468;147.320;186.594;184.628;186.060;104.364; 41.262;243.618
2001-09-26 13:40:00;165.744; 49.823;199.700;122.367;1298.700;376.647;   null;198.406; 84.264;148.320;274.376; 91.625;148.720;185.278;183.398;186.657;103.838; 41.272;239.786
2001-09-26 13:45:00;165.644; 49.250;200.467;119.540;1293.940;377.993; 97.549;195.570; 83.762;147.753;276.947; 91.818;147.380;184.624;185.396;187.856;103.554; 41.470;240.678
2001-09-26 13:50:00;162.530; 49.633;200.800;119.307;1305.320;376.863;   null;197.752; 83.310;146.407;277.299; 92.434;148.120;185.276;186.772;188.496;104.578; 41.416;243.682
2001-09-26 13:55:00;162.058; 49.450;200.300;120.130;1295.240;375.673;   null;198.770; 84.654;145.827;274.870; 91.511;148.520;186.762;186.564;188.408;105.486; 41.586;240.608
2001-09-26 14:00:00;164.294; 48.607;201.533;119.957;1297.780;375.547; 95.698;195.602; 83.396;145.273;278.371; 92.449;148.900;185.258;185.836;185.936;103.368; 40.848;245.634
2001-09-26 14:05:00;162.644; 49.767;198.367;121.403;1294.820;376.800;   null;195.130; 83.352;144.723;273.588; 90.424;149.740;185.422;184.628;187.892;105.192;   null;   null
2001-09-26 14:10:00;165.278; 50.133;199.933;120.380;1298.700;378.373;   null;197.932; 83.896;146.137;272.104; 92.803;149.220;184.896;186.808;187.950;104.322; 41.102;241.847
2001-09-26 14:15:00;165.258; 49.617;197.667;118.833;1290.600;379.963; 96.710;198.550; 83.304;145.533;275.589; 92.071;148.520;185.130;186.078;187.168;104.466; 40.874;240.568
2001-09-26 14:20:00;163.972; 49.627;199.800;119.833;1302.680;376.723;   null;198.642; 84.140;144.293;275.008; 92.316;149.140;184.866;185.582;184.952;105.000; 41.548;243.168
2001-09-26 14:25:00;164.492; 48.793;198.733;122.167;1296.980;379.517;   null;194.332; 86.070;148.060;273.851; 92.472;149.220;182.726;185.478;187.068;104.188; 41.122;241.392
2001-09-26 14:30:00;164.262; 50.407;199.467;120.590;1295.560;378.403; 97.629;197.426; 83.146;146.760;272.881; 91.750;151.000;184.192;185.910;189.574;104.528; 41.778;240.978
2001-09-26 14:35:00;164.012; 50.163;199.867;118.880;1300.800;380.010;   null;197.310; 83.214;145.193;273.818; 92.624;151.240;184.622;186.802;189.686;104.090; 40.486;242.708
2001-09-26 14:40:00;165.188; 51.020;200.933;120.673;1299.580;381.110;   null;199.286; 84.262;145.100;276.077; 91.758;148.080;183.380;186.324;190.006;106.006; 41.224;243.712
2001-09-26 14:45:00;163.426; 50.613;199.600;118.683;1303.200;376.817; 98.578;196.240; 82.866;146.550;274.440; 90.737;149.000;182.536;186.544;188.380;104.116; 41.878;243.540
2001-09-26 14:50:00;166.220; 48.790;201.267;120.030;1307.780;379.653;   null;198.720; 83.806;147.083;274.631; 91.954;148.400;185.206;184.966;187.954;103.906; 41.096;241.514
2001-09-26 14:55:00;164.134; 49.277;201.400;122.113;1303.580;376.770;   null;196.972; 82.390;145.613;272.609; 90.970;149.000;182.424;186.960;185.956;104.560; 41.402;240.948
2001-09-26 15:00:00;163.894; 50.813;200.433;119.483;1300.200;380.893; 97.197;197.784; 83.270;146.567;272.927; 90.810;147.460;184.348;185.516;187.748;104.438; 41.434;243.180
2001-09-26 15:05:00;163.612; 49.677;199.233;121.677;1309.100;378.140;   null;197.836; 81.416;148.727;274.269; 92.851;146.360;185.018;187.122;187.416;103.542; 41.336;240.624
2001-09-26 15:10:00;164.904; 50.493;198.867;119.203;1303.540;379.857;   null;199.576; 83.960;146.197;275.730; 91.732;148.420;183.128;184.654;186.480;105.902; 41.962;241.582
2001-09-26 15:15:00;165.876; 49.953;196.867;119.897;1305.280;378.947; 97.588;198.700; 84.202;147.470;275.042; 92.432;149.600;184.008;185.694;188.282;104.380; 41.962;242.492
2001-09-26 15:20:00;165.102; 49.933;199.700;121.573;1308.140;380.813;   null;194.898; 84.340;148.330;273.806; 92.655;151.920;185.102;185.400;188.520;104.560; 41.640;241.688
2001-09-26 15:25:00;164.560; 50.183;197.233;121.700;1299.200;381.493;   null;196.136; 83.338;145.883;273.974; 90.861;148.880;182.686;185.248;186.514;104.968; 41.978;241.278
2001-09-26 15:30:00;165.962; 49.770;200.533;119.923;1291.940;380.083; 97.631;195.190; 83.810;148.237;277.095; 91.618;150.620;185.714;185.212;186.320;104.430; 41.830;241.996
2001-09-26 15:35:00;166.922; 50.080;198.300;118.183;1295.440;381.667;   null;196.106; 83.884;147.320;274.682; 90.539;148.900;186.242;186.742;187.490;104.878; 41.610;242.652
2001-09-26 15:40:00;163.926; 48.997;200.967;120.480;1291.220;379.397;   null;196.846; 83.936;148.447;274.798; 93.851;150.840;183.986;184.068;185.030;104.978; 41.228;241.162
2001-09-26 15:45:00;166.234; 50.233;197.700;117.980;1292.620;376.917; 98.523;197.554; 83.364;147.577;274.513; 90.819;150.860;182.328;186.718;189.094;104.080; 41.490;243.864
2001-09-26 15:50:00;166.276; 50.130;199.933;121.237;1290.360;380.750;   null;197.890; 85.372;147.003;273.975; 91.261;149.640;185.788;185.552;186.974;105.760; 41.072;243.534
2001-09-26 15:55:00;166.394; 49.137;198.267;120.490;1300.140;381.697;   null;196.688; 84.678;146.830;273.879; 92.487;149.300;184.768;185.866;187.310;103.422; 41.680;241.252
2001-09-26 16:00:00;164.896; 50.183;201.167;119.820;1301.180;378.697; 98.047;199.328; 83.796;147.837;273.118; 92.281;149.280;186.236;186.216;184.948;105.564; 42.002;239.868
2001-09-26 16:05:00;165.522; 50.117;197.200;120.287;1297.120;379.407;   null;198.374; 83.944;146.883;272.864; 91.792;151.920;185.170;186.268;187.312;105.996; 41.080;241.844
2001-09-26 16:10:00;163.664; 50.233;196.867;119.733;1296.120;379.473;   null;202.324; 84.008;146.003;275.434; 92.248;146.760;184.212;185.446;188.166;103.892; 41.720;244.204
2001-09-26 16:15:00;167.232; 49.737;197.700;119.753;1293.460;377.307; 98.380;195.640; 83.792;146.923;273.457; 93.039;150.440;186.956;185.730;186.364;106.000; 41.974;242.034
2001-09-26 16:20:00;165.086; 49.960;196.133;121.287;1296.000;379.233;   null;197.436; 83.550;148.640;274.629; 91.842;150.760;184.772;184.614;188.860;104.798; 42.040;242.062
2001-09-26 16:25:00;166.464; 51.457;199.400;119.293;1296.400;376.923;   null;198.912; 84.826;148.090;273.878; 92.093;149.760;185.978;187.052;188.560;103.754; 41.668;243.540
2001-09-26 16:30:00;165.238; 49.823;198.800;119.377;1292.160;379.953; 97.340;196.228; 84.208;147.080;274.492; 91.381;151.180;185.558;184.538;185.454;104.258; 41.564;239.582
2001-09-26 16:35:00;164.028; 49.803;198.567;120.563;1291.420;379.764;   null;198.376; 84.396;146.893;271.848; 92.148;150.320;185.418;187.354;186.918;104.620; 41.486;244.320
2001-09-26 16:40:00;165.764; 49.477;200.867;121.087;1298.680;379.857;   null;198.698; 84.822;147.860;273.708; 91.847;150.800;184.046;185.866;189.570;104.620; 41.674;243.258
2001-09-26 16:45:00;165.400; 50.913;198.700;121.090;1293.840;380.927; 98.082;200.332; 85.000;144.360;274.130; 91.301;152.640;185.578;188.692;188.548;105.438; 41.272;243.774
2001-09-26 16:50:00;162.846; 49.870;197.600;121.447;1290.400;377.200;   null;198.914; 85.602;145.047;273.271; 93.307;151.160;184.202;186.378;187.830;105.306; 41.640;242.452
2001-09-26 16:55:00;163.124; 49.897;199.900;119.193;1283.840;379.177;   null;196.058; 83.044;145.613;265.705; 93.382;148.940;184.190;185.168;187.520;105.184; 40.298;241.364
2001-09-26 17:00:00;163.108; 50.517;197.400;123.070;1285.820;376.530; 98.126;197.514; 83.188;146.920;272.549; 93.069;149.760;185.194;187.058;186.882;106.720; 41.510;241.980
2001-09-26 17:05:00;166.028; 49.003;200.267;119.223;1293.360;379.493;   null;198.522; 83.498;146.420;276.462; 92.160;150.460;184.886;184.828;186.664;105.970; 41.106;245.284
2001-09-26 17:10:00;167.632; 49.773;196.733;119.463;1295.020;379.540;   null;202.534; 83.830;146.100;273.376; 91.465;149.340;185.498;184.292;185.228;104.034; 41.134;244.108
2001-09-26 17:15:00;166.808; 50.160;200.700;119.790;1288.180;378.387; 98.612;197.822; 84.248;147.010;272.643; 92.871;150.280;184.314;184.728;187.416;105.976; 41.422;242.670
2001-09-26 17:20:00;164.536; 50.710;200.500;120.587;1290.780;379.873;   null;199.372; 83.210;145.157;274.171; 92.402;150.180;185.200;185.380;185.720;104.430; 42.064;243.262
2001-09-26 17:25:00;167.538; 51.680;200.567;120.377;1291.480;380.977;   null;201.304; 82.382;147.817;273.980; 91.512;151.600;183.532;185.700;189.520;103.400; 41.494;242.268
2001-09-26 17:30:00;166.148; 51.203;197.567;119.783;1294.580;382.933; 98.035;198.198; 82.252;147.267;275.677; 91.002;150.580;184.784;185.526;189.486;105.258; 41.380;243.550
2001-09-26 17:35:00;166.302; 50.563;198.900;120.347;1288.420;382.464;   null;199.360; 83.410;144.570;276.016; 92.543;149.500;182.568;186.810;   null;104.482; 41.720;240.088
2001-09-26 17:40:00;164.812; 50.887;199.667;120.557;1294.260;378.894;   null;198.894; 83.380;145.460;273.574; 92.288;152.060;183.784;186.906;   null;104.790; 41.600;240.542
2001-09-26 17:45:00;166.002; 51.123;201.500;121.380;1293.500;382.253; 97.430;198.016; 84.222;145.386;271.632; 92.866;151.220;182.080;187.716;185.330;105.058; 41.670;241.436
2001-09-26 17:50:00;165.734; 50.813;198.367;121.683;1298.320;380.497;   null;199.390; 82.584;148.907;273.598; 92.218;149.820;184.336;186.076;184.478;104.624; 41.104;242.180
2001-09-26 17:55:00;164.972; 51.187;200.100;121.587;1283.940;382.670;   null;199.282; 84.538;147.033;277.352; 92.004;150.640;184.814;186.138;187.156;104.330; 41.722;241.242
2001-09-26 18:00:00;165.650; 49.043;197.100;121.577;1295.540;382.813; 97.882;201.062; 83.544;148.307;275.007; 92.474;151.760;182.830;187.324;186.762;103.546; 41.546;241.844
2001-09-26 18:05:00;167.042; 51.143;197.500;120.740;1294.380;384.300;   null;198.800; 84.046;147.037;271.250; 93.247;151.500;183.152;187.024;186.014;105.914; 41.358;242.600
2001-09-26 18:10:00;165.598; 51.237;197.700;121.300;1293.060;384.420;   null;199.426; 84.082;150.243;272.810; 93.042;150.260;183.318;186.502;189.090;105.084; 41.822;242.788
2001-09-26 18:15:00;166.320; 51.143;196.767;121.750;1294.760;380.847; 98.584;196.434; 85.628;147.243;274.404; 92.055;149.300;183.616;187.256;187.264;105.950; 41.602;241.614
2001-09-26 18:20:00;164.180; 51.113;199.600;122.310;1296.120;384.457;   null;200.150; 83.298;147.460;271.872; 92.275;151.760;182.680;186.362;187.214;106.704; 41.932;243.200
2001-09-26 18:25:00;164.358; 50.210;203.667;121.617;1299.180;380.433;   null;198.946; 85.144;147.980;276.408; 92.661;149.360;185.076;185.052;186.892;105.410; 41.554;243.634
2001-09-26 18:30:00;166.520; 49.913;200.133;122.530;1288.440;383.297; 98.446;198.112; 82.678;148.083;277.853; 92.914;149.400;183.004;186.338;184.770;105.442; 40.954;242.046
2001-09-26 18:35:00;165.266; 51.267;199.533;123.107;1287.180;386.673;   null;197.970; 84.514;147.577;269.659; 92.107;150.940;186.406;186.340;186.094;106.750; 41.518;242.884
2001-09-26 18:40:00;164.808; 50.223;199.267;119.530;1294.660;380.077;   null;198.384; 83.120;146.223;273.161; 93.227;150.580;183.762;185.762;189.084;105.824; 41.644;242.446
2001-09-26 18:45:00;166.964; 48.860;199.767;119.507;1289.680;382.383; 99.527;198.034; 82.726;147.727;272.915; 92.116;149.900;185.868;185.530;189.287;104.496; 41.074;241.838
2001-09-26 18:50:00;166.298; 49.860;199.367;120.923;1290.880;384.037;   null;198.086; 84.724;147.680;274.731; 91.517;148.700;185.330;186.114;   null;103.908; 42.036;243.110
2001-09-26 18:55:00;167.224; 50.560;198.967;122.040;1288.580;382.256;   null;199.362; 82.320;147.953;272.803; 93.513;151.360;184.216;182.582;   null;105.304; 40.938;242.566
2001-09-26 19:00:00;165.776; 49.203;198.633;121.490;1292.100;381.230; 99.922;198.118; 83.360;148.196;274.561; 93.202;150.060;184.188;186.462;187.647;103.692; 41.214;241.952
2001-09-26 19:05:00;166.754; 51.033;200.667;121.980;1291.180;380.370;   null;199.564; 83.446;149.140;272.142; 92.817;151.500;183.308;185.258;188.484;105.722; 41.426;243.906
2001-09-26 19:10:00;165.020; 50.300;201.033;121.223;1290.900;379.197;   null;198.920; 84.788;145.580;272.237; 93.666;150.600;182.532;184.442;187.854;104.130; 41.578;243.994
2001-09-26 19:15:00;166.306; 50.647;200.100;121.800;1292.220;384.750; 99.400;198.292; 84.382;146.396;274.052; 92.153;150.840;182.988;185.002;186.248;104.602; 41.232;242.832
2001-09-26 19:20:00;166.162; 50.250;199.467;122.347;1291.340;380.850;   null;200.388; 83.902;149.650;272.938; 93.592;152.080;183.582;183.576;188.910;104.610; 41.242;241.344
2001-09-26 19:25:00;165.604; 49.780;199.967;120.050;1288.140;380.980;   null;200.214; 85.422;149.230;275.103; 93.127;150.400;183.742;186.102;188.062;105.986; 41.306;242.156
2001-09-26 19:30:00;166.022; 50.927;202.400;123.117;1290.520;379.057; 99.458;198.754; 83.876;148.470;272.397; 92.394;151.200;184.128;186.998;187.828;106.332; 41.374;242.682
2001-09-26 19:35:00;166.086; 51.067;200.400;120.103;1301.600;381.073;   null;196.796; 82.232;146.803;273.520; 92.953;149.060;183.212;186.592;187.374;104.722; 41.840;240.732
2001-09-26 19:40:00;164.854; 50.567;198.200;121.930;1292.420;380.723;   null;197.475; 84.654;146.413;272.333; 92.179;149.720;182.996;185.088;187.680;105.074; 41.434;240.786
2001-09-26 19:45:00;165.938; 50.723;199.667;122.163;1295.020;380.550; 98.873;200.390; 83.518;145.950;275.049; 92.261;150.280;183.154;185.520;187.164;106.052; 41.766;241.184
2001-09-26 19:50:00;166.028; 50.287;200.500;119.897;1289.680;379.063;   null;198.126; 83.666;148.103;276.993; 92.702;148.600;184.798;184.998;189.436;106.032; 42.040;242.668
2001-09-26 19:55:00;165.180; 49.657;201.400;123.290;1296.080;379.633;   null;199.722; 83.850;148.550;273.361; 94.162;148.520;183.644;185.320;188.688;105.074; 41.672;243.424
2001-09-26 20:00:00;166.090; 50.273;201.333;121.447;1280.900;380.630; 98.423;198.900; 83.876;148.143;275.909; 92.828;149.680;185.144;185.054;187.198;104.486; 41.146;241.364
2001-09-26 20:05:00;164.818; 49.417;200.000;120.360;1284.680;381.283;   null;199.414; 84.232;149.757;275.973; 92.221;151.220;184.986;184.854;186.764;105.524; 41.980;243.878
2001-09-26 20:10:00;164.642; 50.270;200.567;119.657;1282.460;378.823;   null;199.462; 83.892;149.367;274.740; 93.331;149.440;183.446;187.046;187.497;106.170; 41.476;244.214
2001-09-26 20:15:00;166.726; 51.347;199.033;121.420;1279.420;379.480; 98.044;199.912; 83.198;148.550;272.931; 92.727;150.800;184.462;185.476;   null;105.110; 40.970;243.126
2001-09-26 20:20:00;166.514; 50.487;198.867;120.210;1284.640;381.863;   null;199.070; 84.030;149.753;272.970; 91.369;150.200;184.256;184.756;188.662;106.180; 41.486;243.886
2001-09-26 20:25:00;166.378; 50.393;198.533;120.533;1286.320;378.460;   null;198.728; 83.596;146.783;271.437; 92.370;151.900;184.010;183.520;187.466;105.380; 41.694;243.702
2001-09-26 20:30:00;165.624; 49.933;201.400;121.280;1285.300;381.617; 98.342;198.726; 82.110;149.147;271.923; 92.381;150.600;183.014;182.570;186.686;104.638; 41.958;245.120
2001-09-26 20:35:00;163.076; 50.420;200.833;123.487;1283.320;379.617;   null;199.996; 83.602;150.643;273.520; 92.972;151.340;184.876;186.686;185.520;103.854; 41.802;241.824
2001-09-26 20:40:00;166.164; 49.250;198.533;119.163;1287.240;379.947;   null;200.660; 83.458;148.497;274.872; 91.429;149.680;182.572;187.860;188.646;104.988; 41.286;242.702
2001-09-26 20:45:00;165.146; 50.940;199.467;120.637;1284.340;378.520; 98.363;199.456; 83.244;146.957;271.539; 93.813;152.600;185.054;185.050;186.604;104.486; 41.194;241.714
2001-09-26 20:50:00;164.856; 50.613;198.733;120.643;1284.020;381.773;   null;200.362; 83.410;147.537;273.895; 92.924;149.940;184.792;186.600;187.158;103.936; 42.002;242.176
2001-09-26 20:55:00;166.758; 51.287;199.633;122.253;1284.980;382.777;   null;199.192; 83.140;146.713;272.739; 92.133;150.780;183.980;186.380;186.738;105.186; 41.748;244.122
2001-09-26 21:00:00;164.426; 51.323;199.433;122.783;1287.120;383.150; 99.089;199.532; 84.036;148.177;274.950; 94.028;149.120;186.168;187.126;186.992;106.112; 40.796;241.656
2001-09-26 21:05:00;164.862; 50.370;199.867;120.300;1288.760;379.890;   null;201.138; 81.502;148.903;275.095; 93.161;150.980;183.970;186.280;188.444;105.708; 41.504;245.990
2001-09-26 21:10:00;165.294; 50.240;198.867;121.443;1293.180;381.597;   null;200.962; 84.694;149.207;272.480; 93.262;150.840;183.276;187.318;185.318;105.674; 41.522;242.960
2001-09-26 21:15:00;165.090; 50.423;199.333;120.890;1280.860;384.283; 99.450;202.794; 84.378;149.330;272.711; 93.865;153.140;184.684;185.842;187.784;105.952; 41.196;243.444
2001-09-26 21:20:00;163.874; 50.773;196.967;120.703;1291.720;382.177;   null;200.284; 82.758;150.103;275.082; 92.419;150.720;182.384;186.286;189.064;104.772; 41.838;240.262
2001-09-26 21:25:00;165.852; 51.640;200.300;120.860;1286.140;378.963;   null;199.444; 83.562;149.010;271.654; 91.650;151.020;185.186;185.106;189.042;105.438; 41.478;242.034
2001-09-26 21:30:00;164.838; 50.040;197.033;120.490;1286.840;381.633; 98.769;199.524; 83.596;150.757;272.710; 94.398;150.640;183.568;187.264;184.974;104.450; 41.440;243.416
2001-09-26 21:35:00;165.360; 50.843;198.267;118.627;1276.940;382.757;   null;198.176; 84.096;148.913;272.960; 93.705;150.660;183.610;186.322;186.848;104.828; 41.488;241.918
2001-09-26 21:40:00;165.282; 50.197;198.833;122.310;1288.740;377.973;   null;197.924; 82.314;149.450;272.493; 93.163;148.220;183.798;186.512;187.752;104.762; 41.286;243.340
2001-09-26 21:45:00;165.042; 50.477;199.433;121.423;1294.660;383.267; 99.453;199.844; 84.142;148.077;273.430; 91.772;150.180;185.022;186.594;186.652;105.508; 42.054;243.070
2001-09-26 21:50:00;163.750; 49.687;198.200;121.190;1281.560;381.287;   null;199.570; 83.424;148.977;274.786; 93.019;150.220;184.012;187.708;185.482;106.242; 42.326;243.284
2001-09-26 21:55:00;167.610; 51.013;200.967;119.720;1292.260;379.307;   null;196.740; 82.524;149.617;274.745; 92.738;149.740;184.456;186.574;185.142;104.600; 41.816;243.712
2001-09-26 22:00:00;164.834; 50.333;201.333;122.520;1285.180;376.700; 98.463;198.042; 84.356;148.997;274.168; 92.818;150.880;186.028;185.250;187.156;104.860; 41.638;243.596
2001-09-26 22:05:00;164.910; 50.720;200.367;120.900;1288.740;380.927;   null;201.262; 82.004;146.987;275.651; 93.909;149.860;184.954;184.200;185.040;104.846; 41.358;242.062
2001-09-26 22:10:00;166.486; 51.330;198.933;120.083;1285.220;377.930;   null;197.270; 84.100;149.287;273.983; 92.126;148.260;185.584;187.204;186.804;105.092; 41.316;242.282
2001-09-26 22:15:00;165.724; 50.947;200.067;122.680;1288.920;380.823; 99.058;198.914; 83.828;148.277;273.220; 92.820;150.040;183.742;188.594;186.744;103.756; 41.056;242.704
2001-09-26 22:20:00;164.944; 50.297;201.433;121.537;1284.500;380.163;   null;197.266; 83.650;147.503;270.687; 93.059;149.580;184.920;186.370;187.622;105.890; 41.628;245.222
2001-09-26 22:25:00;164.638; 49.237;197.800;121.470;1278.700;378.353;   null;198.514; 84.388;146.736;276.721; 95.942;151.600;183.486;186.124;186.676;106.318; 41.368;243.296
2001-09-26 22:30:00;165.370; 50.450;198.533;122.000;1289.600;382.350; 98.149;197.606; 84.914;146.610;272.525; 91.593;150.720;182.904;189.056;185.250;104.398; 40.736;243.088
2001-09-26 22:35:00;167.226; 49.937;201.367;121.660;1285.380;377.753;   null;200.686; 84.668;146.833;273.761; 93.999;150.260;182.848;185.946;   null;104.274; 41.930;241.198
2001-09-26 22:40:00;166.888; 49.723;199.200;121.910;1283.000;378.830;   null;199.570; 84.600;147.833;271.929; 93.345;151.000;184.980;187.112;189.900;105.176; 41.232;241.406
2001-09-26 22:45:00;164.690; 49.617;199.533;120.910;1284.500;380.970; 98.408;200.544; 83.972;148.940;276.935; 93.372;149.560;187.124;186.514;187.026;106.214; 41.618;242.110
2001-09-26 22:50:00;165.186; 50.250;197.833;121.057;1287.680;382.263;   null;196.802; 83.942;148.100;272.612; 92.795;149.880;184.782;185.880;187.032;105.522; 41.784;241.248
2001-09-26 22:55:00;165.476; 50.580;199.433;122.293;1288.380;379.980;   null;199.880; 84.956;149.250;274.321; 92.505;150.380;183.514;187.396;187.046;104.642; 41.302;243.206
2001-09-26 23:00:00;164.380; 49.053;199.800;121.647;1276.540;380.423; 98.730;203.292; 84.708;147.477;272.908; 93.229;151.900;184.160;187.778;189.860;104.060; 41.614;243.456
2001-09-26 23:05:00;164.700; 50.813;202.533;121.110;1282.620;381.077;   null;197.024; 83.532;148.843;272.165; 93.378;150.380;184.712;185.642;188.496;104.972; 41.880;243.712
2001-09-26 23:10:00;165.918; 51.040;202.167;121.693;1289.900;383.917;   null;199.518; 84.674;149.233;274.774; 92.966;151.260;183.850;186.250;187.708;104.272; 41.460;243.162
2001-09-26 23:15:00;164.334; 50.460;199.900;121.473;1280.140;381.324; 98.830;199.668; 85.128;146.663;277.742; 92.311;151.420;185.682;187.870;186.972;104.740; 41.170;243.050
2001-09-26 23:20:00;165.180; 49.913;198.967;121.780;1279.620;378.643;   null;199.800; 83.696;149.573;272.585; 92.989;151.020;183.574;187.042;184.820;105.702; 42.090;242.542
2001-09-26 23:25:00;164.038; 50.873;200.067;121.603;1282.040;380.990;   null;197.562; 82.484;149.250;273.624; 92.598;151.360;185.198;186.608;186.344;106.198; 41.960;244.036
2001-09-26 23:30:00;167.008; 50.737;199.233;121.633;1287.320;385.010; 98.981;196.730; 84.358;148.737;276.040; 92.796;152.720;185.114;186.930;188.366;105.574; 41.614;244.132
2001-09-26 23:35:00;168.150; 49.970;201.233;119.723;1283.340;381.033;   null;198.080; 84.510;147.560;273.980; 92.345;151.320;184.432;188.814;188.738;103.644; 41.222;242.666
2001-09-26 23:40:00;164.364; 49.253;198.967;121.917;1289.560;384.167;   null;198.626; 85.198;147.873;273.689; 94.060;151.960;185.638;189.766;187.388;106.660; 42.076;239.002
2001-09-26 23:45:00;165.440; 50.283;199.933;123.627;1284.900;381.457; 98.126;200.912; 84.542;148.320;273.468; 92.720;150.320;182.938;186.908;186.990;105.588; 41.120;241.656
2001-09-26 23:50:00;166.226; 49.877;200.000;119.740;1286.600;383.157;   null;200.156; 85.690;148.587;273.236; 93.791;152.980;185.866;187.312;188.254;105.390; 41.534;242.588
2001-09-26 23:55:00;164.310; 49.630;202.667;121.927;1286.600;382.357;   null;200.004; 83.644;151.647;273.017; 93.450;151.640;183.282;188.210;189.042;105.234; 42.004;243.006
2001-09-27 00:00:00;165.512; 50.807;199.033;121.473;1289.740;381.680; 98.556;199.054; 83.742;147.070;272.687; 93.221;150.660;183.492;188.802;187.784;104.400; 41.604;243.852
2001-09-27 00:05:00;165.594; 51.107;199.900;120.807;1279.760;382.857;   null;199.824; 83.792;147.653;271.880; 94.359;151.200;185.118;183.642;185.298;104.880; 41.386;244.024
2001-09-27 00:10:00;164.440; 50.280;200.167;121.380;1290.980;381.133;   null;198.340; 84.434;146.913;273.636; 93.278;151.920;184.324;188.034;186.594;105.970; 41.618;245.238
2001-09-27 00:15:00;164.342; 50.443;200.233;120.553;1288.920;383.787; 99.185;199.366; 84.138;149.720;273.695; 92.268;152.220;185.958;186.726;187.296;106.468; 41.604;243.670
2001-09-27 00:20:00;164.514; 50.367;203.867;120.800;1285.460;381.777;   null;198.178; 84.308;149.573;274.710; 92.153;152.340;185.892;188.192;187.154;106.096; 41.460;243.806
2001-09-27 00:25:00;164.536; 49.570;198.133;122.307;1288.660;382.507;   null;200.068; 83.818;149.340;273.383; 92.948;153.000;186.126;185.890;185.806;105.918; 41.180;245.366
2001-09-27 00:30:00;165.230; 50.560;199.133;121.967;1287.800;382.976; 99.301;201.080; 85.076;148.560;273.712; 91.970;151.940;183.728;190.300;189.804;106.750; 41.456;245.972
2001-09-27 00:35:00;164.332; 50.007;200.533;121.230;1289.560;381.993;   null;199.040; 85.164;148.107;274.236; 93.760;149.740;184.108;188.394;186.702;105.668; 42.104;244.432
2001-09-27 00:40:00;165.198; 49.820;197.867;121.893;1285.300;382.200;   null;198.780; 84.166;149.197;276.174; 94.091;151.840;183.788;187.396;188.880;105.260; 42.688;244.138
2001-09-27 00:45:00;166.096; 51.167;200.067;122.103;1283.600;382.410; 99.122;199.156; 85.000;148.407;276.278; 93.498;151.920;184.422;188.890;187.382;105.772; 42.382;244.788
2001-09-27 00:50:00;163.296; 50.400;197.433;120.303;1290.640;378.123;   null;200.656; 84.392;147.477;274.702; 92.198;152.480;185.018;187.998;186.696;106.384; 41.452;244.166
2001-09-27 00:55:00;166.472; 50.910;201.000;121.053;1291.380;382.157;   null;200.608; 83.782;148.770;274.122; 92.551;151.820;184.616;189.842;187.340;105.888; 42.804;244.386
2001-09-27 01:00:00;164.590; 49.343;199.867;121.010;1285.980;381.843; 99.286;197.778; 84.424;146.813;271.008; 93.429;151.180;184.372;188.668;187.572;107.128; 41.940;245.536
2001-09-27 01:05:00;166.782; 49.460;200.967;121.693;1290.760;377.120;   null;201.622; 83.612;147.453;272.964; 92.814;153.140;184.062;187.906;187.114;105.680; 41.920;244.718
2001-09-27 01:10:00;165.648; 50.737;202.100;122.493;1280.380;382.580;   null;200.174; 85.622;147.233;273.973; 94.694;152.140;184.262;187.866;186.192;107.912; 41.402;244.482
2001-09-27 01:15:00;164.804; 48.967;199.133;122.597;1288.920;380.937; 98.166;200.312; 83.084;147.620;274.299; 92.094;151.240;185.794;190.002;188.090;106.386; 42.054;244.660
2001-09-27 01:20:00;164.154; 50.727;199.633;119.457;1283.420;382.700;   null;198.624; 84.300;147.103;273.844; 92.410;151.680;185.406;189.054;185.946;106.102; 42.494;244.662
2001-09-27 01:25:00;165.646; 51.563;201.567;120.910;1288.920;380.850;   null;200.800; 85.234;148.487;273.839; 94.524;153.180;182.898;187.370;189.404;106.762; 41.864;243.572
2001-09-27 01:30:00;163.276; 51.333;200.333;120.540;1288.780;377.087; 98.786;198.954; 84.334;145.777;276.320; 92.752;151.460;184.102;189.582;187.140;105.930; 41.838;246.506
2001-09-27 01:35:00;165.050; 49.303;201.733;120.777;1289.580;380.133;   null;197.872; 85.742;148.163;274.560; 93.101;152.040;184.536;186.542;189.560;105.146; 42.150;246.368
2001-09-27 01:40:00;165.172; 50.327;199.900;121.670;1286.740;380.030;   null;198.804; 85.596;147.994;275.190; 91.908;152.760;184.292;189.600;189.446;105.854; 43.034;245.606
2001-09-27 01:45:00;163.572; 49.910;201.767;118.997;1286.600;379.193; 97.887;199.906; 84.160;147.960;274.863; 92.250;152.760;184.498;189.084;187.090;105.500; 42.086;243.506
2001-09-27 01:50:00;163.428; 49.430;200.400;122.003;1285.420;380.587;   null;199.110; 84.194;147.143;274.374; 94.116;152.020;184.176;190.230;188.798;105.970; 42.528;244.740
2001-09-27 01:55:00;164.828; 50.130;199.633;120.900;1291.200;382.483;   null;197.556; 85.228;150.177;274.770; 92.400;152.420;186.766;188.650;189.094;106.496; 41.938;246.906
2001-09-27 02:00:00;164.262; 49.147;198.467;120.900;1282.960;378.630; 98.079;197.310; 85.610;146.080;274.439; 93.196;151.920;184.052;187.392;190.334;106.134; 42.438;243.974
2001-09-27 02:05:00;163.890; 49.313;198.967;118.673;1279.340;379.836;   null;199.084; 86.252;149.243;274.799; 92.574;153.240;183.416;187.542;188.830;105.938; 42.116;243.496
2001-09-27 02:10:00;163.810; 49.733;200.200;121.287;1284.380;381.660;   null;196.404; 85.602;149.207;272.772; 92.160;152.220;184.806;189.353;189.588;106.242; 41.722;243.428
2001-09-27 02:15:00;163.048; 50.103;200.933;121.093;1289.520;379.463; 97.526;200.358; 85.512;147.977;274.272; 92.520;150.380;185.720;189.890;197.500;105.436; 42.742;247.428
2001-09-27 02:20:00;163.220; 49.670;199.767;120.940;1287.300;376.990;   null;195.102; 84.592;147.243;275.641; 94.200;151.420;185.168;189.390;190.653;106.742; 41.526;247.402

