DATETIME,ESOI,ATHN,MXCO,ROME,AATB,LMKS,DRBS,MOSC,NEWK,KIEL,KERG,CALG,OULU,APTY,FSMT,INVK,NAIN,PWNK,THUL,SOPB,SOPO
2001-10-11 12:00:00,169.746,52.153,211.167,126.847,1369.3,410.26,103.885,215.536,88.504,157.483,229.5449999999986,295.667,101.496,165.02,198.26,174.356,199.918,198.472,111.96,46.112,267.722
2001-10-11 12:05:00,172.878,52.557,212.967,128.07,1374.82,407.39,104.25670791666657,215.722,92.864,157.3,229.5449999999986,295.327,97.216,162.56,199.322,173.736,199.77,201.22,111.7,46.228,270.268
2001-10-11 12:10:00,171.624,53.717,211.967,125.723,1372.56,409.98,104.03256458333338,213.363,89.924,158.867,229.5449999999986,295.974,99.575,163.0,199.826,176.58,199.112,199.19566166666672,111.526,46.376,270.282
2001-10-11 12:15:00,171.492,52.687,213.733,125.617,1377.5,407.0,104.462,214.004,90.92,159.417,229.5449999999986,296.712,99.49,162.5,197.908,174.208,201.876,200.17333416666682,112.064,46.128,269.752
2001-10-11 12:20:00,172.764,52.547,213.933,128.213,1374.82,406.397,104.11701541666666,210.946,90.74,156.133,229.5449999999986,297.912,99.613,160.36,199.048,176.93,198.122,197.832,111.792,46.5,267.69
2001-10-11 12:25:00,173.642,52.707,213.3,126.723,1374.3,408.75,103.82935187500011,213.22,89.706,159.29,229.5449999999986,296.624,100.134,162.14,197.476,177.896,196.128,196.554,113.492,46.668,269.74
2001-10-11 12:30:00,170.928,53.73,212.733,127.94,1378.36,407.56,104.332,217.162,90.754,157.787,229.5449999999986,298.785,100.269,161.7,197.41,175.206,198.932,197.04,113.016,46.65,270.284
2001-10-11 12:35:00,172.182,52.527,213.967,128.257,1372.48,408.78,104.39573083333323,214.378,92.266,158.847,229.5449999999986,296.348,99.156,161.34,199.536,176.082,199.666,198.082,110.79,46.498,270.824
2001-10-11 12:40:00,173.264,52.583,213.733,127.887,1382.96,406.657,104.16426729166666,213.424,90.132,159.02,229.5449999999986,298.571,100.021,162.14,199.236,175.324,200.162,197.38,112.974,46.618,268.442
2001-10-11 12:45:00,171.396,52.743,213.567,128.2,1381.16,411.073,104.121,215.122,90.914,158.173,229.5449999999986,298.201,99.643,162.26,200.224,173.408,198.326,196.834,111.766,46.33,268.36
2001-10-11 12:50:00,172.222,51.907,214.133,128.19,1373.9,412.983,104.50434583333325,213.48,90.73,158.017,229.5449999999986,295.916,100.437,163.66,198.996,176.258,198.66,199.042,111.812,46.874,269.442
2001-10-11 12:55:00,170.48,52.35,213.733,127.763,1368.44,408.357,104.27136583333333,214.516,89.82,159.313,229.5449999999986,296.317,99.065,163.32,197.816,175.338,199.81,198.114,112.806,47.146,267.69
2001-10-11 13:00:00,173.104,54.373,213.9,128.187,1384.02,409.386,104.833,215.358,91.014,158.67,229.5449999999986,297.77,101.248,162.62,200.158,176.91,200.028,199.676,112.336,46.524,270.73
2001-10-11 13:05:00,173.892,53.37,212.833,126.507,1378.68,411.107,104.14682687499997,214.738,90.804,157.46,229.5449999999986,296.936,100.598,163.14,199.354,176.264,198.84,197.797,112.65,46.218,267.402
2001-10-11 13:10:00,171.644,52.437,215.833,129.077,1379.12,411.727,104.65428458333334,214.434,90.762,156.97,229.5449999999986,297.245,98.571,164.02,197.096,176.162,199.95,197.78,112.072,46.816,270.106
2001-10-11 13:15:00,173.824,52.75,215.533,126.597,1374.26,409.05,103.069,213.502,89.33,158.65,229.5449999999986,297.245,99.722,161.16,198.516,176.944,199.138,199.744,113.658,46.374,269.934
2001-10-11 13:20:00,174.744,51.553,212.233,127.77,1375.74,415.353,103.95640125,216.926,89.834,156.08,229.5449999999986,295.821,97.341,161.9,199.704,174.0,201.954,196.982,113.652,45.448,269.298
2001-10-11 13:25:00,173.814,52.57,214.767,127.793,1379.76,411.4,104.45757166666664,215.338,91.036,159.7,229.5449999999986,295.728,99.254,162.88,198.828,176.876,201.07,197.296,112.992,46.12,269.752
2001-10-11 13:30:00,172.41,53.357,214.167,127.947,1378.46,410.197,104.448,215.808,92.004,158.087,229.5449999999986,295.354,101.472,163.28,197.724,175.176,200.336,197.658,112.284,46.308,268.508
2001-10-11 13:35:00,174.916,52.57,211.5,128.377,1381.3,405.873,104.01769562499997,217.822,90.704,159.71,229.5449999999986,293.0,96.201,161.04,199.264,174.296,200.408,200.428,111.752,45.982,270.76
2001-10-11 13:40:00,172.654,52.27,213.367,129.18,1383.42,410.957,104.1391066666666,215.254,89.178,157.59,229.5449999999986,297.524,99.328,164.82,198.142,175.862,201.008,198.446,112.278,45.86,269.482
2001-10-11 13:45:00,173.846,53.437,213.1,127.38,1374.34,406.15,103.795,215.89,91.922,157.253,229.5449999999986,295.352,100.867,164.06,199.734,174.104,200.666,197.526,112.194,46.682,269.69
2001-10-11 13:50:00,172.03,53.037,210.067,127.903,1370.1,408.223,104.07999375,211.634,91.484,158.157,229.5449999999986,298.209,99.399,161.26,197.614,175.002,203.3,199.47,112.47,46.706,270.068
2001-10-11 13:55:00,175.244,52.78,214.167,127.487,1375.22,409.03,103.86193062500004,215.624,89.476,159.473,229.5449999999986,294.791,99.675,164.18,198.408,174.916,202.128,200.154,114.214,46.44,272.408
2001-10-11 14:00:00,174.814,53.38,212.9,128.823,1377.24,408.634,103.738,212.48,89.946,157.407,229.5449999999986,297.432,100.804,163.4,198.304,175.378,199.808,199.262,114.63,45.918,270.582
2001-10-11 14:05:00,172.316,53.08,212.9,126.543,1380.08,408.1,104.22273374999999,215.19,89.534,158.953,229.5449999999986,295.813,99.744,163.64,196.154,176.568,199.806,198.464,113.04,46.532,269.492
2001-10-11 14:10:00,172.294,52.26,214.033,127.08,1385.46,409.727,104.60610333333328,215.934,91.164,158.033,229.5449999999986,296.653,99.566,161.72,195.59,177.058,200.098,199.654,113.386,46.564,269.598
2001-10-11 14:15:00,173.39,53.217,214.833,128.71,1377.26,409.287,105.201,216.652,91.588,157.233,229.5449999999986,297.118,100.091,163.12,196.064,175.642,200.198,198.938,114.05,46.278,269.284
2001-10-11 14:20:00,172.796,53.273,212.2,127.447,1379.74,409.983,104.33758624999997,216.976,90.11,158.09,229.5449999999986,291.817,99.612,163.52,195.904,176.554,200.464,199.644,112.59,45.604,271.144
2001-10-11 14:25:00,173.254,52.953,211.767,126.703,1372.94,408.824,104.29819229166668,216.136,90.988,158.03,229.5449999999986,297.366,99.778,164.48,196.464,176.946,200.704,200.91,112.792,45.896,269.364
2001-10-11 14:30:00,172.442,51.567,216.0,127.077,1383.38,407.987,105.082,213.602,90.936,158.673,229.5449999999986,296.05,99.11,163.6,197.208,175.6,198.568,199.366,113.036,46.598,268.42
2001-10-11 14:35:00,172.546,53.09,215.2,126.987,1380.5,407.213,104.10415645833332,214.082,89.44,159.16,229.5449999999986,295.858,99.423,160.44,196.754,175.02,201.604,199.384,112.98,46.582,269.86
2001-10-11 14:40:00,174.946,51.697,211.133,128.763,1378.86,408.6,104.10935833333333,213.194,91.686,157.043,229.5449999999986,295.543,99.692,161.58,198.022,175.16,200.668,200.614,111.46,46.37,267.992
2001-10-11 14:45:00,173.448,53.56,212.367,126.97,1383.46,407.133,103.843,213.076,91.412,158.493,229.5449999999986,294.452,100.23,162.26,198.178,174.782,199.56,200.132,112.524,45.776,269.43
2001-10-11 14:50:00,172.236,52.48,213.1,127.417,1374.16,410.577,104.3046483333332,214.918,90.674,158.6,229.5449999999986,296.951,98.239,163.26,196.9,174.474,200.564,200.252,111.58,46.592,269.442
2001-10-11 14:55:00,171.706,51.577,211.733,126.427,1373.62,410.72,104.15240208333329,214.552,91.132,158.757,229.5449999999986,296.043,99.432,161.48,199.146,173.132,200.416,199.738,113.274,46.942,269.998
2001-10-11 15:00:00,172.678,53.873,215.1,127.9,1370.92,410.253,104.679,214.15,90.518,156.8,229.5449999999986,294.838,100.729,161.0,197.522,172.79,200.476,201.904,112.622,45.51,271.092
2001-10-11 15:05:00,174.288,52.923,215.067,127.45,1371.54,406.227,103.97659062500006,213.928,90.776,158.027,229.5449999999986,296.47,99.033,162.2,195.27,172.358,202.786,200.34,112.544,46.444,268.234
2001-10-11 15:10:00,174.132,53.353,212.867,126.43,1382.52,410.85,104.1368614583334,213.932,90.488,158.293,229.5449999999986,293.96,98.419,162.4,197.428,173.178,200.67,203.286,112.926,46.152,268.806
2001-10-11 15:15:00,171.722,53.19,212.967,126.183,1382.68,407.51,104.712,215.756,91.54,157.413,229.5449999999986,296.438,98.624,160.94,197.142,173.232,199.236,200.024,112.928,46.422,270.234
2001-10-11 15:20:00,175.524,53.163,214.4,127.05,1377.12,410.2,104.25090312500008,215.624,91.462,159.057,229.5449999999986,296.719,99.723,161.78,194.62,173.678,202.124,201.45,112.596,45.874,269.088
2001-10-11 15:25:00,172.682,52.463,216.233,128.613,1373.74,408.753,104.28152416666684,213.576,90.444,156.293,229.5449999999986,296.813,98.756,160.6,196.188,173.066,201.48,200.436,112.36,46.982,270.742
2001-10-11 15:30:00,171.708,53.423,213.5,127.127,1378.46,406.117,104.274,211.826,90.904,156.66,229.5449999999986,297.563,98.25,163.0,195.734,173.468,201.328,202.402,112.688,46.082,270.71
2001-10-11 15:35:00,172.028,53.763,215.267,127.033,1383.74,406.563,104.15898104166673,215.798,90.734,156.897,229.5449999999986,299.857,101.205,161.12,196.118,170.846,199.4,200.412,111.63,46.466,271.184
2001-10-11 15:40:00,172.246,53.957,215.667,127.223,1376.12,409.367,104.39578958333335,213.834,90.694,158.07,229.5449999999986,296.114,99.323,162.56,195.98,172.742,199.608,202.946,113.412,47.188,268.2
2001-10-11 15:45:00,171.374,53.037,215.967,126.55,1370.44,410.437,104.215,215.312,90.51,158.81,229.505,300.012,98.892,162.14,196.68,174.016,201.096,200.836,111.7,46.194,270.046
2001-10-11 15:50:00,175.084,52.23,213.3,127.913,1375.56,408.83,103.93611291666666,213.96,89.722,157.967,229.5449999999986,298.09,99.441,162.96,199.716,172.786,201.796,199.012,112.25,46.432,267.708
2001-10-11 15:55:00,172.198,53.757,212.1,129.67,1376.66,408.893,104.09592666666659,213.32,91.15,159.143,229.5449999999986,297.961,99.623,162.3,195.746,171.52,201.348,200.646,113.154,46.638,270.892
2001-10-11 16:00:00,172.868,53.7,213.033,127.56,1373.6,407.63,104.159,214.244,91.01,158.303,229.5449999999986,298.245,99.283,161.84,195.746,173.958,199.592,199.7,113.034,46.7,269.654
2001-10-11 16:05:00,171.278,52.897,212.533,126.747,1379.28,408.213,103.93733416666657,214.14,90.968,160.573,229.5449999999986,300.953,98.336,162.52,193.96,168.684,201.182,198.892,113.54,45.874,272.716
2001-10-11 16:10:00,172.858,53.27,215.6,128.243,1377.96,406.18,104.10574062500007,213.08,90.762,159.89,229.5449999999986,296.407,98.969,161.42,196.722,172.16,199.37,200.664,111.528,46.432,269.294
2001-10-11 16:15:00,172.228,53.513,213.6,128.697,1377.24,405.81,103.982,214.146,90.764,157.52,229.5449999999986,300.982,99.671,161.28,194.61,172.706,199.686,199.732,111.336,46.49,273.478
2001-10-11 16:20:00,172.54,52.173,215.467,128.39,1372.64,409.793,104.30542416666667,214.218,91.686,159.21,229.5449999999986,298.702,99.748,162.72,195.236,172.152,200.13,199.242,111.042,46.518,270.794
2001-10-11 16:25:00,172.904,52.463,213.967,127.57,1372.46,410.047,104.19243416666657,216.858,92.55,158.363,229.5449999999986,296.609,98.944,162.2,195.206,170.934,200.968,200.028,111.57,47.312,270.62
2001-10-11 16:30:00,173.556,53.463,215.067,127.61,1363.52,408.323,103.88,214.364,91.326,158.68,229.5449999999986,298.786,98.113,163.0,197.754,172.216,200.716,199.782,113.092,46.64,270.584
2001-10-11 16:35:00,172.518,54.03,212.0,128.647,1371.66,409.117,104.14144249999995,217.218,92.336,158.613,229.5449999999986,300.058,99.552,160.22,197.226,172.158,199.97,200.75,112.164,46.822,270.862
2001-10-11 16:40:00,171.838,53.41,212.833,129.037,1370.68,408.333,103.91414083333333,215.124,89.688,162.12,229.5449999999986,296.06,98.683,160.14,195.438,168.88,199.418,202.61,111.96,46.214,273.618
2001-10-11 16:45:00,171.63,52.697,213.567,128.767,1362.16,409.277,104.625,214.74,91.418,159.817,229.5449999999986,295.096,99.042,162.92,197.136,173.07,199.426,199.076,111.664,46.024,269.814
2001-10-11 16:50:00,172.028,52.297,213.367,127.647,1361.02,407.71,103.9998862499999,218.164,89.574,157.77,229.5449999999986,297.732,99.164,162.28,195.96,170.612,199.682,199.23,112.02,46.498,270.598
2001-10-11 16:55:00,171.134,53.547,213.333,128.617,1372.52,406.637,104.08637499999999,217.05,90.508,158.827,229.5449999999986,298.579,100.221,161.14,196.43,171.32,201.338,200.408,111.12,46.814,270.506
2001-10-11 17:00:00,170.414,52.243,215.933,126.013,1360.36,405.583,104.242,214.792,91.246,159.48,229.5449999999986,296.1,101.383,162.2,197.154,173.48,199.644,198.984,111.482,46.572,271.722
2001-10-11 17:05:00,169.122,51.93,216.167,128.543,1357.94,406.88,103.88816124999987,215.7,89.796,157.483,229.5449999999986,295.425,99.415,161.7,195.468,170.856,199.338,198.13,111.066,45.524,273.066
2001-10-11 17:10:00,171.782,52.063,212.833,126.183,1349.86,406.15,103.78572374999985,211.924,88.114,158.39,229.5449999999986,293.73,98.707,161.18,194.998,171.876,201.242,200.38,111.242,46.902,270.826
2001-10-11 17:15:00,170.48,53.643,212.267,127.43,1356.46,403.823,103.959,209.99,90.926,156.923,229.5449999999986,294.025,99.002,161.12,195.164,173.296,199.774,198.95,110.164,46.226,270.912
2001-10-11 17:20:00,170.318,52.463,213.4,126.437,1352.36,401.76,103.02744208333324,216.61,90.01,154.28,229.5449999999986,292.447,99.166,161.76,196.326,172.334,201.468,200.5,111.478,45.676,267.326
2001-10-11 17:25:00,172.116,52.093,214.0,127.507,1359.62,403.856,103.46107124999993,215.334,90.392,155.25,229.5449999999986,293.275,99.894,161.94,195.15,170.242,200.826,200.492,112.0,46.292,269.834
2001-10-11 17:30:00,171.77,53.303,214.933,124.44,1357.7,403.633,104.102,212.268,91.824,157.53,229.5449999999986,295.888,100.284,160.62,196.198,171.906,199.398,201.198,111.618,46.416,269.466
2001-10-11 17:35:00,171.492,52.537,214.567,126.57,1355.3,403.513,103.76128916666663,214.004,89.634,158.777,229.5449999999986,294.565,98.316,161.26,195.118,172.384,198.92,200.514,112.174,45.628,269.636
2001-10-11 17:40:00,171.824,52.86,215.8,125.807,1366.02,402.703,103.49510208333326,213.706,89.706,156.067,229.5449999999986,298.362,98.067,161.8,195.004,172.436,198.714,199.122,111.104,46.406,267.916
2001-10-11 17:45:00,170.888,53.1,214.133,126.71,1360.22,404.167,103.418,214.086,92.044,155.966,229.5449999999986,296.799,98.257,161.74,196.954,172.252,200.826,199.656,110.932,46.578,269.94
2001-10-11 17:50:00,171.826,52.253,214.833,126.983,1365.74,407.497,103.97092291666674,213.114,90.668,156.663,229.5449999999986,296.32,98.125,159.56,196.748,172.516,199.82,202.81,112.49,46.17,271.642
2001-10-11 17:55:00,172.264,52.92,215.9,127.347,1364.1,407.217,104.04099374999998,213.662,90.866,157.92,229.5449999999986,297.463,96.574,160.7,199.468,172.614,201.394,200.45,111.856,46.098,268.936
2001-10-11 18:00:00,171.468,52.92,212.4,126.17,1360.62,407.387,103.71,214.106,91.164,159.04,229.5449999999986,296.888,98.651,161.98,197.05,171.262,201.502,201.248,112.526,45.738,268.522
2001-10-11 18:05:00,172.436,52.81,214.767,127.863,1364.64,409.903,104.28711583333333,215.158,90.194,157.42,229.5449999999986,301.742,99.506,161.32,197.176,172.658,199.99,203.193,112.662,45.476,267.244
2001-10-11 18:10:00,171.268,52.397,217.3,127.06,1367.68,405.133,103.98553416666671,212.862,91.79,157.047,229.5449999999986,298.293,98.089,161.18,196.486,174.076,200.452,208.43,112.522,46.434,266.404
2001-10-11 18:15:00,169.538,53.33,217.933,127.14,1366.72,405.23,103.415,211.888,90.84,157.817,229.5449999999986,304.965,98.415,161.56,200.392,172.26,200.398,201.41,113.234,46.094,270.22
2001-10-11 18:20:00,173.556,53.047,215.767,128.317,1364.84,407.553,104.27937416666663,215.494,91.336,155.833,229.5449999999986,301.699,98.839,161.66,197.588,176.012,200.982,201.466,114.148,45.5,267.416
2001-10-11 18:25:00,171.646,52.67,215.967,126.343,1359.98,408.317,104.25013374999989,215.494,91.342,157.23,229.5449999999986,299.203,97.89,161.72,198.834,176.358,201.928,202.204,112.206,45.832,268.438
2001-10-11 18:30:00,169.672,52.377,213.067,128.537,1350.94,408.913,104.255,214.076,89.736,155.893,229.5449999999986,299.299,99.666,160.4,200.604,173.698,199.214,202.072,113.218,45.6,264.992
2001-10-11 18:35:00,172.916,53.023,215.733,126.6,1349.8,405.777,104.02655124999988,215.206,90.234,161.517,229.5449999999986,301.636,99.064,161.22,199.072,175.16,199.794,202.96,112.928,45.632,266.43
2001-10-11 18:40:00,170.92,52.593,214.933,126.13,1334.9,406.333,103.61290708333327,214.432,90.078,158.257,229.5449999999986,301.219,99.92,157.74,199.3,177.02,200.572,203.746,113.59,45.838,264.692
2001-10-11 18:45:00,170.872,52.453,215.267,128.383,1338.34,406.457,104.586,213.734,92.182,156.47,229.5449999999986,301.693,97.159,162.44,201.976,177.528,199.974,200.798,111.372,44.87,264.308
2001-10-11 18:50:00,169.442,51.477,213.667,127.29,1337.04,404.56,103.84652166666659,214.15,91.15,156.973,229.5449999999986,301.92,98.04,162.04,201.118,175.936,200.742,203.006,112.228,46.174,264.882
2001-10-11 18:55:00,170.26,52.01,213.3,127.49,1328.7,405.163,103.86399833333321,212.246,90.494,155.92,229.5449999999986,299.865,99.905,162.36,201.664,175.628,199.124,202.532,113.65,46.212,266.284
2001-10-11 19:00:00,170.26,51.75,213.567,127.013,1333.7,409.02,104.462,212.664,90.842,157.007,229.5449999999986,298.302,98.8,162.38,200.178,176.574,202.34,199.814,113.642,45.782,265.446
2001-10-11 19:05:00,169.502,50.527,214.567,124.447,1338.14,400.877,103.18510895833327,210.976,90.358,157.797,229.5449999999986,299.165,101.001,161.1,198.742,178.602,201.114,201.302,113.784,45.79,266.818
2001-10-11 19:10:00,170.852,50.873,213.433,125.897,1325.06,401.107,103.27465937499994,210.91,91.258,158.2,229.5449999999986,299.037,99.729,162.58,202.186,176.122,202.548,202.79,113.38,45.934,266.386
2001-10-11 19:15:00,173.06,51.783,212.867,123.633,1331.04,401.36,103.631,211.252,91.23,155.787,229.5449999999986,298.802,99.125,161.12,200.562,176.384,199.776,200.172,112.332,45.156,266.174
2001-10-11 19:20:00,170.414,54.253,211.9,126.51,1335.94,402.9,103.26451124999996,212.712,89.884,155.373,229.5449999999986,300.496,99.546,161.2,199.71,175.092,198.708,204.904,113.164,45.408,265.51
2001-10-11 19:25:00,169.96,51.323,212.867,124.657,1333.3,395.533,102.86983645833332,213.124,90.628,156.633,226.489,298.955,98.337,161.44,200.776,174.544,201.532,200.928,112.806,45.246,264.802
2001-10-11 19:30:00,170.864,51.713,215.233,124.38,1334.2,402.01,102.989,214.834,90.416,154.933,229.5449999999986,300.308,98.533,160.14,199.548,176.724,198.286,202.006,113.414,46.024,264.256
2001-10-11 19:35:00,172.628,52.057,215.567,126.58,1329.22,398.87,102.58163583333324,211.976,92.116,153.987,229.5449999999986,301.031,98.522,159.28,199.18,176.87,199.508,202.324,113.148,45.372,265.948
2001-10-11 19:40:00,171.428,51.423,217.6,126.577,1329.48,401.2,103.19697624999989,214.14,89.924,156.21,229.5449999999986,298.756,97.026,160.26,200.628,176.004,200.27,203.036,112.382,45.242,266.288
2001-10-11 19:45:00,168.32,52.263,212.067,125.747,1331.1,402.79,102.969,215.462,90.926,155.127,229.5449999999986,299.05,100.235,163.38,200.446,175.954,200.496,200.294,112.76,46.132,269.374
2001-10-11 19:50:00,170.298,52.197,215.567,125.037,1322.78,398.827,102.71786312499995,210.928,90.99,156.133,229.5449999999986,297.945,98.199,159.4,202.724,175.516,199.922,201.58,112.28,45.516,266.174
2001-10-11 19:55:00,168.284,51.82,211.867,125.587,1330.78,400.343,102.87882270833317,210.292,89.918,158.823,229.5449999999986,298.749,97.088,162.14,197.858,174.586,200.942,201.15800583333328,113.798,45.718,266.862
2001-10-11 20:00:00,168.356,50.893,213.1,125.977,1322.82,399.697,102.176,213.326,90.91,155.806,229.5449999999986,296.748,98.182,160.66,198.314,173.434,200.9,199.37,112.746,45.698,267.01
2001-10-11 20:05:00,167.484,51.903,214.033,124.79,1314.74,402.423,102.35336812499995,207.08,89.446,155.41,229.5449999999986,297.881,97.639,159.66,201.702,172.84,197.95,200.904,111.592,45.568,264.88
2001-10-11 20:10:00,170.504,52.663,213.833,124.3,1316.4,397.323,102.22279979166666,209.722,91.02,155.31,229.5449999999986,297.543,98.33,158.16,198.174,171.53,197.946,201.224,111.712,46.016,265.794
2001-10-11 20:15:00,170.274,52.223,213.1,125.3,1316.14,400.8,102.152,211.242,90.478,155.377,229.5449999999986,296.247,96.68,158.84,198.51,170.526,198.872,200.442,111.866,45.978,266.316
2001-10-11 20:20:00,167.21,51.74,213.767,124.587,1324.44,399.23,101.99396291666662,208.71,90.136,158.153,229.5449999999986,296.964,97.391,155.92,199.356,172.056,196.816,205.262,111.312,45.758,264.586
2001-10-11 20:25:00,168.144,51.87,212.667,124.93,1314.26,394.417,101.91677958333327,209.072,90.41,156.17,229.5449999999986,296.892,96.004,157.46,199.434,172.698,199.886,199.942,111.658,45.428,265.23
2001-10-11 20:30:00,169.124,51.593,209.133,124.96,1321.8,395.64,102.682,209.754,89.456,157.147,229.5449999999986,297.833,99.105,158.78,198.998,175.394,198.884,201.1,111.776,45.228,264.076
2001-10-11 20:35:00,169.288,51.82,211.267,125.237,1325.54,396.223,102.014905625,210.868,90.282,155.507,229.5449999999986,297.657,96.78,156.82,200.468,174.864,198.074,201.242,112.906,45.076,262.814
2001-10-11 20:40:00,167.744,51.71,209.3,123.81,1330.36,393.28,102.54785479166661,211.166,90.96,158.613,229.5449999999986,297.721,99.412,159.04,199.554,176.658,200.064,200.718,111.39,45.092,264.244
2001-10-11 20:45:00,168.896,50.413,212.067,125.49,1336.0,396.5,101.153,208.108,90.706,154.293,229.5449999999986,296.721,98.256,160.14,199.024,174.32,198.766,200.328,111.406,45.304,262.978
2001-10-11 20:50:00,169.84,49.74,212.433,124.07,1331.9,390.163,101.60109999999997,205.638,91.408,156.027,229.5449999999986,294.615,96.981,158.7,197.08,174.226,198.026,198.642,112.494,44.764,264.376
2001-10-11 20:55:00,169.486,49.81,212.7,124.323,1319.54,394.083,100.90198145833334,205.348,90.028,152.497,229.5449999999986,298.703,98.21,157.9,196.48,172.146,197.004,198.508,111.378,44.946,260.87
2001-10-11 21:00:00,169.092,51.65,211.467,124.517,1316.5,390.71,100.352,205.024,89.57,154.553,229.5449999999986,294.26,97.691,155.58,197.168,171.164,198.306,200.234,111.946,44.438,259.64
2001-10-11 21:05:00,168.848,52.407,211.067,124.27,1310.78,387.623,100.87469041666654,206.008,89.656,151.32,229.5449999999986,293.228,96.083,154.06,198.816,169.216,197.63,203.106,110.552,44.992,264.104
2001-10-11 21:10:00,169.884,52.887,213.633,124.063,1312.82,390.46,100.85005208333335,205.332,90.062,152.647,229.5449999999986,295.314,94.912,153.58,197.136,170.542,198.864,198.23,109.46,45.264,261.908
2001-10-11 21:15:00,168.394,51.797,211.2,122.58,1312.28,388.417,101.043,206.614,90.782,153.653,229.5449999999986,294.603,95.171,155.02,198.3,170.244,198.072,200.23,109.23,45.358,261.572
2001-10-11 21:20:00,167.484,51.27,210.767,123.393,1311.86,389.513,100.75313749999995,202.522,89.492,152.94,229.5449999999986,295.162,93.95,153.58,199.584,172.008,194.392,200.462,108.492,45.488,263.532
2001-10-11 21:25:00,167.144,52.21,210.367,122.427,1310.56,390.28,100.37919937499993,201.754,88.698,151.64,229.5449999999986,297.917,94.665,154.1,199.44,171.142,198.06,196.398,110.132,44.622,259.622
2001-10-11 21:30:00,168.356,51.473,209.967,123.23,1313.76,386.89,100.173,200.682,88.784,153.693,229.5449999999986,294.718,94.512,154.8,198.146,170.624,196.946,198.488,109.068,44.514,258.864
2001-10-11 21:35:00,165.964,50.263,212.533,121.667,1308.82,388.153,100.34539749999993,203.092,88.494,154.593,229.5449999999986,296.631,94.586,151.06,197.67,168.626,197.16,200.27,109.738,43.644,260.794
2001-10-11 21:40:00,168.552,52.09,210.6,122.96,1307.52,385.67,99.83817291666672,202.176,88.76,152.23,229.5449999999986,296.914,92.325,151.66,197.726,171.974,195.972,199.546,107.748,44.008,258.606
2001-10-11 21:45:00,165.888,51.653,209.3,122.88,1299.6,386.5,100.38,202.05,88.688,151.68,229.5449999999986,295.896,92.963,153.8,193.57,170.008,194.996,196.692,108.096,44.04,258.586
2001-10-11 21:50:00,167.01,51.837,208.7,122.763,1306.78,380.837,99.4204404166666,204.932,90.438,150.057,229.5449999999986,290.517,93.368,150.64,195.708,170.686,196.002,197.51,108.61,43.868,257.11
2001-10-11 21:55:00,171.07,51.46,211.2,122.033,1302.78,383.26,99.65020666666662,205.978,88.962,150.467,229.5449999999986,291.331,94.551,152.2,194.512,169.038,193.75,195.294,107.694,44.408,256.912
2001-10-11 22:00:00,165.93,51.457,207.4,121.25,1310.54,382.14,99.439,204.4,87.82,151.337,229.5449999999986,292.195,92.938,151.78,193.238,168.126,194.916,196.548,108.246,43.818,258.47
2001-10-11 22:05:00,167.544,51.537,207.267,122.143,1301.24,382.57,99.45390541666659,204.91,88.232,150.757,229.5449999999986,290.925,92.794,153.14,192.202,168.334,194.19,195.712,107.108,43.594,258.0
2001-10-11 22:10:00,165.324,50.773,207.967,125.12,1312.4,383.777,99.68589583333329,203.612,87.218,150.51,229.5449999999986,292.166,93.169,152.42,192.326,167.214,194.758,194.844,107.664,43.446,254.756
2001-10-11 22:15:00,166.956,50.87,209.1,121.35,1300.18,384.55,98.972,204.68,88.428,151.477,229.5449999999986,293.041,92.991,152.1,194.678,168.148,193.17,197.108,106.912,43.182,253.932
2001-10-11 22:20:00,165.306,51.007,204.533,121.837,1308.02,382.813,99.27652000000002,205.488,87.526,150.58,229.5449999999986,288.891,92.529,153.44,192.374,167.168,193.67,195.298,106.636,43.678,253.348
2001-10-11 22:25:00,167.78,51.773,206.433,123.75,1306.98,380.42,99.19459166666664,203.348,88.552,150.377,229.5449999999986,289.705,93.764,152.86,191.034,167.802,194.442,193.484,107.762,43.662,253.684
2001-10-11 22:30:00,165.314,50.29,207.4,124.053,1303.62,382.333,98.947,202.734,87.824,151.683,229.5449999999986,288.971,92.308,152.2,189.902,169.262,192.706,196.8,107.122,43.362,254.828
2001-10-11 22:35:00,166.644,50.383,207.667,122.64,1299.08,381.437,99.17562791666667,204.728,86.642,151.203,229.5449999999986,288.76,92.693,152.64,190.434,167.87,191.498,195.216,106.29,43.358,253.308
2001-10-11 22:40:00,166.962,51.627,209.067,122.62,1298.98,381.547,99.32677999999999,199.302,86.94,148.51,229.5449999999986,288.251,93.923,151.34,188.972,169.086,190.598,196.77,106.602,43.75,255.554
2001-10-11 22:45:00,164.51,51.8,207.233,121.387,1308.62,379.166,98.434,200.552,86.65,147.82,229.5449999999986,286.208,94.3,152.18,190.312,169.164,190.436,198.01,106.544,42.644,254.578
2001-10-11 22:50:00,165.09,50.057,208.267,123.467,1291.84,377.974,98.64758500000002,203.67,87.288,149.3,229.5449999999986,288.933,92.441,151.18,189.61,165.758,191.314,193.258,107.082,43.68,253.872
2001-10-11 22:55:00,166.986,50.96,208.1,120.21,1299.02,379.507,98.8248354166667,201.48,87.18,148.993,229.5449999999986,290.503,94.881,151.7,190.246,167.362,189.126,194.5105191666667,107.102,43.284,253.078
2001-10-11 23:00:00,164.366,50.777,206.633,121.117,1300.24,379.023,98.669,201.246,87.322,148.803,229.5449999999986,286.725,93.984,154.34,189.354,166.47,190.826,194.64471999999995,106.362,43.634,253.646
2001-10-11 23:05:00,167.886,51.473,206.9,122.573,1298.24,382.493,99.4878758333333,202.546,88.33,149.173,229.5449999999986,287.195,94.435,150.16,189.482,167.198,191.968,195.552,106.362,43.852,256.476
2001-10-11 23:10:00,167.482,51.617,203.267,121.823,1301.82,379.257,99.00237624999991,203.582,86.306,148.97,229.5449999999986,286.704,93.904,153.22,187.808,167.65,190.652,194.628,107.556,43.492,253.714
2001-10-11 23:15:00,165.014,50.593,207.233,122.95,1299.52,377.913,98.094,203.242,86.47,150.683,229.5449999999986,287.077,94.273,153.66,190.862,168.158,189.55,194.198,107.956,42.996,254.124
2001-10-11 23:20:00,164.724,50.07,206.567,120.86,1302.74,380.557,98.96028958333342,205.364,87.15,149.613,229.5449999999986,286.848,93.501,152.68,189.51,166.126,189.962,194.45,105.954,42.52,252.098
2001-10-11 23:25:00,165.09,50.58,203.9,121.287,1293.44,382.453,99.21180083333334,203.972,86.584,148.56,229.5449999999986,286.984,95.055,152.7,190.208,165.702,191.116,196.97,107.206,42.308,250.032
2001-10-11 23:30:00,164.594,50.863,206.3,121.25,1290.76,379.913,98.605,204.69,86.826,149.183,229.5449999999986,288.331,93.987,151.02,187.894,166.97,194.502,195.268,106.404,43.454,248.952
2001-10-11 23:35:00,166.234,49.743,206.967,122.877,1290.76,381.927,99.21485416666674,203.732,87.68,149.357,229.5449999999986,284.237,94.683,154.18,188.518,168.176,188.514,192.4,105.2,42.83,249.924
2001-10-11 23:40:00,166.746,50.333,208.667,121.36,1292.875,381.977,99.2605583333334,202.724,85.522,149.347,229.5449999999986,286.549,95.917,153.28,190.644,167.39,190.066,190.932,106.364,42.556,249.892
2001-10-11 23:45:00,167.966,51.993,205.967,122.34,1298.22,383.083,99.752,203.062,86.324,151.08,229.5449999999986,283.698,93.115,151.9,187.982,165.524,190.926,190.95,106.468,42.398,249.532
2001-10-11 23:50:00,167.648,50.28,205.733,122.337,1294.82,380.33,99.08913749999998,204.876,86.3,149.117,229.5449999999986,285.057,94.649,152.26,189.668,167.58,188.58,192.182,106.15,42.286,249.766
2001-10-11 23:55:00,165.922,51.19,207.267,121.347,1294.42,382.093,99.38064291666666,204.126,85.426,149.507,229.5449999999986,278.741,94.953,154.9,188.08,165.616,191.086,190.39572500000008,107.182,42.842,247.894
2001-10-12 00:00:00,164.714,51.013,205.7,121.92,1303.14,378.473,99.826,203.026,85.078,150.78,229.5449999999986,281.806,94.401,151.62,187.3,165.468,189.738,188.53,106.148,41.966,250.278
2001-10-12 00:05:00,164.856,49.633,206.5,124.577,1292.68,384.07,99.43292000000001,202.808,87.134,148.78,229.5449999999986,282.638,94.935,153.52,188.716,165.37,187.98,189.71,105.974,42.48,249.616
2001-10-12 00:10:00,164.656,51.67,204.8,122.663,1304.64,383.28,99.70664125000005,201.594,86.272,149.507,229.5449999999986,282.581,94.054,153.3,187.766,165.336,190.442,187.703,106.81,42.536,249.664
2001-10-12 00:15:00,163.434,51.56,205.767,122.373,1301.5,382.537,99.614,202.516,86.222,152.22,229.5449999999986,283.217,91.617,152.48,187.244,167.872,187.3,190.52,105.974,42.27,251.616
2001-10-12 00:20:00,165.518,50.613,206.033,122.98,1304.68,382.977,99.61856083333349,204.384,85.584,149.407,229.5449999999986,282.887,93.727,152.76,188.16,166.736,189.578,191.706,106.916,42.412,249.954
2001-10-12 00:25:00,164.652,50.287,205.367,123.14,1298.7,384.27,99.45459458333323,205.702,86.464,149.807,229.5449999999986,279.794,94.683,153.02,186.982,165.13,187.578,191.074,105.044,42.928,248.952
2001-10-12 00:30:00,164.888,49.93,205.6,123.74,1297.24,381.887,99.661,205.284,85.27,149.827,229.5449999999986,282.398,96.968,154.64,188.59,165.926,187.918,190.716,107.728,42.988,250.516
2001-10-12 00:35:00,165.058,51.17,205.533,123.393,1296.8,380.793,99.38630541666662,204.68,85.416,150.803,229.5449999999986,280.892,93.606,152.72,190.31,167.054,190.316,190.088,106.994,42.838,250.846
2001-10-12 00:40:00,165.01,50.417,205.8,122.04,1301.14,381.51,99.5506279166666,205.522,84.836,150.063,229.5449999999986,283.581,93.918,153.06,188.664,166.288,190.682,191.274,107.916,43.014,251.188
2001-10-12 00:45:00,165.018,50.113,204.567,121.957,1294.84,382.827,98.641,201.148,85.412,150.427,229.5449999999986,280.446,92.399,153.88,189.112,166.836,188.296,190.538,108.082,42.65,250.032
2001-10-12 00:50:00,164.03,50.9,202.433,122.12,1300.46,383.487,99.37727791666659,205.384,86.43,146.85,229.5449999999986,279.285,93.666,156.14,189.322,165.218,188.476,191.19,105.944,42.97,249.142
2001-10-12 00:55:00,165.522,51.157,208.167,122.34,1293.38,381.24,99.32074458333335,203.344,84.412,151.413,229.5449999999986,282.841,92.715,152.56,186.986,165.762,188.144,190.518,106.446,43.04,253.288
2001-10-12 01:00:00,166.758,51.07,204.933,124.043,1297.66,384.937,99.127,204.886,85.662,151.81,229.5449999999986,284.684,94.465,153.28,187.048,167.684,186.71,190.448,104.924,42.096,251.116
2001-10-12 01:05:00,164.46,52.17,207.333,122.803,1299.94,377.81,99.07480895833318,204.408,85.446,149.557,229.5449999999986,280.164,93.214,151.04,188.778,165.154,187.036,189.41,106.594,41.976,249.39
2001-10-12 01:10:00,164.758,51.327,204.067,122.197,1299.3,381.58,99.4758416666667,205.116,85.972,150.16,229.5449999999986,280.257,93.583,152.46,187.554,162.7,189.276,189.356,107.526,42.776,253.308
2001-10-12 01:15:00,163.634,50.687,204.867,122.04,1296.38,383.803,99.698,203.426,85.21,153.927,229.5449999999986,281.072,93.198,155.18,187.856,166.754,187.49,189.748,105.982,43.27,250.008
2001-10-12 01:20:00,166.332,49.963,206.233,123.023,1307.54,384.707,99.39394000000017,203.224,85.962,147.34,229.5449999999986,280.335,93.737,151.7,188.652,167.656,188.23,190.35,106.266,42.838,250.498
2001-10-12 01:25:00,165.068,51.023,204.9,125.887,1296.34,384.45,99.43105208333338,203.99,86.932,149.52,229.5449999999986,280.783,92.734,152.7,191.136,165.43,188.596,187.652,105.664,42.922,250.636
2001-10-12 01:30:00,167.03,50.94,204.433,123.12,1303.3,381.593,99.617,202.334,85.784,148.997,229.5449999999986,278.352,94.824,153.92,189.572,167.494,184.842,190.6861783333333,106.126,42.744,253.204
2001-10-12 01:35:00,167.464,50.917,205.3,123.463,1299.8,382.617,99.3210304166667,201.572,85.56,148.127,229.5449999999986,278.282,91.876,152.04,188.982,166.894,187.174,189.88,105.212,42.142,249.936
2001-10-12 01:40:00,166.706,51.42,206.667,123.143,1290.92,380.72,99.20096375000003,203.478,86.892,147.083,229.5449999999986,280.864,93.405,152.3,188.974,167.376,190.972,189.074,106.512,42.888,251.16
2001-10-12 01:45:00,164.67,50.76,205.1,121.45,1295.06,385.833,98.647,204.582,87.02,147.814,229.5449999999986,280.396,93.272,152.9,189.368,167.076,187.958,189.19,104.836,42.528,249.818
2001-10-12 01:50:00,166.99,50.237,204.633,121.967,1300.7,384.28,99.37347750000002,203.31,86.814,149.73,229.5449999999986,280.132,93.861,152.4,189.694,166.228,187.462,189.022,105.862,42.81,251.912
2001-10-12 01:55:00,165.57,52.033,206.733,124.077,1309.76,384.827,99.54785541666678,204.022,86.584,146.947,229.5449999999986,279.761,92.964,154.52,190.268,167.578,189.302,189.132,106.95,43.178,249.46
2001-10-12 02:00:00,164.472,50.883,206.433,121.863,1298.28,382.953,98.95,203.244,86.304,150.107,229.5449999999986,279.872,94.986,153.98,188.51,170.038,185.322,190.176,106.372,43.028,252.46
2001-10-12 02:05:00,165.944,50.597,203.4,122.777,1302.6,383.203,99.53503791666667,204.554,85.466,150.637,229.5449999999986,275.518,93.434,152.68,188.094,167.828,189.452,188.598,106.868,42.858,252.024
2001-10-12 02:10:00,164.414,51.477,206.133,120.457,1305.72,382.043,99.41467166666668,203.282,85.516,150.94,229.5449999999986,278.569,95.032,153.54,187.882,168.344,189.1,188.134,107.836,43.036,253.402
2001-10-12 02:15:00,166.6,51.093,207.467,122.17,1301.2,383.86,99.736,203.87,85.93,151.507,229.5449999999986,277.497,95.051,152.8,187.844,167.164,187.192,190.3,107.074,43.118,250.072
2001-10-12 02:20:00,167.128,48.943,207.933,123.613,1298.04,384.513,99.5201970833334,201.168,85.486,150.407,229.5449999999986,280.079,93.884,152.74,189.174,165.876,188.656,190.402,107.45,42.412,249.008
2001-10-12 02:25:00,168.52,50.063,205.8,122.367,1311.48,385.977,99.77993708333341,204.026,87.106,151.267,229.5449999999986,279.882,95.604,153.48,187.686,168.744,189.606,190.84,106.524,43.182,251.702
2001-10-12 02:30:00,166.728,50.927,205.967,122.83,1306.76,385.253,99.417,202.152,84.55,149.01,229.5449999999986,279.078,92.336,153.88,188.106,165.996,191.51,188.248,107.608,42.668,250.758
2001-10-12 02:35:00,166.196,49.59,207.8,122.127,1298.84,381.053,99.37473208333331,204.998,86.578,149.883,229.5449999999986,279.278,94.075,152.94,188.234,167.16,191.028,189.154,108.384,42.212,249.808
2001-10-12 02:40:00,164.33,50.503,205.233,121.733,1305.42,379.963,99.27722416666674,202.42,85.354,149.563,229.5449999999986,280.116,93.63,151.94,188.232,167.812,190.328,188.192,106.234,42.242,249.316
2001-10-12 02:45:00,163.732,51.223,207.267,122.723,1296.74,376.826,98.874,203.102,85.204,147.49,229.5449999999986,278.976,94.367,153.14,186.572,164.684,187.01,191.42,106.496,42.194,250.05
2001-10-12 02:50:00,164.878,50.05,206.7,121.267,1301.08,383.61,99.17090166666677,202.874,87.092,149.71,229.5449999999986,277.834,92.466,154.4,186.806,166.376,188.102,189.184,105.704,42.374,250.292
2001-10-12 02:55:00,167.852,49.687,203.867,122.793,1303.9,378.567,99.11214104166666,204.042,85.962,150.797,229.5449999999986,279.038,93.762,153.26,187.946,165.864,186.806,189.606,107.344,42.276,249.708
2001-10-12 03:00:00,164.296,50.367,204.5,120.447,1297.64,382.334,99.82,204.27,86.606,150.443,229.5449999999986,278.568,94.019,152.66,188.256,164.982,189.904,189.15,106.996,42.86,251.636
2001-10-12 03:05:00,166.43,50.88,206.433,120.623,1299.46,384.14,99.44508791666671,205.298,85.738,148.667,229.5449999999986,279.311,93.583,152.12,187.764,164.388,188.118,189.55,107.314,42.646,252.592
2001-10-12 03:10:00,165.774,49.017,206.5,123.013,1298.7,382.847,99.45733958333344,203.222,85.424,148.953,229.5449999999986,277.635,94.321,151.8,186.904,165.228,188.58,191.492,106.588,42.46,251.162
2001-10-12 03:15:00,165.18,50.947,206.533,121.56,1296.04,377.237,98.696,202.356,85.864,147.87,229.5449999999986,279.115,94.24,153.84,187.81,166.424,188.594,192.12,106.626,42.854,250.028
2001-10-12 03:20:00,167.514,50.33,206.033,122.273,1296.86,382.797,99.35332958333348,204.142,84.89,147.627,229.5449999999986,278.306,92.332,151.32,187.434,166.656,190.76,192.595,108.834,43.05,249.214
2001-10-12 03:25:00,164.514,50.03,207.333,121.86,1303.76,382.193,99.28953541666671,204.212,86.18,149.22,229.5449999999986,278.073,95.419,152.76,189.258,165.37,187.236,190.436,106.114,42.522,248.374
2001-10-12 03:30:00,166.284,51.787,205.9,123.953,1307.78,380.917,99.265,206.054,86.002,148.487,229.5449999999986,276.897,92.216,152.24,187.348,166.748,188.108,191.136,106.192,42.458,250.372
2001-10-12 03:35:00,163.782,50.52,206.033,120.43,1304.64,380.737,99.37939999999998,203.196,86.328,152.333,229.5449999999986,281.575,92.872,152.18,187.756,166.336,186.274,189.316,107.166,42.542,247.588
2001-10-12 03:40:00,168.37,49.787,203.633,123.043,1304.36,383.367,99.30857875000005,204.458,84.434,149.213,229.5449999999986,278.683,93.271,153.38,188.648,166.0,187.126,190.88,107.622,42.738,247.262
2001-10-12 03:45:00,168.446,50.57,208.8,121.573,1304.42,383.397,98.766,202.916,84.976,150.627,229.5449999999986,275.145,95.351,154.0,188.262,164.452,187.366,192.014,105.286,42.622,248.428
2001-10-12 03:50:00,164.986,51.6,206.267,122.827,1303.92,383.19,99.41345791666672,202.374,86.364,148.007,229.5449999999986,275.48,93.909,154.26,188.566,168.528,189.592,187.512,107.952,42.33,249.99
2001-10-12 03:55:00,165.364,50.293,204.033,122.457,1295.54,380.117,99.15534875000007,203.152,85.882,147.917,229.5449999999986,280.914,93.923,152.0,186.576,166.03,187.582,188.24,106.226,41.864,248.83
2001-10-12 04:00:00,166.702,50.163,205.4,121.82,1300.06,378.567,98.402,203.86,85.222,149.893,229.5449999999986,276.56,94.993,153.58,186.594,166.112,188.62,188.596,106.786,43.12,250.968
2001-10-12 04:05:00,165.542,52.35,205.433,122.637,1295.96,379.077,99.06016166666664,204.91,86.768,148.69,229.5449999999986,280.308,94.044,153.4,187.716,166.636,187.404,190.294,107.612,42.444,251.254
2001-10-12 04:10:00,162.928,50.613,205.633,123.617,1300.3,378.347,99.12720645833333,201.126,85.966,146.81,229.5449999999986,278.653,94.195,153.82,185.664,165.476,189.564,189.28,106.596,42.288,249.628
2001-10-12 04:15:00,166.09,51.173,206.267,121.173,1304.54,380.157,98.754,202.678,86.654,149.777,229.5449999999986,281.902,94.689,152.78,188.754,164.474,188.574,191.474,106.716,42.596,250.406
2001-10-12 04:20:00,166.262,52.07,202.867,122.09,1301.88,379.323,99.15584041666659,202.122,86.404,147.99,229.5449999999986,278.925,94.089,151.74,188.754,167.826,187.448,190.684,105.756,43.246,250.906
2001-10-12 04:25:00,166.07,50.993,203.4,120.897,1295.74,380.95,99.19147208333338,202.766,85.018,148.05,229.5449999999986,277.065,94.147,154.5,188.08,165.566,187.256,188.782,105.816,42.25,247.308
2001-10-12 04:30:00,165.43,50.533,205.533,123.423,1305.06,382.06,99.118,203.394,86.726,151.053,229.5449999999986,279.87,95.737,152.26,186.85,165.966,188.102,188.828,106.366,42.718,248.904
2001-10-12 04:35:00,166.608,51.27,204.733,122.56,1305.18,382.337,99.59757375000002,201.88,83.726,150.083,229.5449999999986,277.773,95.455,153.82,188.728,165.852,187.008,188.882,106.018,42.2,249.182
2001-10-12 04:40:00,165.686,49.92,205.233,121.92,1304.2,379.55,99.0892045833333,205.618,84.272,150.567,229.5449999999986,277.672,92.823,155.28,187.26,166.59,187.53,188.227,105.328,42.506,247.348
2001-10-12 04:45:00,163.956,50.943,203.733,122.187,1297.92,378.777,99.127,205.286,86.364,151.613,229.5449999999986,281.594,93.177,154.06,188.608,165.69,188.82,187.29,105.544,41.8,246.618
2001-10-12 04:50:00,166.27,50.843,204.967,123.923,1307.32,382.767,99.42228125000005,204.244,85.014,150.847,229.5449999999986,276.253,93.834,156.14,187.786,167.474,187.66,189.026,107.212,42.43,248.004
2001-10-12 04:55:00,165.178,51.003,203.933,123.853,1300.0,384.323,99.5566491666667,202.764,86.03,149.707,229.5449999999986,277.503,94.531,154.8,187.192,164.816,187.522,188.422,106.808,42.032,247.69
2001-10-12 05:00:00,165.91,50.983,206.733,123.353,1303.24,381.08,99.891,206.944,86.116,149.3,229.5449999999986,280.414,95.096,153.36,186.122,164.932,189.54,189.52,106.078,42.638,248.248
2001-10-12 05:05:00,166.218,51.573,206.267,121.533,1301.64,383.27,99.4434145833334,202.636,85.972,149.673,229.5449999999986,279.872,94.303,153.84,185.798,165.042,187.176,188.68,107.252,42.938,246.814
2001-10-12 05:10:00,165.508,50.44,206.533,122.337,1301.6,384.573,99.71519416666666,208.198,85.746,150.083,229.5449999999986,276.76,94.26,154.84,186.896,165.82,189.832,192.178,105.976,42.104,252.41
2001-10-12 05:15:00,167.786,50.663,206.667,122.47,1299.64,385.257,100.152,203.364,85.02,149.883,229.5449999999986,281.464,93.46,153.46,187.662,166.26,189.962,190.764,107.06,42.212,249.632
2001-10-12 05:20:00,167.358,50.413,207.833,121.663,1305.16,385.07,99.45585000000008,202.496,85.51,150.127,229.5449999999986,280.21,94.461,152.9,186.924,164.454,188.964,190.632,106.57,43.184,248.412
2001-10-12 05:25:00,165.958,51.667,206.6,121.733,1306.04,384.067,99.45681416666676,203.644,86.344,149.123,229.5449999999986,279.768,94.146,154.1,187.286,166.032,187.06,189.956,106.014,42.55,248.944
2001-10-12 05:30:00,164.714,50.087,204.867,122.407,1316.72,381.533,100.705,204.836,84.892,152.647,229.5449999999986,279.803,93.78,154.14,186.012,165.58,189.896,189.996,105.76,42.148,250.582
2001-10-12 05:35:00,164.906,49.963,205.7,121.957,1309.26,383.857,99.53851958333337,205.116,86.138,150.963,229.5449999999986,277.842,94.175,154.38,187.376,164.722,188.8,188.804,105.558,42.842,248.882
2001-10-12 05:40:00,166.542,50.48,206.7,124.49,1306.44,381.597,99.7071487500001,203.376,85.888,148.323,229.5449999999986,277.977,94.655,153.32,188.476,165.162,189.53,190.316,105.948,42.244,250.856
2001-10-12 05:45:00,167.892,51.03,205.7,123.12,1311.82,383.187,99.073,203.598,86.284,150.24,229.5449999999986,279.428,94.34,155.3,185.726,166.116,188.248,187.986,107.526,42.91,249.906
2001-10-12 05:50:00,167.538,50.703,203.167,123.467,1305.12,382.823,99.47347791666664,203.694,84.968,151.12,229.5449999999986,277.639,94.082,155.38,189.506,166.594,187.78,190.686,106.618,42.698,251.254
2001-10-12 05:55:00,164.99,49.63,206.8,122.937,1300.84,386.013,99.53149750000013,202.804,84.378,149.23,229.5449999999986,278.483,93.418,154.02,185.738,166.75,189.73,191.708,106.62,43.196,249.32
2001-10-12 06:00:00,167.198,49.923,206.167,122.647,1313.54,384.76,100.395,205.318,86.496,150.257,229.5449999999986,280.605,95.844,153.9,188.66,164.924,188.992,191.284,105.606,42.41,250.114
2001-10-12 06:05:00,164.418,50.843,206.733,122.85,1301.18,379.013,99.0509827083332,203.838,88.166,148.863,229.5449999999986,279.654,94.26,150.9,187.358,164.66,189.032,189.312,106.166,42.868,251.94
2001-10-12 06:10:00,166.344,50.98,204.467,122.253,1304.64,381.197,99.38216333333328,204.656,86.948,150.92,229.5449999999986,279.52,94.018,151.86,188.062,166.118,187.92,191.634,106.29,43.004,252.138
2001-10-12 06:15:00,166.608,50.73,204.0,123.46,1303.96,383.78,99.688,203.148,84.816,148.62,229.5449999999986,277.432,93.537,154.24,188.61,166.568,190.312,191.332,105.554,42.664,251.872
2001-10-12 06:20:00,164.684,50.517,205.3,123.27,1304.88,384.027,99.43396583333327,203.65,86.306,150.137,229.5449999999986,280.315,93.153,153.32,188.274,163.816,188.462,192.822,106.024,42.486,250.96
2001-10-12 06:25:00,167.178,51.0,204.633,123.267,1309.6,382.497,99.48399250000011,201.166,86.766,149.467,229.5449999999986,278.939,92.835,153.78,186.492,166.428,189.108,189.872,107.29,43.222,249.382
2001-10-12 06:30:00,166.906,52.29,206.233,122.863,1307.04,383.364,99.379,203.416,86.746,152.063,229.5449999999986,279.208,93.849,152.24,187.052,165.804,189.054,189.596,107.042,43.138,252.19
2001-10-12 06:35:00,166.436,50.95,203.833,121.137,1306.36,383.49,99.49349624999999,204.654,86.202,150.99,229.5449999999986,280.449,93.123,153.06,189.07,166.26,188.22,190.694,107.824,42.904,252.414
2001-10-12 06:40:00,165.514,50.69,205.067,121.29,1305.78,380.86,99.4476895833334,204.502,85.602,149.257,229.5449999999986,279.58,94.86,155.32,187.442,166.792,189.942,190.25,105.276,42.312,249.708
2001-10-12 06:45:00,165.926,51.013,205.233,123.073,1302.56,384.36,99.868,200.188,84.494,150.24,229.5449999999986,276.66,94.51,153.26,188.592,165.1,186.958,190.746,106.352,42.636,252.442
2001-10-12 06:50:00,165.456,50.193,206.2,121.507,1308.42,382.127,99.59052916666674,203.382,86.1,153.05,229.5449999999986,279.244,95.197,153.36,187.44,166.222,188.33,192.272,105.972,43.036,250.044
2001-10-12 06:55:00,166.644,49.88,204.967,122.593,1298.48,381.537,99.41289791666664,201.528,85.346,148.243,229.5449999999986,277.164,94.647,153.96,187.542,167.968,189.23,191.696,106.062,42.736,253.02
2001-10-12 07:00:00,166.342,50.947,205.6,122.513,1301.4,382.603,100.228,199.922,86.004,149.683,229.5449999999986,278.74,94.092,152.86,188.354,166.074,186.05,194.69,106.908,42.578,250.38
2001-10-12 07:05:00,168.382,51.02,204.067,121.863,1319.88,377.507,99.45972874999995,204.486,86.432,149.987,229.5449999999986,284.049,93.421,154.6,187.322,165.022,188.09,191.492,106.046,42.69,250.824
2001-10-12 07:10:00,167.232,50.673,205.733,122.057,1308.98,380.553,99.26141083333331,203.39,84.698,146.603,229.5449999999986,276.929,92.786,153.4,188.37,166.79,190.314,193.042,106.348,42.584,251.954
2001-10-12 07:15:00,167.976,51.327,205.267,122.86,1307.98,380.597,98.902,203.024,85.202,149.41,229.5449999999986,278.407,93.629,152.7,187.312,165.672,186.958,188.56,106.448,42.952,251.762
2001-10-12 07:20:00,164.408,50.837,206.433,124.467,1310.32,383.07,99.47585791666675,203.908,85.668,149.327,229.5449999999986,280.315,92.834,154.58,187.256,166.77,188.91,192.636,107.42,42.996,250.062
2001-10-12 07:25:00,166.866,49.713,202.867,123.61,1312.9,383.47,99.74265375000003,201.006,85.514,149.403,229.5449999999986,278.604,94.214,154.84,189.616,164.792,189.43,192.862,107.226,42.774,250.046
2001-10-12 07:30:00,168.414,51.04,203.9,124.047,1306.26,381.65,98.865,203.872,87.924,149.813,229.5449999999986,281.154,93.248,154.82,188.646,166.688,189.386,193.896,107.58,42.502,249.232
2001-10-12 07:35:00,166.984,50.593,205.133,123.417,1312.26,381.25,99.6167650000001,202.646,86.152,150.947,229.5449999999986,281.622,94.355,154.4,189.936,165.892,189.53,192.164,108.002,42.24,249.592
2001-10-12 07:40:00,168.584,51.337,204.967,122.72,1320.84,380.59,99.5292745833333,200.716,86.564,148.957,229.5449999999986,281.153,94.374,157.36,188.966,167.42,188.878,191.48,106.95,42.716,247.98
2001-10-12 07:45:00,169.15,51.107,204.433,121.843,1324.82,379.363,99.635,200.634,86.074,147.607,229.5449999999986,282.193,93.577,154.56,190.858,165.584,187.96,192.836,107.114,42.95,249.388
2001-10-12 07:50:00,166.978,51.267,205.3,122.16,1317.26,383.01,99.65516250000002,203.858,85.478,150.567,229.5449999999986,284.855,94.235,156.24,190.262,167.332,189.114,192.372,106.326,42.61,251.222
2001-10-12 07:55:00,165.146,51.627,206.433,122.5,1319.2,380.697,99.54172958333331,202.162,85.93,149.21,229.5449999999986,282.946,94.646,155.08,189.118,168.228,189.058,192.59,107.934,42.652,250.418
2001-10-12 08:00:00,166.222,50.623,203.1,122.16,1310.42,380.566,99.618,202.496,86.752,150.194,229.5449999999986,283.013,94.09,153.68,189.058,166.96,188.858,190.52,106.654,42.7,249.006
2001-10-12 08:05:00,166.452,50.293,204.033,121.75,1322.1,381.76,99.79335958333333,203.242,85.016,150.27,229.5449999999986,284.155,95.064,152.9,189.866,165.972,190.414,189.92,107.724,43.094,249.818
2001-10-12 08:10:00,167.396,50.88,205.8,121.767,1317.28,384.267,99.65262416666664,203.384,85.6,150.55,229.5449999999986,280.889,95.272,155.72,190.004,166.33,187.894,190.325,107.024,42.876,249.842
2001-10-12 08:15:00,165.646,51.153,204.0,122.617,1308.0,380.633,99.887,203.732,86.252,149.553,229.5449999999986,283.036,95.379,153.82,189.286,164.842,186.716,192.29,107.124,42.502,249.078
2001-10-12 08:20:00,165.548,48.933,209.567,122.857,1313.78,379.19,99.35489291666657,204.01,86.366,150.287,229.5449999999986,276.591,95.602,154.94,190.286,167.676,189.396,191.502,107.418,42.46,250.654
2001-10-12 08:25:00,165.28,51.227,205.767,121.173,1312.72,377.967,99.40682875000005,203.426,85.378,150.38,229.5449999999986,280.911,93.545,154.48,187.974,164.922,189.51,190.874,108.188,43.144,249.13
2001-10-12 08:30:00,168.12,49.82,206.533,122.077,1312.12,381.477,98.938,201.242,86.524,148.677,229.5449999999986,281.275,93.683,152.18,189.51,166.856,188.922,193.518,106.646,42.298,250.386
2001-10-12 08:35:00,167.65,51.713,205.267,122.007,1314.44,383.31,99.8479166666666,202.394,86.16,147.863,229.5449999999986,282.613,95.609,155.12,189.282,166.074,190.726,191.168,107.894,42.336,250.992
2001-10-12 08:40:00,166.598,50.503,204.267,120.55,1311.82,383.017,99.52238875000013,202.786,86.906,149.7,229.5449999999986,281.633,95.313,153.76,187.628,169.454,188.498,189.908,107.836,42.612,250.796
2001-10-12 08:45:00,165.172,51.74,204.333,123.427,1313.58,384.563,99.707,204.04,85.932,150.223,229.5449999999986,281.016,93.612,154.7,188.712,166.894,188.608,191.12,108.342,42.234,248.4
2001-10-12 08:50:00,167.544,50.937,205.433,120.497,1316.1,381.013,99.46478124999987,202.124,86.804,149.627,229.5449999999986,279.846,94.595,154.86,187.646,166.19,188.6,191.67,108.134,42.99,249.108
2001-10-12 08:55:00,168.36,50.39,204.333,121.737,1313.14,383.92,99.71354250000005,203.296,85.964,149.91,229.5449999999986,284.851,95.449,154.0,188.558,164.288,188.672,191.04,108.59,42.372,249.046
2001-10-12 09:00:00,168.01,51.907,206.0,124.887,1311.7,381.75,99.587,201.57,85.344,148.913,229.5449999999986,281.957,95.182,156.12,190.404,166.142,190.82,192.252,107.85,42.928,249.778
2001-10-12 09:05:00,169.144,50.383,204.333,120.333,1312.06,383.047,99.56438666666669,201.344,86.582,150.66,229.5449999999986,280.416,94.193,155.66,188.642,165.112,188.312,190.59,106.026,42.234,247.046
2001-10-12 09:10:00,165.526,50.21,203.0,121.6,1319.1,384.19,99.72148999999997,204.75,85.206,148.547,229.5449999999986,279.974,95.098,155.78,189.144,166.572,190.084,190.434,107.544,42.108,252.004
2001-10-12 09:15:00,167.42,50.62,206.633,123.233,1311.64,383.033,99.078,205.568,86.508,148.83,229.5449999999986,281.6,93.818,155.66,188.242,165.942,188.56,190.428,108.124,42.816,250.752
2001-10-12 09:20:00,168.664,50.94,207.267,123.817,1314.9,383.37,99.93336958333326,207.172,85.878,149.24,229.5449999999986,279.552,93.899,153.44,188.88,167.756,190.356,188.853,109.438,42.158,252.612
2001-10-12 09:25:00,166.802,50.05,206.0,123.553,1312.28,384.323,99.70147999999999,202.828,85.67,147.153,229.5449999999986,282.077,94.403,155.84,189.386,166.926,189.668,188.82,108.508,42.828,249.222
2001-10-12 09:30:00,167.338,49.217,207.867,120.97,1314.22,384.053,99.389,204.614,86.31,149.95,229.5449999999986,283.819,94.14,155.88,189.75,167.364,191.196,192.33,107.18,42.204,248.882
2001-10-12 09:35:00,165.47,50.447,207.933,123.537,1316.22,385.82,99.8216204166666,205.0,85.264,149.03,229.5449999999986,281.74,94.857,155.66,188.07,168.328,190.872,192.38,107.542,42.362,250.908
2001-10-12 09:40:00,167.784,50.527,205.633,122.523,1327.68,384.967,99.74190583333329,205.518,86.028,148.86,229.5449999999986,282.398,93.854,155.04,188.638,167.974,191.038,189.082,107.784,42.37,251.308
2001-10-12 09:45:00,168.272,50.627,206.0,122.34,1315.04,385.467,98.987,202.514,85.222,149.923,229.5449999999986,279.808,93.825,156.76,188.784,168.784,187.798,189.516,107.366,42.544,248.278
2001-10-12 09:50:00,167.186,50.683,203.7,123.28,1320.1,384.863,99.86238291666659,205.106,85.954,147.757,229.5449999999986,280.854,94.646,155.74,189.312,166.916,190.522,191.862,108.456,42.484,248.422
2001-10-12 09:55:00,167.052,51.987,206.467,121.443,1317.06,385.807,99.71510416666665,207.236,85.4,148.88,229.5449999999986,280.418,94.19,155.94,187.39,166.542,191.712,193.382,107.874,42.258,249.108
2001-10-12 10:00:00,167.19,50.177,205.433,123.413,1310.34,382.247,99.436,207.842,84.812,151.553,229.5449999999986,279.111,94.589,155.16,188.52,166.276,190.95,191.67493624999994,108.414,42.398,250.262
2001-10-12 10:05:00,168.682,50.393,205.533,122.217,1317.58,384.413,99.76796791666662,206.87,85.844,150.667,229.5449999999986,278.954,94.795,155.42,189.108,168.98,190.664,190.684,107.594,42.38,249.024
2001-10-12 10:10:00,167.856,50.527,205.7,123.29,1315.3,381.827,99.51096999999994,206.826,87.12,149.053,229.5449999999986,281.97,94.37,155.6,191.364,165.548,191.114,193.404,107.916,42.534,250.946
2001-10-12 10:15:00,167.706,50.98,205.933,123.207,1308.24,386.15,98.998,203.432,86.732,153.253,229.5449999999986,280.91,96.568,155.62,190.326,167.518,189.808,192.92,107.926,42.828,249.022
2001-10-12 10:20:00,167.492,50.733,202.733,121.287,1316.1,384.54,100.04042291666667,205.08,85.816,151.127,229.5449999999986,280.123,96.306,155.04,188.632,165.82,190.24,190.57,107.504,42.928,249.638
2001-10-12 10:25:00,169.762,51.407,207.6,122.703,1318.26,383.497,99.65180791666663,202.702,87.064,150.597,229.5449999999986,282.863,94.945,155.98,189.22,165.998,188.628,190.704,107.118,42.914,248.666
2001-10-12 10:30:00,167.312,51.003,206.367,122.817,1312.2,383.017,99.339,205.698,86.702,149.38,229.5449999999986,279.848,94.842,154.02,191.468,166.9,189.516,191.062,107.898,42.38,247.746
2001-10-12 10:35:00,168.262,51.433,206.267,123.047,1320.82,381.833,99.71040374999993,205.29,85.918,150.547,229.5449999999986,279.066,95.413,156.0,189.028,165.62,191.408,191.042,106.536,41.722,249.226
2001-10-12 10:40:00,166.856,51.647,204.433,123.1,1315.84,381.993,99.55486458333326,204.924,86.98,149.423,229.5449999999986,279.381,94.995,156.12,190.732,168.676,190.33,192.424,107.472,42.598,248.646
2001-10-12 10:45:00,169.09,50.253,203.9,124.167,1319.88,384.27,99.719,206.008,84.852,152.26,229.5449999999986,279.789,96.116,157.0,188.85,166.892,188.95,192.318,108.856,42.416,247.47
2001-10-12 10:50:00,169.214,50.943,205.367,123.04,1317.2,382.24,99.62486791666673,207.038,85.28,149.377,229.5449999999986,279.92,94.479,155.76,189.582,166.63,189.95,192.82,108.072,42.118,246.79
2001-10-12 10:55:00,168.478,50.173,206.6,123.03,1310.26,382.32,99.75313000000006,207.456,86.062,151.757,229.5449999999986,280.887,95.931,157.78,188.23,166.816,190.526,193.5,108.062,42.006,247.564
2001-10-12 11:00:00,166.248,51.753,204.467,122.873,1317.02,386.04,99.15,203.556,86.486,148.433,229.5449999999986,279.63,95.274,157.38,190.34,166.684,189.226,192.838,108.068,41.948,252.106
2001-10-12 11:05:00,166.444,51.773,205.767,119.783,1319.34,388.423,99.29903749999995,208.346,85.906,149.68,229.5449999999986,280.335,91.959,157.52,189.774,168.588,188.81,191.47,107.462,42.884,249.242
2001-10-12 11:10:00,168.352,51.327,205.467,124.487,1314.7,386.52,100.16587208333327,204.996,85.66,150.567,229.5449999999986,281.617,95.686,155.5,188.752,165.952,188.88,191.948,108.632,43.342,250.862
2001-10-12 11:15:00,167.668,50.827,206.067,123.577,1310.78,386.777,100.386,206.074,85.688,147.57,229.5449999999986,280.665,96.966,157.4,189.836,166.342,191.624,190.558,108.642,42.426,251.674
2001-10-12 11:20:00,167.176,50.55,207.133,124.4,1313.3,385.43,99.79210958333331,204.47,85.84,148.053,229.5449999999986,278.75,94.258,156.46,189.658,169.344,190.528,192.422,107.786,42.232,248.902
2001-10-12 11:25:00,166.256,50.95,206.767,121.79,1317.0,384.383,100.06588791666658,205.038,86.356,152.98,229.5449999999986,282.451,94.851,156.58,188.672,166.438,192.15,190.97,107.3,41.738,250.042
2001-10-12 11:30:00,168.44,50.677,206.4,121.953,1318.16,386.457,99.421,206.884,87.142,152.81,229.5449999999986,279.803,97.528,155.68,189.53,167.622,188.624,193.434,108.26,42.794,248.612
2001-10-12 11:35:00,168.744,52.013,206.1,124.473,1315.58,384.343,99.9629229166666,204.416,85.902,148.797,229.5449999999986,280.832,96.867,156.22,189.38,169.312,190.808,191.732,108.126,42.204,248.428
2001-10-12 11:40:00,166.126,50.723,207.6,122.183,1322.14,388.113,99.65498999999994,205.234,87.248,148.993,229.5449999999986,281.725,96.313,155.94,188.104,168.5,193.18,191.528,107.124,42.76,248.332
2001-10-12 11:45:00,167.374,51.373,208.967,121.07,1320.32,387.117,100.661,205.742,86.982,150.333,229.5449999999986,279.632,96.459,155.04,190.006,167.642,190.472,191.286,108.554,42.624,248.678
2001-10-12 11:50:00,169.032,50.707,205.5,122.783,1325.86,385.283,99.79896833333336,203.912,86.164,149.92,229.5449999999986,277.722,96.315,156.24,188.814,167.242,189.786,191.67,108.556,42.27,250.206
2001-10-12 11:55:00,168.44,51.0,205.867,124.013,1315.24,386.91,99.89924416666665,205.09,85.678,150.973,229.5449999999986,278.793,94.106,156.02,187.264,166.46,188.748,190.008,107.296,42.89,251.512
2001-10-12 12:00:00,168.234,51.293,206.067,122.25,1323.16,389.937,99.988,203.19,86.482,151.45,229.5449999999986,277.893,97.074,155.34,191.418,166.016,189.928,189.848,108.378,42.718,249.042
2001-10-12 12:05:00,169.604,51.72,207.267,122.987,1323.12,387.417,100.1121504166666,205.254,85.26,150.513,229.5449999999986,280.268,95.726,155.34,189.442,166.708,190.534,191.3149245833333,107.784,42.46,248.828
2001-10-12 12:10:00,168.088,51.03,204.5,122.123,1317.86,388.217,99.94435374999998,202.976,87.382,150.427,229.5449999999986,280.322,96.148,158.96,190.79,168.324,190.792,189.45,107.076,42.812,250.41
2001-10-12 12:15:00,166.864,53.1,205.667,123.817,1320.6,389.703,99.337,203.984,86.376,150.737,229.5449999999986,278.271,95.604,157.06,191.392,168.588,189.504,190.632,107.576,42.8,250.978
2001-10-12 12:20:00,169.546,51.667,206.233,124.203,1318.48,389.57,100.06223729166665,201.92,87.28,151.297,229.5449999999986,279.502,95.66,158.5,190.422,167.62,188.244,191.62,109.106,42.242,250.206
2001-10-12 12:25:00,166.824,51.95,205.5,123.31,1316.64,390.923,99.89862166666666,205.664,86.638,151.613,229.5449999999986,280.149,95.413,157.14,189.708,168.206,192.116,191.33,108.554,42.78,250.488
2001-10-12 12:30:00,167.722,50.303,204.833,122.227,1316.5,391.07,99.183,205.312,86.776,149.647,229.5449999999986,279.89,96.313,156.36,189.84,167.398,190.216,190.884,107.708,41.774,250.89
2001-10-12 12:35:00,167.958,49.91,204.167,123.25,1321.06,386.35,99.83612083333328,205.908,85.61,150.87,229.5449999999986,282.602,95.239,156.68,189.418,167.074,193.112,189.404,108.132,42.518,247.62
2001-10-12 12:40:00,166.66,51.01,206.7,125.083,1321.68,386.737,100.02088874999993,205.602,86.848,149.09,229.5449999999986,279.955,95.441,154.76,188.978,167.762,191.014,191.504,107.754,42.982,248.772
2001-10-12 12:45:00,168.802,49.967,206.467,123.187,1315.52,389.987,100.063,204.394,86.554,149.91,229.5449999999986,281.046,94.671,157.16,189.286,168.128,190.168,189.694,107.638,42.604,248.794
2001-10-12 12:50:00,167.098,52.653,205.6,122.81,1316.94,388.323,99.80138666666664,206.056,85.094,150.39,229.5449999999986,281.528,94.919,157.3,189.294,168.91,190.062,191.688,107.82,42.098,249.202
2001-10-12 12:55:00,167.526,49.95,207.7,123.47,1321.12,383.983,99.76669958333328,205.586,87.558,151.14,229.5449999999986,282.754,95.91,155.46,190.436,168.452,190.364,191.37335,107.756,42.974,249.99
2001-10-12 13:00:00,169.212,52.017,204.2,124.09,1316.68,385.623,101.12,205.764,85.71,154.997,229.5449999999986,283.027,96.784,156.46,189.544,166.322,191.204,191.81,108.532,43.16,249.206
2001-10-12 13:05:00,168.418,50.973,208.6,123.46,1317.18,388.83,99.85660999999995,206.324,86.874,150.083,229.5449999999986,281.097,93.297,157.88,188.274,166.964,190.518,190.658,107.51,43.016,248.724
2001-10-12 13:10:00,167.78,50.473,206.8,123.093,1322.6,387.32,99.83928999999988,204.646,87.17,150.06,229.5449999999986,277.023,94.283,154.6,189.98,168.052,190.958,190.092,107.392,43.254,249.044
2001-10-12 13:15:00,168.654,51.55,207.7,123.767,1321.96,388.733,99.504,204.886,86.228,151.79,229.5449999999986,284.649,95.271,156.62,186.594,168.742,191.298,192.282,108.496,43.302,250.274
2001-10-12 13:20:00,167.768,51.97,206.533,124.78,1315.5,390.28,100.03561624999992,205.016,85.338,150.73,229.5449999999986,279.794,96.534,157.8,188.99,168.692,189.872,191.386,108.582,42.828,250.548
2001-10-12 13:25:00,166.29,49.747,204.133,123.707,1314.36,384.977,99.68690499999991,204.142,85.444,149.987,229.5449999999986,281.185,95.706,156.62,189.77,168.75,189.208,192.818,106.928,42.82,248.658
2001-10-12 13:30:00,167.852,51.823,204.833,122.877,1321.84,386.61,99.782,207.356,86.446,150.157,229.5449999999986,281.673,95.596,156.76,187.398,167.298,190.156,190.892,108.098,42.702,250.084
2001-10-12 13:35:00,168.568,51.507,205.467,123.77,1313.64,385.417,99.97806916666671,203.47,86.918,151.923,229.5449999999986,284.336,96.69,153.52,188.146,168.0,189.066,190.256,107.364,42.58,249.742
2001-10-12 13:40:00,167.642,51.03,208.4,123.92,1314.56,389.523,100.02445708333322,203.618,84.9,150.39,229.5449999999986,281.269,96.039,155.82,187.102,165.274,191.854,191.33988208333315,107.31,42.812,250.464
2001-10-12 13:45:00,167.49,51.877,204.3,124.447,1316.72,388.133,99.53,206.522,86.258,150.79,229.5449999999986,279.821,95.938,154.66,189.624,168.12,190.074,192.517,106.84,42.996,248.718
2001-10-12 13:50:00,166.396,51.423,206.833,121.653,1312.9,385.033,99.56319250000007,203.434,86.114,148.99,229.5449999999986,279.661,94.352,156.64,190.224,166.084,188.84,189.262,108.47,42.372,250.278
2001-10-12 13:55:00,166.208,50.713,205.367,122.987,1317.82,389.326,99.7681616666666,204.06,87.068,150.743,229.5449999999986,280.584,95.603,157.44,189.504,167.844,191.54,190.158,106.506,42.384,248.282
2001-10-12 14:00:00,167.624,51.693,202.4,123.1,1317.84,386.583,100.532,202.708,85.672,148.613,229.5449999999986,279.624,94.835,155.18,187.916,169.48,190.536,190.484,109.08,43.356,251.01
2001-10-12 14:05:00,167.93,51.127,207.667,123.06,1319.88,387.13,99.72966708333318,202.964,87.014,149.023,229.5449999999986,280.66,94.714,156.6,190.092,168.314,192.074,190.534,107.072,41.902,248.714
2001-10-12 14:10:00,167.156,51.893,205.5,122.687,1320.58,384.527,99.7600029166666,203.786,85.822,148.987,229.5449999999986,282.517,95.941,156.02,189.694,166.23,189.378,191.916,108.096,43.086,249.134
2001-10-12 14:15:00,168.642,52.333,203.967,124.537,1316.02,386.64,100.936,203.87,84.936,151.743,229.5449999999986,282.451,95.806,155.14,191.44,165.38,188.238,189.718,107.466,42.962,251.478
2001-10-12 14:20:00,167.658,51.083,203.967,123.53,1322.1,384.747,100.03189708333335,202.98,86.226,153.71,229.5449999999986,279.356,94.453,155.24,191.22,170.118,189.346,191.292,106.462,42.372,250.146
2001-10-12 14:25:00,167.462,51.54,204.1,122.04,1315.9,387.97,99.91600291666664,205.108,85.898,152.707,229.5449999999986,283.014,97.497,156.4,188.87,168.128,189.958,195.07,107.314,42.774,250.494
2001-10-12 14:30:00,167.468,50.57,207.9,121.95,1311.02,386.854,101.263,206.13,86.184,152.23,229.5449999999986,280.16,95.403,155.48,189.022,166.488,190.624,190.537,107.91,42.338,251.136
2001-10-12 14:35:00,167.262,51.393,207.2,125.0,1311.66,383.98,100.06007291666666,203.934,86.268,151.053,229.5449999999986,281.149,95.45,154.02,191.432,166.252,190.094,191.814,106.442,42.902,252.008
2001-10-12 14:40:00,167.496,49.74,203.467,123.22,1318.8,388.82,99.8566183333333,202.734,87.162,151.737,229.5449999999986,282.824,96.578,155.28,188.358,168.316,192.196,191.12,107.57,42.454,249.678
2001-10-12 14:45:00,168.032,51.733,203.9,123.763,1312.58,384.67,100.882,200.884,85.936,152.007,229.5449999999986,280.771,95.563,154.94,189.078,166.66,190.478,194.033,107.49,42.142,249.016
2001-10-12 14:50:00,168.828,51.333,205.533,124.34,1314.62,388.37,100.22116541666665,206.398,86.352,153.357,229.5449999999986,282.111,94.467,154.54,190.518,165.766,188.968,189.416,107.9,42.396,250.338
2001-10-12 14:55:00,167.462,51.557,205.5,122.853,1317.7,386.983,100.02478958333327,206.408,85.772,150.553,229.5449999999986,282.746,95.657,155.36,190.048,167.318,191.016,191.546,107.62,42.334,249.526
2001-10-12 15:00:00,168.364,50.517,205.4,123.817,1319.42,385.17,100.318,203.218,85.308,152.237,229.5449999999986,286.116,93.228,154.98,191.11,165.74,188.15,191.212,107.076,42.86,250.318
2001-10-12 15:05:00,168.76,50.883,203.833,121.573,1316.2,385.71,100.00338250000009,203.158,84.896,153.497,229.5449999999986,281.444,95.806,154.02,189.572,167.348,188.14,192.186,107.848,42.536,250.716
2001-10-12 15:10:00,168.094,51.31,205.133,123.527,1320.28,386.727,100.19942624999996,202.946,85.93,153.26,229.5449999999986,279.508,96.38,154.02,189.118,166.448,192.13,192.426,108.468,42.444,249.952
2001-10-12 15:15:00,167.738,50.46,204.2,122.963,1316.38,385.207,99.785,201.466,86.156,152.607,229.5449999999986,280.843,94.983,153.96,190.586,166.842,189.88,190.398,106.516,42.356,250.716
2001-10-12 15:20:00,167.074,50.507,204.567,123.763,1308.76,387.133,99.79883333333336,202.366,85.598,151.457,229.5449999999986,281.478,96.495,154.24,189.72,167.562,190.764,192.442,106.99,42.754,251.094
2001-10-12 15:25:00,167.108,50.043,207.733,124.047,1316.72,388.227,100.0282,202.966,84.636,151.787,229.5449999999986,278.652,96.279,155.54,188.558,166.638,191.594,191.8,107.22,42.484,250.744
2001-10-12 15:30:00,167.378,51.7,204.633,123.487,1323.82,387.177,100.35,201.214,87.17,150.333,229.5449999999986,282.236,95.538,152.84,190.852,167.0,191.48,192.022,105.72,42.348,250.236
2001-10-12 15:35:00,167.276,51.47,208.433,122.853,1317.12,386.183,99.9723833333334,202.956,85.156,153.2,229.5449999999986,283.431,95.254,156.14,190.672,166.946,188.854,189.68,106.964,42.304,251.3
2001-10-12 15:40:00,168.438,50.283,205.0,122.86,1314.44,386.313,99.82299750000004,203.008,85.442,151.683,229.5449999999986,281.572,96.363,154.08,188.586,168.534,191.296,191.122,106.684,42.566,248.664
2001-10-12 15:45:00,165.352,51.353,207.033,124.747,1316.12,383.737,100.436,202.56,87.556,152.027,229.5449999999986,279.601,93.926,152.8,189.816,167.258,190.6,189.122,107.168,43.05,250.424
2001-10-12 15:50:00,168.334,50.537,202.4,122.85,1315.02,385.95,100.00974291666664,203.814,87.34,151.72,229.5449999999986,283.274,94.148,155.4,190.538,166.838,190.996,189.552,108.364,43.16,250.698
2001-10-12 15:55:00,168.63,51.35,205.5,122.057,1314.32,385.99,100.4525116666666,202.338,86.016,154.813,229.5449999999986,281.194,96.161,154.28,191.654,166.462,190.164,191.872,107.144,43.402,249.192
2001-10-12 16:00:00,167.682,50.077,203.133,122.59,1315.92,381.68,100.78,201.396,86.072,154.74,229.5449999999986,277.259,93.579,155.22,190.328,166.822,189.902,192.722,107.976,42.698,250.962
2001-10-12 16:05:00,168.214,51.0,202.033,123.287,1310.98,385.41,99.9576133333333,203.502,85.456,149.743,229.5449999999986,279.902,96.476,154.0,189.63,167.608,190.276,192.118,107.02,43.33,251.624
2001-10-12 16:10:00,168.864,51.653,204.4,121.963,1316.54,384.89,99.72349895833331,203.352,86.778,151.136,229.5449999999986,284.686,96.056,156.02,188.986,168.198,189.666,190.806,107.826,42.952,249.996
2001-10-12 16:15:00,168.652,49.987,209.033,122.717,1311.02,388.13,99.573,202.36,85.684,151.607,229.5449999999986,282.766,94.926,152.56,190.058,165.478,190.936,191.614,107.176,42.424,248.938
2001-10-12 16:20:00,165.93,51.897,204.967,122.637,1310.58,388.33,99.93285041666657,203.184,86.234,152.693,229.5449999999986,281.617,93.852,155.36,189.644,166.206,188.94,192.906,106.888,42.774,250.956
2001-10-12 16:25:00,167.0,50.71,205.4,122.77,1318.64,383.097,99.95796749999992,202.36,85.572,151.327,229.5449999999986,284.465,95.435,153.84,188.256,166.382,189.584,191.102,109.242,42.64,250.608
2001-10-12 16:30:00,168.554,50.693,205.167,123.35,1310.42,385.56,99.729,202.244,86.018,151.06,229.5449999999986,279.181,95.615,152.5,190.47,167.926,190.37,189.768,106.114,42.626,250.506
2001-10-12 16:35:00,166.818,51.667,205.733,123.443,1317.4,386.107,99.89895687500005,202.348,85.254,152.823,229.5449999999986,282.757,92.747,154.34,188.054,167.364,187.516,188.712,108.146,43.018,250.172
2001-10-12 16:40:00,167.636,51.173,209.1,123.77,1317.78,387.34,100.08732541666666,202.22,84.872,151.2,229.5449999999986,284.045,95.615,154.48,190.262,166.522,189.37,190.518,107.946,42.214,249.838
2001-10-12 16:45:00,166.438,52.183,205.333,123.87,1309.56,382.5,99.277,204.44,84.808,151.1,229.5449999999986,283.962,93.223,154.12,189.12,167.8,190.976,192.034,107.204,42.434,250.136
2001-10-12 16:50:00,166.536,50.863,203.967,121.78,1312.04,384.013,99.83084750000008,202.59,86.978,151.127,229.5449999999986,284.641,93.594,154.42,188.404,166.992,190.862,190.88,106.472,42.59,251.022
2001-10-12 16:55:00,166.976,51.15,202.0,122.6,1308.26,389.037,99.92622791666662,201.568,84.706,152.223,229.5449999999986,283.229,94.893,153.32,187.08,166.476,189.998,192.126,107.864,42.932,250.3
2001-10-12 17:00:00,166.6,51.017,205.4,122.433,1316.2,384.843,100.225,202.936,85.686,151.797,229.5449999999986,280.42,94.311,154.2,189.412,168.006,190.33,190.662,106.96,42.392,250.65
2001-10-12 17:05:00,167.786,50.27,203.033,124.41,1305.78,384.57,99.75326916666661,204.172,86.13,150.854,229.5449999999986,282.13,93.887,153.84,191.616,167.488,190.896,191.408,107.444,42.53,250.46
2001-10-12 17:10:00,166.122,52.023,203.4,121.58,1315.84,386.877,99.80623499999993,202.156,85.77,149.227,229.5449999999986,279.869,93.532,155.2,189.712,166.618,190.0,189.024,108.112,42.518,250.228
2001-10-12 17:15:00,167.808,50.293,206.5,123.17,1315.7,386.21,100.032,203.824,85.394,150.463,229.5449999999986,283.818,94.906,154.3,188.91,166.32,190.172,192.764,106.486,42.52,251.462
2001-10-12 17:20:00,168.366,50.89,203.233,121.817,1313.14,383.22,100.12790791666666,205.09,85.872,153.813,229.5449999999986,281.874,93.933,155.26,189.018,167.062,189.68,189.15,106.906,42.994,250.758
2001-10-12 17:25:00,168.88,50.657,205.333,125.057,1317.0,386.01,100.08015374999988,203.984,85.188,148.707,229.5449999999986,281.67,94.792,154.56,189.69,165.818,188.734,191.946,107.086,42.502,249.216
2001-10-12 17:30:00,167.184,51.7,206.4,123.117,1312.26,385.45,100.061,202.026,84.832,149.667,229.5449999999986,283.109,95.951,155.06,187.316,167.996,189.934,192.034,107.354,42.48,249.416
2001-10-12 17:35:00,165.798,50.727,203.6,124.17,1306.6,386.24,99.80186624999995,201.458,86.192,148.357,229.5449999999986,281.902,93.312,155.56,190.208,166.988,192.226,189.504,107.594,43.106,251.006
2001-10-12 17:40:00,168.122,50.057,206.233,123.423,1312.94,387.893,99.94178666666667,203.216,87.25,150.797,229.5449999999986,281.035,95.537,152.54,188.256,166.508,191.358,192.082,107.762,42.808,250.084
2001-10-12 17:45:00,164.768,50.413,204.433,122.803,1317.56,385.673,99.483,203.002,86.366,148.443,229.5449999999986,284.052,96.365,155.42,190.256,166.862,189.408,188.2,107.318,41.794,251.358
2001-10-12 17:50:00,166.26,49.76,203.0,122.323,1310.82,388.033,99.8117695833334,203.248,86.33,147.46,229.5449999999986,281.691,94.923,154.52,189.168,165.614,192.054,191.934,108.914,42.648,250.012
2001-10-12 17:55:00,168.096,50.337,204.433,123.07,1306.1,388.67,99.72268458333329,204.216,85.12,148.48,229.5449999999986,282.97,93.878,154.34,187.512,166.788,191.248,190.09,107.002,42.32,249.356
2001-10-12 18:00:00,166.0,51.2,204.767,124.6,1311.76,384.193,100.679,201.616,84.98,149.363,229.5449999999986,282.004,93.858,154.5,188.772,168.332,191.2,190.59,107.586,42.504,251.298
2001-10-12 18:05:00,167.756,51.017,203.633,122.983,1308.62,383.94,99.69334833333336,204.16,87.094,150.053,229.5449999999986,280.861,95.892,154.42,187.546,167.546,191.764,189.59,106.502,42.438,250.24
2001-10-12 18:10:00,167.934,50.163,205.2,123.303,1305.96,390.487,99.50982458333334,203.704,85.582,150.293,229.5449999999986,280.849,93.983,156.02,189.29,167.146,190.222,191.667,107.75,42.152,249.772
2001-10-12 18:15:00,165.6,50.76,205.767,123.597,1313.32,382.62,99.856,203.216,85.014,147.186,229.5449999999986,284.158,96.617,153.58,188.434,166.66,190.632,191.46790375,107.42,42.492,253.152
2001-10-12 18:20:00,167.346,50.823,204.9,123.24,1308.86,383.36,99.6707783333332,201.56,85.536,148.66,229.5449999999986,280.504,94.872,155.42,189.946,164.206,190.776,190.268,107.026,42.812,249.248
2001-10-12 18:25:00,166.454,50.037,203.167,123.297,1311.5,386.007,99.76094208333325,203.4,85.716,149.777,229.5449999999986,281.337,94.221,153.42,190.364,166.98,191.138,193.055,107.442,42.704,250.314
2001-10-12 18:30:00,166.206,50.603,206.267,120.5,1308.08,382.54,100.102,204.042,84.21,149.507,229.5449999999986,280.851,94.267,152.66,189.988,168.416,189.836,191.13508791666666,108.26,42.13,252.14
2001-10-12 18:35:00,165.634,49.807,206.367,121.523,1310.36,384.857,99.80006208333333,203.544,85.894,152.333,229.5449999999986,281.374,94.348,153.8,188.776,167.06,190.49,193.344,107.038,42.916,248.876
2001-10-12 18:40:00,167.636,50.69,207.733,122.45,1314.38,385.203,99.51798874999992,204.79,86.064,149.53,229.5449999999986,281.934,92.991,154.2,188.87,168.948,193.16,189.192,107.364,42.768,248.434
2001-10-12 18:45:00,165.69,51.067,203.3,121.88,1316.2,383.96,99.395,203.808,85.728,150.11,229.5449999999986,281.337,92.511,154.68,189.972,167.344,191.4,192.066,107.696,43.024,249.212
2001-10-12 18:50:00,164.304,51.58,207.133,122.92,1301.82,385.54,99.66719083333327,202.394,86.012,151.533,229.5449999999986,283.764,93.222,155.9,190.456,166.784,192.776,190.906,106.824,42.724,250.446
2001-10-12 18:55:00,166.628,51.087,203.667,123.12,1310.8,382.534,99.68852999999997,202.234,84.812,149.127,229.5449999999986,281.535,93.828,154.06,187.898,168.338,190.202,190.664,107.656,42.836,249.492
2001-10-12 19:00:00,166.172,51.483,204.833,122.553,1317.56,382.557,99.784,204.69,86.606,149.047,229.5449999999986,279.033,95.861,152.98,189.23,166.988,192.134,189.504,107.836,42.756,250.742
2001-10-12 19:05:00,165.812,50.88,207.867,123.643,1309.26,385.694,99.74207041666666,203.786,85.824,151.193,229.5449999999986,279.919,93.87,155.08,190.248,167.262,192.404,191.614,106.308,43.25,247.62
2001-10-12 19:10:00,167.51,51.87,205.367,123.567,1314.6,383.97,99.91179333333326,203.072,85.78,151.11,229.5449999999986,281.871,93.938,155.34,189.026,167.4,191.426,191.84,105.896,42.098,250.942
2001-10-12 19:15:00,167.344,49.993,205.533,122.637,1307.2,387.157,98.158,205.414,85.654,149.637,229.5449999999986,281.175,92.221,153.32,190.134,167.498,191.34,191.318,107.464,42.552,249.89
2001-10-12 19:20:00,166.308,51.02,204.633,121.083,1312.0,385.267,99.69732916666668,203.06,86.148,151.08,232.641,281.174,93.629,155.94,190.25,167.276,194.536,191.746,106.336,42.856,251.21
2001-10-12 19:25:00,166.402,51.483,204.867,123.343,1310.74,388.79,99.85521958333324,201.852,85.906,150.0,229.5449999999986,286.046,94.1,154.38,191.36,168.838,193.53,192.182,107.324,42.754,247.888
2001-10-12 19:30:00,166.888,51.427,202.833,122.917,1309.32,382.6,99.252,203.532,86.434,149.033,229.5449999999986,279.741,93.835,153.9,188.376,167.262,192.652,189.596,107.218,42.742,249.88
2001-10-12 19:35:00,167.56,50.87,204.233,123.943,1306.48,386.703,99.6916658333334,202.468,87.116,150.52,229.5449999999986,282.71,93.423,153.52,190.318,167.254,190.744,189.796,107.01,42.668,251.066
2001-10-12 19:40:00,168.384,50.763,206.767,123.447,1313.64,385.67,99.60404916666664,201.844,86.67,151.267,229.5449999999986,282.474,92.805,155.34,190.74,168.36,191.154,192.18,106.306,42.756,249.93
2001-10-12 19:45:00,168.41,50.563,204.433,120.487,1307.1,383.267,99.821,200.508,86.792,149.753,229.5449999999986,282.318,93.238,154.22,189.618,167.79,190.824,189.66,107.708,42.296,250.418
2001-10-12 19:50:00,168.746,51.377,205.8,122.35,1309.74,386.337,99.96091208333331,204.536,84.928,149.5,229.5449999999986,281.906,94.518,154.52,190.374,167.254,191.344,190.416,107.112,43.206,251.306
2001-10-12 19:55:00,167.34,50.647,205.7,122.6,1314.6,385.753,99.73218249999996,202.812,87.51,149.107,229.5449999999986,281.855,94.408,154.3,190.032,167.372,192.468,191.594,107.486,42.63,249.334
2001-10-12 20:00:00,166.776,51.127,207.0,122.623,1306.5,385.77,100.156,203.898,85.452,148.627,229.5449999999986,284.103,96.518,153.42,190.22,166.714,192.156,190.49,107.796,43.384,249.938
2001-10-12 20:05:00,165.384,51.037,205.133,121.92,1311.58,382.643,99.9338879166667,202.218,86.146,152.677,229.5449999999986,281.649,93.061,154.06,190.388,168.242,195.202,190.438,108.818,42.26,249.35
2001-10-12 20:10:00,167.786,50.483,205.333,123.253,1314.76,387.697,99.84035000000002,202.724,86.462,151.083,229.5449999999986,282.565,94.853,153.12,186.436,168.356,190.298,190.946,106.438,43.042,249.342
2001-10-12 20:15:00,166.512,51.507,205.067,124.003,1309.08,387.376,99.993,205.282,86.166,151.443,229.5449999999986,282.731,93.29,153.98,189.23,169.192,194.224,190.89,108.686,43.382,249.246
2001-10-12 20:20:00,167.612,50.6,205.033,122.727,1314.44,385.35,99.69455166666663,202.544,85.86,150.303,229.5449999999986,279.605,93.413,156.38,187.916,165.384,194.406,189.162,107.446,42.124,250.894
2001-10-12 20:25:00,167.172,50.807,205.9,123.577,1317.46,388.097,100.02826499999999,202.826,86.072,146.377,229.5449999999986,280.971,94.104,153.86,189.456,165.802,194.158,190.698,106.168,42.218,250.14
2001-10-12 20:30:00,166.564,51.083,206.567,122.303,1311.0,385.257,100.333,204.55,86.654,150.383,229.5449999999986,282.244,93.751,153.46,189.218,166.202,193.072,191.462,107.208,43.238,249.65
2001-10-12 20:35:00,168.02,51.19,208.3,122.51,1307.06,384.7,99.88248708333323,204.056,85.408,150.417,229.5449999999986,282.256,94.749,154.04,188.194,165.42,194.34,190.426,107.09,42.734,249.796
2001-10-12 20:40:00,168.78,51.203,205.667,122.893,1310.06,387.537,99.9247529166666,203.038,85.666,151.93,229.5449999999986,283.45,95.093,154.86,189.592,167.066,193.376,190.848,107.7,42.902,249.418
2001-10-12 20:45:00,168.014,51.63,208.2,120.613,1308.24,384.187,99.57,203.168,87.068,149.77,229.5449999999986,283.273,95.374,154.78,189.876,167.67,193.228,192.472,107.384,42.962,248.064
2001-10-12 20:50:00,168.068,51.22,207.0,123.517,1309.68,385.157,99.99623541666666,203.204,86.7,149.113,229.5449999999986,281.978,94.391,154.12,189.024,168.254,193.49,190.456,108.006,42.52,251.746
2001-10-12 20:55:00,164.834,50.127,207.033,120.93,1309.5,383.827,99.54550916666658,201.304,86.704,150.433,229.5449999999986,281.465,93.9,152.92,189.072,168.564,193.708,191.334,106.926,42.73,249.252
2001-10-12 21:00:00,167.276,51.15,207.8,123.793,1311.86,384.633,100.634,204.01,85.254,149.48,229.5449999999986,281.115,94.782,153.78,189.582,167.682,195.038,192.026,107.71,42.814,250.34
2001-10-12 21:05:00,166.386,50.173,206.633,121.943,1300.26,386.43,99.46693083333338,204.23,85.76,149.047,229.5449999999986,283.546,93.372,153.62,189.128,168.546,194.532,190.876,107.166,42.776,249.67
2001-10-12 21:10:00,166.894,50.64,204.767,121.143,1310.6,384.703,99.34492166666674,202.488,86.028,149.59,229.5449999999986,284.015,92.404,153.18,188.442,167.68,191.882,190.542,107.952,42.436,250.378
2001-10-12 21:15:00,166.614,51.57,204.533,122.53,1308.98,383.007,100.532,201.622,86.764,151.38,229.5449999999986,280.89,94.241,153.12,187.356,166.674,194.434,190.524,107.334,43.082,252.17
2001-10-12 21:20:00,165.764,50.35,206.967,121.6,1312.52,386.203,99.80687666666668,204.006,88.05,150.05,229.5449999999986,282.488,94.37,153.64,189.176,166.654,193.26,192.224,107.336,42.802,249.958
2001-10-12 21:25:00,167.546,50.723,208.567,123.75,1310.52,385.973,99.66553,203.272,86.8,150.21,229.5449999999986,283.848,92.865,151.54,190.994,169.1,192.148,192.55,108.878,42.918,251.808
2001-10-12 21:30:00,166.408,50.423,208.767,122.593,1312.22,384.78,99.03,203.0,85.946,150.133,229.5449999999986,280.999,94.984,155.24,189.032,168.536,194.956,191.16,107.142,42.888,249.766
2001-10-12 21:35:00,165.18,51.873,206.2,122.47,1300.92,383.737,99.63386333333325,202.104,86.582,147.8,229.5449999999986,281.646,94.807,154.44,191.344,168.784,194.674,190.212,107.252,43.282,249.106
2001-10-12 21:40:00,167.17,51.327,206.8,123.327,1312.32,386.367,99.89901708333335,201.51,85.856,150.117,229.5449999999986,279.386,93.827,150.92,188.316,165.354,193.104,191.284,107.932,43.048,247.786
2001-10-12 21:45:00,164.156,51.047,205.733,123.7,1306.24,387.693,99.204,202.228,86.952,151.763,229.5449999999986,279.141,93.22,152.48,189.926,167.194,194.514,187.72,107.132,42.848,248.654
2001-10-12 21:50:00,166.85,50.637,208.833,122.647,1314.98,385.503,99.73457416666666,202.116,86.126,150.23,229.5449999999986,281.268,94.374,154.08,189.61,166.948,194.268,192.813,107.444,42.724,251.292
2001-10-12 21:55:00,167.064,49.287,205.6,122.57,1307.72,384.883,99.52243,202.754,86.53,150.1,229.5449999999986,279.08,94.602,154.88,189.328,166.948,193.226,192.124,106.088,42.796,250.908
2001-10-12 22:00:00,164.756,50.39,206.9,123.653,1321.38,387.613,99.465,201.548,87.02,149.023,229.5449999999986,278.118,94.128,154.74,188.942,168.99,195.922,193.804,107.592,43.248,251.19
2001-10-12 22:05:00,166.004,49.547,205.6,121.54,1314.88,387.41,99.93382250000008,203.368,86.404,151.577,229.5449999999986,282.023,94.979,154.22,189.564,166.42,193.946,190.61,108.72,42.922,248.034
2001-10-12 22:10:00,167.002,50.177,206.7,123.507,1307.12,389.64,99.61296166666672,202.164,87.466,152.177,229.5449999999986,282.045,93.406,152.78,188.508,167.45,192.092,191.542,108.22,42.35,251.622
2001-10-12 22:15:00,166.968,51.157,204.333,122.48,1313.7,387.033,98.572,202.584,87.042,147.65,229.5449999999986,279.292,91.989,153.08,189.512,167.52,192.302,194.186,107.248,42.93,249.79
2001-10-12 22:20:00,165.706,51.423,209.133,123.53,1316.28,387.29,99.64522083333321,204.388,86.582,148.853,229.5449999999986,280.857,95.474,151.98,189.978,168.454,190.334,194.914,106.346,42.924,251.946
2001-10-12 22:25:00,166.038,50.623,208.967,122.293,1310.66,387.15,99.67800874999992,201.916,87.42,150.127,229.5449999999986,281.593,94.758,152.8,189.334,167.582,194.298,193.124,107.518,42.652,250.102
2001-10-12 22:30:00,169.562,50.787,206.7,124.42,1313.52,386.703,100.609,203.646,88.118,147.19,229.5449999999986,278.455,94.01,153.64,189.372,166.562,193.428,191.146,107.294,42.326,249.608
2001-10-12 22:35:00,168.008,50.81,208.567,123.383,1314.2,384.313,99.59609833333342,203.222,86.42,149.417,229.5449999999986,279.548,94.223,150.74,188.366,167.904,194.602,194.464,107.902,43.058,250.406
2001-10-12 22:40:00,168.87,50.84,208.333,123.13,1315.26,386.173,99.50174000000004,201.118,85.306,150.273,229.5449999999986,281.053,92.453,152.94,189.812,166.836,191.872,192.102,107.574,42.412,251.58
2001-10-12 22:45:00,167.31,49.63,207.133,122.91,1320.74,386.107,99.205,201.056,86.99,149.877,229.5449999999986,282.057,94.119,153.84,189.16,166.172,195.162,193.996,108.138,41.912,251.326
2001-10-12 22:50:00,168.054,51.633,205.4,121.437,1316.76,386.957,99.86619749999994,202.752,87.83,150.943,229.5449999999986,282.539,95.654,154.64,188.446,165.832,193.22,194.872,107.174,43.058,249.45
2001-10-12 22:55:00,167.746,50.943,207.233,122.033,1307.36,386.643,99.62924375000003,203.32,87.746,151.0,229.5449999999986,281.771,93.637,153.5,190.778,168.556,195.02,193.098,107.206,42.988,247.924
