ESOI    ATHN    MXCO    ROME    AATB    LMKS    DRBS    MOSC    NEWK    KIEL    KERG    CALG    OULU    APTY    FSMT    INVK    NAIN    PWNK    THUL    SOPB    SOPO
2001-10-11 12:00:00;169.746; 52.153;211.167;126.847;1369.300;410.260;103.885;215.536; 88.504;157.483;   null;295.667;101.496;165.020;198.260;174.356;199.918;198.472;111.960; 46.112;267.722
2001-10-11 12:05:00;172.878; 52.557;212.967;128.070;1374.820;407.390;   null;215.722; 92.864;157.300;   null;295.327; 97.216;162.560;199.322;173.736;199.770;201.220;111.700; 46.228;270.268
2001-10-11 12:10:00;171.624; 53.717;211.967;125.723;1372.560;409.980;   null;213.363; 89.924;158.867;   null;295.974; 99.575;163.000;199.826;176.580;199.112;   null;111.526; 46.376;270.282
2001-10-11 12:15:00;171.492; 52.687;213.733;125.617;1377.500;407.000;104.462;214.004; 90.920;159.417;   null;296.712; 99.490;162.500;197.908;174.208;201.876;   null;112.064; 46.128;269.752
2001-10-11 12:20:00;172.764; 52.547;213.933;128.213;1374.820;406.397;   null;210.946; 90.740;156.133;   null;297.912; 99.613;160.360;199.048;176.930;198.122;197.832;111.792; 46.500;267.690
2001-10-11 12:25:00;173.642; 52.707;213.300;126.723;1374.300;408.750;   null;213.220; 89.706;159.290;   null;296.624;100.134;162.140;197.476;177.896;196.128;196.554;113.492; 46.668;269.740
2001-10-11 12:30:00;170.928; 53.730;212.733;127.940;1378.360;407.560;104.332;217.162; 90.754;157.787;   null;298.785;100.269;161.700;197.410;175.206;198.932;197.040;113.016; 46.650;270.284
2001-10-11 12:35:00;172.182; 52.527;213.967;128.257;1372.480;408.780;   null;214.378; 92.266;158.847;   null;296.348; 99.156;161.340;199.536;176.082;199.666;198.082;110.790; 46.498;270.824
2001-10-11 12:40:00;173.264; 52.583;213.733;127.887;1382.960;406.657;   null;213.424; 90.132;159.020;   null;298.571;100.021;162.140;199.236;175.324;200.162;197.380;112.974; 46.618;268.442
2001-10-11 12:45:00;171.396; 52.743;213.567;128.200;1381.160;411.073;104.121;215.122; 90.914;158.173;   null;298.201; 99.643;162.260;200.224;173.408;198.326;196.834;111.766; 46.330;268.360
2001-10-11 12:50:00;172.222; 51.907;214.133;128.190;1373.900;412.983;   null;213.480; 90.730;158.017;   null;295.916;100.437;163.660;198.996;176.258;198.660;199.042;111.812; 46.874;269.442
2001-10-11 12:55:00;170.480; 52.350;213.733;127.763;1368.440;408.357;   null;214.516; 89.820;159.313;   null;296.317; 99.065;163.320;197.816;175.338;199.810;198.114;112.806; 47.146;267.690
2001-10-11 13:00:00;173.104; 54.373;213.900;128.187;1384.020;409.386;104.833;215.358; 91.014;158.670;   null;297.770;101.248;162.620;200.158;176.910;200.028;199.676;112.336; 46.524;270.730
2001-10-11 13:05:00;173.892; 53.370;212.833;126.507;1378.680;411.107;   null;214.738; 90.804;157.460;   null;296.936;100.598;163.140;199.354;176.264;198.840;197.797;112.650; 46.218;267.402
2001-10-11 13:10:00;171.644; 52.437;215.833;129.077;1379.120;411.727;   null;214.434; 90.762;156.970;   null;297.245; 98.571;164.020;197.096;176.162;199.950;197.780;112.072; 46.816;270.106
2001-10-11 13:15:00;173.824; 52.750;215.533;126.597;1374.260;409.050;103.069;213.502; 89.330;158.650;   null;297.245; 99.722;161.160;198.516;176.944;199.138;199.744;113.658; 46.374;269.934
2001-10-11 13:20:00;174.744; 51.553;212.233;127.770;1375.740;415.353;   null;216.926; 89.834;156.080;   null;295.821; 97.341;161.900;199.704;174.000;201.954;196.982;113.652; 45.448;269.298
2001-10-11 13:25:00;173.814; 52.570;214.767;127.793;1379.760;411.400;   null;215.338; 91.036;159.700;   null;295.728; 99.254;162.880;198.828;176.876;201.070;197.296;112.992; 46.120;269.752
2001-10-11 13:30:00;172.410; 53.357;214.167;127.947;1378.460;410.197;104.448;215.808; 92.004;158.087;   null;295.354;101.472;163.280;197.724;175.176;200.336;197.658;112.284; 46.308;268.508
2001-10-11 13:35:00;174.916; 52.570;211.500;128.377;1381.300;405.873;   null;217.822; 90.704;159.710;   null;293.000; 96.201;161.040;199.264;174.296;200.408;200.428;111.752; 45.982;270.760
2001-10-11 13:40:00;172.654; 52.270;213.367;129.180;1383.420;410.957;   null;215.254; 89.178;157.590;   null;297.524; 99.328;164.820;198.142;175.862;201.008;198.446;112.278; 45.860;269.482
2001-10-11 13:45:00;173.846; 53.437;213.100;127.380;1374.340;406.150;103.795;215.890; 91.922;157.253;   null;295.352;100.867;164.060;199.734;174.104;200.666;197.526;112.194; 46.682;269.690
2001-10-11 13:50:00;172.030; 53.037;210.067;127.903;1370.100;408.223;   null;211.634; 91.484;158.157;   null;298.209; 99.399;161.260;197.614;175.002;203.300;199.470;112.470; 46.706;270.068
2001-10-11 13:55:00;175.244; 52.780;214.167;127.487;1375.220;409.030;   null;215.624; 89.476;159.473;   null;294.791; 99.675;164.180;198.408;174.916;202.128;200.154;114.214; 46.440;272.408
2001-10-11 14:00:00;174.814; 53.380;212.900;128.823;1377.240;408.634;103.738;212.480; 89.946;157.407;   null;297.432;100.804;163.400;198.304;175.378;199.808;199.262;114.630; 45.918;270.582
2001-10-11 14:05:00;172.316; 53.080;212.900;126.543;1380.080;408.100;   null;215.190; 89.534;158.953;   null;295.813; 99.744;163.640;196.154;176.568;199.806;198.464;113.040; 46.532;269.492
2001-10-11 14:10:00;172.294; 52.260;214.033;127.080;1385.460;409.727;   null;215.934; 91.164;158.033;   null;296.653; 99.566;161.720;195.590;177.058;200.098;199.654;113.386; 46.564;269.598
2001-10-11 14:15:00;173.390; 53.217;214.833;128.710;1377.260;409.287;105.201;216.652; 91.588;157.233;   null;297.118;100.091;163.120;196.064;175.642;200.198;198.938;114.050; 46.278;269.284
2001-10-11 14:20:00;172.796; 53.273;212.200;127.447;1379.740;409.983;   null;216.976; 90.110;158.090;   null;291.817; 99.612;163.520;195.904;176.554;200.464;199.644;112.590; 45.604;271.144
2001-10-11 14:25:00;173.254; 52.953;211.767;126.703;1372.940;408.824;   null;216.136; 90.988;158.030;   null;297.366; 99.778;164.480;196.464;176.946;200.704;200.910;112.792; 45.896;269.364
2001-10-11 14:30:00;172.442; 51.567;216.000;127.077;1383.380;407.987;105.082;213.602; 90.936;158.673;   null;296.050; 99.110;163.600;197.208;175.600;198.568;199.366;113.036; 46.598;268.420
2001-10-11 14:35:00;172.546; 53.090;215.200;126.987;1380.500;407.213;   null;214.082; 89.440;159.160;   null;295.858; 99.423;160.440;196.754;175.020;201.604;199.384;112.980; 46.582;269.860
2001-10-11 14:40:00;174.946; 51.697;211.133;128.763;1378.860;408.600;   null;213.194; 91.686;157.043;   null;295.543; 99.692;161.580;198.022;175.160;200.668;200.614;111.460; 46.370;267.992
2001-10-11 14:45:00;173.448; 53.560;212.367;126.970;1383.460;407.133;103.843;213.076; 91.412;158.493;   null;294.452;100.230;162.260;198.178;174.782;199.560;200.132;112.524; 45.776;269.430
2001-10-11 14:50:00;172.236; 52.480;213.100;127.417;1374.160;410.577;   null;214.918; 90.674;158.600;   null;296.951; 98.239;163.260;196.900;174.474;200.564;200.252;111.580; 46.592;269.442
2001-10-11 14:55:00;171.706; 51.577;211.733;126.427;1373.620;410.720;   null;214.552; 91.132;158.757;   null;296.043; 99.432;161.480;199.146;173.132;200.416;199.738;113.274; 46.942;269.998
2001-10-11 15:00:00;172.678; 53.873;215.100;127.900;1370.920;410.253;104.679;214.150; 90.518;156.800;   null;294.838;100.729;161.000;197.522;172.790;200.476;201.904;112.622; 45.510;271.092
2001-10-11 15:05:00;174.288; 52.923;215.067;127.450;1371.540;406.227;   null;213.928; 90.776;158.027;   null;296.470; 99.033;162.200;195.270;172.358;202.786;200.340;112.544; 46.444;268.234
2001-10-11 15:10:00;174.132; 53.353;212.867;126.430;1382.520;410.850;   null;213.932; 90.488;158.293;   null;293.960; 98.419;162.400;197.428;173.178;200.670;203.286;112.926; 46.152;268.806
2001-10-11 15:15:00;171.722; 53.190;212.967;126.183;1382.680;407.510;104.712;215.756; 91.540;157.413;   null;296.438; 98.624;160.940;197.142;173.232;199.236;200.024;112.928; 46.422;270.234
2001-10-11 15:20:00;175.524; 53.163;214.400;127.050;1377.120;410.200;   null;215.624; 91.462;159.057;   null;296.719; 99.723;161.780;194.620;173.678;202.124;201.450;112.596; 45.874;269.088
2001-10-11 15:25:00;172.682; 52.463;216.233;128.613;1373.740;408.753;   null;213.576; 90.444;156.293;   null;296.813; 98.756;160.600;196.188;173.066;201.480;200.436;112.360; 46.982;270.742
2001-10-11 15:30:00;171.708; 53.423;213.500;127.127;1378.460;406.117;104.274;211.826; 90.904;156.660;   null;297.563; 98.250;163.000;195.734;173.468;201.328;202.402;112.688; 46.082;270.710
2001-10-11 15:35:00;172.028; 53.763;215.267;127.033;1383.740;406.563;   null;215.798; 90.734;156.897;   null;299.857;101.205;161.120;196.118;170.846;199.400;200.412;111.630; 46.466;271.184
2001-10-11 15:40:00;172.246; 53.957;215.667;127.223;1376.120;409.367;   null;213.834; 90.694;158.070;   null;296.114; 99.323;162.560;195.980;172.742;199.608;202.946;113.412; 47.188;268.200
2001-10-11 15:45:00;171.374; 53.037;215.967;126.550;1370.440;410.437;104.215;215.312; 90.510;158.810;229.505;300.012; 98.892;162.140;196.680;174.016;201.096;200.836;111.700; 46.194;270.046
2001-10-11 15:50:00;175.084; 52.230;213.300;127.913;1375.560;408.830;   null;213.960; 89.722;157.967;   null;298.090; 99.441;162.960;199.716;172.786;201.796;199.012;112.250; 46.432;267.708
2001-10-11 15:55:00;172.198; 53.757;212.100;129.670;1376.660;408.893;   null;213.320; 91.150;159.143;   null;297.961; 99.623;162.300;195.746;171.520;201.348;200.646;113.154; 46.638;270.892
2001-10-11 16:00:00;172.868; 53.700;213.033;127.560;1373.600;407.630;104.159;214.244; 91.010;158.303;   null;298.245; 99.283;161.840;195.746;173.958;199.592;199.700;113.034; 46.700;269.654
2001-10-11 16:05:00;171.278; 52.897;212.533;126.747;1379.280;408.213;   null;214.140; 90.968;160.573;   null;300.953; 98.336;162.520;193.960;168.684;201.182;198.892;113.540; 45.874;272.716
2001-10-11 16:10:00;172.858; 53.270;215.600;128.243;1377.960;406.180;   null;213.080; 90.762;159.890;   null;296.407; 98.969;161.420;196.722;172.160;199.370;200.664;111.528; 46.432;269.294
2001-10-11 16:15:00;172.228; 53.513;213.600;128.697;1377.240;405.810;103.982;214.146; 90.764;157.520;   null;300.982; 99.671;161.280;194.610;172.706;199.686;199.732;111.336; 46.490;273.478
2001-10-11 16:20:00;172.540; 52.173;215.467;128.390;1372.640;409.793;   null;214.218; 91.686;159.210;   null;298.702; 99.748;162.720;195.236;172.152;200.130;199.242;111.042; 46.518;270.794
2001-10-11 16:25:00;172.904; 52.463;213.967;127.570;1372.460;410.047;   null;216.858; 92.550;158.363;   null;296.609; 98.944;162.200;195.206;170.934;200.968;200.028;111.570; 47.312;270.620
2001-10-11 16:30:00;173.556; 53.463;215.067;127.610;1363.520;408.323;103.880;214.364; 91.326;158.680;   null;298.786; 98.113;163.000;197.754;172.216;200.716;199.782;113.092; 46.640;270.584
2001-10-11 16:35:00;172.518; 54.030;212.000;128.647;1371.660;409.117;   null;217.218; 92.336;158.613;   null;300.058; 99.552;160.220;197.226;172.158;199.970;200.750;112.164; 46.822;270.862
2001-10-11 16:40:00;171.838; 53.410;212.833;129.037;1370.680;408.333;   null;215.124; 89.688;162.120;   null;296.060; 98.683;160.140;195.438;168.880;199.418;202.610;111.960; 46.214;273.618
2001-10-11 16:45:00;171.630; 52.697;213.567;128.767;1362.160;409.277;104.625;214.740; 91.418;159.817;   null;295.096; 99.042;162.920;197.136;173.070;199.426;199.076;111.664; 46.024;269.814
2001-10-11 16:50:00;172.028; 52.297;213.367;127.647;1361.020;407.710;   null;218.164; 89.574;157.770;   null;297.732; 99.164;162.280;195.960;170.612;199.682;199.230;112.020; 46.498;270.598
2001-10-11 16:55:00;171.134; 53.547;213.333;128.617;1372.520;406.637;   null;217.050; 90.508;158.827;   null;298.579;100.221;161.140;196.430;171.320;201.338;200.408;111.120; 46.814;270.506
2001-10-11 17:00:00;170.414; 52.243;215.933;126.013;1360.360;405.583;104.242;214.792; 91.246;159.480;   null;296.100;101.383;162.200;197.154;173.480;199.644;198.984;111.482; 46.572;271.722
2001-10-11 17:05:00;169.122; 51.930;216.167;128.543;1357.940;406.880;   null;215.700; 89.796;157.483;   null;295.425; 99.415;161.700;195.468;170.856;199.338;198.130;111.066; 45.524;273.066
2001-10-11 17:10:00;171.782; 52.063;212.833;126.183;1349.860;406.150;   null;211.924; 88.114;158.390;   null;293.730; 98.707;161.180;194.998;171.876;201.242;200.380;111.242; 46.902;270.826
2001-10-11 17:15:00;170.480; 53.643;212.267;127.430;1356.460;403.823;103.959;209.990; 90.926;156.923;   null;294.025; 99.002;161.120;195.164;173.296;199.774;198.950;110.164; 46.226;270.912
2001-10-11 17:20:00;170.318; 52.463;213.400;126.437;1352.360;401.760;   null;216.610; 90.010;154.280;   null;292.447; 99.166;161.760;196.326;172.334;201.468;200.500;111.478; 45.676;267.326
2001-10-11 17:25:00;172.116; 52.093;214.000;127.507;1359.620;403.856;   null;215.334; 90.392;155.250;   null;293.275; 99.894;161.940;195.150;170.242;200.826;200.492;112.000; 46.292;269.834
2001-10-11 17:30:00;171.770; 53.303;214.933;124.440;1357.700;403.633;104.102;212.268; 91.824;157.530;   null;295.888;100.284;160.620;196.198;171.906;199.398;201.198;111.618; 46.416;269.466
2001-10-11 17:35:00;171.492; 52.537;214.567;126.570;1355.300;403.513;   null;214.004; 89.634;158.777;   null;294.565; 98.316;161.260;195.118;172.384;198.920;200.514;112.174; 45.628;269.636
2001-10-11 17:40:00;171.824; 52.860;215.800;125.807;1366.020;402.703;   null;213.706; 89.706;156.067;   null;298.362; 98.067;161.800;195.004;172.436;198.714;199.122;111.104; 46.406;267.916
2001-10-11 17:45:00;170.888; 53.100;214.133;126.710;1360.220;404.167;103.418;214.086; 92.044;155.966;   null;296.799; 98.257;161.740;196.954;172.252;200.826;199.656;110.932; 46.578;269.940
2001-10-11 17:50:00;171.826; 52.253;214.833;126.983;1365.740;407.497;   null;213.114; 90.668;156.663;   null;296.320; 98.125;159.560;196.748;172.516;199.820;202.810;112.490; 46.170;271.642
2001-10-11 17:55:00;172.264; 52.920;215.900;127.347;1364.100;407.217;   null;213.662; 90.866;157.920;   null;297.463; 96.574;160.700;199.468;172.614;201.394;200.450;111.856; 46.098;268.936
2001-10-11 18:00:00;171.468; 52.920;212.400;126.170;1360.620;407.387;103.710;214.106; 91.164;159.040;   null;296.888; 98.651;161.980;197.050;171.262;201.502;201.248;112.526; 45.738;268.522
2001-10-11 18:05:00;172.436; 52.810;214.767;127.863;1364.640;409.903;   null;215.158; 90.194;157.420;   null;301.742; 99.506;161.320;197.176;172.658;199.990;203.193;112.662; 45.476;267.244
2001-10-11 18:10:00;171.268; 52.397;217.300;127.060;1367.680;405.133;   null;212.862; 91.790;157.047;   null;298.293; 98.089;161.180;196.486;174.076;200.452;208.430;112.522; 46.434;266.404
2001-10-11 18:15:00;169.538; 53.330;217.933;127.140;1366.720;405.230;103.415;211.888; 90.840;157.817;   null;304.965; 98.415;161.560;200.392;172.260;200.398;201.410;113.234; 46.094;270.220
2001-10-11 18:20:00;173.556; 53.047;215.767;128.317;1364.840;407.553;   null;215.494; 91.336;155.833;   null;301.699; 98.839;161.660;197.588;176.012;200.982;201.466;114.148; 45.500;267.416
2001-10-11 18:25:00;171.646; 52.670;215.967;126.343;1359.980;408.317;   null;215.494; 91.342;157.230;   null;299.203; 97.890;161.720;198.834;176.358;201.928;202.204;112.206; 45.832;268.438
2001-10-11 18:30:00;169.672; 52.377;213.067;128.537;1350.940;408.913;104.255;214.076; 89.736;155.893;   null;299.299; 99.666;160.400;200.604;173.698;199.214;202.072;113.218; 45.600;264.992
2001-10-11 18:35:00;172.916; 53.023;215.733;126.600;1349.800;405.777;   null;215.206; 90.234;161.517;   null;301.636; 99.064;161.220;199.072;175.160;199.794;202.960;112.928; 45.632;266.430
2001-10-11 18:40:00;170.920; 52.593;214.933;126.130;1334.900;406.333;   null;214.432; 90.078;158.257;   null;301.219; 99.920;157.740;199.300;177.020;200.572;203.746;113.590; 45.838;264.692
2001-10-11 18:45:00;170.872; 52.453;215.267;128.383;1338.340;406.457;104.586;213.734; 92.182;156.470;   null;301.693; 97.159;162.440;201.976;177.528;199.974;200.798;111.372; 44.870;264.308
2001-10-11 18:50:00;169.442; 51.477;213.667;127.290;1337.040;404.560;   null;214.150; 91.150;156.973;   null;301.920; 98.040;162.040;201.118;175.936;200.742;203.006;112.228; 46.174;264.882
2001-10-11 18:55:00;170.260; 52.010;213.300;127.490;1328.700;405.163;   null;212.246; 90.494;155.920;   null;299.865; 99.905;162.360;201.664;175.628;199.124;202.532;113.650; 46.212;266.284
2001-10-11 19:00:00;170.260; 51.750;213.567;127.013;1333.700;409.020;104.462;212.664; 90.842;157.007;   null;298.302; 98.800;162.380;200.178;176.574;202.340;199.814;113.642; 45.782;265.446
2001-10-11 19:05:00;169.502; 50.527;214.567;124.447;1338.140;400.877;   null;210.976; 90.358;157.797;   null;299.165;101.001;161.100;198.742;178.602;201.114;201.302;113.784; 45.790;266.818
2001-10-11 19:10:00;170.852; 50.873;213.433;125.897;1325.060;401.107;   null;210.910; 91.258;158.200;   null;299.037; 99.729;162.580;202.186;176.122;202.548;202.790;113.380; 45.934;266.386
2001-10-11 19:15:00;173.060; 51.783;212.867;123.633;1331.040;401.360;103.631;211.252; 91.230;155.787;   null;298.802; 99.125;161.120;200.562;176.384;199.776;200.172;112.332; 45.156;266.174
2001-10-11 19:20:00;170.414; 54.253;211.900;126.510;1335.940;402.900;   null;212.712; 89.884;155.373;   null;300.496; 99.546;161.200;199.710;175.092;198.708;204.904;113.164; 45.408;265.510
2001-10-11 19:25:00;169.960; 51.323;212.867;124.657;1333.300;395.533;   null;213.124; 90.628;156.633;226.489;298.955; 98.337;161.440;200.776;174.544;201.532;200.928;112.806; 45.246;264.802
2001-10-11 19:30:00;170.864; 51.713;215.233;124.380;1334.200;402.010;102.989;214.834; 90.416;154.933;   null;300.308; 98.533;160.140;199.548;176.724;198.286;202.006;113.414; 46.024;264.256
2001-10-11 19:35:00;172.628; 52.057;215.567;126.580;1329.220;398.870;   null;211.976; 92.116;153.987;   null;301.031; 98.522;159.280;199.180;176.870;199.508;202.324;113.148; 45.372;265.948
2001-10-11 19:40:00;171.428; 51.423;217.600;126.577;1329.480;401.200;   null;214.140; 89.924;156.210;   null;298.756; 97.026;160.260;200.628;176.004;200.270;203.036;112.382; 45.242;266.288
2001-10-11 19:45:00;168.320; 52.263;212.067;125.747;1331.100;402.790;102.969;215.462; 90.926;155.127;   null;299.050;100.235;163.380;200.446;175.954;200.496;200.294;112.760; 46.132;269.374
2001-10-11 19:50:00;170.298; 52.197;215.567;125.037;1322.780;398.827;   null;210.928; 90.990;156.133;   null;297.945; 98.199;159.400;202.724;175.516;199.922;201.580;112.280; 45.516;266.174
2001-10-11 19:55:00;168.284; 51.820;211.867;125.587;1330.780;400.343;   null;210.292; 89.918;158.823;   null;298.749; 97.088;162.140;197.858;174.586;200.942;   null;113.798; 45.718;266.862
2001-10-11 20:00:00;168.356; 50.893;213.100;125.977;1322.820;399.697;102.176;213.326; 90.910;155.806;   null;296.748; 98.182;160.660;198.314;173.434;200.900;199.370;112.746; 45.698;267.010
2001-10-11 20:05:00;167.484; 51.903;214.033;124.790;1314.740;402.423;   null;207.080; 89.446;155.410;   null;297.881; 97.639;159.660;201.702;172.840;197.950;200.904;111.592; 45.568;264.880
2001-10-11 20:10:00;170.504; 52.663;213.833;124.300;1316.400;397.323;   null;209.722; 91.020;155.310;   null;297.543; 98.330;158.160;198.174;171.530;197.946;201.224;111.712; 46.016;265.794
2001-10-11 20:15:00;170.274; 52.223;213.100;125.300;1316.140;400.800;102.152;211.242; 90.478;155.377;   null;296.247; 96.680;158.840;198.510;170.526;198.872;200.442;111.866; 45.978;266.316
2001-10-11 20:20:00;167.210; 51.740;213.767;124.587;1324.440;399.230;   null;208.710; 90.136;158.153;   null;296.964; 97.391;155.920;199.356;172.056;196.816;205.262;111.312; 45.758;264.586
2001-10-11 20:25:00;168.144; 51.870;212.667;124.930;1314.260;394.417;   null;209.072; 90.410;156.170;   null;296.892; 96.004;157.460;199.434;172.698;199.886;199.942;111.658; 45.428;265.230
2001-10-11 20:30:00;169.124; 51.593;209.133;124.960;1321.800;395.640;102.682;209.754; 89.456;157.147;   null;297.833; 99.105;158.780;198.998;175.394;198.884;201.100;111.776; 45.228;264.076
2001-10-11 20:35:00;169.288; 51.820;211.267;125.237;1325.540;396.223;   null;210.868; 90.282;155.507;   null;297.657; 96.780;156.820;200.468;174.864;198.074;201.242;112.906; 45.076;262.814
2001-10-11 20:40:00;167.744; 51.710;209.300;123.810;1330.360;393.280;   null;211.166; 90.960;158.613;   null;297.721; 99.412;159.040;199.554;176.658;200.064;200.718;111.390; 45.092;264.244
2001-10-11 20:45:00;168.896; 50.413;212.067;125.490;1336.000;396.500;101.153;208.108; 90.706;154.293;   null;296.721; 98.256;160.140;199.024;174.320;198.766;200.328;111.406; 45.304;262.978
2001-10-11 20:50:00;169.840; 49.740;212.433;124.070;1331.900;390.163;   null;205.638; 91.408;156.027;   null;294.615; 96.981;158.700;197.080;174.226;198.026;198.642;112.494; 44.764;264.376
2001-10-11 20:55:00;169.486; 49.810;212.700;124.323;1319.540;394.083;   null;205.348; 90.028;152.497;   null;298.703; 98.210;157.900;196.480;172.146;197.004;198.508;111.378; 44.946;260.870
2001-10-11 21:00:00;169.092; 51.650;211.467;124.517;1316.500;390.710;100.352;205.024; 89.570;154.553;   null;294.260; 97.691;155.580;197.168;171.164;198.306;200.234;111.946; 44.438;259.640
2001-10-11 21:05:00;168.848; 52.407;211.067;124.270;1310.780;387.623;   null;206.008; 89.656;151.320;   null;293.228; 96.083;154.060;198.816;169.216;197.630;203.106;110.552; 44.992;264.104
2001-10-11 21:10:00;169.884; 52.887;213.633;124.063;1312.820;390.460;   null;205.332; 90.062;152.647;   null;295.314; 94.912;153.580;197.136;170.542;198.864;198.230;109.460; 45.264;261.908
2001-10-11 21:15:00;168.394; 51.797;211.200;122.580;1312.280;388.417;101.043;206.614; 90.782;153.653;   null;294.603; 95.171;155.020;198.300;170.244;198.072;200.230;109.230; 45.358;261.572
2001-10-11 21:20:00;167.484; 51.270;210.767;123.393;1311.860;389.513;   null;202.522; 89.492;152.940;   null;295.162; 93.950;153.580;199.584;172.008;194.392;200.462;108.492; 45.488;263.532
2001-10-11 21:25:00;167.144; 52.210;210.367;122.427;1310.560;390.280;   null;201.754; 88.698;151.640;   null;297.917; 94.665;154.100;199.440;171.142;198.060;196.398;110.132; 44.622;259.622
2001-10-11 21:30:00;168.356; 51.473;209.967;123.230;1313.760;386.890;100.173;200.682; 88.784;153.693;   null;294.718; 94.512;154.800;198.146;170.624;196.946;198.488;109.068; 44.514;258.864
2001-10-11 21:35:00;165.964; 50.263;212.533;121.667;1308.820;388.153;   null;203.092; 88.494;154.593;   null;296.631; 94.586;151.060;197.670;168.626;197.160;200.270;109.738; 43.644;260.794
2001-10-11 21:40:00;168.552; 52.090;210.600;122.960;1307.520;385.670;   null;202.176; 88.760;152.230;   null;296.914; 92.325;151.660;197.726;171.974;195.972;199.546;107.748; 44.008;258.606
2001-10-11 21:45:00;165.888; 51.653;209.300;122.880;1299.600;386.500;100.380;202.050; 88.688;151.680;   null;295.896; 92.963;153.800;193.570;170.008;194.996;196.692;108.096; 44.040;258.586
2001-10-11 21:50:00;167.010; 51.837;208.700;122.763;1306.780;380.837;   null;204.932; 90.438;150.057;   null;290.517; 93.368;150.640;195.708;170.686;196.002;197.510;108.610; 43.868;257.110
2001-10-11 21:55:00;171.070; 51.460;211.200;122.033;1302.780;383.260;   null;205.978; 88.962;150.467;   null;291.331; 94.551;152.200;194.512;169.038;193.750;195.294;107.694; 44.408;256.912
2001-10-11 22:00:00;165.930; 51.457;207.400;121.250;1310.540;382.140; 99.439;204.400; 87.820;151.337;   null;292.195; 92.938;151.780;193.238;168.126;194.916;196.548;108.246; 43.818;258.470
2001-10-11 22:05:00;167.544; 51.537;207.267;122.143;1301.240;382.570;   null;204.910; 88.232;150.757;   null;290.925; 92.794;153.140;192.202;168.334;194.190;195.712;107.108; 43.594;258.000
2001-10-11 22:10:00;165.324; 50.773;207.967;125.120;1312.400;383.777;   null;203.612; 87.218;150.510;   null;292.166; 93.169;152.420;192.326;167.214;194.758;194.844;107.664; 43.446;254.756
2001-10-11 22:15:00;166.956; 50.870;209.100;121.350;1300.180;384.550; 98.972;204.680; 88.428;151.477;   null;293.041; 92.991;152.100;194.678;168.148;193.170;197.108;106.912; 43.182;253.932
2001-10-11 22:20:00;165.306; 51.007;204.533;121.837;1308.020;382.813;   null;205.488; 87.526;150.580;   null;288.891; 92.529;153.440;192.374;167.168;193.670;195.298;106.636; 43.678;253.348
2001-10-11 22:25:00;167.780; 51.773;206.433;123.750;1306.980;380.420;   null;203.348; 88.552;150.377;   null;289.705; 93.764;152.860;191.034;167.802;194.442;193.484;107.762; 43.662;253.684
2001-10-11 22:30:00;165.314; 50.290;207.400;124.053;1303.620;382.333; 98.947;202.734; 87.824;151.683;   null;288.971; 92.308;152.200;189.902;169.262;192.706;196.800;107.122; 43.362;254.828
2001-10-11 22:35:00;166.644; 50.383;207.667;122.640;1299.080;381.437;   null;204.728; 86.642;151.203;   null;288.760; 92.693;152.640;190.434;167.870;191.498;195.216;106.290; 43.358;253.308
2001-10-11 22:40:00;166.962; 51.627;209.067;122.620;1298.980;381.547;   null;199.302; 86.940;148.510;   null;288.251; 93.923;151.340;188.972;169.086;190.598;196.770;106.602; 43.750;255.554
2001-10-11 22:45:00;164.510; 51.800;207.233;121.387;1308.620;379.166; 98.434;200.552; 86.650;147.820;   null;286.208; 94.300;152.180;190.312;169.164;190.436;198.010;106.544; 42.644;254.578
2001-10-11 22:50:00;165.090; 50.057;208.267;123.467;1291.840;377.974;   null;203.670; 87.288;149.300;   null;288.933; 92.441;151.180;189.610;165.758;191.314;193.258;107.082; 43.680;253.872
2001-10-11 22:55:00;166.986; 50.960;208.100;120.210;1299.020;379.507;   null;201.480; 87.180;148.993;   null;290.503; 94.881;151.700;190.246;167.362;189.126;   null;107.102; 43.284;253.078
2001-10-11 23:00:00;164.366; 50.777;206.633;121.117;1300.240;379.023; 98.669;201.246; 87.322;148.803;   null;286.725; 93.984;154.340;189.354;166.470;190.826;   null;106.362; 43.634;253.646
2001-10-11 23:05:00;167.886; 51.473;206.900;122.573;1298.240;382.493;   null;202.546; 88.330;149.173;   null;287.195; 94.435;150.160;189.482;167.198;191.968;195.552;106.362; 43.852;256.476
2001-10-11 23:10:00;167.482; 51.617;203.267;121.823;1301.820;379.257;   null;203.582; 86.306;148.970;   null;286.704; 93.904;153.220;187.808;167.650;190.652;194.628;107.556; 43.492;253.714
2001-10-11 23:15:00;165.014; 50.593;207.233;122.950;1299.520;377.913; 98.094;203.242; 86.470;150.683;   null;287.077; 94.273;153.660;190.862;168.158;189.550;194.198;107.956; 42.996;254.124
2001-10-11 23:20:00;164.724; 50.070;206.567;120.860;1302.740;380.557;   null;205.364; 87.150;149.613;   null;286.848; 93.501;152.680;189.510;166.126;189.962;194.450;105.954; 42.520;252.098
2001-10-11 23:25:00;165.090; 50.580;203.900;121.287;1293.440;382.453;   null;203.972; 86.584;148.560;   null;286.984; 95.055;152.700;190.208;165.702;191.116;196.970;107.206; 42.308;250.032
2001-10-11 23:30:00;164.594; 50.863;206.300;121.250;1290.760;379.913; 98.605;204.690; 86.826;149.183;   null;288.331; 93.987;151.020;187.894;166.970;194.502;195.268;106.404; 43.454;248.952
2001-10-11 23:35:00;166.234; 49.743;206.967;122.877;1290.760;381.927;   null;203.732; 87.680;149.357;   null;284.237; 94.683;154.180;188.518;168.176;188.514;192.400;105.200; 42.830;249.924
2001-10-11 23:40:00;166.746; 50.333;208.667;121.360;1292.875;381.977;   null;202.724; 85.522;149.347;   null;286.549; 95.917;153.280;190.644;167.390;190.066;190.932;106.364; 42.556;249.892
2001-10-11 23:45:00;167.966; 51.993;205.967;122.340;1298.220;383.083; 99.752;203.062; 86.324;151.080;   null;283.698; 93.115;151.900;187.982;165.524;190.926;190.950;106.468; 42.398;249.532
2001-10-11 23:50:00;167.648; 50.280;205.733;122.337;1294.820;380.330;   null;204.876; 86.300;149.117;   null;285.057; 94.649;152.260;189.668;167.580;188.580;192.182;106.150; 42.286;249.766
2001-10-11 23:55:00;165.922; 51.190;207.267;121.347;1294.420;382.093;   null;204.126; 85.426;149.507;   null;278.741; 94.953;154.900;188.080;165.616;191.086;   null;107.182; 42.842;247.894
2001-10-12 00:00:00;164.714; 51.013;205.700;121.920;1303.140;378.473; 99.826;203.026; 85.078;150.780;   null;281.806; 94.401;151.620;187.300;165.468;189.738;188.530;106.148; 41.966;250.278
2001-10-12 00:05:00;164.856; 49.633;206.500;124.577;1292.680;384.070;   null;202.808; 87.134;148.780;   null;282.638; 94.935;153.520;188.716;165.370;187.980;189.710;105.974; 42.480;249.616
2001-10-12 00:10:00;164.656; 51.670;204.800;122.663;1304.640;383.280;   null;201.594; 86.272;149.507;   null;282.581; 94.054;153.300;187.766;165.336;190.442;187.703;106.810; 42.536;249.664
2001-10-12 00:15:00;163.434; 51.560;205.767;122.373;1301.500;382.537; 99.614;202.516; 86.222;152.220;   null;283.217; 91.617;152.480;187.244;167.872;187.300;190.520;105.974; 42.270;251.616
2001-10-12 00:20:00;165.518; 50.613;206.033;122.980;1304.680;382.977;   null;204.384; 85.584;149.407;   null;282.887; 93.727;152.760;188.160;166.736;189.578;191.706;106.916; 42.412;249.954
2001-10-12 00:25:00;164.652; 50.287;205.367;123.140;1298.700;384.270;   null;205.702; 86.464;149.807;   null;279.794; 94.683;153.020;186.982;165.130;187.578;191.074;105.044; 42.928;248.952
2001-10-12 00:30:00;164.888; 49.930;205.600;123.740;1297.240;381.887; 99.661;205.284; 85.270;149.827;   null;282.398; 96.968;154.640;188.590;165.926;187.918;190.716;107.728; 42.988;250.516
2001-10-12 00:35:00;165.058; 51.170;205.533;123.393;1296.800;380.793;   null;204.680; 85.416;150.803;   null;280.892; 93.606;152.720;190.310;167.054;190.316;190.088;106.994; 42.838;250.846
2001-10-12 00:40:00;165.010; 50.417;205.800;122.040;1301.140;381.510;   null;205.522; 84.836;150.063;   null;283.581; 93.918;153.060;188.664;166.288;190.682;191.274;107.916; 43.014;251.188
2001-10-12 00:45:00;165.018; 50.113;204.567;121.957;1294.840;382.827; 98.641;201.148; 85.412;150.427;   null;280.446; 92.399;153.880;189.112;166.836;188.296;190.538;108.082; 42.650;250.032
2001-10-12 00:50:00;164.030; 50.900;202.433;122.120;1300.460;383.487;   null;205.384; 86.430;146.850;   null;279.285; 93.666;156.140;189.322;165.218;188.476;191.190;105.944; 42.970;249.142
2001-10-12 00:55:00;165.522; 51.157;208.167;122.340;1293.380;381.240;   null;203.344; 84.412;151.413;   null;282.841; 92.715;152.560;186.986;165.762;188.144;190.518;106.446; 43.040;253.288
2001-10-12 01:00:00;166.758; 51.070;204.933;124.043;1297.660;384.937; 99.127;204.886; 85.662;151.810;   null;284.684; 94.465;153.280;187.048;167.684;186.710;190.448;104.924; 42.096;251.116
2001-10-12 01:05:00;164.460; 52.170;207.333;122.803;1299.940;377.810;   null;204.408; 85.446;149.557;   null;280.164; 93.214;151.040;188.778;165.154;187.036;189.410;106.594; 41.976;249.390
2001-10-12 01:10:00;164.758; 51.327;204.067;122.197;1299.300;381.580;   null;205.116; 85.972;150.160;   null;280.257; 93.583;152.460;187.554;162.700;189.276;189.356;107.526; 42.776;253.308
2001-10-12 01:15:00;163.634; 50.687;204.867;122.040;1296.380;383.803; 99.698;203.426; 85.210;153.927;   null;281.072; 93.198;155.180;187.856;166.754;187.490;189.748;105.982; 43.270;250.008
2001-10-12 01:20:00;166.332; 49.963;206.233;123.023;1307.540;384.707;   null;203.224; 85.962;147.340;   null;280.335; 93.737;151.700;188.652;167.656;188.230;190.350;106.266; 42.838;250.498
2001-10-12 01:25:00;165.068; 51.023;204.900;125.887;1296.340;384.450;   null;203.990; 86.932;149.520;   null;280.783; 92.734;152.700;191.136;165.430;188.596;187.652;105.664; 42.922;250.636
2001-10-12 01:30:00;167.030; 50.940;204.433;123.120;1303.300;381.593; 99.617;202.334; 85.784;148.997;   null;278.352; 94.824;153.920;189.572;167.494;184.842;   null;106.126; 42.744;253.204
2001-10-12 01:35:00;167.464; 50.917;205.300;123.463;1299.800;382.617;   null;201.572; 85.560;148.127;   null;278.282; 91.876;152.040;188.982;166.894;187.174;189.880;105.212; 42.142;249.936
2001-10-12 01:40:00;166.706; 51.420;206.667;123.143;1290.920;380.720;   null;203.478; 86.892;147.083;   null;280.864; 93.405;152.300;188.974;167.376;190.972;189.074;106.512; 42.888;251.160
2001-10-12 01:45:00;164.670; 50.760;205.100;121.450;1295.060;385.833; 98.647;204.582; 87.020;147.814;   null;280.396; 93.272;152.900;189.368;167.076;187.958;189.190;104.836; 42.528;249.818
2001-10-12 01:50:00;166.990; 50.237;204.633;121.967;1300.700;384.280;   null;203.310; 86.814;149.730;   null;280.132; 93.861;152.400;189.694;166.228;187.462;189.022;105.862; 42.810;251.912
2001-10-12 01:55:00;165.570; 52.033;206.733;124.077;1309.760;384.827;   null;204.022; 86.584;146.947;   null;279.761; 92.964;154.520;190.268;167.578;189.302;189.132;106.950; 43.178;249.460
2001-10-12 02:00:00;164.472; 50.883;206.433;121.863;1298.280;382.953; 98.950;203.244; 86.304;150.107;   null;279.872; 94.986;153.980;188.510;170.038;185.322;190.176;106.372; 43.028;252.460
2001-10-12 02:05:00;165.944; 50.597;203.400;122.777;1302.600;383.203;   null;204.554; 85.466;150.637;   null;275.518; 93.434;152.680;188.094;167.828;189.452;188.598;106.868; 42.858;252.024
2001-10-12 02:10:00;164.414; 51.477;206.133;120.457;1305.720;382.043;   null;203.282; 85.516;150.940;   null;278.569; 95.032;153.540;187.882;168.344;189.100;188.134;107.836; 43.036;253.402
2001-10-12 02:15:00;166.600; 51.093;207.467;122.170;1301.200;383.860; 99.736;203.870; 85.930;151.507;   null;277.497; 95.051;152.800;187.844;167.164;187.192;190.300;107.074; 43.118;250.072
2001-10-12 02:20:00;167.128; 48.943;207.933;123.613;1298.040;384.513;   null;201.168; 85.486;150.407;   null;280.079; 93.884;152.740;189.174;165.876;188.656;190.402;107.450; 42.412;249.008
2001-10-12 02:25:00;168.520; 50.063;205.800;122.367;1311.480;385.977;   null;204.026; 87.106;151.267;   null;279.882; 95.604;153.480;187.686;168.744;189.606;190.840;106.524; 43.182;251.702
2001-10-12 02:30:00;166.728; 50.927;205.967;122.830;1306.760;385.253; 99.417;202.152; 84.550;149.010;   null;279.078; 92.336;153.880;188.106;165.996;191.510;188.248;107.608; 42.668;250.758
2001-10-12 02:35:00;166.196; 49.590;207.800;122.127;1298.840;381.053;   null;204.998; 86.578;149.883;   null;279.278; 94.075;152.940;188.234;167.160;191.028;189.154;108.384; 42.212;249.808
2001-10-12 02:40:00;164.330; 50.503;205.233;121.733;1305.420;379.963;   null;202.420; 85.354;149.563;   null;280.116; 93.630;151.940;188.232;167.812;190.328;188.192;106.234; 42.242;249.316
2001-10-12 02:45:00;163.732; 51.223;207.267;122.723;1296.740;376.826; 98.874;203.102; 85.204;147.490;   null;278.976; 94.367;153.140;186.572;164.684;187.010;191.420;106.496; 42.194;250.050
2001-10-12 02:50:00;164.878; 50.050;206.700;121.267;1301.080;383.610;   null;202.874; 87.092;149.710;   null;277.834; 92.466;154.400;186.806;166.376;188.102;189.184;105.704; 42.374;250.292
2001-10-12 02:55:00;167.852; 49.687;203.867;122.793;1303.900;378.567;   null;204.042; 85.962;150.797;   null;279.038; 93.762;153.260;187.946;165.864;186.806;189.606;107.344; 42.276;249.708
2001-10-12 03:00:00;164.296; 50.367;204.500;120.447;1297.640;382.334; 99.820;204.270; 86.606;150.443;   null;278.568; 94.019;152.660;188.256;164.982;189.904;189.150;106.996; 42.860;251.636
2001-10-12 03:05:00;166.430; 50.880;206.433;120.623;1299.460;384.140;   null;205.298; 85.738;148.667;   null;279.311; 93.583;152.120;187.764;164.388;188.118;189.550;107.314; 42.646;252.592
2001-10-12 03:10:00;165.774; 49.017;206.500;123.013;1298.700;382.847;   null;203.222; 85.424;148.953;   null;277.635; 94.321;151.800;186.904;165.228;188.580;191.492;106.588; 42.460;251.162
2001-10-12 03:15:00;165.180; 50.947;206.533;121.560;1296.040;377.237; 98.696;202.356; 85.864;147.870;   null;279.115; 94.240;153.840;187.810;166.424;188.594;192.120;106.626; 42.854;250.028
2001-10-12 03:20:00;167.514; 50.330;206.033;122.273;1296.860;382.797;   null;204.142; 84.890;147.627;   null;278.306; 92.332;151.320;187.434;166.656;190.760;192.595;108.834; 43.050;249.214
2001-10-12 03:25:00;164.514; 50.030;207.333;121.860;1303.760;382.193;   null;204.212; 86.180;149.220;   null;278.073; 95.419;152.760;189.258;165.370;187.236;190.436;106.114; 42.522;248.374
2001-10-12 03:30:00;166.284; 51.787;205.900;123.953;1307.780;380.917; 99.265;206.054; 86.002;148.487;   null;276.897; 92.216;152.240;187.348;166.748;188.108;191.136;106.192; 42.458;250.372
2001-10-12 03:35:00;163.782; 50.520;206.033;120.430;1304.640;380.737;   null;203.196; 86.328;152.333;   null;281.575; 92.872;152.180;187.756;166.336;186.274;189.316;107.166; 42.542;247.588
2001-10-12 03:40:00;168.370; 49.787;203.633;123.043;1304.360;383.367;   null;204.458; 84.434;149.213;   null;278.683; 93.271;153.380;188.648;166.000;187.126;190.880;107.622; 42.738;247.262
2001-10-12 03:45:00;168.446; 50.570;208.800;121.573;1304.420;383.397; 98.766;202.916; 84.976;150.627;   null;275.145; 95.351;154.000;188.262;164.452;187.366;192.014;105.286; 42.622;248.428
2001-10-12 03:50:00;164.986; 51.600;206.267;122.827;1303.920;383.190;   null;202.374; 86.364;148.007;   null;275.480; 93.909;154.260;188.566;168.528;189.592;187.512;107.952; 42.330;249.990
2001-10-12 03:55:00;165.364; 50.293;204.033;122.457;1295.540;380.117;   null;203.152; 85.882;147.917;   null;280.914; 93.923;152.000;186.576;166.030;187.582;188.240;106.226; 41.864;248.830
2001-10-12 04:00:00;166.702; 50.163;205.400;121.820;1300.060;378.567; 98.402;203.860; 85.222;149.893;   null;276.560; 94.993;153.580;186.594;166.112;188.620;188.596;106.786; 43.120;250.968
2001-10-12 04:05:00;165.542; 52.350;205.433;122.637;1295.960;379.077;   null;204.910; 86.768;148.690;   null;280.308; 94.044;153.400;187.716;166.636;187.404;190.294;107.612; 42.444;251.254
2001-10-12 04:10:00;162.928; 50.613;205.633;123.617;1300.300;378.347;   null;201.126; 85.966;146.810;   null;278.653; 94.195;153.820;185.664;165.476;189.564;189.280;106.596; 42.288;249.628
2001-10-12 04:15:00;166.090; 51.173;206.267;121.173;1304.540;380.157; 98.754;202.678; 86.654;149.777;   null;281.902; 94.689;152.780;188.754;164.474;188.574;191.474;106.716; 42.596;250.406
2001-10-12 04:20:00;166.262; 52.070;202.867;122.090;1301.880;379.323;   null;202.122; 86.404;147.990;   null;278.925; 94.089;151.740;188.754;167.826;187.448;190.684;105.756; 43.246;250.906
2001-10-12 04:25:00;166.070; 50.993;203.400;120.897;1295.740;380.950;   null;202.766; 85.018;148.050;   null;277.065; 94.147;154.500;188.080;165.566;187.256;188.782;105.816; 42.250;247.308
2001-10-12 04:30:00;165.430; 50.533;205.533;123.423;1305.060;382.060; 99.118;203.394; 86.726;151.053;   null;279.870; 95.737;152.260;186.850;165.966;188.102;188.828;106.366; 42.718;248.904
2001-10-12 04:35:00;166.608; 51.270;204.733;122.560;1305.180;382.337;   null;201.880; 83.726;150.083;   null;277.773; 95.455;153.820;188.728;165.852;187.008;188.882;106.018; 42.200;249.182
2001-10-12 04:40:00;165.686; 49.920;205.233;121.920;1304.200;379.550;   null;205.618; 84.272;150.567;   null;277.672; 92.823;155.280;187.260;166.590;187.530;188.227;105.328; 42.506;247.348
2001-10-12 04:45:00;163.956; 50.943;203.733;122.187;1297.920;378.777; 99.127;205.286; 86.364;151.613;   null;281.594; 93.177;154.060;188.608;165.690;188.820;187.290;105.544; 41.800;246.618
2001-10-12 04:50:00;166.270; 50.843;204.967;123.923;1307.320;382.767;   null;204.244; 85.014;150.847;   null;276.253; 93.834;156.140;187.786;167.474;187.660;189.026;107.212; 42.430;248.004
2001-10-12 04:55:00;165.178; 51.003;203.933;123.853;1300.000;384.323;   null;202.764; 86.030;149.707;   null;277.503; 94.531;154.800;187.192;164.816;187.522;188.422;106.808; 42.032;247.690
2001-10-12 05:00:00;165.910; 50.983;206.733;123.353;1303.240;381.080; 99.891;206.944; 86.116;149.300;   null;280.414; 95.096;153.360;186.122;164.932;189.540;189.520;106.078; 42.638;248.248
2001-10-12 05:05:00;166.218; 51.573;206.267;121.533;1301.640;383.270;   null;202.636; 85.972;149.673;   null;279.872; 94.303;153.840;185.798;165.042;187.176;188.680;107.252; 42.938;246.814
2001-10-12 05:10:00;165.508; 50.440;206.533;122.337;1301.600;384.573;   null;208.198; 85.746;150.083;   null;276.760; 94.260;154.840;186.896;165.820;189.832;192.178;105.976; 42.104;252.410
2001-10-12 05:15:00;167.786; 50.663;206.667;122.470;1299.640;385.257;100.152;203.364; 85.020;149.883;   null;281.464; 93.460;153.460;187.662;166.260;189.962;190.764;107.060; 42.212;249.632
2001-10-12 05:20:00;167.358; 50.413;207.833;121.663;1305.160;385.070;   null;202.496; 85.510;150.127;   null;280.210; 94.461;152.900;186.924;164.454;188.964;190.632;106.570; 43.184;248.412
2001-10-12 05:25:00;165.958; 51.667;206.600;121.733;1306.040;384.067;   null;203.644; 86.344;149.123;   null;279.768; 94.146;154.100;187.286;166.032;187.060;189.956;106.014; 42.550;248.944
2001-10-12 05:30:00;164.714; 50.087;204.867;122.407;1316.720;381.533;100.705;204.836; 84.892;152.647;   null;279.803; 93.780;154.140;186.012;165.580;189.896;189.996;105.760; 42.148;250.582
2001-10-12 05:35:00;164.906; 49.963;205.700;121.957;1309.260;383.857;   null;205.116; 86.138;150.963;   null;277.842; 94.175;154.380;187.376;164.722;188.800;188.804;105.558; 42.842;248.882
2001-10-12 05:40:00;166.542; 50.480;206.700;124.490;1306.440;381.597;   null;203.376; 85.888;148.323;   null;277.977; 94.655;153.320;188.476;165.162;189.530;190.316;105.948; 42.244;250.856
2001-10-12 05:45:00;167.892; 51.030;205.700;123.120;1311.820;383.187; 99.073;203.598; 86.284;150.240;   null;279.428; 94.340;155.300;185.726;166.116;188.248;187.986;107.526; 42.910;249.906
2001-10-12 05:50:00;167.538; 50.703;203.167;123.467;1305.120;382.823;   null;203.694; 84.968;151.120;   null;277.639; 94.082;155.380;189.506;166.594;187.780;190.686;106.618; 42.698;251.254
2001-10-12 05:55:00;164.990; 49.630;206.800;122.937;1300.840;386.013;   null;202.804; 84.378;149.230;   null;278.483; 93.418;154.020;185.738;166.750;189.730;191.708;106.620; 43.196;249.320
2001-10-12 06:00:00;167.198; 49.923;206.167;122.647;1313.540;384.760;100.395;205.318; 86.496;150.257;   null;280.605; 95.844;153.900;188.660;164.924;188.992;191.284;105.606; 42.410;250.114
2001-10-12 06:05:00;164.418; 50.843;206.733;122.850;1301.180;379.013;   null;203.838; 88.166;148.863;   null;279.654; 94.260;150.900;187.358;164.660;189.032;189.312;106.166; 42.868;251.940
2001-10-12 06:10:00;166.344; 50.980;204.467;122.253;1304.640;381.197;   null;204.656; 86.948;150.920;   null;279.520; 94.018;151.860;188.062;166.118;187.920;191.634;106.290; 43.004;252.138
2001-10-12 06:15:00;166.608; 50.730;204.000;123.460;1303.960;383.780; 99.688;203.148; 84.816;148.620;   null;277.432; 93.537;154.240;188.610;166.568;190.312;191.332;105.554; 42.664;251.872
2001-10-12 06:20:00;164.684; 50.517;205.300;123.270;1304.880;384.027;   null;203.650; 86.306;150.137;   null;280.315; 93.153;153.320;188.274;163.816;188.462;192.822;106.024; 42.486;250.960
2001-10-12 06:25:00;167.178; 51.000;204.633;123.267;1309.600;382.497;   null;201.166; 86.766;149.467;   null;278.939; 92.835;153.780;186.492;166.428;189.108;189.872;107.290; 43.222;249.382
2001-10-12 06:30:00;166.906; 52.290;206.233;122.863;1307.040;383.364; 99.379;203.416; 86.746;152.063;   null;279.208; 93.849;152.240;187.052;165.804;189.054;189.596;107.042; 43.138;252.190
2001-10-12 06:35:00;166.436; 50.950;203.833;121.137;1306.360;383.490;   null;204.654; 86.202;150.990;   null;280.449; 93.123;153.060;189.070;166.260;188.220;190.694;107.824; 42.904;252.414
2001-10-12 06:40:00;165.514; 50.690;205.067;121.290;1305.780;380.860;   null;204.502; 85.602;149.257;   null;279.580; 94.860;155.320;187.442;166.792;189.942;190.250;105.276; 42.312;249.708
2001-10-12 06:45:00;165.926; 51.013;205.233;123.073;1302.560;384.360; 99.868;200.188; 84.494;150.240;   null;276.660; 94.510;153.260;188.592;165.100;186.958;190.746;106.352; 42.636;252.442
2001-10-12 06:50:00;165.456; 50.193;206.200;121.507;1308.420;382.127;   null;203.382; 86.100;153.050;   null;279.244; 95.197;153.360;187.440;166.222;188.330;192.272;105.972; 43.036;250.044
2001-10-12 06:55:00;166.644; 49.880;204.967;122.593;1298.480;381.537;   null;201.528; 85.346;148.243;   null;277.164; 94.647;153.960;187.542;167.968;189.230;191.696;106.062; 42.736;253.020
2001-10-12 07:00:00;166.342; 50.947;205.600;122.513;1301.400;382.603;100.228;199.922; 86.004;149.683;   null;278.740; 94.092;152.860;188.354;166.074;186.050;194.690;106.908; 42.578;250.380
2001-10-12 07:05:00;168.382; 51.020;204.067;121.863;1319.880;377.507;   null;204.486; 86.432;149.987;   null;284.049; 93.421;154.600;187.322;165.022;188.090;191.492;106.046; 42.690;250.824
2001-10-12 07:10:00;167.232; 50.673;205.733;122.057;1308.980;380.553;   null;203.390; 84.698;146.603;   null;276.929; 92.786;153.400;188.370;166.790;190.314;193.042;106.348; 42.584;251.954
2001-10-12 07:15:00;167.976; 51.327;205.267;122.860;1307.980;380.597; 98.902;203.024; 85.202;149.410;   null;278.407; 93.629;152.700;187.312;165.672;186.958;188.560;106.448; 42.952;251.762
2001-10-12 07:20:00;164.408; 50.837;206.433;124.467;1310.320;383.070;   null;203.908; 85.668;149.327;   null;280.315; 92.834;154.580;187.256;166.770;188.910;192.636;107.420; 42.996;250.062
2001-10-12 07:25:00;166.866; 49.713;202.867;123.610;1312.900;383.470;   null;201.006; 85.514;149.403;   null;278.604; 94.214;154.840;189.616;164.792;189.430;192.862;107.226; 42.774;250.046
2001-10-12 07:30:00;168.414; 51.040;203.900;124.047;1306.260;381.650; 98.865;203.872; 87.924;149.813;   null;281.154; 93.248;154.820;188.646;166.688;189.386;193.896;107.580; 42.502;249.232
2001-10-12 07:35:00;166.984; 50.593;205.133;123.417;1312.260;381.250;   null;202.646; 86.152;150.947;   null;281.622; 94.355;154.400;189.936;165.892;189.530;192.164;108.002; 42.240;249.592
2001-10-12 07:40:00;168.584; 51.337;204.967;122.720;1320.840;380.590;   null;200.716; 86.564;148.957;   null;281.153; 94.374;157.360;188.966;167.420;188.878;191.480;106.950; 42.716;247.980
2001-10-12 07:45:00;169.150; 51.107;204.433;121.843;1324.820;379.363; 99.635;200.634; 86.074;147.607;   null;282.193; 93.577;154.560;190.858;165.584;187.960;192.836;107.114; 42.950;249.388
2001-10-12 07:50:00;166.978; 51.267;205.300;122.160;1317.260;383.010;   null;203.858; 85.478;150.567;   null;284.855; 94.235;156.240;190.262;167.332;189.114;192.372;106.326; 42.610;251.222
2001-10-12 07:55:00;165.146; 51.627;206.433;122.500;1319.200;380.697;   null;202.162; 85.930;149.210;   null;282.946; 94.646;155.080;189.118;168.228;189.058;192.590;107.934; 42.652;250.418
2001-10-12 08:00:00;166.222; 50.623;203.100;122.160;1310.420;380.566; 99.618;202.496; 86.752;150.194;   null;283.013; 94.090;153.680;189.058;166.960;188.858;190.520;106.654; 42.700;249.006
2001-10-12 08:05:00;166.452; 50.293;204.033;121.750;1322.100;381.760;   null;203.242; 85.016;150.270;   null;284.155; 95.064;152.900;189.866;165.972;190.414;189.920;107.724; 43.094;249.818
2001-10-12 08:10:00;167.396; 50.880;205.800;121.767;1317.280;384.267;   null;203.384; 85.600;150.550;   null;280.889; 95.272;155.720;190.004;166.330;187.894;190.325;107.024; 42.876;249.842
2001-10-12 08:15:00;165.646; 51.153;204.000;122.617;1308.000;380.633; 99.887;203.732; 86.252;149.553;   null;283.036; 95.379;153.820;189.286;164.842;186.716;192.290;107.124; 42.502;249.078
2001-10-12 08:20:00;165.548; 48.933;209.567;122.857;1313.780;379.190;   null;204.010; 86.366;150.287;   null;276.591; 95.602;154.940;190.286;167.676;189.396;191.502;107.418; 42.460;250.654
2001-10-12 08:25:00;165.280; 51.227;205.767;121.173;1312.720;377.967;   null;203.426; 85.378;150.380;   null;280.911; 93.545;154.480;187.974;164.922;189.510;190.874;108.188; 43.144;249.130
2001-10-12 08:30:00;168.120; 49.820;206.533;122.077;1312.120;381.477; 98.938;201.242; 86.524;148.677;   null;281.275; 93.683;152.180;189.510;166.856;188.922;193.518;106.646; 42.298;250.386
2001-10-12 08:35:00;167.650; 51.713;205.267;122.007;1314.440;383.310;   null;202.394; 86.160;147.863;   null;282.613; 95.609;155.120;189.282;166.074;190.726;191.168;107.894; 42.336;250.992
2001-10-12 08:40:00;166.598; 50.503;204.267;120.550;1311.820;383.017;   null;202.786; 86.906;149.700;   null;281.633; 95.313;153.760;187.628;169.454;188.498;189.908;107.836; 42.612;250.796
2001-10-12 08:45:00;165.172; 51.740;204.333;123.427;1313.580;384.563; 99.707;204.040; 85.932;150.223;   null;281.016; 93.612;154.700;188.712;166.894;188.608;191.120;108.342; 42.234;248.400
2001-10-12 08:50:00;167.544; 50.937;205.433;120.497;1316.100;381.013;   null;202.124; 86.804;149.627;   null;279.846; 94.595;154.860;187.646;166.190;188.600;191.670;108.134; 42.990;249.108
2001-10-12 08:55:00;168.360; 50.390;204.333;121.737;1313.140;383.920;   null;203.296; 85.964;149.910;   null;284.851; 95.449;154.000;188.558;164.288;188.672;191.040;108.590; 42.372;249.046
2001-10-12 09:00:00;168.010; 51.907;206.000;124.887;1311.700;381.750; 99.587;201.570; 85.344;148.913;   null;281.957; 95.182;156.120;190.404;166.142;190.820;192.252;107.850; 42.928;249.778
2001-10-12 09:05:00;169.144; 50.383;204.333;120.333;1312.060;383.047;   null;201.344; 86.582;150.660;   null;280.416; 94.193;155.660;188.642;165.112;188.312;190.590;106.026; 42.234;247.046
2001-10-12 09:10:00;165.526; 50.210;203.000;121.600;1319.100;384.190;   null;204.750; 85.206;148.547;   null;279.974; 95.098;155.780;189.144;166.572;190.084;190.434;107.544; 42.108;252.004
2001-10-12 09:15:00;167.420; 50.620;206.633;123.233;1311.640;383.033; 99.078;205.568; 86.508;148.830;   null;281.600; 93.818;155.660;188.242;165.942;188.560;190.428;108.124; 42.816;250.752
2001-10-12 09:20:00;168.664; 50.940;207.267;123.817;1314.900;383.370;   null;207.172; 85.878;149.240;   null;279.552; 93.899;153.440;188.880;167.756;190.356;188.853;109.438; 42.158;252.612
2001-10-12 09:25:00;166.802; 50.050;206.000;123.553;1312.280;384.323;   null;202.828; 85.670;147.153;   null;282.077; 94.403;155.840;189.386;166.926;189.668;188.820;108.508; 42.828;249.222
2001-10-12 09:30:00;167.338; 49.217;207.867;120.970;1314.220;384.053; 99.389;204.614; 86.310;149.950;   null;283.819; 94.140;155.880;189.750;167.364;191.196;192.330;107.180; 42.204;248.882
2001-10-12 09:35:00;165.470; 50.447;207.933;123.537;1316.220;385.820;   null;205.000; 85.264;149.030;   null;281.740; 94.857;155.660;188.070;168.328;190.872;192.380;107.542; 42.362;250.908
2001-10-12 09:40:00;167.784; 50.527;205.633;122.523;1327.680;384.967;   null;205.518; 86.028;148.860;   null;282.398; 93.854;155.040;188.638;167.974;191.038;189.082;107.784; 42.370;251.308
2001-10-12 09:45:00;168.272; 50.627;206.000;122.340;1315.040;385.467; 98.987;202.514; 85.222;149.923;   null;279.808; 93.825;156.760;188.784;168.784;187.798;189.516;107.366; 42.544;248.278
2001-10-12 09:50:00;167.186; 50.683;203.700;123.280;1320.100;384.863;   null;205.106; 85.954;147.757;   null;280.854; 94.646;155.740;189.312;166.916;190.522;191.862;108.456; 42.484;248.422
2001-10-12 09:55:00;167.052; 51.987;206.467;121.443;1317.060;385.807;   null;207.236; 85.400;148.880;   null;280.418; 94.190;155.940;187.390;166.542;191.712;193.382;107.874; 42.258;249.108
2001-10-12 10:00:00;167.190; 50.177;205.433;123.413;1310.340;382.247; 99.436;207.842; 84.812;151.553;   null;279.111; 94.589;155.160;188.520;166.276;190.950;   null;108.414; 42.398;250.262
2001-10-12 10:05:00;168.682; 50.393;205.533;122.217;1317.580;384.413;   null;206.870; 85.844;150.667;   null;278.954; 94.795;155.420;189.108;168.980;190.664;190.684;107.594; 42.380;249.024
2001-10-12 10:10:00;167.856; 50.527;205.700;123.290;1315.300;381.827;   null;206.826; 87.120;149.053;   null;281.970; 94.370;155.600;191.364;165.548;191.114;193.404;107.916; 42.534;250.946
2001-10-12 10:15:00;167.706; 50.980;205.933;123.207;1308.240;386.150; 98.998;203.432; 86.732;153.253;   null;280.910; 96.568;155.620;190.326;167.518;189.808;192.920;107.926; 42.828;249.022
2001-10-12 10:20:00;167.492; 50.733;202.733;121.287;1316.100;384.540;   null;205.080; 85.816;151.127;   null;280.123; 96.306;155.040;188.632;165.820;190.240;190.570;107.504; 42.928;249.638
2001-10-12 10:25:00;169.762; 51.407;207.600;122.703;1318.260;383.497;   null;202.702; 87.064;150.597;   null;282.863; 94.945;155.980;189.220;165.998;188.628;190.704;107.118; 42.914;248.666
2001-10-12 10:30:00;167.312; 51.003;206.367;122.817;1312.200;383.017; 99.339;205.698; 86.702;149.380;   null;279.848; 94.842;154.020;191.468;166.900;189.516;191.062;107.898; 42.380;247.746
2001-10-12 10:35:00;168.262; 51.433;206.267;123.047;1320.820;381.833;   null;205.290; 85.918;150.547;   null;279.066; 95.413;156.000;189.028;165.620;191.408;191.042;106.536; 41.722;249.226
2001-10-12 10:40:00;166.856; 51.647;204.433;123.100;1315.840;381.993;   null;204.924; 86.980;149.423;   null;279.381; 94.995;156.120;190.732;168.676;190.330;192.424;107.472; 42.598;248.646
2001-10-12 10:45:00;169.090; 50.253;203.900;124.167;1319.880;384.270; 99.719;206.008; 84.852;152.260;   null;279.789; 96.116;157.000;188.850;166.892;188.950;192.318;108.856; 42.416;247.470
2001-10-12 10:50:00;169.214; 50.943;205.367;123.040;1317.200;382.240;   null;207.038; 85.280;149.377;   null;279.920; 94.479;155.760;189.582;166.630;189.950;192.820;108.072; 42.118;246.790
2001-10-12 10:55:00;168.478; 50.173;206.600;123.030;1310.260;382.320;   null;207.456; 86.062;151.757;   null;280.887; 95.931;157.780;188.230;166.816;190.526;193.500;108.062; 42.006;247.564
2001-10-12 11:00:00;166.248; 51.753;204.467;122.873;1317.020;386.040; 99.150;203.556; 86.486;148.433;   null;279.630; 95.274;157.380;190.340;166.684;189.226;192.838;108.068; 41.948;252.106
2001-10-12 11:05:00;166.444; 51.773;205.767;119.783;1319.340;388.423;   null;208.346; 85.906;149.680;   null;280.335; 91.959;157.520;189.774;168.588;188.810;191.470;107.462; 42.884;249.242
2001-10-12 11:10:00;168.352; 51.327;205.467;124.487;1314.700;386.520;   null;204.996; 85.660;150.567;   null;281.617; 95.686;155.500;188.752;165.952;188.880;191.948;108.632; 43.342;250.862
2001-10-12 11:15:00;167.668; 50.827;206.067;123.577;1310.780;386.777;100.386;206.074; 85.688;147.570;   null;280.665; 96.966;157.400;189.836;166.342;191.624;190.558;108.642; 42.426;251.674
2001-10-12 11:20:00;167.176; 50.550;207.133;124.400;1313.300;385.430;   null;204.470; 85.840;148.053;   null;278.750; 94.258;156.460;189.658;169.344;190.528;192.422;107.786; 42.232;248.902
2001-10-12 11:25:00;166.256; 50.950;206.767;121.790;1317.000;384.383;   null;205.038; 86.356;152.980;   null;282.451; 94.851;156.580;188.672;166.438;192.150;190.970;107.300; 41.738;250.042
2001-10-12 11:30:00;168.440; 50.677;206.400;121.953;1318.160;386.457; 99.421;206.884; 87.142;152.810;   null;279.803; 97.528;155.680;189.530;167.622;188.624;193.434;108.260; 42.794;248.612
2001-10-12 11:35:00;168.744; 52.013;206.100;124.473;1315.580;384.343;   null;204.416; 85.902;148.797;   null;280.832; 96.867;156.220;189.380;169.312;190.808;191.732;108.126; 42.204;248.428
2001-10-12 11:40:00;166.126; 50.723;207.600;122.183;1322.140;388.113;   null;205.234; 87.248;148.993;   null;281.725; 96.313;155.940;188.104;168.500;193.180;191.528;107.124; 42.760;248.332
2001-10-12 11:45:00;167.374; 51.373;208.967;121.070;1320.320;387.117;100.661;205.742; 86.982;150.333;   null;279.632; 96.459;155.040;190.006;167.642;190.472;191.286;108.554; 42.624;248.678
2001-10-12 11:50:00;169.032; 50.707;205.500;122.783;1325.860;385.283;   null;203.912; 86.164;149.920;   null;277.722; 96.315;156.240;188.814;167.242;189.786;191.670;108.556; 42.270;250.206
2001-10-12 11:55:00;168.440; 51.000;205.867;124.013;1315.240;386.910;   null;205.090; 85.678;150.973;   null;278.793; 94.106;156.020;187.264;166.460;188.748;190.008;107.296; 42.890;251.512
2001-10-12 12:00:00;168.234; 51.293;206.067;122.250;1323.160;389.937; 99.988;203.190; 86.482;151.450;   null;277.893; 97.074;155.340;191.418;166.016;189.928;189.848;108.378; 42.718;249.042
2001-10-12 12:05:00;169.604; 51.720;207.267;122.987;1323.120;387.417;   null;205.254; 85.260;150.513;   null;280.268; 95.726;155.340;189.442;166.708;190.534;   null;107.784; 42.460;248.828
2001-10-12 12:10:00;168.088; 51.030;204.500;122.123;1317.860;388.217;   null;202.976; 87.382;150.427;   null;280.322; 96.148;158.960;190.790;168.324;190.792;189.450;107.076; 42.812;250.410
2001-10-12 12:15:00;166.864; 53.100;205.667;123.817;1320.600;389.703; 99.337;203.984; 86.376;150.737;   null;278.271; 95.604;157.060;191.392;168.588;189.504;190.632;107.576; 42.800;250.978
2001-10-12 12:20:00;169.546; 51.667;206.233;124.203;1318.480;389.570;   null;201.920; 87.280;151.297;   null;279.502; 95.660;158.500;190.422;167.620;188.244;191.620;109.106; 42.242;250.206
2001-10-12 12:25:00;166.824; 51.950;205.500;123.310;1316.640;390.923;   null;205.664; 86.638;151.613;   null;280.149; 95.413;157.140;189.708;168.206;192.116;191.330;108.554; 42.780;250.488
2001-10-12 12:30:00;167.722; 50.303;204.833;122.227;1316.500;391.070; 99.183;205.312; 86.776;149.647;   null;279.890; 96.313;156.360;189.840;167.398;190.216;190.884;107.708; 41.774;250.890
2001-10-12 12:35:00;167.958; 49.910;204.167;123.250;1321.060;386.350;   null;205.908; 85.610;150.870;   null;282.602; 95.239;156.680;189.418;167.074;193.112;189.404;108.132; 42.518;247.620
2001-10-12 12:40:00;166.660; 51.010;206.700;125.083;1321.680;386.737;   null;205.602; 86.848;149.090;   null;279.955; 95.441;154.760;188.978;167.762;191.014;191.504;107.754; 42.982;248.772
2001-10-12 12:45:00;168.802; 49.967;206.467;123.187;1315.520;389.987;100.063;204.394; 86.554;149.910;   null;281.046; 94.671;157.160;189.286;168.128;190.168;189.694;107.638; 42.604;248.794
2001-10-12 12:50:00;167.098; 52.653;205.600;122.810;1316.940;388.323;   null;206.056; 85.094;150.390;   null;281.528; 94.919;157.300;189.294;168.910;190.062;191.688;107.820; 42.098;249.202
2001-10-12 12:55:00;167.526; 49.950;207.700;123.470;1321.120;383.983;   null;205.586; 87.558;151.140;   null;282.754; 95.910;155.460;190.436;168.452;190.364;   null;107.756; 42.974;249.990
2001-10-12 13:00:00;169.212; 52.017;204.200;124.090;1316.680;385.623;101.120;205.764; 85.710;154.997;   null;283.027; 96.784;156.460;189.544;166.322;191.204;191.810;108.532; 43.160;249.206
2001-10-12 13:05:00;168.418; 50.973;208.600;123.460;1317.180;388.830;   null;206.324; 86.874;150.083;   null;281.097; 93.297;157.880;188.274;166.964;190.518;190.658;107.510; 43.016;248.724
2001-10-12 13:10:00;167.780; 50.473;206.800;123.093;1322.600;387.320;   null;204.646; 87.170;150.060;   null;277.023; 94.283;154.600;189.980;168.052;190.958;190.092;107.392; 43.254;249.044
2001-10-12 13:15:00;168.654; 51.550;207.700;123.767;1321.960;388.733; 99.504;204.886; 86.228;151.790;   null;284.649; 95.271;156.620;186.594;168.742;191.298;192.282;108.496; 43.302;250.274
2001-10-12 13:20:00;167.768; 51.970;206.533;124.780;1315.500;390.280;   null;205.016; 85.338;150.730;   null;279.794; 96.534;157.800;188.990;168.692;189.872;191.386;108.582; 42.828;250.548
2001-10-12 13:25:00;166.290; 49.747;204.133;123.707;1314.360;384.977;   null;204.142; 85.444;149.987;   null;281.185; 95.706;156.620;189.770;168.750;189.208;192.818;106.928; 42.820;248.658
2001-10-12 13:30:00;167.852; 51.823;204.833;122.877;1321.840;386.610; 99.782;207.356; 86.446;150.157;   null;281.673; 95.596;156.760;187.398;167.298;190.156;190.892;108.098; 42.702;250.084
2001-10-12 13:35:00;168.568; 51.507;205.467;123.770;1313.640;385.417;   null;203.470; 86.918;151.923;   null;284.336; 96.690;153.520;188.146;168.000;189.066;190.256;107.364; 42.580;249.742
2001-10-12 13:40:00;167.642; 51.030;208.400;123.920;1314.560;389.523;   null;203.618; 84.900;150.390;   null;281.269; 96.039;155.820;187.102;165.274;191.854;   null;107.310; 42.812;250.464
2001-10-12 13:45:00;167.490; 51.877;204.300;124.447;1316.720;388.133; 99.530;206.522; 86.258;150.790;   null;279.821; 95.938;154.660;189.624;168.120;190.074;192.517;106.840; 42.996;248.718
2001-10-12 13:50:00;166.396; 51.423;206.833;121.653;1312.900;385.033;   null;203.434; 86.114;148.990;   null;279.661; 94.352;156.640;190.224;166.084;188.840;189.262;108.470; 42.372;250.278
2001-10-12 13:55:00;166.208; 50.713;205.367;122.987;1317.820;389.326;   null;204.060; 87.068;150.743;   null;280.584; 95.603;157.440;189.504;167.844;191.540;190.158;106.506; 42.384;248.282
2001-10-12 14:00:00;167.624; 51.693;202.400;123.100;1317.840;386.583;100.532;202.708; 85.672;148.613;   null;279.624; 94.835;155.180;187.916;169.480;190.536;190.484;109.080; 43.356;251.010
2001-10-12 14:05:00;167.930; 51.127;207.667;123.060;1319.880;387.130;   null;202.964; 87.014;149.023;   null;280.660; 94.714;156.600;190.092;168.314;192.074;190.534;107.072; 41.902;248.714
2001-10-12 14:10:00;167.156; 51.893;205.500;122.687;1320.580;384.527;   null;203.786; 85.822;148.987;   null;282.517; 95.941;156.020;189.694;166.230;189.378;191.916;108.096; 43.086;249.134
2001-10-12 14:15:00;168.642; 52.333;203.967;124.537;1316.020;386.640;100.936;203.870; 84.936;151.743;   null;282.451; 95.806;155.140;191.440;165.380;188.238;189.718;107.466; 42.962;251.478
2001-10-12 14:20:00;167.658; 51.083;203.967;123.530;1322.100;384.747;   null;202.980; 86.226;153.710;   null;279.356; 94.453;155.240;191.220;170.118;189.346;191.292;106.462; 42.372;250.146
2001-10-12 14:25:00;167.462; 51.540;204.100;122.040;1315.900;387.970;   null;205.108; 85.898;152.707;   null;283.014; 97.497;156.400;188.870;168.128;189.958;195.070;107.314; 42.774;250.494
2001-10-12 14:30:00;167.468; 50.570;207.900;121.950;1311.020;386.854;101.263;206.130; 86.184;152.230;   null;280.160; 95.403;155.480;189.022;166.488;190.624;190.537;107.910; 42.338;251.136
2001-10-12 14:35:00;167.262; 51.393;207.200;125.000;1311.660;383.980;   null;203.934; 86.268;151.053;   null;281.149; 95.450;154.020;191.432;166.252;190.094;191.814;106.442; 42.902;252.008
2001-10-12 14:40:00;167.496; 49.740;203.467;123.220;1318.800;388.820;   null;202.734; 87.162;151.737;   null;282.824; 96.578;155.280;188.358;168.316;192.196;191.120;107.570; 42.454;249.678
2001-10-12 14:45:00;168.032; 51.733;203.900;123.763;1312.580;384.670;100.882;200.884; 85.936;152.007;   null;280.771; 95.563;154.940;189.078;166.660;190.478;194.033;107.490; 42.142;249.016
2001-10-12 14:50:00;168.828; 51.333;205.533;124.340;1314.620;388.370;   null;206.398; 86.352;153.357;   null;282.111; 94.467;154.540;190.518;165.766;188.968;189.416;107.900; 42.396;250.338
2001-10-12 14:55:00;167.462; 51.557;205.500;122.853;1317.700;386.983;   null;206.408; 85.772;150.553;   null;282.746; 95.657;155.360;190.048;167.318;191.016;191.546;107.620; 42.334;249.526
2001-10-12 15:00:00;168.364; 50.517;205.400;123.817;1319.420;385.170;100.318;203.218; 85.308;152.237;   null;286.116; 93.228;154.980;191.110;165.740;188.150;191.212;107.076; 42.860;250.318
2001-10-12 15:05:00;168.760; 50.883;203.833;121.573;1316.200;385.710;   null;203.158; 84.896;153.497;   null;281.444; 95.806;154.020;189.572;167.348;188.140;192.186;107.848; 42.536;250.716
2001-10-12 15:10:00;168.094; 51.310;205.133;123.527;1320.280;386.727;   null;202.946; 85.930;153.260;   null;279.508; 96.380;154.020;189.118;166.448;192.130;192.426;108.468; 42.444;249.952
2001-10-12 15:15:00;167.738; 50.460;204.200;122.963;1316.380;385.207; 99.785;201.466; 86.156;152.607;   null;280.843; 94.983;153.960;190.586;166.842;189.880;190.398;106.516; 42.356;250.716
2001-10-12 15:20:00;167.074; 50.507;204.567;123.763;1308.760;387.133;   null;202.366; 85.598;151.457;   null;281.478; 96.495;154.240;189.720;167.562;190.764;192.442;106.990; 42.754;251.094
2001-10-12 15:25:00;167.108; 50.043;207.733;124.047;1316.720;388.227;   null;202.966; 84.636;151.787;   null;278.652; 96.279;155.540;188.558;166.638;191.594;191.800;107.220; 42.484;250.744
2001-10-12 15:30:00;167.378; 51.700;204.633;123.487;1323.820;387.177;100.350;201.214; 87.170;150.333;   null;282.236; 95.538;152.840;190.852;167.000;191.480;192.022;105.720; 42.348;250.236
2001-10-12 15:35:00;167.276; 51.470;208.433;122.853;1317.120;386.183;   null;202.956; 85.156;153.200;   null;283.431; 95.254;156.140;190.672;166.946;188.854;189.680;106.964; 42.304;251.300
2001-10-12 15:40:00;168.438; 50.283;205.000;122.860;1314.440;386.313;   null;203.008; 85.442;151.683;   null;281.572; 96.363;154.080;188.586;168.534;191.296;191.122;106.684; 42.566;248.664
2001-10-12 15:45:00;165.352; 51.353;207.033;124.747;1316.120;383.737;100.436;202.560; 87.556;152.027;   null;279.601; 93.926;152.800;189.816;167.258;190.600;189.122;107.168; 43.050;250.424
2001-10-12 15:50:00;168.334; 50.537;202.400;122.850;1315.020;385.950;   null;203.814; 87.340;151.720;   null;283.274; 94.148;155.400;190.538;166.838;190.996;189.552;108.364; 43.160;250.698
2001-10-12 15:55:00;168.630; 51.350;205.500;122.057;1314.320;385.990;   null;202.338; 86.016;154.813;   null;281.194; 96.161;154.280;191.654;166.462;190.164;191.872;107.144; 43.402;249.192
2001-10-12 16:00:00;167.682; 50.077;203.133;122.590;1315.920;381.680;100.780;201.396; 86.072;154.740;   null;277.259; 93.579;155.220;190.328;166.822;189.902;192.722;107.976; 42.698;250.962
2001-10-12 16:05:00;168.214; 51.000;202.033;123.287;1310.980;385.410;   null;203.502; 85.456;149.743;   null;279.902; 96.476;154.000;189.630;167.608;190.276;192.118;107.020; 43.330;251.624
2001-10-12 16:10:00;168.864; 51.653;204.400;121.963;1316.540;384.890;   null;203.352; 86.778;151.136;   null;284.686; 96.056;156.020;188.986;168.198;189.666;190.806;107.826; 42.952;249.996
2001-10-12 16:15:00;168.652; 49.987;209.033;122.717;1311.020;388.130; 99.573;202.360; 85.684;151.607;   null;282.766; 94.926;152.560;190.058;165.478;190.936;191.614;107.176; 42.424;248.938
2001-10-12 16:20:00;165.930; 51.897;204.967;122.637;1310.580;388.330;   null;203.184; 86.234;152.693;   null;281.617; 93.852;155.360;189.644;166.206;188.940;192.906;106.888; 42.774;250.956
2001-10-12 16:25:00;167.000; 50.710;205.400;122.770;1318.640;383.097;   null;202.360; 85.572;151.327;   null;284.465; 95.435;153.840;188.256;166.382;189.584;191.102;109.242; 42.640;250.608
2001-10-12 16:30:00;168.554; 50.693;205.167;123.350;1310.420;385.560; 99.729;202.244; 86.018;151.060;   null;279.181; 95.615;152.500;190.470;167.926;190.370;189.768;106.114; 42.626;250.506
2001-10-12 16:35:00;166.818; 51.667;205.733;123.443;1317.400;386.107;   null;202.348; 85.254;152.823;   null;282.757; 92.747;154.340;188.054;167.364;187.516;188.712;108.146; 43.018;250.172
2001-10-12 16:40:00;167.636; 51.173;209.100;123.770;1317.780;387.340;   null;202.220; 84.872;151.200;   null;284.045; 95.615;154.480;190.262;166.522;189.370;190.518;107.946; 42.214;249.838
2001-10-12 16:45:00;166.438; 52.183;205.333;123.870;1309.560;382.500; 99.277;204.440; 84.808;151.100;   null;283.962; 93.223;154.120;189.120;167.800;190.976;192.034;107.204; 42.434;250.136
2001-10-12 16:50:00;166.536; 50.863;203.967;121.780;1312.040;384.013;   null;202.590; 86.978;151.127;   null;284.641; 93.594;154.420;188.404;166.992;190.862;190.880;106.472; 42.590;251.022
2001-10-12 16:55:00;166.976; 51.150;202.000;122.600;1308.260;389.037;   null;201.568; 84.706;152.223;   null;283.229; 94.893;153.320;187.080;166.476;189.998;192.126;107.864; 42.932;250.300
2001-10-12 17:00:00;166.600; 51.017;205.400;122.433;1316.200;384.843;100.225;202.936; 85.686;151.797;   null;280.420; 94.311;154.200;189.412;168.006;190.330;190.662;106.960; 42.392;250.650
2001-10-12 17:05:00;167.786; 50.270;203.033;124.410;1305.780;384.570;   null;204.172; 86.130;150.854;   null;282.130; 93.887;153.840;191.616;167.488;190.896;191.408;107.444; 42.530;250.460
2001-10-12 17:10:00;166.122; 52.023;203.400;121.580;1315.840;386.877;   null;202.156; 85.770;149.227;   null;279.869; 93.532;155.200;189.712;166.618;190.000;189.024;108.112; 42.518;250.228
2001-10-12 17:15:00;167.808; 50.293;206.500;123.170;1315.700;386.210;100.032;203.824; 85.394;150.463;   null;283.818; 94.906;154.300;188.910;166.320;190.172;192.764;106.486; 42.520;251.462
2001-10-12 17:20:00;168.366; 50.890;203.233;121.817;1313.140;383.220;   null;205.090; 85.872;153.813;   null;281.874; 93.933;155.260;189.018;167.062;189.680;189.150;106.906; 42.994;250.758
2001-10-12 17:25:00;168.880; 50.657;205.333;125.057;1317.000;386.010;   null;203.984; 85.188;148.707;   null;281.670; 94.792;154.560;189.690;165.818;188.734;191.946;107.086; 42.502;249.216
2001-10-12 17:30:00;167.184; 51.700;206.400;123.117;1312.260;385.450;100.061;202.026; 84.832;149.667;   null;283.109; 95.951;155.060;187.316;167.996;189.934;192.034;107.354; 42.480;249.416
2001-10-12 17:35:00;165.798; 50.727;203.600;124.170;1306.600;386.240;   null;201.458; 86.192;148.357;   null;281.902; 93.312;155.560;190.208;166.988;192.226;189.504;107.594; 43.106;251.006
2001-10-12 17:40:00;168.122; 50.057;206.233;123.423;1312.940;387.893;   null;203.216; 87.250;150.797;   null;281.035; 95.537;152.540;188.256;166.508;191.358;192.082;107.762; 42.808;250.084
2001-10-12 17:45:00;164.768; 50.413;204.433;122.803;1317.560;385.673; 99.483;203.002; 86.366;148.443;   null;284.052; 96.365;155.420;190.256;166.862;189.408;188.200;107.318; 41.794;251.358
2001-10-12 17:50:00;166.260; 49.760;203.000;122.323;1310.820;388.033;   null;203.248; 86.330;147.460;   null;281.691; 94.923;154.520;189.168;165.614;192.054;191.934;108.914; 42.648;250.012
2001-10-12 17:55:00;168.096; 50.337;204.433;123.070;1306.100;388.670;   null;204.216; 85.120;148.480;   null;282.970; 93.878;154.340;187.512;166.788;191.248;190.090;107.002; 42.320;249.356
2001-10-12 18:00:00;166.000; 51.200;204.767;124.600;1311.760;384.193;100.679;201.616; 84.980;149.363;   null;282.004; 93.858;154.500;188.772;168.332;191.200;190.590;107.586; 42.504;251.298
2001-10-12 18:05:00;167.756; 51.017;203.633;122.983;1308.620;383.940;   null;204.160; 87.094;150.053;   null;280.861; 95.892;154.420;187.546;167.546;191.764;189.590;106.502; 42.438;250.240
2001-10-12 18:10:00;167.934; 50.163;205.200;123.303;1305.960;390.487;   null;203.704; 85.582;150.293;   null;280.849; 93.983;156.020;189.290;167.146;190.222;191.667;107.750; 42.152;249.772
2001-10-12 18:15:00;165.600; 50.760;205.767;123.597;1313.320;382.620; 99.856;203.216; 85.014;147.186;   null;284.158; 96.617;153.580;188.434;166.660;190.632;   null;107.420; 42.492;253.152
2001-10-12 18:20:00;167.346; 50.823;204.900;123.240;1308.860;383.360;   null;201.560; 85.536;148.660;   null;280.504; 94.872;155.420;189.946;164.206;190.776;190.268;107.026; 42.812;249.248
2001-10-12 18:25:00;166.454; 50.037;203.167;123.297;1311.500;386.007;   null;203.400; 85.716;149.777;   null;281.337; 94.221;153.420;190.364;166.980;191.138;193.055;107.442; 42.704;250.314
2001-10-12 18:30:00;166.206; 50.603;206.267;120.500;1308.080;382.540;100.102;204.042; 84.210;149.507;   null;280.851; 94.267;152.660;189.988;168.416;189.836;   null;108.260; 42.130;252.140
2001-10-12 18:35:00;165.634; 49.807;206.367;121.523;1310.360;384.857;   null;203.544; 85.894;152.333;   null;281.374; 94.348;153.800;188.776;167.060;190.490;193.344;107.038; 42.916;248.876
2001-10-12 18:40:00;167.636; 50.690;207.733;122.450;1314.380;385.203;   null;204.790; 86.064;149.530;   null;281.934; 92.991;154.200;188.870;168.948;193.160;189.192;107.364; 42.768;248.434
2001-10-12 18:45:00;165.690; 51.067;203.300;121.880;1316.200;383.960; 99.395;203.808; 85.728;150.110;   null;281.337; 92.511;154.680;189.972;167.344;191.400;192.066;107.696; 43.024;249.212
2001-10-12 18:50:00;164.304; 51.580;207.133;122.920;1301.820;385.540;   null;202.394; 86.012;151.533;   null;283.764; 93.222;155.900;190.456;166.784;192.776;190.906;106.824; 42.724;250.446
2001-10-12 18:55:00;166.628; 51.087;203.667;123.120;1310.800;382.534;   null;202.234; 84.812;149.127;   null;281.535; 93.828;154.060;187.898;168.338;190.202;190.664;107.656; 42.836;249.492
2001-10-12 19:00:00;166.172; 51.483;204.833;122.553;1317.560;382.557; 99.784;204.690; 86.606;149.047;   null;279.033; 95.861;152.980;189.230;166.988;192.134;189.504;107.836; 42.756;250.742
2001-10-12 19:05:00;165.812; 50.880;207.867;123.643;1309.260;385.694;   null;203.786; 85.824;151.193;   null;279.919; 93.870;155.080;190.248;167.262;192.404;191.614;106.308; 43.250;247.620
2001-10-12 19:10:00;167.510; 51.870;205.367;123.567;1314.600;383.970;   null;203.072; 85.780;151.110;   null;281.871; 93.938;155.340;189.026;167.400;191.426;191.840;105.896; 42.098;250.942
2001-10-12 19:15:00;167.344; 49.993;205.533;122.637;1307.200;387.157; 98.158;205.414; 85.654;149.637;   null;281.175; 92.221;153.320;190.134;167.498;191.340;191.318;107.464; 42.552;249.890
2001-10-12 19:20:00;166.308; 51.020;204.633;121.083;1312.000;385.267;   null;203.060; 86.148;151.080;232.641;281.174; 93.629;155.940;190.250;167.276;194.536;191.746;106.336; 42.856;251.210
2001-10-12 19:25:00;166.402; 51.483;204.867;123.343;1310.740;388.790;   null;201.852; 85.906;150.000;   null;286.046; 94.100;154.380;191.360;168.838;193.530;192.182;107.324; 42.754;247.888
2001-10-12 19:30:00;166.888; 51.427;202.833;122.917;1309.320;382.600; 99.252;203.532; 86.434;149.033;   null;279.741; 93.835;153.900;188.376;167.262;192.652;189.596;107.218; 42.742;249.880
2001-10-12 19:35:00;167.560; 50.870;204.233;123.943;1306.480;386.703;   null;202.468; 87.116;150.520;   null;282.710; 93.423;153.520;190.318;167.254;190.744;189.796;107.010; 42.668;251.066
2001-10-12 19:40:00;168.384; 50.763;206.767;123.447;1313.640;385.670;   null;201.844; 86.670;151.267;   null;282.474; 92.805;155.340;190.740;168.360;191.154;192.180;106.306; 42.756;249.930
2001-10-12 19:45:00;168.410; 50.563;204.433;120.487;1307.100;383.267; 99.821;200.508; 86.792;149.753;   null;282.318; 93.238;154.220;189.618;167.790;190.824;189.660;107.708; 42.296;250.418
2001-10-12 19:50:00;168.746; 51.377;205.800;122.350;1309.740;386.337;   null;204.536; 84.928;149.500;   null;281.906; 94.518;154.520;190.374;167.254;191.344;190.416;107.112; 43.206;251.306
2001-10-12 19:55:00;167.340; 50.647;205.700;122.600;1314.600;385.753;   null;202.812; 87.510;149.107;   null;281.855; 94.408;154.300;190.032;167.372;192.468;191.594;107.486; 42.630;249.334
2001-10-12 20:00:00;166.776; 51.127;207.000;122.623;1306.500;385.770;100.156;203.898; 85.452;148.627;   null;284.103; 96.518;153.420;190.220;166.714;192.156;190.490;107.796; 43.384;249.938
2001-10-12 20:05:00;165.384; 51.037;205.133;121.920;1311.580;382.643;   null;202.218; 86.146;152.677;   null;281.649; 93.061;154.060;190.388;168.242;195.202;190.438;108.818; 42.260;249.350
2001-10-12 20:10:00;167.786; 50.483;205.333;123.253;1314.760;387.697;   null;202.724; 86.462;151.083;   null;282.565; 94.853;153.120;186.436;168.356;190.298;190.946;106.438; 43.042;249.342
2001-10-12 20:15:00;166.512; 51.507;205.067;124.003;1309.080;387.376; 99.993;205.282; 86.166;151.443;   null;282.731; 93.290;153.980;189.230;169.192;194.224;190.890;108.686; 43.382;249.246
2001-10-12 20:20:00;167.612; 50.600;205.033;122.727;1314.440;385.350;   null;202.544; 85.860;150.303;   null;279.605; 93.413;156.380;187.916;165.384;194.406;189.162;107.446; 42.124;250.894
2001-10-12 20:25:00;167.172; 50.807;205.900;123.577;1317.460;388.097;   null;202.826; 86.072;146.377;   null;280.971; 94.104;153.860;189.456;165.802;194.158;190.698;106.168; 42.218;250.140
2001-10-12 20:30:00;166.564; 51.083;206.567;122.303;1311.000;385.257;100.333;204.550; 86.654;150.383;   null;282.244; 93.751;153.460;189.218;166.202;193.072;191.462;107.208; 43.238;249.650
2001-10-12 20:35:00;168.020; 51.190;208.300;122.510;1307.060;384.700;   null;204.056; 85.408;150.417;   null;282.256; 94.749;154.040;188.194;165.420;194.340;190.426;107.090; 42.734;249.796
2001-10-12 20:40:00;168.780; 51.203;205.667;122.893;1310.060;387.537;   null;203.038; 85.666;151.930;   null;283.450; 95.093;154.860;189.592;167.066;193.376;190.848;107.700; 42.902;249.418
2001-10-12 20:45:00;168.014; 51.630;208.200;120.613;1308.240;384.187; 99.570;203.168; 87.068;149.770;   null;283.273; 95.374;154.780;189.876;167.670;193.228;192.472;107.384; 42.962;248.064
2001-10-12 20:50:00;168.068; 51.220;207.000;123.517;1309.680;385.157;   null;203.204; 86.700;149.113;   null;281.978; 94.391;154.120;189.024;168.254;193.490;190.456;108.006; 42.520;251.746
2001-10-12 20:55:00;164.834; 50.127;207.033;120.930;1309.500;383.827;   null;201.304; 86.704;150.433;   null;281.465; 93.900;152.920;189.072;168.564;193.708;191.334;106.926; 42.730;249.252
2001-10-12 21:00:00;167.276; 51.150;207.800;123.793;1311.860;384.633;100.634;204.010; 85.254;149.480;   null;281.115; 94.782;153.780;189.582;167.682;195.038;192.026;107.710; 42.814;250.340
2001-10-12 21:05:00;166.386; 50.173;206.633;121.943;1300.260;386.430;   null;204.230; 85.760;149.047;   null;283.546; 93.372;153.620;189.128;168.546;194.532;190.876;107.166; 42.776;249.670
2001-10-12 21:10:00;166.894; 50.640;204.767;121.143;1310.600;384.703;   null;202.488; 86.028;149.590;   null;284.015; 92.404;153.180;188.442;167.680;191.882;190.542;107.952; 42.436;250.378
2001-10-12 21:15:00;166.614; 51.570;204.533;122.530;1308.980;383.007;100.532;201.622; 86.764;151.380;   null;280.890; 94.241;153.120;187.356;166.674;194.434;190.524;107.334; 43.082;252.170
2001-10-12 21:20:00;165.764; 50.350;206.967;121.600;1312.520;386.203;   null;204.006; 88.050;150.050;   null;282.488; 94.370;153.640;189.176;166.654;193.260;192.224;107.336; 42.802;249.958
2001-10-12 21:25:00;167.546; 50.723;208.567;123.750;1310.520;385.973;   null;203.272; 86.800;150.210;   null;283.848; 92.865;151.540;190.994;169.100;192.148;192.550;108.878; 42.918;251.808
2001-10-12 21:30:00;166.408; 50.423;208.767;122.593;1312.220;384.780; 99.030;203.000; 85.946;150.133;   null;280.999; 94.984;155.240;189.032;168.536;194.956;191.160;107.142; 42.888;249.766
2001-10-12 21:35:00;165.180; 51.873;206.200;122.470;1300.920;383.737;   null;202.104; 86.582;147.800;   null;281.646; 94.807;154.440;191.344;168.784;194.674;190.212;107.252; 43.282;249.106
2001-10-12 21:40:00;167.170; 51.327;206.800;123.327;1312.320;386.367;   null;201.510; 85.856;150.117;   null;279.386; 93.827;150.920;188.316;165.354;193.104;191.284;107.932; 43.048;247.786
2001-10-12 21:45:00;164.156; 51.047;205.733;123.700;1306.240;387.693; 99.204;202.228; 86.952;151.763;   null;279.141; 93.220;152.480;189.926;167.194;194.514;187.720;107.132; 42.848;248.654
2001-10-12 21:50:00;166.850; 50.637;208.833;122.647;1314.980;385.503;   null;202.116; 86.126;150.230;   null;281.268; 94.374;154.080;189.610;166.948;194.268;192.813;107.444; 42.724;251.292
2001-10-12 21:55:00;167.064; 49.287;205.600;122.570;1307.720;384.883;   null;202.754; 86.530;150.100;   null;279.080; 94.602;154.880;189.328;166.948;193.226;192.124;106.088; 42.796;250.908
2001-10-12 22:00:00;164.756; 50.390;206.900;123.653;1321.380;387.613; 99.465;201.548; 87.020;149.023;   null;278.118; 94.128;154.740;188.942;168.990;195.922;193.804;107.592; 43.248;251.190
2001-10-12 22:05:00;166.004; 49.547;205.600;121.540;1314.880;387.410;   null;203.368; 86.404;151.577;   null;282.023; 94.979;154.220;189.564;166.420;193.946;190.610;108.720; 42.922;248.034
2001-10-12 22:10:00;167.002; 50.177;206.700;123.507;1307.120;389.640;   null;202.164; 87.466;152.177;   null;282.045; 93.406;152.780;188.508;167.450;192.092;191.542;108.220; 42.350;251.622
2001-10-12 22:15:00;166.968; 51.157;204.333;122.480;1313.700;387.033; 98.572;202.584; 87.042;147.650;   null;279.292; 91.989;153.080;189.512;167.520;192.302;194.186;107.248; 42.930;249.790
2001-10-12 22:20:00;165.706; 51.423;209.133;123.530;1316.280;387.290;   null;204.388; 86.582;148.853;   null;280.857; 95.474;151.980;189.978;168.454;190.334;194.914;106.346; 42.924;251.946
2001-10-12 22:25:00;166.038; 50.623;208.967;122.293;1310.660;387.150;   null;201.916; 87.420;150.127;   null;281.593; 94.758;152.800;189.334;167.582;194.298;193.124;107.518; 42.652;250.102
2001-10-12 22:30:00;169.562; 50.787;206.700;124.420;1313.520;386.703;100.609;203.646; 88.118;147.190;   null;278.455; 94.010;153.640;189.372;166.562;193.428;191.146;107.294; 42.326;249.608
2001-10-12 22:35:00;168.008; 50.810;208.567;123.383;1314.200;384.313;   null;203.222; 86.420;149.417;   null;279.548; 94.223;150.740;188.366;167.904;194.602;194.464;107.902; 43.058;250.406
2001-10-12 22:40:00;168.870; 50.840;208.333;123.130;1315.260;386.173;   null;201.118; 85.306;150.273;   null;281.053; 92.453;152.940;189.812;166.836;191.872;192.102;107.574; 42.412;251.580
2001-10-12 22:45:00;167.310; 49.630;207.133;122.910;1320.740;386.107; 99.205;201.056; 86.990;149.877;   null;282.057; 94.119;153.840;189.160;166.172;195.162;193.996;108.138; 41.912;251.326
2001-10-12 22:50:00;168.054; 51.633;205.400;121.437;1316.760;386.957;   null;202.752; 87.830;150.943;   null;282.539; 95.654;154.640;188.446;165.832;193.220;194.872;107.174; 43.058;249.450
2001-10-12 22:55:00;167.746; 50.943;207.233;122.033;1307.360;386.643;   null;203.320; 87.746;151.000;   null;281.771; 93.637;153.500;190.778;168.556;195.020;193.098;107.206; 42.988;247.924

