ESOI    ATHN    MXCO    ROME    AATB    LMKS    DRBS    MOSC    NEWK    KIEL    CALG    OULU    APTY    FSMT    INVK    NAIN    PWNK    THUL    SOPB    SOPO
2001-11-05 20:50:00;171.902; 54.053;216.167;127.853;1385.380;418.477;   null;214.384;   null;159.750;300.182;100.060;161.200;199.592;179.610;199.408;   null;113.312; 45.990;268.582
2001-11-05 20:55:00;171.868; 54.333;214.400;126.350;1393.980;420.140;   null;215.070;   null;159.463;297.157; 97.560;161.300;198.186;180.006;202.058;   null;113.844; 46.522;269.430
2001-11-05 21:00:00;173.140; 53.303;212.000;129.307;1382.340;419.163;105.422;216.394;   null;158.937;298.119; 98.289;162.540;198.282;179.140;200.714;   null;113.752; 46.378;270.040
2001-11-05 21:05:00;170.698; 53.760;214.767;129.307;1387.160;415.750;   null;217.220;   null;157.514;299.817; 98.988;162.000;199.208;179.326;201.706;   null;112.048; 47.210;270.398
2001-11-05 21:10:00;170.246; 52.870;215.867;127.800;1393.900;417.330;   null;216.412;   null;159.153;297.913; 99.598;162.840;199.290;180.522;199.026;   null;112.308; 46.860;268.618
2001-11-05 21:15:00;173.100; 53.687;214.367;128.723;1390.900;417.330;106.734;214.600;   null;161.220;299.759;100.384;164.680;201.152;181.034;199.334;   null;113.802; 46.560;270.714
2001-11-05 21:20:00;172.636; 52.987;217.533;128.133;1378.320;417.660;   null;216.514;   null;156.100;295.913; 99.090;163.280;198.172;180.104;197.912;   null;114.842; 46.074;269.414
2001-11-05 21:25:00;171.500; 53.547;216.567;127.903;1386.260;413.477;   null;216.402;   null;156.900;298.187;100.167;161.980;200.800;180.513;203.748;   null;113.330; 46.532;270.314
2001-11-05 21:30:00;171.298; 53.447;215.433;128.933;1388.480;418.563;105.734;214.000;   null;159.283;298.968; 99.231;162.640;200.752;177.526;200.328;   null;113.940; 46.118;268.556
2001-11-05 21:35:00;171.454; 53.337;214.467;129.527;1392.900;415.286;   null;213.838;   null;159.117;297.336;100.511;162.300;198.616;180.010;199.114;   null;113.950; 46.932;266.228
2001-11-05 21:40:00;170.770; 54.490;214.100;128.323;1401.660;414.230;   null;215.844;   null;159.073;300.762;100.187;162.380;198.918;177.616;199.156;   null;114.736; 46.396;269.806
2001-11-05 21:45:00;170.170; 53.820;214.467;129.567;1389.520;418.407;106.419;216.644; 90.330;159.047;299.221; 99.685;161.820;200.776;176.826;201.352;   null;112.464; 46.400;267.852
2001-11-05 21:50:00;170.758; 52.353;215.133;127.357;1394.260;416.147;   null;219.358; 90.752;157.607;296.433;100.335;161.980;198.476;180.694;199.134;   null;115.604; 46.170;270.068
2001-11-05 21:55:00;170.986; 54.210;214.900;129.003;1400.760;414.553;   null;215.552; 92.202;158.250;297.884; 99.293;162.620;199.310;178.416;201.618;   null;114.532; 46.688;270.634
2001-11-05 22:00:00;171.942; 54.363;215.367;129.900;1396.080;417.523;106.145;216.308; 91.842;159.887;297.883; 98.980;163.000;200.192;179.432;199.886;   null;111.960; 46.040;269.486
2001-11-05 22:05:00;172.594; 53.533;213.633;127.737;1392.540;419.497;   null;215.912; 90.202;160.333;296.251; 99.797;161.420;198.114;179.630;199.426;   null;113.662; 46.124;269.540
2001-11-05 22:10:00;172.614; 53.533;216.533;130.337;1389.480;416.993;   null;216.320; 90.628;158.787;296.927; 98.846;161.100;198.830;177.336;200.144;   null;114.012; 45.756;268.342
2001-11-05 22:15:00;172.692; 53.163;213.500;127.587;1386.760;416.370;106.652;216.832; 92.294;161.004;298.655; 98.735;162.900;199.024;177.776;199.576;   null;114.044; 46.604;270.046
2001-11-05 22:20:00;171.100; 53.067;215.267;130.203;1387.540;419.187;   null;216.104; 90.418;159.090;299.357; 99.540;160.440;200.016;177.166;199.344;   null;113.942; 46.190;267.428
2001-11-05 22:25:00;171.762; 53.513;215.967;127.857;1388.480;419.450;   null;215.736; 90.814;161.233;298.904; 99.608;163.200;198.956;178.926;198.640;   null;114.328; 46.078;268.850
2001-11-05 22:30:00;169.838; 53.923;214.433;128.797;1390.000;414.227;105.639;218.962; 92.164;157.240;298.429; 98.922;162.500;195.446;175.970;199.972;   null;113.152; 46.246;269.012
2001-11-05 22:35:00;172.338; 53.957;214.833;128.170;1389.180;418.167;   null;214.200; 90.598;158.610;299.365;100.556;162.700;199.920;176.362;199.358;   null;112.920; 46.546;269.526
2001-11-05 22:40:00;171.346; 52.657;214.933;126.450;1387.320;416.020;   null;214.400; 89.834;157.990;298.715; 99.987;160.640;198.290;176.676;200.390;   null;114.074; 46.042;268.448
2001-11-05 22:45:00;171.876; 53.003;215.333;127.880;1390.820;412.543;106.447;213.852; 91.554;159.563;298.934;100.205;162.040;197.948;177.882;201.986;   null;113.350; 46.866;267.524
2001-11-05 22:50:00;173.616; 53.770;216.167;126.750;1392.460;414.127;   null;216.638; 91.318;157.983;297.900;101.402;162.040;197.038;178.704;196.976;   null;112.388; 46.406;268.428
2001-11-05 22:55:00;172.350; 53.137;216.367;127.707;1393.100;414.867;   null;215.672; 90.894;160.277;297.240; 99.867;163.380;198.904;177.342;199.046;   null;114.640; 46.320;267.682
2001-11-05 23:00:00;171.388; 53.583;216.733;127.543;1402.900;415.340;105.189;214.916; 90.156;158.040;296.489;102.004;163.440;199.632;177.138;200.232;   null;112.734; 46.322;270.008
2001-11-05 23:05:00;170.854; 52.790;216.600;129.500;1401.680;417.473;   null;216.854; 90.866;157.610;298.379;101.046;161.080;199.308;177.426;199.602;   null;112.898; 46.750;269.966
2001-11-05 23:10:00;173.220; 54.233;216.067;128.183;1399.480;416.897;   null;216.832; 89.998;158.027;297.297; 99.945;161.680;200.956;177.196;199.482;   null;114.804; 46.426;269.352
2001-11-05 23:15:00;171.706; 52.987;217.800;129.223;1393.920;415.610;106.322;215.236; 89.942;158.553;298.038; 98.368;162.840;198.412;177.422;198.860;   null;114.248; 46.346;267.978
2001-11-05 23:20:00;171.446; 53.587;215.433;129.617;1399.740;416.890;   null;214.744; 90.902;160.143;297.314;100.567;161.220;200.180;178.938;200.710;   null;114.562; 46.224;269.468
2001-11-05 23:25:00;174.130; 54.000;215.733;130.380;1396.400;412.997;   null;216.256; 90.380;158.953;296.266; 98.695;160.860;199.356;176.522;197.184;   null;113.944; 46.868;267.080
2001-11-05 23:30:00;170.920; 53.233;212.233;128.887;1396.420;417.977;106.419;213.162; 91.728;162.080;295.329;102.295;162.380;200.704;176.174;200.780;   null;114.254; 46.486;267.790
2001-11-05 23:35:00;171.120; 52.933;214.933;128.393;1396.920;415.570;   null;218.326; 90.906;157.937;297.759;100.759;163.540;199.040;177.302;199.980;   null;116.028; 45.644;269.460
2001-11-05 23:40:00;171.906; 54.070;214.933;128.287;1397.120;414.233;   null;215.194; 91.252;159.467;295.876;100.019;161.860;200.274;176.740;199.238;   null;114.438; 46.360;266.394
2001-11-05 23:45:00;169.968; 53.557;217.067;126.657;1388.380;416.520;104.975;216.392; 90.998;160.620;297.349; 99.788;162.740;201.036;176.072;200.926;   null;114.222; 47.100;266.832
2001-11-05 23:50:00;170.434; 53.653;213.967;129.097;1402.960;417.700;   null;217.070; 90.922;159.390;298.308;100.189;163.140;200.558;178.556;200.822;   null;114.832; 47.260;268.410
2001-11-05 23:55:00;170.788; 55.070;212.433;128.480;1393.800;416.060;   null;215.362; 91.588;159.670;300.545; 99.781;161.720;197.690;176.670;198.968;   null;115.182; 46.692;266.804
2001-11-06 00:00:00;170.472; 53.197;216.433;129.877;1390.260;414.280;105.578;215.564; 91.324;159.760;298.595;100.057;163.160;199.704;180.462;199.068;   null;115.140; 46.316;270.404
2001-11-06 00:05:00;173.244; 52.940;216.500;129.073;1388.340;414.800;   null;217.018; 90.348;159.663;295.481; 99.627;163.660;200.550;180.032;201.598;   null;114.932; 46.446;267.102
2001-11-06 00:10:00;171.292; 53.640;216.800;130.203;1396.420;414.390;   null;215.628; 91.534;157.553;300.633;101.039;161.880;201.174;178.788;198.632;   null;115.636; 46.070;268.630
2001-11-06 00:15:00;173.370; 54.207;215.267;127.783;1389.580;417.123;106.841;217.464; 90.250;160.980;299.619; 99.412;162.400;199.222;178.454;200.500;   null;115.154; 46.250;267.142
2001-11-06 00:20:00;172.246; 54.873;216.967;131.367;1385.900;416.147;   null;218.418; 92.312;160.823;296.321;100.243;163.580;200.148;178.008;201.130;   null;115.238; 46.070;270.334
2001-11-06 00:25:00;171.116; 54.160;216.767;127.490;1392.220;415.637;   null;216.798; 91.400;160.647;298.008;100.585;164.240;200.814;180.596;197.692;   null;115.422; 45.958;267.096
2001-11-06 00:30:00;174.050; 54.400;215.500;129.557;1385.320;423.263;106.746;218.610; 90.030;161.230;299.523; 99.701;164.920;198.702;179.538;199.568;   null;117.062; 46.104;269.520
2001-11-06 00:35:00;173.352; 53.190;213.767;130.700;1393.300;421.030;   null;218.222; 89.942;161.413;297.111;101.291;166.700;200.598;180.612;198.614;   null;115.554; 46.494;267.480
2001-11-06 00:40:00;173.840; 53.200;218.767;129.310;1395.720;421.503;   null;217.150; 90.730;162.817;298.864;100.879;165.320;200.698;178.588;198.300;   null;116.962; 46.002;267.148
2001-11-06 00:45:00;172.706; 54.340;215.067;130.803;1393.920;420.307;106.563;217.752; 90.366;161.153;298.197;101.276;165.400;202.784;181.472;199.928;   null;116.042; 46.392;268.224
2001-11-06 00:50:00;173.404; 53.243;215.833;130.747;1389.720;423.233;   null;220.982; 91.680;160.907;299.968;100.840;166.620;201.438;180.306;201.014;   null;115.926; 46.356;267.698
2001-11-06 00:55:00;174.292; 53.807;214.400;131.027;1390.660;419.187;   null;220.520; 91.554;162.200;302.777;101.564;164.360;202.546;180.994;198.274;   null;115.732; 46.686;268.588
2001-11-06 01:00:00;173.498; 53.590;217.533;130.263;1389.080;425.270;107.890;220.480; 92.258;162.723;298.360;102.835;164.400;202.344;182.918;200.094;   null;116.318; 46.742;267.276
2001-11-06 01:05:00;173.406; 53.083;217.067;129.760;1396.120;424.200;   null;219.218; 90.342;162.390;298.466;102.200;164.920;201.238;181.872;199.254;   null;116.610; 46.420;268.686
2001-11-06 01:10:00;176.396; 53.957;216.667;132.363;1400.920;423.207;   null;221.686; 90.688;160.783;300.055;100.827;163.800;203.432;183.726;202.376;   null;117.966; 45.233;269.473
2001-11-06 01:15:00;173.404; 55.387;215.067;131.670;1396.480;424.363;108.809;221.126; 91.616;164.376;297.552;102.393;163.320;203.490;182.020;200.698;   null;117.488; 46.166;266.522
2001-11-06 01:20:00;176.238; 55.177;215.967;130.577;1411.000;424.990;   null;219.388; 91.722;164.173;299.105;101.431;162.040;202.944;182.768;203.530;   null;116.848; 46.532;269.774
2001-11-06 01:25:00;174.272; 54.337;215.800;132.617;1405.740;427.947;   null;216.790; 91.232;162.283;302.948;100.606;163.340;202.656;183.986;200.106;   null;116.400; 46.240;266.922
2001-11-06 01:30:00;174.344; 53.557;217.700;132.647;1403.720;431.463;109.395;218.614; 90.264;162.513;297.352;100.452;163.640;201.484;182.422;202.408;   null;116.060; 46.286;270.740
2001-11-06 01:35:00;174.446; 55.210;216.700;132.693;1405.580;431.030;   null;216.338; 91.250;164.153;298.310; 99.370;161.480;203.146;180.836;202.494;   null;116.344; 46.852;267.102
2001-11-06 01:40:00;174.972; 54.357;216.100;132.607;1402.040;433.220;   null;221.028; 92.284;162.143;296.971; 99.547;160.820;203.410;180.620;200.090;   null;116.574; 46.210;267.098
2001-11-06 01:45:00;173.062; 54.557;218.000;133.547;1405.340;434.493;110.142;220.676; 91.930;161.720;296.373; 99.215;161.640;202.268;181.464;201.902;   null;113.404; 46.648;268.180
2001-11-06 01:50:00;173.750; 54.387;216.967;132.183;1410.000;432.426;   null;217.876; 92.692;165.187;298.099; 97.513;162.060;200.734;178.324;203.600;   null;111.876; 47.352;271.168
2001-11-06 01:55:00;173.398; 54.670;218.500;130.180;1400.220;427.373;   null;215.244; 91.360;163.097;301.338;101.594;163.100;197.460;174.618;202.916;   null;112.674; 47.972;277.048
2001-11-06 02:00:00;171.258; 52.910;215.800;128.627;1400.600;424.607;107.024;215.084; 93.200;160.853;293.024; 99.875;160.860;197.832;176.062;205.414;   null;111.648; 47.320;271.328
2001-11-06 02:05:00;173.572; 53.793;216.867;128.820;1412.500;419.933;   null;211.744; 92.222;160.373;293.062; 98.884;159.300;195.010;175.304;202.724;   null;112.994; 46.846;271.100
2001-11-06 02:10:00;173.724; 52.400;214.333;128.213;1405.100;418.573;   null;213.166; 90.832;157.610;292.852; 99.045;160.840;195.288;172.844;203.144;   null;111.682; 46.544;267.634
2001-11-06 02:15:00;173.164; 53.837;212.333;127.793;1404.160;418.614;105.871;212.206; 92.990;156.220;290.280; 97.535;159.380;194.688;175.542;198.638;   null;112.096; 46.598;268.448
2001-11-06 02:20:00;171.362; 52.920;214.167;128.407;1417.100;416.493;   null;212.290; 90.912;156.970;291.301; 98.407;158.720;193.834;171.718;199.448;   null;111.856; 46.788;267.106
2001-11-06 02:25:00;169.864; 52.727;213.933;127.757;1420.180;412.780;   null;212.214; 91.310;156.573;289.365; 97.815;161.220;192.576;173.032;198.212;   null;110.792; 46.576;263.980
2001-11-06 02:30:00;170.830; 53.893;212.733;127.533;1413.240;413.427;103.272;212.632; 88.382;156.710;289.647; 98.662;159.180;193.856;174.700;196.752;   null;111.912; 46.408;264.462
2001-11-06 02:35:00;172.936; 52.973;212.267;128.153;1425.180;412.930;   null;214.066; 90.168;155.817;285.949; 97.814;158.820;195.714;173.564;196.030;   null;110.258; 45.918;265.972
2001-11-06 02:40:00;173.054; 55.380;212.200;127.847;1426.300;414.017;   null;212.158; 89.450;154.540;289.930; 96.942;158.200;196.678;175.616;197.336;   null;110.538; 45.784;263.844
2001-11-06 02:45:00;171.730; 53.320;208.700;126.573;1424.560;413.040;104.575;211.274; 87.794;155.430;290.457; 96.829;158.120;196.336;175.070;193.324;   null;109.726; 45.708;265.752
2001-11-06 02:50:00;170.442; 51.820;210.700;125.880;1421.000;413.940;   null;210.602; 89.720;153.987;287.462; 96.970;159.880;196.666;175.194;196.280;   null;111.288; 45.458;264.740
2001-11-06 02:55:00;171.420; 53.837;210.767;126.337;1408.820;413.860;   null;210.316; 88.556;154.987;291.090; 97.507;158.000;196.114;175.868;193.856;   null;108.870; 45.960;264.240
2001-11-06 03:00:00;171.742; 52.517;211.433;126.073;1402.640;413.563;104.302;207.478; 89.970;155.820;290.104; 97.755;156.440;195.318;174.484;195.530;   null;109.096; 46.022;266.636
2001-11-06 03:05:00;170.924; 54.203;213.100;126.377;1408.200;411.720;   null;208.776; 88.188;152.803;290.000; 95.616;156.920;196.812;175.078;192.572;   null;108.426; 46.728;264.604
2001-11-06 03:10:00;172.002; 53.853;212.167;126.557;1402.680;410.297;   null;212.006; 88.586;156.273;292.043; 97.013;156.640;195.892;178.620;192.120;   null;109.830; 45.180;264.522
2001-11-06 03:15:00;170.850; 52.283;211.167;127.497;1391.760;413.273;105.146;208.324; 88.242;156.307;288.202; 96.807;156.660;194.834;176.084;193.788;   null;108.876; 47.024;267.072
2001-11-06 03:20:00;171.504; 53.113;212.533;127.483;1400.440;411.487;   null;210.378; 88.150;155.310;292.644; 97.426;156.700;193.770;175.546;193.446;   null;108.558; 47.164;268.998
2001-11-06 03:25:00;173.958; 53.437;213.033;127.620;1389.380;413.953;   null;211.638; 88.364;154.840;292.468; 95.703;158.600;193.554;173.764;195.234;   null;109.540; 46.122;268.270
2001-11-06 03:30:00;171.706; 53.110;212.733;127.527;1392.360;416.080;104.293;210.610; 88.754;153.697;290.528; 98.233;159.540;192.534;172.938;194.208;   null;109.090; 47.550;266.718
2001-11-06 03:35:00;174.364; 54.330;215.233;128.973;1390.340;415.013;   null;211.676; 89.774;156.750;292.394; 98.249;159.280;196.756;173.318;193.416;   null;108.624; 46.696;268.496
2001-11-06 03:40:00;173.450; 52.743;215.533;129.430;1397.520;417.537;   null;210.810; 91.518;155.487;291.797; 97.892;158.700;193.482;172.040;196.568;   null;109.836; 46.008;269.692
2001-11-06 03:45:00;171.126; 53.360;214.633;129.720;1399.460;418.063;105.922;213.842; 90.822;156.710;292.256; 97.862;157.660;192.134;173.298;198.010;   null;110.872; 46.660;270.184
2001-11-06 03:50:00;172.348; 53.243;216.300;128.943;1387.820;415.487;   null;210.286; 90.998;155.937;292.078; 98.637;158.960;194.730;173.278;199.352;   null;109.290; 45.878;267.268
2001-11-06 03:55:00;174.086; 52.857;215.933;126.917;1385.280;414.620;   null;212.780; 89.780;155.137;292.080; 99.070;158.020;190.536;173.674;197.426;   null;109.160; 46.230;268.822
2001-11-06 04:00:00;169.714; 52.833;213.267;128.220;1390.100;418.433;105.052;209.634; 89.956;158.050;289.187; 98.736;158.460;189.002;175.824;197.424;   null;110.956; 46.698;269.286
2001-11-06 04:05:00;173.246; 51.443;215.133;126.630;1398.760;418.447;   null;213.688; 90.144;157.083;290.282; 98.331;160.400;193.788;173.548;196.442;   null;111.540; 45.448;269.462
2001-11-06 04:10:00;173.744; 52.790;218.433;127.290;1408.260;417.590;   null;211.994; 91.674;156.653;291.447; 97.921;159.720;194.932;173.468;196.694;   null;109.948; 46.968;269.574
2001-11-06 04:15:00;170.666; 52.637;216.333;127.743;1419.400;414.797;106.543;209.192; 90.372;159.290;288.835; 98.110;156.400;192.456;172.468;198.554;   null;111.724; 46.744;265.800
2001-11-06 04:20:00;173.418; 53.273;216.400;128.117;1420.820;417.040;   null;211.624; 91.200;157.960;289.611; 97.457;157.400;194.566;172.180;198.858;   null;110.972; 46.108;262.744
2001-11-06 04:25:00;171.734; 51.723;214.767;128.003;1407.020;415.603;   null;212.976; 89.970;157.606;291.094; 98.299;156.140;193.028;168.718;197.044;   null;111.858; 45.072;259.018
2001-11-06 04:30:00;173.550; 54.283;214.667;126.227;1416.400;413.720;106.313;212.740; 90.964;156.113;291.870; 96.729;158.100;194.280;171.880;197.818;   null;110.532; 44.244;258.092
2001-11-06 04:35:00;172.202; 52.267;215.167;127.237;1417.860;415.020;   null;210.154; 88.726;157.870;290.741; 97.073;158.760;194.972;171.074;192.892;   null;110.812; 44.106;260.616
2001-11-06 04:40:00;173.846; 53.320;212.833;128.267;1421.400;416.560;   null;209.742; 87.416;156.514;289.998; 97.361;156.880;194.196;170.510;195.996;   null;110.752; 44.458;259.448
2001-11-06 04:45:00;173.640; 53.920;213.200;128.887;1421.340;416.437;106.078;210.974; 88.816;157.657;287.808; 97.786;159.060;192.580;172.370;193.402;   null;112.046; 43.964;254.588
2001-11-06 04:50:00;172.422; 53.260;209.733;128.263;1417.420;412.473;   null;210.538; 88.220;156.860;284.308; 96.439;160.320;196.322;172.460;196.074;   null;109.172; 43.572;254.344
2001-11-06 04:55:00;171.864; 52.683;214.100;128.080;1409.900;414.400;   null;214.510; 88.764;155.373;285.369; 97.141;159.460;194.366;171.648;196.766;   null;109.580; 44.512;255.194
2001-11-06 05:00:00;171.922; 54.303;212.133;128.223;1402.380;419.897;106.218;215.910; 87.270;156.680;289.291; 98.112;159.900;190.618;172.588;193.210;   null;109.134; 44.140;255.634
2001-11-06 05:05:00;173.044; 53.460;213.633;128.477;1407.200;420.127;   null;213.058; 87.736;155.473;286.957; 97.968;159.740;190.902;171.996;192.100;   null;108.194; 44.522;255.662
2001-11-06 05:10:00;172.466; 53.350;210.200;130.453;1405.360;425.173;   null;214.616; 88.730;155.733;284.945; 96.657;159.020;189.960;172.374;193.614;   null;109.466; 43.954;256.108
2001-11-06 05:15:00;173.608; 54.723;213.200;129.613;1410.580;424.787;105.568;214.450; 87.446;157.463;284.983; 98.785;161.440;192.832;173.014;192.504;   null;108.434; 43.830;252.696
2001-11-06 05:20:00;172.944; 53.090;212.267;128.563;1406.340;421.103;   null;214.754; 87.000;158.633;283.006; 98.390;160.600;192.434;171.922;190.222;   null;108.222; 43.364;255.530
2001-11-06 05:25:00;173.144; 54.793;213.467;128.223;1402.820;421.543;   null;216.704; 86.934;154.927;283.178; 96.723;160.220;191.466;171.708;192.880;   null;108.392; 43.750;256.392
2001-11-06 05:30:00;173.794; 53.083;213.333;129.207;1411.060;423.747;106.018;213.614; 86.724;158.427;285.825; 97.261;160.220;189.240;171.700;191.660;   null;107.768; 44.186;255.052
2001-11-06 05:35:00;172.812; 53.710;211.967;128.867;1417.000;425.277;   null;214.702; 85.542;157.870;284.902; 96.959;158.440;190.124;170.982;192.700;   null;107.628; 43.684;256.476
2001-11-06 05:40:00;174.604; 54.090;209.600;129.823;1415.900;421.667;   null;213.708; 87.618;156.270;285.605; 97.464;159.220;188.504;168.816;189.898;   null;106.934; 44.040;255.798
2001-11-06 05:45:00;173.502; 53.903;210.200;128.563;1419.680;415.020;104.187;213.958; 85.738;154.337;285.644; 97.470;156.740;190.040;168.862;189.846;   null;107.190; 43.264;254.608
2001-11-06 05:50:00;173.196; 52.907;212.967;128.147;1412.340;416.627;   null;209.556; 86.752;155.973;284.122; 96.167;158.860;190.816;172.856;191.432;   null;108.654; 43.206;253.604
2001-11-06 05:55:00;171.986; 53.267;209.233;127.597;1408.160;409.923;   null;209.124; 86.974;154.557;282.487; 96.413;157.420;189.694;169.486;192.182;   null;108.792; 42.824;252.348
2001-11-06 06:00:00;172.360; 54.083;206.833;127.067;1411.540;406.213;104.516;209.046; 88.638;154.086;281.645; 97.492;155.580;187.872;170.348;193.114;   null;109.314; 43.056;253.294
2001-11-06 06:05:00;168.040; 51.137;207.667;125.803;1418.640;409.230;   null;206.704; 87.436;154.263;280.574; 96.229;156.680;190.018;171.036;190.670;   null;109.052; 43.812;250.898
2001-11-06 06:10:00;170.970; 54.093;210.633;125.597;1438.200;405.313;   null;208.048; 87.524;153.153;282.104; 94.275;155.880;189.376;168.110;193.086;   null;107.970; 42.912;252.102
2001-11-06 06:15:00;171.828; 54.503;210.800;126.517;1436.200;406.027;103.596;209.352; 87.140;153.184;282.056; 96.636;156.240;189.792;169.292;190.832;   null;108.646; 43.066;250.166
2001-11-06 06:20:00;172.154; 54.157;210.367;126.567;1432.840;407.763;   null;207.440; 85.620;152.930;280.000; 96.400;157.560;188.852;169.320;189.362;   null;107.770; 42.194;247.880
2001-11-06 06:25:00;171.738; 54.343;209.900;128.447;1422.340;408.360;   null;208.744; 85.992;150.357;277.210; 95.347;157.560;187.834;169.792;190.338;   null;108.644; 42.062;244.768
2001-11-06 06:30:00;169.132; 52.657;209.467;127.253;1419.600;407.513;103.859;208.716; 84.390;152.617;279.229; 95.958;156.180;188.118;167.216;191.082;   null;106.610; 42.410;245.704
2001-11-06 06:35:00;170.578; 53.177;207.833;125.987;1434.980;407.837;   null;209.076; 84.940;153.107;273.775; 94.979;156.520;190.002;167.936;192.966;   null;107.238; 42.350;251.346
2001-11-06 06:40:00;167.894; 54.627;208.800;126.627;1425.400;406.227;   null;206.912; 87.678;152.697;277.707; 96.380;157.260;186.728;169.046;187.712;   null;109.092; 43.006;251.580
2001-11-06 06:45:00;169.818; 52.950;209.367;126.670;1423.360;407.486;102.645;206.926; 86.928;152.823;278.140; 95.324;156.700;186.912;168.942;189.328;   null;108.010; 42.506;250.304
2001-11-06 06:50:00;169.550; 52.363;207.967;128.120;1428.260;405.680;   null;208.676; 85.896;152.187;280.575; 96.147;155.440;187.324;167.080;188.514;   null;107.356; 42.418;248.572
2001-11-06 06:55:00;169.206; 51.907;206.933;126.147;1421.980;407.920;   null;208.316; 86.326;153.347;276.076; 95.889;155.900;186.820;167.228;189.628;   null;107.402; 42.802;250.324
2001-11-06 07:00:00;167.656; 52.717;210.500;125.047;1405.740;402.407;103.328;209.554; 86.628;155.360;278.024; 95.428;156.520;186.192;166.540;188.834;   null;107.424; 42.600;249.528
2001-11-06 07:05:00;167.156; 52.613;210.633;127.040;1396.180;403.513;   null;207.016; 87.074;151.740;276.561; 96.289;155.880;186.694;166.854;189.482;   null;107.990; 42.774;248.264
2001-11-06 07:10:00;168.234; 53.123;209.667;127.160;1407.400;408.500;   null;208.994; 85.976;151.903;277.554; 94.063;153.960;185.896;166.408;188.644;   null;106.474; 43.152;248.826
2001-11-06 07:15:00;168.412; 53.227;207.933;128.453;1404.020;404.070;103.357;206.600; 85.812;153.600;276.598; 94.716;154.600;187.858;166.612;190.062;   null;107.730; 42.966;249.722
2001-11-06 07:20:00;169.446; 52.760;208.467;125.717;1406.080;407.050;   null;206.274; 87.898;153.453;276.349; 95.711;154.680;186.686;167.170;189.590;   null;106.198; 43.020;247.200
2001-11-06 07:25:00;169.344; 52.737;208.567;126.513;1401.300;403.527;   null;209.346; 85.824;153.057;279.850; 95.907;157.820;187.546;167.228;190.572;   null;106.308; 43.020;249.496
2001-11-06 07:30:00;168.468; 51.753;208.933;126.443;1384.980;409.146;102.800;209.272; 87.216;152.997;278.998; 95.504;155.340;186.116;168.148;191.700;   null;106.806; 42.584;249.972
2001-11-06 07:35:00;167.672; 53.923;209.133;126.053;1379.100;411.280;   null;210.236; 88.388;154.350;279.778; 95.387;155.920;186.466;167.984;191.912;   null;107.674; 42.490;248.520
2001-11-06 07:40:00;167.156; 52.887;206.800;127.520;1380.480;408.343;   null;209.012; 86.238;153.777;280.488; 95.875;155.480;188.630;168.370;190.484;   null;106.634; 42.778;248.786
2001-11-06 07:45:00;170.318; 52.410;206.000;127.033;1380.000;405.653;103.790;207.810; 87.488;152.560;280.213; 95.314;155.000;187.992;168.326;188.148;   null;107.530; 42.704;249.442
2001-11-06 07:50:00;168.660; 53.380;208.433;126.220;1376.780;408.560;   null;208.030; 86.610;153.237;280.887; 95.882;155.940;190.078;166.826;192.144;   null;108.490; 42.922;248.696
2001-11-06 07:55:00;171.058; 51.270;210.100;125.900;1371.600;408.160;   null;208.506; 85.920;153.777;281.802; 95.348;156.540;190.022;165.954;191.414;   null;106.192; 42.832;248.084
2001-11-06 08:00:00;167.186; 52.800;209.200;125.663;1373.580;405.620;103.239;209.272; 86.424;153.200;281.305; 96.217;156.080;189.274;166.480;191.754;   null;107.788; 42.568;249.518
2001-11-06 08:05:00;168.184; 51.213;207.133;124.730;1372.500;402.920;   null;206.284; 87.146;153.840;279.938; 94.629;154.980;187.214;168.798;191.118;   null;107.800; 42.752;249.060
2001-11-06 08:10:00;170.314; 52.347;206.833;124.737;1362.500;404.607;   null;207.588; 86.496;154.850;283.338; 93.429;156.340;188.726;167.748;190.952;   null;107.570; 42.666;249.776
2001-11-06 08:15:00;167.494; 53.543;207.133;126.483;1371.680;407.407;102.305;207.600; 87.246;152.803;280.221; 94.658;154.640;187.834;166.936;190.922;   null;107.156; 42.780;250.120
2001-11-06 08:20:00;167.912; 51.173;208.767;122.967;1374.600;402.603;   null;207.960; 87.132;152.563;278.380; 95.668;155.520;187.974;167.570;192.852;   null;107.572; 43.052;250.080
2001-11-06 08:25:00;169.000; 51.847;206.467;124.513;1368.940;407.464;   null;209.326; 86.936;152.080;280.441; 95.487;156.560;186.774;165.702;190.856;   null;107.758; 42.098;250.284
2001-11-06 08:30:00;166.982; 53.467;210.767;125.420;1375.540;407.517;102.841;208.410; 86.630;153.303;278.220; 94.088;156.140;187.580;167.518;193.032;   null;107.926; 42.954;250.986
2001-11-06 08:35:00;168.878; 51.483;209.333;124.480;1374.100;409.093;   null;206.370; 87.340;151.900;278.760; 93.773;156.700;187.768;167.918;192.486;   null;108.458; 42.856;251.170
2001-11-06 08:40:00;169.044; 52.600;208.500;123.507;1370.120;409.230;   null;208.906; 85.896;151.653;274.436; 95.918;154.940;189.506;167.472;189.924;   null;107.234; 43.038;251.350
2001-11-06 08:45:00;168.638; 53.463;207.900;126.280;1370.160;404.237;101.814;206.674; 87.350;153.217;276.249; 95.678;156.660;188.244;166.536;190.746;   null;107.502; 43.718;255.250
2001-11-06 08:50:00;169.058; 52.610;209.500;125.890;1372.140;402.887;   null;206.252; 86.680;153.013;275.260; 95.709;157.200;186.524;167.414;193.208;   null;107.592; 43.350;254.548
2001-11-06 08:55:00;167.810; 51.590;207.233;125.827;1369.120;404.880;   null;207.430; 87.864;153.760;276.104; 95.340;155.140;186.474;167.500;189.880;   null;107.288; 42.942;251.970
2001-11-06 09:00:00;166.592; 53.613;210.800;125.427;1372.900;407.790;   null;209.496; 85.890;152.737;278.910; 95.500;156.140;186.270;165.706;191.974;   null;106.700; 43.124;252.210
2001-11-06 09:05:00;168.136; 51.447;210.533;125.820;1365.580;404.744;   null;208.976; 88.856;153.117;276.775; 96.776;157.400;184.180;167.430;190.956;   null;108.012; 42.926;250.754
2001-11-06 09:10:00;168.446; 52.000;211.433;125.407;1369.780;408.350;   null;206.378; 88.824;154.203;277.647; 95.675;155.920;184.902;166.708;191.240;   null;107.396; 43.612;250.588
2001-11-06 09:15:00;166.770; 53.017;208.733;126.333;1373.100;407.153;   null;206.216; 88.334;154.273;278.988; 94.674;155.400;187.184;167.972;194.256;   null;107.570; 43.120;251.004
2001-11-06 09:20:00;166.903; 53.127;210.767;126.230;1369.880;409.700;   null;208.944; 87.492;153.943;279.828; 96.580;157.200;190.076;168.688;194.280;   null;108.342; 43.274;251.564
2001-11-06 09:25:00;168.208; 51.350;210.333;126.693;1363.140;407.713;   null;208.544; 87.466;155.323;278.979; 95.256;155.340;189.272;167.486;192.422;   null;107.956; 43.448;250.874
2001-11-06 09:30:00;168.994; 52.393;211.600;125.533;1371.340;405.153;   null;209.378; 88.968;155.850;280.153; 96.368;158.060;187.426;165.372;190.780;   null;107.846; 42.988;252.922
2001-11-06 09:35:00;166.183; 53.353;212.667;128.383;1360.140;409.267;   null;208.698; 87.558;156.236;280.047; 96.290;157.780;188.840;163.544;191.428;   null;107.346; 42.910;252.102
2001-11-06 09:40:00;167.778; 53.637;209.767;127.177;1362.460;411.233;   null;207.970; 87.054;156.007;282.052; 95.601;155.260;188.242;168.726;192.422;   null;107.770; 43.606;253.082
2001-11-06 09:45:00;167.893; 53.157;208.367;125.087;1364.160;409.097;   null;208.162; 87.420;156.307;280.577; 95.777;154.420;186.466;165.434;194.232;   null;107.278; 42.696;253.698
2001-11-06 09:50:00;   null; 52.250;210.400;125.947;1371.100;408.890;   null;208.588; 88.002;154.103;279.898; 96.673;155.820;187.098;165.216;193.810;   null;107.182; 42.782;254.310
2001-11-06 09:55:00;   null; 51.907;210.300;125.113;1368.800;406.173;   null;208.512; 87.762;153.780;283.823; 95.864;155.100;188.490;167.990;191.182;   null;108.180; 43.654;252.138
2001-11-06 10:00:00;   null; 51.803;211.033;126.043;1370.740;405.933;   null;208.454; 87.826;154.127;280.830; 95.341;156.560;189.018;164.210;193.658;   null;105.528; 43.334;251.626
2001-11-06 10:05:00;   null; 52.927;211.400;128.413;1367.780;408.950;   null;210.276; 87.332;154.367;281.988; 95.608;155.740;188.246;168.096;189.562;   null;106.476; 43.690;252.872
2001-11-06 10:10:00;802.800; 51.247;211.933;127.120;1362.800;403.513;   null;209.734; 86.456;154.120;279.863; 96.501;155.740;188.262;168.624;191.856;   null;108.068; 43.048;255.436
2001-11-06 10:15:00;168.320; 53.033;209.733;125.323;1362.900;407.627;   null;208.656; 86.260;157.927;278.555; 95.939;155.360;186.308;169.932;191.710;   null;108.116; 43.522;251.330
2001-11-06 10:20:00;168.066; 52.367;210.833;126.017;1361.420;408.660;   null;205.896; 86.670;153.050;280.717; 96.372;155.000;188.864;168.744;191.866;   null;107.384; 43.232;252.274
2001-11-06 10:25:00;165.720; 52.677;209.867;125.527;1354.720;408.597;   null;208.022; 86.820;154.877;279.305; 95.434;154.340;188.928;163.512;192.546;   null;107.174; 43.992;252.518
2001-11-06 10:30:00;168.302; 51.527;208.133;128.193;1358.120;407.393;   null;207.944; 87.034;154.167;281.846; 96.636;153.800;188.022;167.858;190.528;   null;106.696; 43.164;252.328
2001-11-06 10:35:00;167.720; 52.773;211.067;124.963;1360.460;410.450;   null;205.130; 88.000;154.307;281.288; 96.182;154.540;186.800;166.553;191.984;   null;106.478; 43.304;252.894
2001-11-06 10:40:00;166.532; 51.573;208.233;126.037;1366.660;411.017;   null;207.334; 88.102;154.907;280.781; 95.334;156.200;187.794;169.306;193.712;   null;106.282; 43.482;252.278
2001-11-06 10:45:00;169.020; 52.780;208.367;126.150;1366.700;406.213;104.425;205.922; 88.168;154.547;280.999; 93.687;154.640;189.636;168.008;191.166;   null;106.264; 42.782;250.650
2001-11-06 10:50:00;166.630; 52.143;209.300;124.763;1367.480;410.297;   null;207.212; 87.342;155.407;280.823; 95.346;154.760;188.174;166.476;191.890;   null;106.480; 43.474;251.402
2001-11-06 10:55:00;166.942; 52.320;206.533;126.043;1365.240;405.683;   null;209.618; 89.166;158.617;281.947; 97.375;154.360;188.158;165.660;192.928;   null;107.308; 43.572;253.260
2001-11-06 11:00:00;170.124; 52.053;207.933;126.097;   null;406.303;104.684;208.732; 88.690;154.714;280.011; 96.893;155.540;187.256;166.158;189.856;   null;107.008; 43.474;252.742
2001-11-06 11:05:00;168.808; 51.297;208.333;123.917;   null;408.233;   null;211.396; 88.618;155.057;280.074; 96.820;155.480;187.444;168.722;191.388;   null;107.552; 42.950;254.874
2001-11-06 11:10:00;166.398; 52.930;210.533;126.307;   null;405.700;   null;209.562; 87.882;155.957;277.355; 94.445;153.220;188.830;167.526;191.284;   null;107.240; 43.434;251.892
2001-11-06 11:15:00;168.448; 50.963;210.100;126.160;   null;404.947;103.927;207.686; 87.878;155.207;280.089; 97.223;154.740;187.542;166.582;192.624;   null;108.178; 43.552;256.488
2001-11-06 11:20:00;168.488; 51.753;210.267;123.277;   null;405.253;   null;205.914; 89.040;155.313;279.357; 96.716;155.760;189.724;167.018;190.880;   null;107.842; 43.750;254.246
2001-11-06 11:25:00;168.966; 52.170;206.400;126.427;   null;403.013;   null;208.286; 87.346;153.397;285.662; 95.005;156.000;189.014;167.594;192.178;   null;105.742; 44.256;255.022
2001-11-06 11:30:00;169.466; 52.687;210.667;125.003;   null;404.987;104.162;208.936; 88.858;155.623;281.641; 97.857;154.820;189.122;168.962;190.090;   null;106.760; 44.086;257.816
2001-11-06 11:35:00;167.470; 50.947;207.000;124.530;   null;405.107;   null;206.000; 86.326;155.427;281.653; 98.066;156.060;187.110;166.166;190.666;   null;107.920; 44.088;255.656
2001-11-06 11:40:00;167.888; 52.753;205.967;125.667;   null;404.630;   null;204.984; 88.730;156.150;278.906; 95.302;155.400;188.030;167.478;189.588;   null;105.704; 44.464;256.424
2001-11-06 11:45:00;168.206; 51.433;210.267;123.280;   null;405.870;104.901;203.522; 86.894;157.077;286.581; 96.245;156.060;189.510;167.046;189.296;   null;105.616; 43.890;255.954
2001-11-06 11:50:00;166.692; 52.513;207.300;125.017;   null;404.680;   null;207.302; 86.816;155.420;287.496; 96.041;153.900;189.644;167.648;191.524;   null;106.928; 43.764;254.518
2001-11-06 11:55:00;164.994; 52.183;206.167;123.980;   null;406.417;   null;205.260; 88.846;155.723;285.068; 95.613;156.540;188.196;168.976;188.600;   null;108.856; 44.394;256.616
2001-11-06 12:00:00;168.052; 51.157;206.800;124.117;   null;405.577;104.596;205.538; 88.000;155.080;282.643; 95.671;154.600;188.242;168.840;188.372;   null;106.708; 43.362;253.540
2001-11-06 12:05:00;168.638; 51.907;208.833;125.560;   null;400.173;   null;202.384; 87.588;154.706;283.168; 93.364;153.540;187.278;170.152;192.614;   null;107.526; 43.806;249.078
2001-11-06 12:10:00;167.210; 50.047;208.067;122.380;   null;400.360;   null;205.072; 87.016;154.887;280.779; 92.789;152.800;189.130;167.106;190.404;   null;107.620; 42.554;247.738
2001-11-06 12:15:00;167.746; 51.620;205.433;124.393;   null;400.017;103.892;203.660; 86.012;154.173;282.398; 94.938;152.600;187.660;166.210;191.442;   null;107.514; 42.378;247.928
2001-11-06 12:20:00;167.066; 51.640;207.533;125.350;   null;399.903;   null;205.384; 86.868;155.103;279.653; 94.791;153.800;190.526;166.938;191.222;   null;109.450; 42.392;249.808
2001-11-06 12:25:00;166.792; 51.347;204.467;123.247;   null;401.593;   null;206.690; 87.222;152.660;276.600; 95.607;152.600;189.674;165.506;192.658;   null;107.906; 42.366;250.834
2001-11-06 12:30:00;168.738; 51.257;205.267;123.427;   null;401.270;103.134;202.940; 86.064;152.593;274.244; 94.126;152.660;190.082;165.996;188.910;   null;106.572; 42.670;248.184
2001-11-06 12:35:00;167.070; 51.133;203.500;124.450;   null;397.137;   null;205.070; 85.886;154.760;272.885; 93.275;152.280;188.326;166.324;190.740;   null;107.340; 42.028;251.116
2001-11-06 12:40:00;168.694; 52.273;203.767;125.107;   null;400.200;   null;203.098; 85.874;155.417;269.806; 95.872;152.340;183.176;165.102;188.228;   null;107.506; 42.728;248.446
2001-11-06 12:45:00;166.724; 50.737;202.900;124.233;   null;401.430;102.975;203.444; 85.054;152.920;271.795; 95.443;153.640;182.576;166.224;188.942;   null;107.298; 42.850;247.602
2001-11-06 12:50:00;165.776; 52.140;205.167;124.830;   null;396.793;   null;204.670; 84.788;153.103;275.600; 93.171;152.700;184.398;165.708;188.006;   null;107.032; 42.456;248.278
2001-11-06 12:55:00;167.508; 51.303;204.133;121.953;   null;396.603;   null;203.874; 86.208;152.123;269.876; 94.712;153.320;182.008;163.514;186.584;   null;106.614; 42.530;249.310
2001-11-06 13:00:00;167.666; 52.370;204.367;121.893;   null;398.627;102.044;205.568; 84.218;151.270;273.960; 93.478;155.780;180.872;164.858;184.550;   null;107.966; 43.006;250.582
2001-11-06 13:05:00;164.740; 51.673;204.767;124.433;   null;397.253;   null;204.200; 85.022;153.323;271.926; 95.637;152.920;180.624;161.890;183.222;   null;106.570; 43.544;251.816
2001-11-06 13:10:00;166.250; 51.397;204.700;124.663;   null;398.497;   null;203.908; 84.320;151.220;273.573; 93.315;153.620;182.928;162.114;187.328;   null;105.128; 43.110;251.698
2001-11-06 13:15:00;166.104; 51.887;204.500;123.950;   null;394.517;101.632;202.466; 85.512;152.160;275.443; 93.767;153.640;181.850;162.344;184.630;   null;104.466; 43.684;252.022
2001-11-06 13:20:00;164.226; 51.210;203.300;122.483;   null;393.977;   null;201.140; 86.168;152.883;272.534; 91.506;154.000;184.612;161.252;182.584;   null;103.144; 43.398;250.306
2001-11-06 13:25:00;165.918; 51.340;204.700;123.857;   null;394.447;   null;201.862; 83.574;150.630;274.446; 92.773;151.000;180.594;163.690;185.932;   null;102.908; 43.232;251.660
2001-11-06 13:30:00;166.408; 51.827;205.167;122.533;   null;395.353;101.661;201.880; 87.182;150.223;276.057; 93.132;149.980;181.572;161.946;184.682;   null;103.288; 43.020;251.118
2001-11-06 13:35:00;164.752; 50.403;205.567;124.540;   null;397.397;   null;204.640; 84.132;152.983;272.240; 92.015;150.760;180.548;159.848;184.836;   null;102.456; 43.720;252.358
2001-11-06 13:40:00;164.838; 50.323;202.967;121.730;   null;394.333;   null;201.654; 83.150;147.753;271.587; 92.755;150.760;181.474;160.620;183.766;   null;102.912; 43.670;253.002
2001-11-06 13:45:00;165.884; 51.150;203.800;120.110;   null;392.433; 99.817;200.678; 84.428;150.490;273.746; 91.541;149.840;182.090;160.912;181.764;   null;102.900; 42.980;251.788
2001-11-06 13:50:00;165.762; 50.800;203.200;121.353;   null;392.993;   null;201.134; 83.352;151.303;272.682; 91.691;148.200;183.596;162.180;182.056;   null;104.036; 42.920;251.190
2001-11-06 13:55:00;165.572; 50.117;201.433;124.383;   null;394.417;   null;203.964; 83.338;148.200;272.168; 92.254;149.960;182.070;162.598;184.476;   null;104.440; 43.152;250.084
2001-11-06 14:00:00;165.090; 52.320;202.333;123.790;   null;393.800; 97.786;201.016; 83.548;150.023;273.602; 91.276;147.020;184.976;162.202;185.150;   null;103.982; 42.274;250.174
2001-11-06 14:05:00;165.414; 51.527;200.633;122.983;   null;390.760;   null;200.396; 84.884;146.500;272.857; 90.973;146.700;183.790;164.706;186.058;   null;104.660; 42.736;250.384
2001-11-06 14:10:00;166.398; 50.970;202.933;123.323;   null;391.997;   null;199.146; 83.866;148.020;272.484; 90.808;145.340;183.274;162.278;185.362;   null;102.710; 42.032;247.654
2001-11-06 14:15:00;165.598; 50.373;201.267;122.690;   null;392.910; 98.210;198.598; 82.642;146.494;274.221; 89.338;147.540;183.136;164.790;184.150;   null;104.308; 42.526;247.496
2001-11-06 14:20:00;163.660; 51.167;203.267;122.420;   null;390.753;   null;197.972; 82.654;146.643;273.611; 89.577;148.120;182.504;164.152;184.630;   null;104.224; 41.546;245.954
2001-11-06 14:25:00;164.960; 51.857;202.967;122.657;   null;388.797;   null;201.142; 83.206;145.733;270.073; 90.012;148.860;181.012;163.214;183.644;   null;103.072; 41.468;245.954
2001-11-06 14:30:00;167.550; 51.603;203.433;121.610;   null;388.933; 98.695;195.078; 84.150;146.960;272.518; 89.177;146.020;184.644;162.432;182.214;   null;104.218; 42.084;243.480
2001-11-06 14:35:00;164.934; 50.750;203.767;125.093;   null;388.697;   null;198.088; 83.118;144.213;269.060; 89.928;147.620;179.050;162.110;183.026;   null;103.594; 41.296;243.190
2001-11-06 14:40:00;164.692; 52.443;202.467;123.333;   null;387.150;   null;200.062; 83.706;146.294;270.887; 90.215;148.000;182.702;162.162;181.408;   null;103.044; 41.102;239.742
2001-11-06 14:45:00;165.960; 51.747;203.800;122.503;   null;388.250; 98.615;196.746; 84.548;145.353;269.897; 89.151;147.040;181.246;161.624;182.664;   null;103.698; 40.626;238.566
2001-11-06 14:50:00;165.254; 51.067;203.933;122.453;   null;390.473;   null;197.042; 84.308;145.153;267.558; 90.463;148.960;181.590;161.232;186.354;   null;103.094; 41.640;241.842
2001-11-06 14:55:00;164.278; 50.537;201.367;123.347;   null;388.773;   null;197.978; 82.102;143.927;270.038; 90.290;147.320;180.492;161.602;184.552;   null;103.448; 41.350;238.012
2001-11-06 15:00:00;163.044; 50.237;200.667;121.453;   null;387.657; 98.724;198.564; 82.766;146.293;267.781; 90.142;148.920;181.104;160.728;181.226;   null;104.596; 40.902;239.222
2001-11-06 15:05:00;163.348; 51.563;204.767;122.623;   null;384.443;   null;198.196; 84.682;146.077;267.704; 90.227;148.280;179.334;161.430;187.150;   null;104.385; 40.532;239.360
2001-11-06 15:10:00;164.378; 50.903;204.200;123.170;   null;387.793;   null;197.084; 83.838;144.947;267.328; 89.134;145.360;178.480;160.036;184.858;   null;103.578; 40.828;240.990
2001-11-06 15:15:00;165.618; 50.627;202.967;122.270;   null;386.950; 98.536;197.150; 83.276;146.960;269.514; 89.813;146.980;180.452;159.800;185.186;   null;103.492; 40.764;239.420
2001-11-06 15:20:00;166.046; 51.083;202.700;123.763;   null;385.707;   null;198.710; 82.648;145.403;270.829; 89.785;148.440;180.054;161.220;183.156;   null;103.574; 41.158;240.506
2001-11-06 15:25:00;166.180; 51.357;204.333;120.960;   null;386.563;   null;199.180; 83.752;146.670;271.890; 89.354;146.320;181.628;162.012;183.846;   null;103.462; 41.268;242.010
2001-11-06 15:30:00;165.918; 49.103;203.100;121.850;   null;385.043; 97.649;195.180; 84.074;145.320;272.333; 89.976;148.460;180.142;162.238;183.496;   null;104.088; 41.546;240.258
2001-11-06 15:35:00;164.350; 51.503;205.600;122.023;   null;384.067;   null;197.378; 84.328;145.603;272.613; 91.994;146.800;181.312;162.330;183.350;   null;102.838; 41.328;238.424
2001-11-06 15:40:00;165.442; 50.990;203.567;121.293;   null;382.650;   null;199.122; 83.790;147.420;273.172; 91.265;147.480;180.594;162.700;183.648;   null;102.862; 40.958;240.724
2001-11-06 15:45:00;164.318; 50.790;204.800;120.507;   null;386.234; 98.564;197.514; 84.172;146.380;271.983; 91.165;145.480;180.458;162.778;183.234;   null;104.012; 41.232;241.596
2001-11-06 15:50:00;165.972; 50.893;203.067;119.780;   null;388.173;   null;198.442; 83.016;144.550;271.296; 91.637;147.560;180.752;163.080;180.906;   null;104.866; 41.216;241.022
2001-11-06 15:55:00;164.088; 50.717;206.300;121.817;   null;384.830;   null;198.044; 83.904;145.003;270.248; 90.691;147.340;180.256;161.242;181.626;   null;104.006; 40.758;242.166
2001-11-06 16:00:00;164.138; 51.747;206.467;121.390;   null;384.320; 99.523;196.838; 83.232;146.087;270.877; 89.149;148.740;182.048;163.132;181.758;   null;103.358; 40.606;239.262
2001-11-06 16:05:00;164.306; 50.463;205.933;121.263;   null;381.313;   null;195.160; 82.516;145.690;271.994; 91.224;146.640;181.740;161.822;181.410;   null;102.498; 40.996;238.496
2001-11-06 16:10:00;162.498; 51.790;203.733;121.067;   null;382.257;   null;197.386; 82.476;145.047;271.226; 89.580;147.900;181.662;160.818;181.172;   null;102.336; 41.268;239.558
2001-11-06 16:15:00;164.882; 50.783;204.267;120.120;   null;384.187; 97.045;194.406; 83.420;145.243;269.771; 88.922;147.940;183.908;162.416;181.476;   null;104.118; 41.010;242.246
2001-11-06 16:20:00;164.784; 49.713;202.867;119.970;   null;380.213;   null;196.920; 84.838;146.183;270.493; 90.025;147.360;183.386;162.646;182.728;   null;103.666; 41.664;239.922
2001-11-06 16:25:00;164.184; 50.880;202.800;120.513;   null;382.737;   null;199.452; 83.826;146.493;273.891; 90.971;149.140;182.826;156.624;181.868;   null;104.292; 41.894;241.816
2001-11-06 16:30:00;164.714; 50.937;204.500;119.187;   null;384.313; 98.693;195.486; 83.688;144.640;269.795; 90.634;146.780;182.228;161.440;184.524;   null;103.918; 40.922;241.416
2001-11-06 16:35:00;164.380; 49.763;204.967;121.160;   null;381.587;   null;194.270; 84.386;144.717;268.772; 89.858;146.540;181.896;161.010;185.050;   null;103.228; 41.168;246.442
2001-11-06 16:40:00;165.174; 50.433;202.667;121.030;   null;383.293;   null;199.444; 83.788;144.377;270.621; 90.368;147.120;180.806;161.082;184.198;   null;103.734; 40.902;244.754
2001-11-06 16:45:00;164.930; 49.147;206.133;122.507;   null;379.020; 97.889;197.038; 83.694;143.837;268.654; 89.385;148.160;181.424;160.470;181.928;   null;102.606; 42.116;242.696
2001-11-06 16:50:00;164.694; 49.930;204.700;119.837;   null;382.357;   null;194.872; 84.788;145.090;270.505; 91.503;148.860;181.480;160.750;183.130;   null;102.988; 41.898;238.926
2001-11-06 16:55:00;163.536; 50.477;204.100;121.820;   null;381.240;   null;194.906; 82.950;146.193;270.365; 90.600;147.860;180.514;161.374;184.458;   null;103.834; 41.860;240.954
2001-11-06 17:00:00;162.928; 49.673;204.200;120.723;   null;383.160; 98.069;195.252; 84.806;144.640;272.470; 88.907;147.340;181.318;161.692;182.030;   null;102.998; 41.088;243.182
2001-11-06 17:05:00;163.224; 51.193;202.333;121.010;   null;385.927;   null;197.392; 85.190;144.423;270.260; 90.951;147.820;181.156;163.534;183.742;   null;103.832; 40.716;241.244
2001-11-06 17:10:00;163.672; 51.433;205.600;119.083;   null;384.183;   null;197.716; 84.458;146.060;271.388; 91.205;145.560;182.018;162.724;181.748;   null;103.458; 40.792;244.466
2001-11-06 17:15:00;163.934; 50.227;204.200;120.680;   null;381.110; 97.871;196.310; 84.300;144.543;271.086; 89.697;147.540;184.416;160.520;183.574;   null;103.242; 41.294;242.738
2001-11-06 17:20:00;162.062; 50.153;203.267;122.307;   null;379.160;   null;197.852; 84.000;144.990;272.769; 90.468;149.300;182.920;161.224;182.882;   null;102.974; 40.794;241.520
2001-11-06 17:25:00;162.654; 51.037;204.833;119.630;   null;384.147;   null;194.176; 81.374;143.440;272.420; 89.998;144.960;181.918;160.332;183.538;   null;102.164; 40.846;242.780
2001-11-06 17:30:00;162.830; 50.263;206.467;121.343;   null;379.350; 97.194;195.744; 82.638;146.873;271.491; 91.356;147.280;180.664;160.668;181.548;   null;102.576; 40.996;241.136
2001-11-06 17:35:00;161.946; 50.953;203.367;122.483;   null;381.510;   null;195.700; 84.994;144.650;270.122; 88.957;149.000;184.422;161.752;181.912;   null;102.156; 41.046;242.020
2001-11-06 17:40:00;163.114; 50.353;204.933;121.027;   null;380.737;   null;196.188; 83.808;143.697;270.481; 89.825;146.240;181.918;161.142;180.992;   null;101.328; 40.740;241.250
2001-11-06 17:45:00;163.772; 49.770;201.900;120.963;   null;376.494; 97.962;195.178; 82.524;144.613;269.287; 89.557;146.560;184.166;161.026;180.044;   null;102.858; 41.120;240.204
2001-11-06 17:50:00;162.660; 50.007;202.033;121.167;   null;381.450;   null;197.170; 83.120;146.120;269.600; 88.949;146.380;180.760;163.162;180.962;   null;102.380; 40.872;237.284
2001-11-06 17:55:00;160.980; 50.110;201.233;120.020;   null;375.536;   null;195.088; 83.134;143.127;269.079; 88.720;144.100;181.814;162.270;180.814;   null;102.820; 40.390;239.160
2001-11-06 18:00:00;161.266; 48.197;201.033;121.500;   null;379.260; 97.874;192.778; 83.746;144.857;269.182; 90.445;146.180;180.560;160.244;181.026;   null;102.822; 41.102;237.890
2001-11-06 18:05:00;164.528; 50.657;200.000;120.177;   null;377.987;   null;194.292; 83.542;143.957;269.994; 90.225;145.940;179.052;162.636;182.162;   null;102.246; 40.890;239.072
2001-11-06 18:10:00;161.848; 50.170;199.233;119.163;   null;380.993;   null;194.034; 82.248;143.577;267.194; 89.229;145.660;180.660;159.674;179.018;   null;102.318; 40.972;239.562
2001-11-06 18:15:00;162.132; 50.290;200.533;120.740;   null;377.910; 96.669;196.830; 83.674;143.283;267.277; 90.170;146.100;180.898;160.258;181.004;   null;102.680; 40.992;237.144
2001-11-06 18:20:00;162.540; 51.390;202.967;120.257;   null;378.620;   null;195.456; 83.252;142.723;269.183; 90.605;147.020;180.072;160.898;184.808;   null;102.238; 40.712;238.806
2001-11-06 18:25:00;160.462; 49.267;202.367;120.597;   null;376.820;   null;195.560; 83.106;144.557;268.039; 90.719;148.120;179.654;159.536;183.768;   null;102.758; 40.456;240.972
2001-11-06 18:30:00;163.446; 50.437;200.167;121.440;   null;379.250; 97.392;194.924; 83.182;144.387;270.685; 89.690;146.840;183.422;163.274;180.976;   null;102.954; 41.406;240.038
2001-11-06 18:35:00;162.080; 50.390;204.567;120.180;   null;380.417;   null;195.828; 82.898;145.133;270.246; 91.251;146.920;180.302;159.452;184.162;   null;103.728; 39.944;238.812
2001-11-06 18:40:00;159.314; 51.163;199.300;118.803;   null;376.020;   null;195.142; 81.942;147.637;270.617; 89.137;148.580;181.144;162.966;181.406;   null;102.252; 40.726;238.368
2001-11-06 18:45:00;162.992; 49.103;201.033;119.987;   null;379.137; 96.935;197.710; 83.594;145.397;267.037; 90.637;146.820;179.734;161.838;182.124;   null;104.260; 40.404;239.110
2001-11-06 18:50:00;162.872; 49.123;201.400;119.900;   null;379.070;   null;195.114; 83.464;144.390;271.397; 89.589;147.180;178.658;159.328;181.234;   null;102.504; 41.294;242.428
2001-11-06 18:55:00;160.510; 50.833;201.567;122.170;   null;375.377;   null;193.436; 84.084;145.260;270.394; 91.437;146.720;181.058;158.490;181.386;   null;103.776; 40.912;238.148
2001-11-06 19:00:00;161.936; 50.143;201.733;121.047;   null;377.073; 97.344;195.776; 82.556;143.743;264.401; 89.980;147.980;180.386;158.490;185.606;   null;104.468; 41.470;241.188
2001-11-06 19:05:00;157.538; 50.087;203.767;120.027;   null;378.993;   null;193.494; 84.336;143.200;266.786; 89.062;147.500;180.376;162.634;183.612;   null;103.384; 40.454;238.054
2001-11-06 19:10:00;159.850; 49.247;201.533;118.207;   null;373.927;   null;196.790; 84.386;145.283;269.250; 88.935;144.660;182.650;162.726;185.120;   null;102.864; 40.954;237.628
2001-11-06 19:15:00;159.398; 49.783;202.333;120.733;   null;373.910; 97.411;195.758; 83.370;144.460;268.261; 89.860;145.760;180.660;161.214;184.804;   null;103.660; 40.100;239.392
2001-11-06 19:20:00;162.822; 50.693;204.433;119.503;   null;375.963;   null;196.202; 84.598;145.370;268.675; 89.588;148.580;181.976;162.372;183.522;   null;102.208; 40.356;237.982
2001-11-06 19:25:00;159.622; 49.237;201.000;118.850;   null;376.660;   null;194.506; 85.172;144.533;267.742; 88.998;145.660;179.528;161.662;184.856;   null;103.136; 39.948;236.116
2001-11-06 19:30:00;163.322; 49.273;202.200;119.627;   null;378.260; 97.960;195.318; 82.152;144.853;268.247; 89.663;148.020;179.646;161.114;185.102;   null;103.424; 40.462;236.938
2001-11-06 19:35:00;163.170; 50.130;200.000;119.427;   null;377.187;   null;195.874; 85.456;143.707;270.393; 88.206;147.380;179.654;162.238;182.806;   null;103.012; 40.450;237.974
2001-11-06 19:40:00;162.468; 48.660;201.367;119.857;   null;373.557;   null;195.596; 84.166;144.144;269.473; 90.449;146.460;180.560;162.314;186.168;   null;102.484; 40.886;237.604
2001-11-06 19:45:00;160.496; 51.147;203.700;120.240;   null;379.484; 97.607;194.940; 85.666;144.937;270.668; 89.789;145.620;179.556;159.546;184.152;   null;102.756; 40.562;238.186
2001-11-06 19:50:00;161.976; 50.637;206.467;120.487;   null;378.263;   null;192.250; 85.518;145.597;270.256; 89.894;146.620;179.146;163.150;182.594;   null;104.038; 40.528;239.004
2001-11-06 19:55:00;160.896; 49.413;204.867;121.523;   null;380.580;   null;193.258; 85.184;144.767;269.541; 89.421;147.340;180.710;160.418;180.138;   null;101.846; 41.002;239.860
2001-11-06 20:00:00;161.450; 49.977;205.733;120.230;   null;379.863; 96.601;194.526; 85.898;145.653;271.314; 89.981;146.140;180.046;162.248;182.446;   null;102.486; 41.890;240.220
2001-11-06 20:05:00;162.948; 49.930;205.867;118.420;   null;376.126;   null;194.932; 85.078;144.177;272.928; 90.595;147.140;180.970;160.624;184.414;   null;104.102; 41.130;242.164
2001-11-06 20:10:00;162.438; 51.153;203.067;118.523;   null;375.060;   null;195.684; 85.186;146.243;277.874; 89.971;145.800;180.842;162.464;183.012;   null;103.312; 41.478;244.304
2001-11-06 20:15:00;160.562; 51.097;204.033;117.913;   null;376.946; 97.127;194.834; 83.822;145.046;273.793; 89.653;146.760;180.042;161.320;182.118;   null;103.602; 41.104;242.632
2001-11-06 20:20:00;162.206; 49.240;204.267;120.377;   null;378.997;   null;194.388; 85.598;142.377;272.419; 90.357;147.760;180.156;160.750;183.490;   null;103.000; 42.196;244.564
2001-11-06 20:25:00;164.048; 50.767;204.933;119.203;   null;377.453;   null;195.968; 85.860;143.187;273.483; 89.529;146.580;181.122;161.216;184.498;   null;104.170; 41.564;245.226
2001-11-06 20:30:00;162.990; 50.423;203.933;121.097;   null;376.527; 97.493;195.604; 84.142;144.330;275.680; 90.500;146.520;178.394;164.668;181.174;   null;103.494; 41.256;244.696
2001-11-06 20:35:00;161.640; 50.690;204.133;119.167;   null;375.263;   null;194.362; 85.504;142.966;273.827; 90.074;145.760;179.450;160.122;182.376;   null;104.024; 42.028;245.084
2001-11-06 20:40:00;163.832; 49.317;201.133;120.127;   null;378.833;   null;196.400; 83.872;144.230;271.768; 89.662;147.660;179.064;160.566;183.258;   null;103.114; 41.818;243.314
2001-11-06 20:45:00;164.592; 49.410;203.333;119.393;   null;376.437; 96.814;195.576; 85.868;143.430;270.762; 89.424;146.800;180.152;161.038;182.200;   null;104.242; 41.308;245.344
2001-11-06 20:50:00;162.532; 50.260;205.667;120.250;   null;376.313;   null;192.570; 84.524;144.093;272.200; 89.832;146.260;181.430;161.658;183.176;   null;103.500; 41.218;243.758
2001-11-06 20:55:00;161.908; 49.653;205.667;120.127;   null;375.273;   null;194.468; 83.372;143.663;272.611; 89.933;148.220;181.338;162.246;182.770;   null;103.978; 41.200;244.942
2001-11-06 21:00:00;162.456; 50.477;205.600;122.180;   null;378.007; 97.242;193.838; 85.338;145.293;272.064; 90.131;145.760;181.398;162.522;185.090;   null;103.256; 41.372;242.430
2001-11-06 21:05:00;161.704; 50.833;203.200;119.383;   null;380.850;   null;193.828; 83.924;143.570;270.085; 91.757;147.060;179.596;162.414;185.124;   null;104.450; 41.290;246.812
2001-11-06 21:10:00;161.230; 51.117;204.067;120.200;   null;379.074;   null;195.166; 84.876;144.800;270.187; 89.884;146.960;180.114;160.248;184.890;   null;103.534; 42.140;244.912
2001-11-06 21:15:00;161.870; 51.073;204.100;120.117;   null;378.033; 98.098;195.350; 85.458;143.847;271.864; 88.689;146.880;180.458;159.890;185.346;   null;103.636; 41.174;244.062
2001-11-06 21:20:00;162.282; 50.537;204.433;120.617;   null;380.580;   null;196.078; 84.740;142.313;270.332; 89.555;145.880;179.504;161.676;183.400;   null;104.004; 41.360;246.602
2001-11-06 21:25:00;162.800; 50.303;204.333;120.300;   null;378.617;   null;195.112; 84.980;145.247;270.538; 89.777;149.720;180.744;162.372;183.894;   null;103.498; 42.304;241.768
2001-11-06 21:30:00;162.938; 51.090;204.800;119.060;   null;378.393; 97.999;195.970; 84.038;143.807;269.400; 89.507;147.800;182.756;161.492;186.196;   null;102.746; 41.430;245.252
2001-11-06 21:35:00;161.498; 50.760;206.833;119.407;   null;380.607;   null;195.978; 84.088;144.510;273.159; 90.240;147.200;179.634;159.682;184.340;   null;103.142; 41.574;243.540
2001-11-06 21:40:00;161.668; 50.107;203.567;120.350;   null;379.730;   null;195.604; 85.508;145.683;272.199; 90.491;148.240;179.844;160.726;185.304;   null;103.120; 41.828;246.140
2001-11-06 21:45:00;161.018; 50.307;205.200;118.537;   null;378.290; 97.218;196.180; 83.698;144.347;270.933; 90.418;147.440;180.398;160.232;186.984;   null;103.940; 42.202;244.458
2001-11-06 21:50:00;162.646; 49.873;204.833;121.147;   null;382.723;   null;195.142; 85.880;144.597;271.522; 91.524;147.000;180.032;160.760;187.834;   null;103.752; 42.090;243.014
2001-11-06 21:55:00;162.582; 50.247;205.600;120.643;   null;380.200;   null;195.732; 84.576;145.073;271.461; 91.185;148.300;179.328;160.704;184.664;   null;104.048; 41.344;243.256
2001-11-06 22:00:00;161.558; 49.050;204.833;120.440;   null;384.000; 98.363;195.856; 85.060;144.390;271.256; 89.430;146.480;182.878;160.814;186.302;   null;104.334; 41.708;247.232
2001-11-06 22:05:00;164.078; 50.793;207.633;120.963;   null;385.420;   null;194.666; 84.336;147.143;270.427; 91.641;148.000;183.320;162.108;187.478;   null;104.656; 41.982;245.652
2001-11-06 22:10:00;164.280; 50.803;202.467;120.177;   null;382.900;   null;198.670; 86.008;146.380;271.830; 91.215;148.920;180.576;160.582;186.778;   null;102.606; 41.338;246.008
2001-11-06 22:15:00;163.116; 49.757;203.800;119.947;   null;383.563; 99.136;196.182; 86.008;145.597;270.899; 90.295;147.740;181.890;160.216;186.476;   null;103.034; 41.698;244.934
2001-11-06 22:20:00;163.372; 49.043;204.067;120.687;   null;381.960;   null;194.490; 84.674;146.380;270.788; 90.682;149.200;182.020;161.038;183.806;   null;104.252; 41.124;245.970
2001-11-06 22:25:00;161.502; 49.967;205.300;118.870;   null;382.997;   null;197.398; 84.342;143.807;270.616; 90.173;148.140;183.422;162.562;184.864;   null;103.792; 41.650;245.390
2001-11-06 22:30:00;161.888; 50.280;206.200;118.590;   null;385.393; 98.963;198.706; 83.956;145.150;274.897; 90.883;148.260;180.290;160.330;189.410;   null;103.164; 42.480;248.316
2001-11-06 22:35:00;162.220; 50.160;204.700;120.130;   null;385.013;   null;196.146; 85.296;144.373;269.158; 91.296;147.720;181.614;159.264;186.754;184.960;102.608; 41.504;248.050
2001-11-06 22:40:00;162.650; 51.133;205.333;119.390;   null;385.927;   null;197.986; 84.512;146.170;272.633; 90.379;149.480;181.492;162.648;190.508;186.982;102.344; 41.552;247.342
2001-11-06 22:45:00;163.864; 49.840;205.267;120.057;   null;384.177; 97.939;196.630; 84.374;146.053;269.674; 91.929;149.000;180.706;161.042;186.454;186.214;104.142; 42.354;247.478
2001-11-06 22:50:00;163.206; 49.227;205.533;122.130;   null;382.590;   null;195.970; 85.458;145.023;268.344; 90.942;147.100;180.782;160.976;187.970;186.044;102.842; 43.034;250.928
2001-11-06 22:55:00;164.624; 50.710;204.267;120.833;   null;382.973;   null;194.954; 83.868;145.697;272.900; 90.900;148.700;179.920;163.608;188.044;185.362;103.124; 41.192;247.652
2001-11-06 23:00:00;163.284; 50.417;204.633;121.550;   null;382.533; 97.957;196.754; 84.740;147.723;272.632; 90.329;149.760;181.852;161.468;186.154;185.264;104.324; 41.800;245.826
2001-11-06 23:05:00;165.024; 50.870;205.000;119.587;   null;381.573;   null;198.178; 84.484;146.897;272.598; 89.832;147.040;181.944;160.558;187.756;183.050;102.896; 42.834;247.530
2001-11-06 23:10:00;163.610; 49.867;204.267;122.287;   null;380.763;   null;198.526; 84.860;146.017;269.828; 90.201;147.280;179.666;160.644;184.226;186.432;103.494; 41.358;245.304
2001-11-06 23:15:00;163.006; 49.837;206.733;119.720;   null;382.843; 98.958;198.718; 84.208;146.590;272.096; 91.372;146.720;181.194;161.598;185.726;185.772;101.962; 42.096;246.776
2001-11-06 23:20:00;162.870; 50.950;202.733;119.937;   null;384.117;   null;194.458; 85.154;146.733;272.303; 89.829;148.520;182.048;159.954;186.196;185.400;103.696; 41.612;248.422
2001-11-06 23:25:00;164.404; 49.910;205.100;122.173;   null;383.410;   null;196.030; 85.028;145.480;269.769; 88.488;147.340;180.904;157.722;186.280;188.386;103.806; 42.246;248.348
2001-11-06 23:30:00;164.488; 50.557;206.433;120.220;   null;384.500; 98.821;195.794; 84.912;144.650;272.399; 91.134;146.300;180.082;161.208;186.676;184.580;103.816; 42.226;245.826
2001-11-06 23:35:00;162.678; 50.453;204.533;120.240;   null;382.643;   null;198.000; 84.736;148.973;271.405; 88.865;149.880;180.610;160.936;188.476;185.448;104.384; 41.716;245.992
2001-11-06 23:40:00;163.988; 50.537;206.800;120.467;   null;386.730;   null;195.628; 85.606;145.310;270.556; 89.986;146.880;181.670;159.774;186.918;185.092;101.836; 41.394;244.258
2001-11-06 23:45:00;162.606; 51.133;206.133;122.070;   null;383.153; 98.191;198.268; 84.602;147.473;271.480; 91.108;145.640;183.634;162.852;187.570;186.510;104.582; 41.190;246.884
2001-11-06 23:50:00;162.226; 50.093;207.933;120.433;   null;383.123;   null;199.258; 85.016;146.703;270.222; 90.274;147.520;183.244;160.772;185.672;185.064;103.700; 42.154;246.548
2001-11-06 23:55:00;162.214; 51.517;207.633;121.653;   null;386.427;   null;199.058; 84.078;147.233;271.610; 89.467;147.900;180.518;162.642;188.180;187.236;105.186; 41.352;246.988
2001-11-07 00:00:00;163.576; 49.873;207.467;120.730;   null;382.470; 98.673;197.280; 85.334;146.900;271.543; 90.193;147.260;182.096;163.072;185.962;186.270;103.796; 42.368;246.270
2001-11-07 00:05:00;164.344; 50.973;205.000;119.713;   null;384.820;   null;200.804; 84.400;143.763;267.234; 91.250;146.800;183.706;160.882;186.698;185.988;101.786; 42.112;246.874
2001-11-07 00:10:00;164.150; 50.863;206.533;121.097;   null;387.050;   null;197.602; 85.050;146.000;271.303; 89.164;146.740;183.074;159.128;185.146;186.640;104.038; 41.694;247.962
2001-11-07 00:15:00;164.426; 51.057;205.233;120.160;   null;385.124; 99.332;198.778; 85.444;146.287;269.220; 89.387;146.700;181.852;161.568;188.644;188.750;105.732; 42.486;247.668
2001-11-07 00:20:00;163.362; 49.967;204.533;121.200;   null;386.307;   null;199.612; 83.904;143.880;272.707; 91.690;146.840;181.326;162.360;186.926;189.480;103.002; 42.648;248.380
2001-11-07 00:25:00;161.608; 51.423;208.167;121.813;   null;384.800;   null;197.686; 86.798;145.757;274.182; 89.994;146.420;181.394;162.388;187.416;188.180;102.786; 42.056;249.134
2001-11-07 00:30:00;163.616; 51.407;206.167;121.700;   null;382.517; 98.425;197.110; 85.388;146.273;272.783; 91.278;147.940;181.314;161.268;185.776;187.216;103.300; 42.498;246.300
2001-11-07 00:35:00;162.842; 51.247;204.500;121.920;   null;387.900;   null;199.952; 85.544;146.830;270.145; 89.932;148.740;179.072;160.266;188.454;188.638;103.464; 42.764;248.052
2001-11-07 00:40:00;163.002; 50.717;207.100;119.740;   null;383.127;   null;199.154; 85.046;148.787;273.462; 90.787;147.960;180.586;160.936;187.024;185.414;103.060; 42.008;245.172
2001-11-07 00:45:00;163.688; 50.933;206.733;121.570;   null;385.323; 99.273;196.984; 86.172;147.280;270.848; 90.779;146.800;182.822;163.234;185.638;186.642;103.514; 42.138;248.570
2001-11-07 00:50:00;163.760; 50.113;207.500;122.277;   null;383.943;   null;196.256; 85.530;148.403;271.534; 90.534;149.640;182.420;160.544;186.216;186.488;102.840; 42.568;249.228
2001-11-07 00:55:00;162.568; 49.953;207.633;122.083;   null;383.560;   null;198.284; 86.342;148.677;270.634; 91.810;149.180;182.646;160.478;185.580;184.544;103.364; 42.894;247.348
2001-11-07 01:00:00;162.830; 50.493;205.833;119.603;   null;380.597; 99.098;198.028; 84.984;146.320;272.391; 91.355;148.240;182.068;158.456;187.862;186.648;102.762; 42.416;248.384
2001-11-07 01:05:00;163.924; 50.027;204.033;120.820;   null;381.483;   null;194.534; 86.056;146.993;268.678; 92.140;150.380;181.770;163.196;182.966;185.736;104.232; 42.380;249.592
2001-11-07 01:10:00;161.142; 50.573;207.233;121.713;   null;380.087;   null;195.778; 85.608;147.070;273.305; 92.047;148.920;181.760;161.890;185.476;189.598;104.622; 42.126;249.466
2001-11-07 01:15:00;162.994; 49.693;204.767;122.763;   null;381.743; 98.698;197.428; 84.790;147.190;272.824; 92.963;149.960;182.942;161.530;185.890;188.474;104.208; 41.802;249.658
2001-11-07 01:20:00;162.540; 49.673;205.533;121.393;   null;383.407;   null;196.582; 85.242;148.053;271.623; 91.667;149.540;183.418;162.926;184.572;186.486;104.694; 42.562;248.204
2001-11-07 01:25:00;162.620; 50.157;205.267;122.530;   null;379.203;   null;195.472; 85.250;149.620;272.955; 91.567;149.440;183.264;161.642;183.408;187.766;103.700; 41.694;248.788
2001-11-07 01:30:00;163.208; 50.997;206.767;122.323;   null;381.640; 99.208;195.274; 84.750;148.703;272.680; 91.673;149.920;183.128;161.588;183.648;187.402;103.668; 43.188;248.112
2001-11-07 01:35:00;162.130; 50.557;204.100;121.510;   null;385.043;   null;197.074; 85.196;147.590;274.198; 91.035;147.660;183.672;163.250;185.414;185.906;104.196; 42.604;247.738
2001-11-07 01:40:00;162.638; 50.097;208.067;121.773;   null;382.810;   null;198.764; 86.264;148.540;277.558; 91.113;146.960;184.538;162.985;186.126;188.172;104.646; 42.582;248.080
2001-11-07 01:45:00;161.488; 50.580;205.367;120.473;   null;382.003; 99.745;197.010; 85.770;147.703;274.048; 90.292;147.160;182.562;163.022;184.930;189.274;103.180; 41.838;249.948
2001-11-07 01:50:00;164.236; 49.657;203.967;121.503;   null;384.153;   null;198.228; 85.240;148.663;274.117; 91.226;147.460;182.646;161.168;184.166;188.750;104.566; 42.584;245.912
2001-11-07 01:55:00;162.554; 50.070;205.600;122.040;   null;383.437;   null;196.856; 85.272;149.240;275.424; 90.279;148.200;182.734;162.258;186.850;187.786;103.772; 42.324;247.896
2001-11-07 02:00:00;163.636; 49.487;205.400;120.510;   null;381.583; 98.204;198.554; 84.490;147.307;274.248; 91.594;147.060;183.870;162.428;186.082;186.722;104.514; 41.838;248.492
2001-11-07 02:05:00;163.592; 49.843;206.933;121.700;   null;381.930;   null;198.408; 85.424;149.787;272.872; 91.197;148.740;185.894;162.372;184.562;187.820;104.680; 42.462;250.376
2001-11-07 02:10:00;160.700; 49.557;207.533;119.570;   null;380.390;   null;197.526; 85.752;146.640;275.069; 91.846;149.540;184.096;161.596;186.476;189.650;104.132; 42.874;245.862
2001-11-07 02:15:00;162.816; 51.423;208.167;119.680;   null;379.730; 98.442;199.862; 87.188;147.463;276.309; 91.583;148.800;182.410;162.738;185.672;190.972;103.832; 42.448;249.676
2001-11-07 02:20:00;163.728; 50.687;207.333;120.697;   null;380.747;   null;195.904; 84.498;146.560;275.144; 92.535;151.360;183.920;163.962;186.826;189.744;103.960; 42.684;249.920
2001-11-07 02:25:00;163.894; 50.790;205.500;118.707;   null;384.140;   null;196.026; 85.690;148.680;278.098; 91.346;149.420;186.408;162.518;184.936;188.378;103.758; 42.762;251.228
2001-11-07 02:30:00;163.990; 50.757;206.100;122.587;   null;383.100; 98.521;197.590; 84.718;146.533;275.373; 91.740;148.760;185.298;164.854;183.518;187.886;103.832; 42.442;250.386
2001-11-07 02:35:00;164.004; 50.857;206.267;120.643;   null;379.897;   null;199.684; 84.524;147.247;277.894; 93.340;147.820;183.748;164.516;185.144;189.044;104.414; 43.318;251.512
2001-11-07 02:40:00;163.538; 50.287;205.067;121.963;   null;382.880;   null;196.830; 84.356;144.690;278.997; 91.001;148.760;185.294;163.208;185.402;189.018;105.346; 43.238;249.480
2001-11-07 02:45:00;163.176; 49.980;204.600;119.797;   null;382.547; 98.498;198.590; 85.506;147.410;277.102; 91.691;148.140;187.358;164.278;184.826;190.290;104.704; 42.490;251.624
2001-11-07 02:50:00;163.882; 50.990;206.533;120.883;   null;383.497;   null;198.178; 85.606;145.050;276.930; 91.200;148.480;187.836;162.658;185.836;189.932;105.084; 42.728;250.902
2001-11-07 02:55:00;164.232; 51.167;202.400;121.337;   null;385.290;   null;197.994; 85.912;149.390;278.242; 92.188;149.400;185.204;161.516;186.258;191.566;104.038; 41.934;249.648
2001-11-07 03:00:00;164.004; 50.397;207.000;121.413;   null;381.067; 98.403;195.662; 84.264;148.097;280.063; 90.929;150.140;183.998;163.462;182.966;190.328;103.682; 42.054;249.098
2001-11-07 03:05:00;164.794; 50.403;205.267;121.293;   null;385.127;   null;198.284; 86.496;147.573;276.063; 92.458;149.040;186.858;165.362;187.954;190.410;105.358; 42.786;249.552
2001-11-07 03:10:00;163.644; 51.510;204.200;122.510;   null;386.136;   null;200.138; 85.580;147.163;278.478; 91.511;150.300;184.064;164.654;186.224;188.114;104.220; 42.560;249.736
2001-11-07 03:15:00;163.526; 50.187;205.033;120.687;   null;388.813; 98.775;200.538; 85.676;146.523;277.511; 90.238;147.560;186.486;165.844;183.754;187.858;104.580; 43.010;252.534
2001-11-07 03:20:00;163.734; 50.467;204.867;121.980;   null;386.423;   null;200.462; 85.542;148.730;279.170; 89.719;150.820;186.672;164.412;186.692;188.562;105.190; 43.120;248.820
2001-11-07 03:25:00;162.542; 51.470;205.800;120.730;   null;385.277;   null;199.928; 85.570;147.123;278.791; 91.559;147.940;186.726;164.340;185.800;189.390;104.612; 42.818;250.178
2001-11-07 03:30:00;164.818; 49.997;208.133;123.200;   null;383.797; 98.354;199.218; 84.950;146.924;280.511; 92.208;148.180;187.832;164.110;186.566;188.456;103.660; 42.466;250.694
2001-11-07 03:35:00;162.112; 50.233;207.400;121.557;   null;388.290;   null;199.900; 85.564;144.827;281.028; 90.994;149.500;188.220;164.002;186.310;186.958;105.618; 42.040;251.556
2001-11-07 03:40:00;165.768; 51.820;205.433;121.253;   null;387.533;   null;200.958; 86.014;147.433;277.860; 90.674;148.380;184.432;165.916;186.972;188.846;105.514; 42.278;250.040
2001-11-07 03:45:00;163.600; 51.630;204.367;121.393;   null;386.383; 99.127;200.154; 86.924;147.627;280.063; 89.648;148.600;185.148;165.854;187.238;189.200;105.114; 42.436;249.602
2001-11-07 03:50:00;165.844; 49.637;204.167;120.900;   null;387.007;   null;200.222; 84.204;148.640;280.475; 90.592;147.120;186.606;166.254;187.020;188.924;104.142; 42.106;248.434
2001-11-07 03:55:00;162.870; 51.977;205.633;120.947;   null;386.990;   null;200.016; 85.780;146.430;279.543; 90.927;149.600;187.166;168.526;185.354;189.982;105.752; 42.912;250.578
2001-11-07 04:00:00;163.240; 50.300;206.267;120.950;   null;387.657; 99.709;197.094; 85.662;146.503;277.852; 90.857;148.100;187.904;166.680;186.412;188.880;105.050; 43.014;252.134
2001-11-07 04:05:00;164.206; 49.900;203.933;122.007;   null;387.273;   null;198.626; 85.590;147.587;280.679; 90.933;149.420;187.696;165.890;188.346;188.874;105.048; 42.434;250.056
2001-11-07 04:10:00;163.104; 51.140;208.967;121.370;   null;381.670;   null;199.772; 84.798;146.137;280.987; 90.667;149.820;187.266;165.108;188.374;186.510;104.450; 41.966;248.494
2001-11-07 04:15:00;164.228; 50.620;206.400;120.903;   null;383.960; 98.388;201.880; 86.644;147.253;280.642; 91.037;147.400;187.178;166.400;188.488;188.116;106.214; 43.526;249.682
2001-11-07 04:20:00;163.426; 51.380;207.167;120.987;   null;383.747;   null;198.268; 86.346;148.480;279.190; 91.306;149.200;186.048;166.456;187.826;186.746;105.958; 41.758;249.664
2001-11-07 04:25:00;164.536; 51.953;206.700;121.800;   null;385.840;   null;197.470; 86.046;145.827;277.908; 91.983;149.560;186.502;166.898;188.324;188.140;105.412; 42.796;251.114
2001-11-07 04:30:00;166.562; 50.433;204.767;121.213;   null;389.193; 98.116;197.782; 85.722;146.700;280.707; 90.933;146.420;188.284;166.808;189.164;188.358;105.098; 42.512;251.664
2001-11-07 04:35:00;164.312; 51.197;205.167;122.410;1320.600;387.223;   null;196.692; 85.400;148.503;279.419; 91.248;147.740;188.890;166.084;188.326;187.338;105.288; 42.698;248.664
2001-11-07 04:40:00;162.266; 49.723;205.967;121.637;1309.360;385.930;   null;198.354; 85.896;147.270;283.093; 90.094;148.260;186.598;166.686;185.948;186.802;105.906; 43.054;249.920
2001-11-07 04:45:00;165.344; 51.350;205.900;122.830;1315.420;385.387; 97.863;198.744; 86.182;146.197;279.387; 89.628;148.200;186.956;166.502;187.372;189.970;105.826; 42.972;251.692
2001-11-07 04:50:00;165.458; 51.153;205.967;120.027;1319.300;384.937;   null;197.598; 85.372;147.077;283.126; 91.881;147.440;186.192;165.968;187.524;189.952;105.130; 42.584;249.474
2001-11-07 04:55:00;164.768; 50.790;203.100;119.643;1313.900;385.713;   null;197.616; 85.326;144.167;276.779; 90.368;148.020;188.264;167.232;186.788;187.536;104.462; 42.510;251.004
2001-11-07 05:00:00;165.368; 48.860;207.033;123.110;1318.080;388.084; 98.784;197.402; 85.778;146.770;280.798; 91.653;149.740;186.856;167.104;187.836;189.618;104.778; 42.992;252.078
2001-11-07 05:05:00;167.594; 51.063;206.133;121.850;1324.240;382.780;   null;199.866; 86.124;146.293;281.976; 92.091;150.520;188.216;167.960;183.798;190.826;105.888; 43.576;250.878
2001-11-07 05:10:00;163.672; 52.077;205.767;120.660;1314.940;384.503;   null;197.368; 86.964;149.146;278.984; 90.623;148.620;187.414;165.358;188.806;190.112;105.854; 43.000;248.550
2001-11-07 05:15:00;164.720; 50.620;206.867;120.103;1317.080;385.223; 98.127;198.144; 84.788;148.563;279.182; 92.108;146.940;186.308;167.332;186.696;188.948;105.594; 41.984;248.120
2001-11-07 05:20:00;165.330; 50.217;206.267;119.367;1318.080;387.344;   null;199.422; 87.484;146.923;279.293; 90.574;148.020;187.230;168.024;187.528;188.056;105.308; 42.408;251.024
2001-11-07 05:25:00;166.352; 50.827;206.633;121.213;1317.560;388.147;   null;198.810; 86.590;146.693;283.012; 91.792;148.840;186.102;164.896;187.210;189.322;104.834; 42.018;250.690
2001-11-07 05:30:00;164.152; 51.343;206.500;119.033;1325.140;387.820; 98.379;197.492; 87.092;147.593;282.103; 91.376;147.740;187.052;166.362;188.070;189.808;106.210; 42.654;251.104
2001-11-07 05:35:00;166.336; 50.877;203.100;120.373;1321.120;385.757;   null;197.716; 86.248;148.227;280.601; 91.774;148.660;187.422;165.008;185.256;188.712;106.264; 42.248;251.380
2001-11-07 05:40:00;165.524; 51.093;206.200;120.093;1320.140;386.227;   null;197.222; 85.004;147.613;282.236; 92.028;147.880;189.412;167.752;187.296;189.204;104.706; 42.532;251.100
2001-11-07 05:45:00;165.066; 50.513;204.300;121.230;1320.440;383.800; 98.563;197.964; 85.816;150.064;280.184; 90.130;150.260;186.510;167.886;189.420;191.316;106.700; 43.208;250.224
2001-11-07 05:50:00;164.958; 51.820;204.600;120.677;1330.160;385.233;   null;197.778; 86.792;149.673;277.800; 91.686;147.540;187.728;167.356;187.042;189.108;105.050; 43.630;252.404
2001-11-07 05:55:00;166.180; 50.237;202.633;122.517;1320.580;388.413;   null;198.890; 87.418;147.727;278.079; 90.511;150.640;188.356;167.156;187.536;188.492;105.894; 42.604;251.096
2001-11-07 06:00:00;165.528; 52.227;208.167;121.700;1333.100;386.393; 99.940;196.876; 86.384;146.310;280.388; 91.890;148.360;187.714;168.276;187.392;187.408;106.078; 43.232;250.534
2001-11-07 06:05:00;164.346; 51.043;207.533;120.777;1328.000;387.703;   null;199.666; 86.312;149.743;282.480; 90.715;150.680;190.076;166.178;188.726;188.872;105.752; 42.730;248.904
2001-11-07 06:10:00;166.458; 50.937;207.833;120.223;1328.520;384.950;   null;198.314; 86.694;149.170;280.667; 92.083;147.860;187.278;167.470;189.058;189.472;105.704; 43.404;247.160
2001-11-07 06:15:00;165.748; 50.857;207.500;120.257;1330.120;383.033; 99.402;200.230; 85.284;146.393;280.702; 92.797;147.460;188.790;167.414;190.866;189.496;107.246; 42.548;251.082
2001-11-07 06:20:00;165.082; 50.773;203.867;120.073;1328.680;385.440;   null;197.470; 85.188;145.737;281.081; 91.207;150.400;187.400;168.036;188.988;191.122;105.484; 42.414;251.046
2001-11-07 06:25:00;163.698; 51.667;206.633;123.013;1327.980;387.753;   null;199.040; 86.010;149.667;281.046; 89.856;150.460;184.832;167.072;186.316;187.186;105.430; 42.358;248.880
2001-11-07 06:30:00;165.084; 50.227;204.067;121.383;1330.740;386.657; 99.102;198.432; 85.286;147.203;281.843; 91.338;148.480;186.826;166.188;189.228;190.472;106.700; 42.348;248.000
2001-11-07 06:35:00;166.928; 50.070;205.433;121.487;1333.520;388.634;   null;196.736; 86.028;146.917;278.024; 91.503;151.300;187.478;167.724;189.062;187.814;104.492; 42.356;251.030
2001-11-07 06:40:00;164.908; 52.003;203.967;122.907;1334.040;384.620;   null;199.250; 87.332;148.253;279.080; 90.828;148.540;189.038;167.510;188.816;190.544;104.474; 42.618;249.108
2001-11-07 06:45:00;166.438; 49.633;206.233;124.087;1329.400;387.800; 99.007;201.840; 85.624;147.113;281.352; 89.285;148.800;187.752;168.956;188.754;190.724;106.150; 42.758;247.932
2001-11-07 06:50:00;165.386; 52.000;204.633;120.757;1329.620;387.687;   null;198.140; 85.720;149.730;277.246; 92.157;149.080;186.670;166.092;186.446;191.062;106.128; 42.238;250.102
2001-11-07 06:55:00;165.306; 51.330;206.000;122.560;1323.660;385.356;   null;197.890; 86.284;149.020;276.364; 90.552;150.240;187.640;167.290;187.662;191.584;106.528; 42.776;250.846
2001-11-07 07:00:00;167.190; 51.010;206.667;122.967;1336.420;386.697; 99.331;199.506; 86.064;148.637;278.297; 91.587;149.760;186.608;169.158;189.974;191.148;105.824; 42.520;251.230
2001-11-07 07:05:00;166.208; 52.070;206.100;123.897;1329.020;386.867;   null;198.164; 86.268;146.923;280.598; 91.630;147.920;186.672;168.914;188.528;191.094;106.236; 42.452;248.752
2001-11-07 07:10:00;166.756; 51.697;204.633;122.130;1333.000;384.573;   null;199.130; 85.704;151.050;280.761; 92.311;148.300;188.014;169.604;188.886;190.216;106.060; 42.106;248.302
2001-11-07 07:15:00;165.908; 50.477;205.533;122.237;1323.840;387.933;100.261;202.080; 86.578;148.140;279.539; 90.412;150.100;185.628;165.862;186.976;192.050;105.240; 42.428;249.316
2001-11-07 07:20:00;167.508; 49.880;205.100;121.693;1332.260;389.097;   null;199.040; 85.596;147.197;281.429; 91.929;150.220;186.276;167.482;189.138;193.104;105.936; 42.560;246.954
2001-11-07 07:25:00;167.404; 50.953;205.933;124.403;1331.380;388.813;   null;198.276; 86.526;149.327;280.164; 91.873;150.100;186.104;167.852;186.268;191.286;105.424; 42.490;250.178
2001-11-07 07:30:00;168.034; 52.187;205.900;121.520;1333.560;387.597; 99.429;199.308; 84.458;149.143;279.379; 90.419;148.320;187.786;168.184;185.974;193.000;105.970; 42.624;249.866
2001-11-07 07:35:00;165.312; 50.073;205.067;124.407;1333.080;388.637;   null;199.884; 85.714;149.467;279.371; 91.755;148.260;187.338;166.232;186.834;189.796;106.254; 42.902;249.398
2001-11-07 07:40:00;167.716; 50.473;205.933;123.527;1331.600;390.093;   null;201.180; 85.518;148.683;278.245; 92.157;149.540;187.002;168.694;185.376;190.704;105.022; 42.056;248.682
2001-11-07 07:45:00;167.198; 51.653;207.867;123.190;1331.960;387.800; 98.547;198.002; 86.242;149.990;281.864; 93.728;149.240;185.884;167.026;186.402;190.692;106.048; 42.220;248.520

