DATETIME,ESOI,ATHN,MXCO,ROME,AATB,LMKS,DRBS,MOSC,NEWK,KIEL,CALG,OULU,APTY,FSMT,INVK,NAIN,PWNK,THUL,SOPB,SOPO
2001-11-05 20:50:00,171.902,54.053,216.167,127.853,1385.38,418.477,,214.384,,159.75,300.182,100.06,161.2,199.592,179.61,199.408,,113.312,45.99,268.582
2001-11-05 20:55:00,171.868,54.333,214.4,126.35,1393.98,420.14,,215.07,,159.463,297.157,97.56,161.3,198.186,180.006,202.058,,113.844,46.522,269.43
2001-11-05 21:00:00,173.14,53.303,212.0,129.307,1382.34,419.163,105.422,216.394,,158.937,298.119,98.289,162.54,198.282,179.14,200.714,,113.752,46.378,270.04
2001-11-05 21:05:00,170.698,53.76,214.767,129.307,1387.16,415.75,,217.22,,157.514,299.817,98.988,162.0,199.208,179.326,201.706,,112.048,47.21,270.398
2001-11-05 21:10:00,170.246,52.87,215.867,127.8,1393.9,417.33,,216.412,,159.153,297.913,99.598,162.84,199.29,180.522,199.026,,112.308,46.86,268.618
2001-11-05 21:15:00,173.1,53.687,214.367,128.723,1390.9,417.33,106.734,214.6,,161.22,299.759,100.384,164.68,201.152,181.034,199.334,,113.802,46.56,270.714
2001-11-05 21:20:00,172.636,52.987,217.533,128.133,1378.32,417.66,,216.514,,156.1,295.913,99.09,163.28,198.172,180.104,197.912,,114.842,46.074,269.414
2001-11-05 21:25:00,171.5,53.547,216.567,127.903,1386.26,413.477,,216.402,,156.9,298.187,100.167,161.98,200.8,180.513,203.748,,113.33,46.532,270.314
2001-11-05 21:30:00,171.298,53.447,215.433,128.933,1388.48,418.563,105.734,214.0,,159.283,298.968,99.231,162.64,200.752,177.526,200.328,,113.94,46.118,268.556
2001-11-05 21:35:00,171.454,53.337,214.467,129.527,1392.9,415.286,,213.838,,159.117,297.336,100.511,162.3,198.616,180.01,199.114,,113.95,46.932,266.228
2001-11-05 21:40:00,170.77,54.49,214.1,128.323,1401.66,414.23,,215.844,,159.073,300.762,100.187,162.38,198.918,177.616,199.156,,114.736,46.396,269.806
2001-11-05 21:45:00,170.17,53.82,214.467,129.567,1389.52,418.407,106.419,216.644,90.33,159.047,299.221,99.685,161.82,200.776,176.826,201.352,,112.464,46.4,267.852
2001-11-05 21:50:00,170.758,52.353,215.133,127.357,1394.26,416.147,,219.358,90.752,157.607,296.433,100.335,161.98,198.476,180.694,199.134,,115.604,46.17,270.068
2001-11-05 21:55:00,170.986,54.21,214.9,129.003,1400.76,414.553,,215.552,92.202,158.25,297.884,99.293,162.62,199.31,178.416,201.618,,114.532,46.688,270.634
2001-11-05 22:00:00,171.942,54.363,215.367,129.9,1396.08,417.523,106.145,216.308,91.842,159.887,297.883,98.98,163.0,200.192,179.432,199.886,,111.96,46.04,269.486
2001-11-05 22:05:00,172.594,53.533,213.633,127.737,1392.54,419.497,,215.912,90.202,160.333,296.251,99.797,161.42,198.114,179.63,199.426,,113.662,46.124,269.54
2001-11-05 22:10:00,172.614,53.533,216.533,130.337,1389.48,416.993,,216.32,90.628,158.787,296.927,98.846,161.1,198.83,177.336,200.144,,114.012,45.756,268.342
2001-11-05 22:15:00,172.692,53.163,213.5,127.587,1386.76,416.37,106.652,216.832,92.294,161.004,298.655,98.735,162.9,199.024,177.776,199.576,,114.044,46.604,270.046
2001-11-05 22:20:00,171.1,53.067,215.267,130.203,1387.54,419.187,,216.104,90.418,159.09,299.357,99.54,160.44,200.016,177.166,199.344,,113.942,46.19,267.428
2001-11-05 22:25:00,171.762,53.513,215.967,127.857,1388.48,419.45,,215.736,90.814,161.233,298.904,99.608,163.2,198.956,178.926,198.64,,114.328,46.078,268.85
2001-11-05 22:30:00,169.838,53.923,214.433,128.797,1390.0,414.227,105.639,218.962,92.164,157.24,298.429,98.922,162.5,195.446,175.97,199.972,,113.152,46.246,269.012
2001-11-05 22:35:00,172.338,53.957,214.833,128.17,1389.18,418.167,,214.2,90.598,158.61,299.365,100.556,162.7,199.92,176.362,199.358,,112.92,46.546,269.526
2001-11-05 22:40:00,171.346,52.657,214.933,126.45,1387.32,416.02,,214.4,89.834,157.99,298.715,99.987,160.64,198.29,176.676,200.39,,114.074,46.042,268.448
2001-11-05 22:45:00,171.876,53.003,215.333,127.88,1390.82,412.543,106.447,213.852,91.554,159.563,298.934,100.205,162.04,197.948,177.882,201.986,,113.35,46.866,267.524
2001-11-05 22:50:00,173.616,53.77,216.167,126.75,1392.46,414.127,,216.638,91.318,157.983,297.9,101.402,162.04,197.038,178.704,196.976,,112.388,46.406,268.428
2001-11-05 22:55:00,172.35,53.137,216.367,127.707,1393.1,414.867,,215.672,90.894,160.277,297.24,99.867,163.38,198.904,177.342,199.046,,114.64,46.32,267.682
2001-11-05 23:00:00,171.388,53.583,216.733,127.543,1402.9,415.34,105.189,214.916,90.156,158.04,296.489,102.004,163.44,199.632,177.138,200.232,,112.734,46.322,270.008
2001-11-05 23:05:00,170.854,52.79,216.6,129.5,1401.68,417.473,,216.854,90.866,157.61,298.379,101.046,161.08,199.308,177.426,199.602,,112.898,46.75,269.966
2001-11-05 23:10:00,173.22,54.233,216.067,128.183,1399.48,416.897,,216.832,89.998,158.027,297.297,99.945,161.68,200.956,177.196,199.482,,114.804,46.426,269.352
2001-11-05 23:15:00,171.706,52.987,217.8,129.223,1393.92,415.61,106.322,215.236,89.942,158.553,298.038,98.368,162.84,198.412,177.422,198.86,,114.248,46.346,267.978
2001-11-05 23:20:00,171.446,53.587,215.433,129.617,1399.74,416.89,,214.744,90.902,160.143,297.314,100.567,161.22,200.18,178.938,200.71,,114.562,46.224,269.468
2001-11-05 23:25:00,174.13,54.0,215.733,130.38,1396.4,412.997,,216.256,90.38,158.953,296.266,98.695,160.86,199.356,176.522,197.184,,113.944,46.868,267.08
2001-11-05 23:30:00,170.92,53.233,212.233,128.887,1396.42,417.977,106.419,213.162,91.728,162.08,295.329,102.295,162.38,200.704,176.174,200.78,,114.254,46.486,267.79
2001-11-05 23:35:00,171.12,52.933,214.933,128.393,1396.92,415.57,,218.326,90.906,157.937,297.759,100.759,163.54,199.04,177.302,199.98,,116.028,45.644,269.46
2001-11-05 23:40:00,171.906,54.07,214.933,128.287,1397.12,414.233,,215.194,91.252,159.467,295.876,100.019,161.86,200.274,176.74,199.238,,114.438,46.36,266.394
2001-11-05 23:45:00,169.968,53.557,217.067,126.657,1388.38,416.52,104.975,216.392,90.998,160.62,297.349,99.788,162.74,201.036,176.072,200.926,,114.222,47.1,266.832
2001-11-05 23:50:00,170.434,53.653,213.967,129.097,1402.96,417.7,,217.07,90.922,159.39,298.308,100.189,163.14,200.558,178.556,200.822,,114.832,47.26,268.41
2001-11-05 23:55:00,170.788,55.07,212.433,128.48,1393.8,416.06,,215.362,91.588,159.67,300.545,99.781,161.72,197.69,176.67,198.968,,115.182,46.692,266.804
2001-11-06 00:00:00,170.472,53.197,216.433,129.877,1390.26,414.28,105.578,215.564,91.324,159.76,298.595,100.057,163.16,199.704,180.462,199.068,,115.14,46.316,270.404
2001-11-06 00:05:00,173.244,52.94,216.5,129.073,1388.34,414.8,,217.018,90.348,159.663,295.481,99.627,163.66,200.55,180.032,201.598,,114.932,46.446,267.102
2001-11-06 00:10:00,171.292,53.64,216.8,130.203,1396.42,414.39,,215.628,91.534,157.553,300.633,101.039,161.88,201.174,178.788,198.632,,115.636,46.07,268.63
2001-11-06 00:15:00,173.37,54.207,215.267,127.783,1389.58,417.123,106.841,217.464,90.25,160.98,299.619,99.412,162.4,199.222,178.454,200.5,,115.154,46.25,267.142
2001-11-06 00:20:00,172.246,54.873,216.967,131.367,1385.9,416.147,,218.418,92.312,160.823,296.321,100.243,163.58,200.148,178.008,201.13,,115.238,46.07,270.334
2001-11-06 00:25:00,171.116,54.16,216.767,127.49,1392.22,415.637,,216.798,91.4,160.647,298.008,100.585,164.24,200.814,180.596,197.692,,115.422,45.958,267.096
2001-11-06 00:30:00,174.05,54.4,215.5,129.557,1385.32,423.263,106.746,218.61,90.03,161.23,299.523,99.701,164.92,198.702,179.538,199.568,,117.062,46.104,269.52
2001-11-06 00:35:00,173.352,53.19,213.767,130.7,1393.3,421.03,,218.222,89.942,161.413,297.111,101.291,166.7,200.598,180.612,198.614,,115.554,46.494,267.48
2001-11-06 00:40:00,173.84,53.2,218.767,129.31,1395.72,421.503,,217.15,90.73,162.817,298.864,100.879,165.32,200.698,178.588,198.3,,116.962,46.002,267.148
2001-11-06 00:45:00,172.706,54.34,215.067,130.803,1393.92,420.307,106.563,217.752,90.366,161.153,298.197,101.276,165.4,202.784,181.472,199.928,,116.042,46.392,268.224
2001-11-06 00:50:00,173.404,53.243,215.833,130.747,1389.72,423.233,,220.982,91.68,160.907,299.968,100.84,166.62,201.438,180.306,201.014,,115.926,46.356,267.698
2001-11-06 00:55:00,174.292,53.807,214.4,131.027,1390.66,419.187,,220.52,91.554,162.2,302.777,101.564,164.36,202.546,180.994,198.274,,115.732,46.686,268.588
2001-11-06 01:00:00,173.498,53.59,217.533,130.263,1389.08,425.27,107.89,220.48,92.258,162.723,298.36,102.835,164.4,202.344,182.918,200.094,,116.318,46.742,267.276
2001-11-06 01:05:00,173.406,53.083,217.067,129.76,1396.12,424.2,,219.218,90.342,162.39,298.466,102.2,164.92,201.238,181.872,199.254,,116.61,46.42,268.686
2001-11-06 01:10:00,176.396,53.957,216.667,132.363,1400.92,423.207,,221.686,90.688,160.783,300.055,100.827,163.8,203.432,183.726,202.376,,117.966,45.233,269.473
2001-11-06 01:15:00,173.404,55.387,215.067,131.67,1396.48,424.363,108.809,221.126,91.616,164.376,297.552,102.393,163.32,203.49,182.02,200.698,,117.488,46.166,266.522
2001-11-06 01:20:00,176.238,55.177,215.967,130.577,1411.0,424.99,,219.388,91.722,164.173,299.105,101.431,162.04,202.944,182.768,203.53,,116.848,46.532,269.774
2001-11-06 01:25:00,174.272,54.337,215.8,132.617,1405.74,427.947,,216.79,91.232,162.283,302.948,100.606,163.34,202.656,183.986,200.106,,116.4,46.24,266.922
2001-11-06 01:30:00,174.344,53.557,217.7,132.647,1403.72,431.463,109.395,218.614,90.264,162.513,297.352,100.452,163.64,201.484,182.422,202.408,,116.06,46.286,270.74
2001-11-06 01:35:00,174.446,55.21,216.7,132.693,1405.58,431.03,,216.338,91.25,164.153,298.31,99.37,161.48,203.146,180.836,202.494,,116.344,46.852,267.102
2001-11-06 01:40:00,174.972,54.357,216.1,132.607,1402.04,433.22,,221.028,92.284,162.143,296.971,99.547,160.82,203.41,180.62,200.09,,116.574,46.21,267.098
2001-11-06 01:45:00,173.062,54.557,218.0,133.547,1405.34,434.493,110.142,220.676,91.93,161.72,296.373,99.215,161.64,202.268,181.464,201.902,,113.404,46.648,268.18
2001-11-06 01:50:00,173.75,54.387,216.967,132.183,1410.0,432.426,,217.876,92.692,165.187,298.099,97.513,162.06,200.734,178.324,203.6,,111.876,47.352,271.168
2001-11-06 01:55:00,173.398,54.67,218.5,130.18,1400.22,427.373,,215.244,91.36,163.097,301.338,101.594,163.1,197.46,174.618,202.916,,112.674,47.972,277.048
2001-11-06 02:00:00,171.258,52.91,215.8,128.627,1400.6,424.607,107.024,215.084,93.2,160.853,293.024,99.875,160.86,197.832,176.062,205.414,,111.648,47.32,271.328
2001-11-06 02:05:00,173.572,53.793,216.867,128.82,1412.5,419.933,,211.744,92.222,160.373,293.062,98.884,159.3,195.01,175.304,202.724,,112.994,46.846,271.1
2001-11-06 02:10:00,173.724,52.4,214.333,128.213,1405.1,418.573,,213.166,90.832,157.61,292.852,99.045,160.84,195.288,172.844,203.144,,111.682,46.544,267.634
2001-11-06 02:15:00,173.164,53.837,212.333,127.793,1404.16,418.614,105.871,212.206,92.99,156.22,290.28,97.535,159.38,194.688,175.542,198.638,,112.096,46.598,268.448
2001-11-06 02:20:00,171.362,52.92,214.167,128.407,1417.1,416.493,,212.29,90.912,156.97,291.301,98.407,158.72,193.834,171.718,199.448,,111.856,46.788,267.106
2001-11-06 02:25:00,169.864,52.727,213.933,127.757,1420.18,412.78,,212.214,91.31,156.573,289.365,97.815,161.22,192.576,173.032,198.212,,110.792,46.576,263.98
2001-11-06 02:30:00,170.83,53.893,212.733,127.533,1413.24,413.427,103.272,212.632,88.382,156.71,289.647,98.662,159.18,193.856,174.7,196.752,,111.912,46.408,264.462
2001-11-06 02:35:00,172.936,52.973,212.267,128.153,1425.18,412.93,,214.066,90.168,155.817,285.949,97.814,158.82,195.714,173.564,196.03,,110.258,45.918,265.972
2001-11-06 02:40:00,173.054,55.38,212.2,127.847,1426.3,414.017,,212.158,89.45,154.54,289.93,96.942,158.2,196.678,175.616,197.336,,110.538,45.784,263.844
2001-11-06 02:45:00,171.73,53.32,208.7,126.573,1424.56,413.04,104.575,211.274,87.794,155.43,290.457,96.829,158.12,196.336,175.07,193.324,,109.726,45.708,265.752
2001-11-06 02:50:00,170.442,51.82,210.7,125.88,1421.0,413.94,,210.602,89.72,153.987,287.462,96.97,159.88,196.666,175.194,196.28,,111.288,45.458,264.74
2001-11-06 02:55:00,171.42,53.837,210.767,126.337,1408.82,413.86,,210.316,88.556,154.987,291.09,97.507,158.0,196.114,175.868,193.856,,108.87,45.96,264.24
2001-11-06 03:00:00,171.742,52.517,211.433,126.073,1402.64,413.563,104.302,207.478,89.97,155.82,290.104,97.755,156.44,195.318,174.484,195.53,,109.096,46.022,266.636
2001-11-06 03:05:00,170.924,54.203,213.1,126.377,1408.2,411.72,,208.776,88.188,152.803,290.0,95.616,156.92,196.812,175.078,192.572,,108.426,46.728,264.604
2001-11-06 03:10:00,172.002,53.853,212.167,126.557,1402.68,410.297,,212.006,88.586,156.273,292.043,97.013,156.64,195.892,178.62,192.12,,109.83,45.18,264.522
2001-11-06 03:15:00,170.85,52.283,211.167,127.497,1391.76,413.273,105.146,208.324,88.242,156.307,288.202,96.807,156.66,194.834,176.084,193.788,,108.876,47.024,267.072
2001-11-06 03:20:00,171.504,53.113,212.533,127.483,1400.44,411.487,,210.378,88.15,155.31,292.644,97.426,156.7,193.77,175.546,193.446,,108.558,47.164,268.998
2001-11-06 03:25:00,173.958,53.437,213.033,127.62,1389.38,413.953,,211.638,88.364,154.84,292.468,95.703,158.6,193.554,173.764,195.234,,109.54,46.122,268.27
2001-11-06 03:30:00,171.706,53.11,212.733,127.527,1392.36,416.08,104.293,210.61,88.754,153.697,290.528,98.233,159.54,192.534,172.938,194.208,,109.09,47.55,266.718
2001-11-06 03:35:00,174.364,54.33,215.233,128.973,1390.34,415.013,,211.676,89.774,156.75,292.394,98.249,159.28,196.756,173.318,193.416,,108.624,46.696,268.496
2001-11-06 03:40:00,173.45,52.743,215.533,129.43,1397.52,417.537,,210.81,91.518,155.487,291.797,97.892,158.7,193.482,172.04,196.568,,109.836,46.008,269.692
2001-11-06 03:45:00,171.126,53.36,214.633,129.72,1399.46,418.063,105.922,213.842,90.822,156.71,292.256,97.862,157.66,192.134,173.298,198.01,,110.872,46.66,270.184
2001-11-06 03:50:00,172.348,53.243,216.3,128.943,1387.82,415.487,,210.286,90.998,155.937,292.078,98.637,158.96,194.73,173.278,199.352,,109.29,45.878,267.268
2001-11-06 03:55:00,174.086,52.857,215.933,126.917,1385.28,414.62,,212.78,89.78,155.137,292.08,99.07,158.02,190.536,173.674,197.426,,109.16,46.23,268.822
2001-11-06 04:00:00,169.714,52.833,213.267,128.22,1390.1,418.433,105.052,209.634,89.956,158.05,289.187,98.736,158.46,189.002,175.824,197.424,,110.956,46.698,269.286
2001-11-06 04:05:00,173.246,51.443,215.133,126.63,1398.76,418.447,,213.688,90.144,157.083,290.282,98.331,160.4,193.788,173.548,196.442,,111.54,45.448,269.462
2001-11-06 04:10:00,173.744,52.79,218.433,127.29,1408.26,417.59,,211.994,91.674,156.653,291.447,97.921,159.72,194.932,173.468,196.694,,109.948,46.968,269.574
2001-11-06 04:15:00,170.666,52.637,216.333,127.743,1419.4,414.797,106.543,209.192,90.372,159.29,288.835,98.11,156.4,192.456,172.468,198.554,,111.724,46.744,265.8
2001-11-06 04:20:00,173.418,53.273,216.4,128.117,1420.82,417.04,,211.624,91.2,157.96,289.611,97.457,157.4,194.566,172.18,198.858,,110.972,46.108,262.744
2001-11-06 04:25:00,171.734,51.723,214.767,128.003,1407.02,415.603,,212.976,89.97,157.606,291.094,98.299,156.14,193.028,168.718,197.044,,111.858,45.072,259.018
2001-11-06 04:30:00,173.55,54.283,214.667,126.227,1416.4,413.72,106.313,212.74,90.964,156.113,291.87,96.729,158.1,194.28,171.88,197.818,,110.532,44.244,258.092
2001-11-06 04:35:00,172.202,52.267,215.167,127.237,1417.86,415.02,,210.154,88.726,157.87,290.741,97.073,158.76,194.972,171.074,192.892,,110.812,44.106,260.616
2001-11-06 04:40:00,173.846,53.32,212.833,128.267,1421.4,416.56,,209.742,87.416,156.514,289.998,97.361,156.88,194.196,170.51,195.996,,110.752,44.458,259.448
2001-11-06 04:45:00,173.64,53.92,213.2,128.887,1421.34,416.437,106.078,210.974,88.816,157.657,287.808,97.786,159.06,192.58,172.37,193.402,,112.046,43.964,254.588
2001-11-06 04:50:00,172.422,53.26,209.733,128.263,1417.42,412.473,,210.538,88.22,156.86,284.308,96.439,160.32,196.322,172.46,196.074,,109.172,43.572,254.344
2001-11-06 04:55:00,171.864,52.683,214.1,128.08,1409.9,414.4,,214.51,88.764,155.373,285.369,97.141,159.46,194.366,171.648,196.766,,109.58,44.512,255.194
2001-11-06 05:00:00,171.922,54.303,212.133,128.223,1402.38,419.897,106.218,215.91,87.27,156.68,289.291,98.112,159.9,190.618,172.588,193.21,,109.134,44.14,255.634
2001-11-06 05:05:00,173.044,53.46,213.633,128.477,1407.2,420.127,,213.058,87.736,155.473,286.957,97.968,159.74,190.902,171.996,192.1,,108.194,44.522,255.662
2001-11-06 05:10:00,172.466,53.35,210.2,130.453,1405.36,425.173,,214.616,88.73,155.733,284.945,96.657,159.02,189.96,172.374,193.614,,109.466,43.954,256.108
2001-11-06 05:15:00,173.608,54.723,213.2,129.613,1410.58,424.787,105.568,214.45,87.446,157.463,284.983,98.785,161.44,192.832,173.014,192.504,,108.434,43.83,252.696
2001-11-06 05:20:00,172.944,53.09,212.267,128.563,1406.34,421.103,,214.754,87.0,158.633,283.006,98.39,160.6,192.434,171.922,190.222,,108.222,43.364,255.53
2001-11-06 05:25:00,173.144,54.793,213.467,128.223,1402.82,421.543,,216.704,86.934,154.927,283.178,96.723,160.22,191.466,171.708,192.88,,108.392,43.75,256.392
2001-11-06 05:30:00,173.794,53.083,213.333,129.207,1411.06,423.747,106.018,213.614,86.724,158.427,285.825,97.261,160.22,189.24,171.7,191.66,,107.768,44.186,255.052
2001-11-06 05:35:00,172.812,53.71,211.967,128.867,1417.0,425.277,,214.702,85.542,157.87,284.902,96.959,158.44,190.124,170.982,192.7,,107.628,43.684,256.476
2001-11-06 05:40:00,174.604,54.09,209.6,129.823,1415.9,421.667,,213.708,87.618,156.27,285.605,97.464,159.22,188.504,168.816,189.898,,106.934,44.04,255.798
2001-11-06 05:45:00,173.502,53.903,210.2,128.563,1419.68,415.02,104.187,213.958,85.738,154.337,285.644,97.47,156.74,190.04,168.862,189.846,,107.19,43.264,254.608
2001-11-06 05:50:00,173.196,52.907,212.967,128.147,1412.34,416.627,,209.556,86.752,155.973,284.122,96.167,158.86,190.816,172.856,191.432,,108.654,43.206,253.604
2001-11-06 05:55:00,171.986,53.267,209.233,127.597,1408.16,409.923,,209.124,86.974,154.557,282.487,96.413,157.42,189.694,169.486,192.182,,108.792,42.824,252.348
2001-11-06 06:00:00,172.36,54.083,206.833,127.067,1411.54,406.213,104.516,209.046,88.638,154.086,281.645,97.492,155.58,187.872,170.348,193.114,,109.314,43.056,253.294
2001-11-06 06:05:00,168.04,51.137,207.667,125.803,1418.64,409.23,,206.704,87.436,154.263,280.574,96.229,156.68,190.018,171.036,190.67,,109.052,43.812,250.898
2001-11-06 06:10:00,170.97,54.093,210.633,125.597,1438.2,405.313,,208.048,87.524,153.153,282.104,94.275,155.88,189.376,168.11,193.086,,107.97,42.912,252.102
2001-11-06 06:15:00,171.828,54.503,210.8,126.517,1436.2,406.027,103.596,209.352,87.14,153.184,282.056,96.636,156.24,189.792,169.292,190.832,,108.646,43.066,250.166
2001-11-06 06:20:00,172.154,54.157,210.367,126.567,1432.84,407.763,,207.44,85.62,152.93,280.0,96.4,157.56,188.852,169.32,189.362,,107.77,42.194,247.88
2001-11-06 06:25:00,171.738,54.343,209.9,128.447,1422.34,408.36,,208.744,85.992,150.357,277.21,95.347,157.56,187.834,169.792,190.338,,108.644,42.062,244.768
2001-11-06 06:30:00,169.132,52.657,209.467,127.253,1419.6,407.513,103.859,208.716,84.39,152.617,279.229,95.958,156.18,188.118,167.216,191.082,,106.61,42.41,245.704
2001-11-06 06:35:00,170.578,53.177,207.833,125.987,1434.98,407.837,,209.076,84.94,153.107,273.775,94.979,156.52,190.002,167.936,192.966,,107.238,42.35,251.346
2001-11-06 06:40:00,167.894,54.627,208.8,126.627,1425.4,406.227,,206.912,87.678,152.697,277.707,96.38,157.26,186.728,169.046,187.712,,109.092,43.006,251.58
2001-11-06 06:45:00,169.818,52.95,209.367,126.67,1423.36,407.486,102.645,206.926,86.928,152.823,278.14,95.324,156.7,186.912,168.942,189.328,,108.01,42.506,250.304
2001-11-06 06:50:00,169.55,52.363,207.967,128.12,1428.26,405.68,,208.676,85.896,152.187,280.575,96.147,155.44,187.324,167.08,188.514,,107.356,42.418,248.572
2001-11-06 06:55:00,169.206,51.907,206.933,126.147,1421.98,407.92,,208.316,86.326,153.347,276.076,95.889,155.9,186.82,167.228,189.628,,107.402,42.802,250.324
2001-11-06 07:00:00,167.656,52.717,210.5,125.047,1405.74,402.407,103.328,209.554,86.628,155.36,278.024,95.428,156.52,186.192,166.54,188.834,,107.424,42.6,249.528
2001-11-06 07:05:00,167.156,52.613,210.633,127.04,1396.18,403.513,,207.016,87.074,151.74,276.561,96.289,155.88,186.694,166.854,189.482,,107.99,42.774,248.264
2001-11-06 07:10:00,168.234,53.123,209.667,127.16,1407.4,408.5,,208.994,85.976,151.903,277.554,94.063,153.96,185.896,166.408,188.644,,106.474,43.152,248.826
2001-11-06 07:15:00,168.412,53.227,207.933,128.453,1404.02,404.07,103.357,206.6,85.812,153.6,276.598,94.716,154.6,187.858,166.612,190.062,,107.73,42.966,249.722
2001-11-06 07:20:00,169.446,52.76,208.467,125.717,1406.08,407.05,,206.274,87.898,153.453,276.349,95.711,154.68,186.686,167.17,189.59,,106.198,43.02,247.2
2001-11-06 07:25:00,169.344,52.737,208.567,126.513,1401.3,403.527,,209.346,85.824,153.057,279.85,95.907,157.82,187.546,167.228,190.572,,106.308,43.02,249.496
2001-11-06 07:30:00,168.468,51.753,208.933,126.443,1384.98,409.146,102.8,209.272,87.216,152.997,278.998,95.504,155.34,186.116,168.148,191.7,,106.806,42.584,249.972
2001-11-06 07:35:00,167.672,53.923,209.133,126.053,1379.1,411.28,,210.236,88.388,154.35,279.778,95.387,155.92,186.466,167.984,191.912,,107.674,42.49,248.52
2001-11-06 07:40:00,167.156,52.887,206.8,127.52,1380.48,408.343,,209.012,86.238,153.777,280.488,95.875,155.48,188.63,168.37,190.484,,106.634,42.778,248.786
2001-11-06 07:45:00,170.318,52.41,206.0,127.033,1380.0,405.653,103.79,207.81,87.488,152.56,280.213,95.314,155.0,187.992,168.326,188.148,,107.53,42.704,249.442
2001-11-06 07:50:00,168.66,53.38,208.433,126.22,1376.78,408.56,,208.03,86.61,153.237,280.887,95.882,155.94,190.078,166.826,192.144,,108.49,42.922,248.696
2001-11-06 07:55:00,171.058,51.27,210.1,125.9,1371.6,408.16,,208.506,85.92,153.777,281.802,95.348,156.54,190.022,165.954,191.414,,106.192,42.832,248.084
2001-11-06 08:00:00,167.186,52.8,209.2,125.663,1373.58,405.62,103.239,209.272,86.424,153.2,281.305,96.217,156.08,189.274,166.48,191.754,,107.788,42.568,249.518
2001-11-06 08:05:00,168.184,51.213,207.133,124.73,1372.5,402.92,,206.284,87.146,153.84,279.938,94.629,154.98,187.214,168.798,191.118,,107.8,42.752,249.06
2001-11-06 08:10:00,170.314,52.347,206.833,124.737,1362.5,404.607,,207.588,86.496,154.85,283.338,93.429,156.34,188.726,167.748,190.952,,107.57,42.666,249.776
2001-11-06 08:15:00,167.494,53.543,207.133,126.483,1371.68,407.407,102.305,207.6,87.246,152.803,280.221,94.658,154.64,187.834,166.936,190.922,,107.156,42.78,250.12
2001-11-06 08:20:00,167.912,51.173,208.767,122.967,1374.6,402.603,,207.96,87.132,152.563,278.38,95.668,155.52,187.974,167.57,192.852,,107.572,43.052,250.08
2001-11-06 08:25:00,169.0,51.847,206.467,124.513,1368.94,407.464,,209.326,86.936,152.08,280.441,95.487,156.56,186.774,165.702,190.856,,107.758,42.098,250.284
2001-11-06 08:30:00,166.982,53.467,210.767,125.42,1375.54,407.517,102.841,208.41,86.63,153.303,278.22,94.088,156.14,187.58,167.518,193.032,,107.926,42.954,250.986
2001-11-06 08:35:00,168.878,51.483,209.333,124.48,1374.1,409.093,,206.37,87.34,151.9,278.76,93.773,156.7,187.768,167.918,192.486,,108.458,42.856,251.17
2001-11-06 08:40:00,169.044,52.6,208.5,123.507,1370.12,409.23,,208.906,85.896,151.653,274.436,95.918,154.94,189.506,167.472,189.924,,107.234,43.038,251.35
2001-11-06 08:45:00,168.638,53.463,207.9,126.28,1370.16,404.237,101.814,206.674,87.35,153.217,276.249,95.678,156.66,188.244,166.536,190.746,,107.502,43.718,255.25
2001-11-06 08:50:00,169.058,52.61,209.5,125.89,1372.14,402.887,,206.252,86.68,153.013,275.26,95.709,157.2,186.524,167.414,193.208,,107.592,43.35,254.548
2001-11-06 08:55:00,167.81,51.59,207.233,125.827,1369.12,404.88,,207.43,87.864,153.76,276.104,95.34,155.14,186.474,167.5,189.88,,107.288,42.942,251.97
2001-11-06 09:00:00,166.592,53.613,210.8,125.427,1372.9,407.79,,209.496,85.89,152.737,278.91,95.5,156.14,186.27,165.706,191.974,,106.7,43.124,252.21
2001-11-06 09:05:00,168.136,51.447,210.533,125.82,1365.58,404.744,,208.976,88.856,153.117,276.775,96.776,157.4,184.18,167.43,190.956,,108.012,42.926,250.754
2001-11-06 09:10:00,168.446,52.0,211.433,125.407,1369.78,408.35,,206.378,88.824,154.203,277.647,95.675,155.92,184.902,166.708,191.24,,107.396,43.612,250.588
2001-11-06 09:15:00,166.77,53.017,208.733,126.333,1373.1,407.153,,206.216,88.334,154.273,278.988,94.674,155.4,187.184,167.972,194.256,,107.57,43.12,251.004
2001-11-06 09:20:00,166.903,53.127,210.767,126.23,1369.88,409.7,,208.944,87.492,153.943,279.828,96.58,157.2,190.076,168.688,194.28,,108.342,43.274,251.564
2001-11-06 09:25:00,168.208,51.35,210.333,126.693,1363.14,407.713,,208.544,87.466,155.323,278.979,95.256,155.34,189.272,167.486,192.422,,107.956,43.448,250.874
2001-11-06 09:30:00,168.994,52.393,211.6,125.533,1371.34,405.153,,209.378,88.968,155.85,280.153,96.368,158.06,187.426,165.372,190.78,,107.846,42.988,252.922
2001-11-06 09:35:00,166.183,53.353,212.667,128.383,1360.14,409.267,,208.698,87.558,156.236,280.047,96.29,157.78,188.84,163.544,191.428,,107.346,42.91,252.102
2001-11-06 09:40:00,167.778,53.637,209.767,127.177,1362.46,411.233,,207.97,87.054,156.007,282.052,95.601,155.26,188.242,168.726,192.422,,107.77,43.606,253.082
2001-11-06 09:45:00,167.893,53.157,208.367,125.087,1364.16,409.097,,208.162,87.42,156.307,280.577,95.777,154.42,186.466,165.434,194.232,,107.278,42.696,253.698
2001-11-06 09:50:00,,52.25,210.4,125.947,1371.1,408.89,,208.588,88.002,154.103,279.898,96.673,155.82,187.098,165.216,193.81,,107.182,42.782,254.31
2001-11-06 09:55:00,,51.907,210.3,125.113,1368.8,406.173,,208.512,87.762,153.78,283.823,95.864,155.1,188.49,167.99,191.182,,108.18,43.654,252.138
2001-11-06 10:00:00,,51.803,211.033,126.043,1370.74,405.933,,208.454,87.826,154.127,280.83,95.341,156.56,189.018,164.21,193.658,,105.528,43.334,251.626
2001-11-06 10:05:00,,52.927,211.4,128.413,1367.78,408.95,,210.276,87.332,154.367,281.988,95.608,155.74,188.246,168.096,189.562,,106.476,43.69,252.872
2001-11-06 10:10:00,,51.247,211.933,127.12,1362.8,403.513,,209.734,86.456,154.12,279.863,96.501,155.74,188.262,168.624,191.856,,108.068,43.048,255.436
2001-11-06 10:15:00,168.32,53.033,209.733,125.323,1362.9,407.627,,208.656,86.26,157.927,278.555,95.939,155.36,186.308,169.932,191.71,,108.116,43.522,251.33
2001-11-06 10:20:00,168.066,52.367,210.833,126.017,1361.42,408.66,,205.896,86.67,153.05,280.717,96.372,155.0,188.864,168.744,191.866,,107.384,43.232,252.274
2001-11-06 10:25:00,165.72,52.677,209.867,125.527,1354.72,408.597,,208.022,86.82,154.877,279.305,95.434,154.34,188.928,163.512,192.546,,107.174,43.992,252.518
2001-11-06 10:30:00,168.302,51.527,208.133,128.193,1358.12,407.393,,207.944,87.034,154.167,281.846,96.636,153.8,188.022,167.858,190.528,,106.696,43.164,252.328
2001-11-06 10:35:00,167.72,52.773,211.067,124.963,1360.46,410.45,,205.13,88.0,154.307,281.288,96.182,154.54,186.8,166.553,191.984,,106.478,43.304,252.894
2001-11-06 10:40:00,166.532,51.573,208.233,126.037,1366.66,411.017,,207.334,88.102,154.907,280.781,95.334,156.2,187.794,169.306,193.712,,106.282,43.482,252.278
2001-11-06 10:45:00,169.02,52.78,208.367,126.15,1366.7,406.213,104.425,205.922,88.168,154.547,280.999,93.687,154.64,189.636,168.008,191.166,,106.264,42.782,250.65
2001-11-06 10:50:00,166.63,52.143,209.3,124.763,1367.48,410.297,,207.212,87.342,155.407,280.823,95.346,154.76,188.174,166.476,191.89,,106.48,43.474,251.402
2001-11-06 10:55:00,166.942,52.32,206.533,126.043,1365.24,405.683,,209.618,89.166,158.617,281.947,97.375,154.36,188.158,165.66,192.928,,107.308,43.572,253.26
2001-11-06 11:00:00,170.124,52.053,207.933,126.097,,406.303,104.684,208.732,88.69,154.714,280.011,96.893,155.54,187.256,166.158,189.856,,107.008,43.474,252.742
2001-11-06 11:05:00,168.808,51.297,208.333,123.917,,408.233,,211.396,88.618,155.057,280.074,96.82,155.48,187.444,168.722,191.388,,107.552,42.95,254.874
2001-11-06 11:10:00,166.398,52.93,210.533,126.307,,405.7,,209.562,87.882,155.957,277.355,94.445,153.22,188.83,167.526,191.284,,107.24,43.434,251.892
2001-11-06 11:15:00,168.448,50.963,210.1,126.16,,404.947,103.927,207.686,87.878,155.207,280.089,97.223,154.74,187.542,166.582,192.624,,108.178,43.552,256.488
2001-11-06 11:20:00,168.488,51.753,210.267,123.277,,405.253,,205.914,89.04,155.313,279.357,96.716,155.76,189.724,167.018,190.88,,107.842,43.75,254.246
2001-11-06 11:25:00,168.966,52.17,206.4,126.427,,403.013,,208.286,87.346,153.397,285.662,95.005,156.0,189.014,167.594,192.178,,105.742,44.256,255.022
2001-11-06 11:30:00,169.466,52.687,210.667,125.003,,404.987,104.162,208.936,88.858,155.623,281.641,97.857,154.82,189.122,168.962,190.09,,106.76,44.086,257.816
2001-11-06 11:35:00,167.47,50.947,207.0,124.53,,405.107,,206.0,86.326,155.427,281.653,98.066,156.06,187.11,166.166,190.666,,107.92,44.088,255.656
2001-11-06 11:40:00,167.888,52.753,205.967,125.667,,404.63,,204.984,88.73,156.15,278.906,95.302,155.4,188.03,167.478,189.588,,105.704,44.464,256.424
2001-11-06 11:45:00,168.206,51.433,210.267,123.28,,405.87,104.901,203.522,86.894,157.077,286.581,96.245,156.06,189.51,167.046,189.296,,105.616,43.89,255.954
2001-11-06 11:50:00,166.692,52.513,207.3,125.017,,404.68,,207.302,86.816,155.42,287.496,96.041,153.9,189.644,167.648,191.524,,106.928,43.764,254.518
2001-11-06 11:55:00,164.994,52.183,206.167,123.98,,406.417,,205.26,88.846,155.723,285.068,95.613,156.54,188.196,168.976,188.6,,108.856,44.394,256.616
2001-11-06 12:00:00,168.052,51.157,206.8,124.117,,405.577,104.596,205.538,88.0,155.08,282.643,95.671,154.6,188.242,168.84,188.372,,106.708,43.362,253.54
2001-11-06 12:05:00,168.638,51.907,208.833,125.56,,400.173,,202.384,87.588,154.706,283.168,93.364,153.54,187.278,170.152,192.614,,107.526,43.806,249.078
2001-11-06 12:10:00,167.21,50.047,208.067,122.38,,400.36,,205.072,87.016,154.887,280.779,92.789,152.8,189.13,167.106,190.404,,107.62,42.554,247.738
2001-11-06 12:15:00,167.746,51.62,205.433,124.393,,400.017,103.892,203.66,86.012,154.173,282.398,94.938,152.6,187.66,166.21,191.442,,107.514,42.378,247.928
2001-11-06 12:20:00,167.066,51.64,207.533,125.35,,399.903,,205.384,86.868,155.103,279.653,94.791,153.8,190.526,166.938,191.222,,109.45,42.392,249.808
2001-11-06 12:25:00,166.792,51.347,204.467,123.247,,401.593,,206.69,87.222,152.66,276.6,95.607,152.6,189.674,165.506,192.658,,107.906,42.366,250.834
2001-11-06 12:30:00,168.738,51.257,205.267,123.427,,401.27,103.134,202.94,86.064,152.593,274.244,94.126,152.66,190.082,165.996,188.91,,106.572,42.67,248.184
2001-11-06 12:35:00,167.07,51.133,203.5,124.45,,397.137,,205.07,85.886,154.76,272.885,93.275,152.28,188.326,166.324,190.74,,107.34,42.028,251.116
2001-11-06 12:40:00,168.694,52.273,203.767,125.107,,400.2,,203.098,85.874,155.417,269.806,95.872,152.34,183.176,165.102,188.228,,107.506,42.728,248.446
2001-11-06 12:45:00,166.724,50.737,202.9,124.233,,401.43,102.975,203.444,85.054,152.92,271.795,95.443,153.64,182.576,166.224,188.942,,107.298,42.85,247.602
2001-11-06 12:50:00,165.776,52.14,205.167,124.83,,396.793,,204.67,84.788,153.103,275.6,93.171,152.7,184.398,165.708,188.006,,107.032,42.456,248.278
2001-11-06 12:55:00,167.508,51.303,204.133,121.953,,396.603,,203.874,86.208,152.123,269.876,94.712,153.32,182.008,163.514,186.584,,106.614,42.53,249.31
2001-11-06 13:00:00,167.666,52.37,204.367,121.893,,398.627,102.044,205.568,84.218,151.27,273.96,93.478,155.78,180.872,164.858,184.55,,107.966,43.006,250.582
2001-11-06 13:05:00,164.74,51.673,204.767,124.433,,397.253,,204.2,85.022,153.323,271.926,95.637,152.92,180.624,161.89,183.222,,106.57,43.544,251.816
2001-11-06 13:10:00,166.25,51.397,204.7,124.663,,398.497,,203.908,84.32,151.22,273.573,93.315,153.62,182.928,162.114,187.328,,105.128,43.11,251.698
2001-11-06 13:15:00,166.104,51.887,204.5,123.95,,394.517,101.632,202.466,85.512,152.16,275.443,93.767,153.64,181.85,162.344,184.63,,104.466,43.684,252.022
2001-11-06 13:20:00,164.226,51.21,203.3,122.483,,393.977,,201.14,86.168,152.883,272.534,91.506,154.0,184.612,161.252,182.584,,103.144,43.398,250.306
2001-11-06 13:25:00,165.918,51.34,204.7,123.857,,394.447,,201.862,83.574,150.63,274.446,92.773,151.0,180.594,163.69,185.932,,102.908,43.232,251.66
2001-11-06 13:30:00,166.408,51.827,205.167,122.533,,395.353,101.661,201.88,87.182,150.223,276.057,93.132,149.98,181.572,161.946,184.682,,103.288,43.02,251.118
2001-11-06 13:35:00,164.752,50.403,205.567,124.54,,397.397,,204.64,84.132,152.983,272.24,92.015,150.76,180.548,159.848,184.836,,102.456,43.72,252.358
2001-11-06 13:40:00,164.838,50.323,202.967,121.73,,394.333,,201.654,83.15,147.753,271.587,92.755,150.76,181.474,160.62,183.766,,102.912,43.67,253.002
2001-11-06 13:45:00,165.884,51.15,203.8,120.11,,392.433,99.817,200.678,84.428,150.49,273.746,91.541,149.84,182.09,160.912,181.764,,102.9,42.98,251.788
2001-11-06 13:50:00,165.762,50.8,203.2,121.353,,392.993,,201.134,83.352,151.303,272.682,91.691,148.2,183.596,162.18,182.056,,104.036,42.92,251.19
2001-11-06 13:55:00,165.572,50.117,201.433,124.383,,394.417,,203.964,83.338,148.2,272.168,92.254,149.96,182.07,162.598,184.476,,104.44,43.152,250.084
2001-11-06 14:00:00,165.09,52.32,202.333,123.79,,393.8,97.786,201.016,83.548,150.023,273.602,91.276,147.02,184.976,162.202,185.15,,103.982,42.274,250.174
2001-11-06 14:05:00,165.414,51.527,200.633,122.983,,390.76,,200.396,84.884,146.5,272.857,90.973,146.7,183.79,164.706,186.058,,104.66,42.736,250.384
2001-11-06 14:10:00,166.398,50.97,202.933,123.323,,391.997,,199.146,83.866,148.02,272.484,90.808,145.34,183.274,162.278,185.362,,102.71,42.032,247.654
2001-11-06 14:15:00,165.598,50.373,201.267,122.69,,392.91,98.21,198.598,82.642,146.494,274.221,89.338,147.54,183.136,164.79,184.15,,104.308,42.526,247.496
2001-11-06 14:20:00,163.66,51.167,203.267,122.42,,390.753,,197.972,82.654,146.643,273.611,89.577,148.12,182.504,164.152,184.63,,104.224,41.546,245.954
2001-11-06 14:25:00,164.96,51.857,202.967,122.657,,388.797,,201.142,83.206,145.733,270.073,90.012,148.86,181.012,163.214,183.644,,103.072,41.468,245.954
2001-11-06 14:30:00,167.55,51.603,203.433,121.61,,388.933,98.695,195.078,84.15,146.96,272.518,89.177,146.02,184.644,162.432,182.214,,104.218,42.084,243.48
2001-11-06 14:35:00,164.934,50.75,203.767,125.093,,388.697,,198.088,83.118,144.213,269.06,89.928,147.62,179.05,162.11,183.026,,103.594,41.296,243.19
2001-11-06 14:40:00,164.692,52.443,202.467,123.333,,387.15,,200.062,83.706,146.294,270.887,90.215,148.0,182.702,162.162,181.408,,103.044,41.102,239.742
2001-11-06 14:45:00,165.96,51.747,203.8,122.503,,388.25,98.615,196.746,84.548,145.353,269.897,89.151,147.04,181.246,161.624,182.664,,103.698,40.626,238.566
2001-11-06 14:50:00,165.254,51.067,203.933,122.453,,390.473,,197.042,84.308,145.153,267.558,90.463,148.96,181.59,161.232,186.354,,103.094,41.64,241.842
2001-11-06 14:55:00,164.278,50.537,201.367,123.347,,388.773,,197.978,82.102,143.927,270.038,90.29,147.32,180.492,161.602,184.552,,103.448,41.35,238.012
2001-11-06 15:00:00,163.044,50.237,200.667,121.453,,387.657,98.724,198.564,82.766,146.293,267.781,90.142,148.92,181.104,160.728,181.226,,104.596,40.902,239.222
2001-11-06 15:05:00,163.348,51.563,204.767,122.623,,384.443,,198.196,84.682,146.077,267.704,90.227,148.28,179.334,161.43,187.15,,104.385,40.532,239.36
2001-11-06 15:10:00,164.378,50.903,204.2,123.17,,387.793,,197.084,83.838,144.947,267.328,89.134,145.36,178.48,160.036,184.858,,103.578,40.828,240.99
2001-11-06 15:15:00,165.618,50.627,202.967,122.27,,386.95,98.536,197.15,83.276,146.96,269.514,89.813,146.98,180.452,159.8,185.186,,103.492,40.764,239.42
2001-11-06 15:20:00,166.046,51.083,202.7,123.763,,385.707,,198.71,82.648,145.403,270.829,89.785,148.44,180.054,161.22,183.156,,103.574,41.158,240.506
2001-11-06 15:25:00,166.18,51.357,204.333,120.96,,386.563,,199.18,83.752,146.67,271.89,89.354,146.32,181.628,162.012,183.846,,103.462,41.268,242.01
2001-11-06 15:30:00,165.918,49.103,203.1,121.85,,385.043,97.649,195.18,84.074,145.32,272.333,89.976,148.46,180.142,162.238,183.496,,104.088,41.546,240.258
2001-11-06 15:35:00,164.35,51.503,205.6,122.023,,384.067,,197.378,84.328,145.603,272.613,91.994,146.8,181.312,162.33,183.35,,102.838,41.328,238.424
2001-11-06 15:40:00,165.442,50.99,203.567,121.293,,382.65,,199.122,83.79,147.42,273.172,91.265,147.48,180.594,162.7,183.648,,102.862,40.958,240.724
2001-11-06 15:45:00,164.318,50.79,204.8,120.507,,386.234,98.564,197.514,84.172,146.38,271.983,91.165,145.48,180.458,162.778,183.234,,104.012,41.232,241.596
2001-11-06 15:50:00,165.972,50.893,203.067,119.78,,388.173,,198.442,83.016,144.55,271.296,91.637,147.56,180.752,163.08,180.906,,104.866,41.216,241.022
2001-11-06 15:55:00,164.088,50.717,206.3,121.817,,384.83,,198.044,83.904,145.003,270.248,90.691,147.34,180.256,161.242,181.626,,104.006,40.758,242.166
2001-11-06 16:00:00,164.138,51.747,206.467,121.39,,384.32,99.523,196.838,83.232,146.087,270.877,89.149,148.74,182.048,163.132,181.758,,103.358,40.606,239.262
2001-11-06 16:05:00,164.306,50.463,205.933,121.263,,381.313,,195.16,82.516,145.69,271.994,91.224,146.64,181.74,161.822,181.41,,102.498,40.996,238.496
2001-11-06 16:10:00,162.498,51.79,203.733,121.067,,382.257,,197.386,82.476,145.047,271.226,89.58,147.9,181.662,160.818,181.172,,102.336,41.268,239.558
2001-11-06 16:15:00,164.882,50.783,204.267,120.12,,384.187,97.045,194.406,83.42,145.243,269.771,88.922,147.94,183.908,162.416,181.476,,104.118,41.01,242.246
2001-11-06 16:20:00,164.784,49.713,202.867,119.97,,380.213,,196.92,84.838,146.183,270.493,90.025,147.36,183.386,162.646,182.728,,103.666,41.664,239.922
2001-11-06 16:25:00,164.184,50.88,202.8,120.513,,382.737,,199.452,83.826,146.493,273.891,90.971,149.14,182.826,156.624,181.868,,104.292,41.894,241.816
2001-11-06 16:30:00,164.714,50.937,204.5,119.187,,384.313,98.693,195.486,83.688,144.64,269.795,90.634,146.78,182.228,161.44,184.524,,103.918,40.922,241.416
2001-11-06 16:35:00,164.38,49.763,204.967,121.16,,381.587,,194.27,84.386,144.717,268.772,89.858,146.54,181.896,161.01,185.05,,103.228,41.168,246.442
2001-11-06 16:40:00,165.174,50.433,202.667,121.03,,383.293,,199.444,83.788,144.377,270.621,90.368,147.12,180.806,161.082,184.198,,103.734,40.902,244.754
2001-11-06 16:45:00,164.93,49.147,206.133,122.507,,379.02,97.889,197.038,83.694,143.837,268.654,89.385,148.16,181.424,160.47,181.928,,102.606,42.116,242.696
2001-11-06 16:50:00,164.694,49.93,204.7,119.837,,382.357,,194.872,84.788,145.09,270.505,91.503,148.86,181.48,160.75,183.13,,102.988,41.898,238.926
2001-11-06 16:55:00,163.536,50.477,204.1,121.82,,381.24,,194.906,82.95,146.193,270.365,90.6,147.86,180.514,161.374,184.458,,103.834,41.86,240.954
2001-11-06 17:00:00,162.928,49.673,204.2,120.723,,383.16,98.069,195.252,84.806,144.64,272.47,88.907,147.34,181.318,161.692,182.03,,102.998,41.088,243.182
2001-11-06 17:05:00,163.224,51.193,202.333,121.01,,385.927,,197.392,85.19,144.423,270.26,90.951,147.82,181.156,163.534,183.742,,103.832,40.716,241.244
2001-11-06 17:10:00,163.672,51.433,205.6,119.083,,384.183,,197.716,84.458,146.06,271.388,91.205,145.56,182.018,162.724,181.748,,103.458,40.792,244.466
2001-11-06 17:15:00,163.934,50.227,204.2,120.68,,381.11,97.871,196.31,84.3,144.543,271.086,89.697,147.54,184.416,160.52,183.574,,103.242,41.294,242.738
2001-11-06 17:20:00,162.062,50.153,203.267,122.307,,379.16,,197.852,84.0,144.99,272.769,90.468,149.3,182.92,161.224,182.882,,102.974,40.794,241.52
2001-11-06 17:25:00,162.654,51.037,204.833,119.63,,384.147,,194.176,81.374,143.44,272.42,89.998,144.96,181.918,160.332,183.538,,102.164,40.846,242.78
2001-11-06 17:30:00,162.83,50.263,206.467,121.343,,379.35,97.194,195.744,82.638,146.873,271.491,91.356,147.28,180.664,160.668,181.548,,102.576,40.996,241.136
2001-11-06 17:35:00,161.946,50.953,203.367,122.483,,381.51,,195.7,84.994,144.65,270.122,88.957,149.0,184.422,161.752,181.912,,102.156,41.046,242.02
2001-11-06 17:40:00,163.114,50.353,204.933,121.027,,380.737,,196.188,83.808,143.697,270.481,89.825,146.24,181.918,161.142,180.992,,101.328,40.74,241.25
2001-11-06 17:45:00,163.772,49.77,201.9,120.963,,376.494,97.962,195.178,82.524,144.613,269.287,89.557,146.56,184.166,161.026,180.044,,102.858,41.12,240.204
2001-11-06 17:50:00,162.66,50.007,202.033,121.167,,381.45,,197.17,83.12,146.12,269.6,88.949,146.38,180.76,163.162,180.962,,102.38,40.872,237.284
2001-11-06 17:55:00,160.98,50.11,201.233,120.02,,375.536,,195.088,83.134,143.127,269.079,88.72,144.1,181.814,162.27,180.814,,102.82,40.39,239.16
2001-11-06 18:00:00,161.266,48.197,201.033,121.5,,379.26,97.874,192.778,83.746,144.857,269.182,90.445,146.18,180.56,160.244,181.026,,102.822,41.102,237.89
2001-11-06 18:05:00,164.528,50.657,200.0,120.177,,377.987,,194.292,83.542,143.957,269.994,90.225,145.94,179.052,162.636,182.162,,102.246,40.89,239.072
2001-11-06 18:10:00,161.848,50.17,199.233,119.163,,380.993,,194.034,82.248,143.577,267.194,89.229,145.66,180.66,159.674,179.018,,102.318,40.972,239.562
2001-11-06 18:15:00,162.132,50.29,200.533,120.74,,377.91,96.669,196.83,83.674,143.283,267.277,90.17,146.1,180.898,160.258,181.004,,102.68,40.992,237.144
2001-11-06 18:20:00,162.54,51.39,202.967,120.257,,378.62,,195.456,83.252,142.723,269.183,90.605,147.02,180.072,160.898,184.808,,102.238,40.712,238.806
2001-11-06 18:25:00,160.462,49.267,202.367,120.597,,376.82,,195.56,83.106,144.557,268.039,90.719,148.12,179.654,159.536,183.768,,102.758,40.456,240.972
2001-11-06 18:30:00,163.446,50.437,200.167,121.44,,379.25,97.392,194.924,83.182,144.387,270.685,89.69,146.84,183.422,163.274,180.976,,102.954,41.406,240.038
2001-11-06 18:35:00,162.08,50.39,204.567,120.18,,380.417,,195.828,82.898,145.133,270.246,91.251,146.92,180.302,159.452,184.162,,103.728,39.944,238.812
2001-11-06 18:40:00,159.314,51.163,199.3,118.803,,376.02,,195.142,81.942,147.637,270.617,89.137,148.58,181.144,162.966,181.406,,102.252,40.726,238.368
2001-11-06 18:45:00,162.992,49.103,201.033,119.987,,379.137,96.935,197.71,83.594,145.397,267.037,90.637,146.82,179.734,161.838,182.124,,104.26,40.404,239.11
2001-11-06 18:50:00,162.872,49.123,201.4,119.9,,379.07,,195.114,83.464,144.39,271.397,89.589,147.18,178.658,159.328,181.234,,102.504,41.294,242.428
2001-11-06 18:55:00,160.51,50.833,201.567,122.17,,375.377,,193.436,84.084,145.26,270.394,91.437,146.72,181.058,158.49,181.386,,103.776,40.912,238.148
2001-11-06 19:00:00,161.936,50.143,201.733,121.047,,377.073,97.344,195.776,82.556,143.743,264.401,89.98,147.98,180.386,158.49,185.606,,104.468,41.47,241.188
2001-11-06 19:05:00,157.538,50.087,203.767,120.027,,378.993,,193.494,84.336,143.2,266.786,89.062,147.5,180.376,162.634,183.612,,103.384,40.454,238.054
2001-11-06 19:10:00,159.85,49.247,201.533,118.207,,373.927,,196.79,84.386,145.283,269.25,88.935,144.66,182.65,162.726,185.12,,102.864,40.954,237.628
2001-11-06 19:15:00,159.398,49.783,202.333,120.733,,373.91,97.411,195.758,83.37,144.46,268.261,89.86,145.76,180.66,161.214,184.804,,103.66,40.1,239.392
2001-11-06 19:20:00,162.822,50.693,204.433,119.503,,375.963,,196.202,84.598,145.37,268.675,89.588,148.58,181.976,162.372,183.522,,102.208,40.356,237.982
2001-11-06 19:25:00,159.622,49.237,201.0,118.85,,376.66,,194.506,85.172,144.533,267.742,88.998,145.66,179.528,161.662,184.856,,103.136,39.948,236.116
2001-11-06 19:30:00,163.322,49.273,202.2,119.627,,378.26,97.96,195.318,82.152,144.853,268.247,89.663,148.02,179.646,161.114,185.102,,103.424,40.462,236.938
2001-11-06 19:35:00,163.17,50.13,200.0,119.427,,377.187,,195.874,85.456,143.707,270.393,88.206,147.38,179.654,162.238,182.806,,103.012,40.45,237.974
2001-11-06 19:40:00,162.468,48.66,201.367,119.857,,373.557,,195.596,84.166,144.144,269.473,90.449,146.46,180.56,162.314,186.168,,102.484,40.886,237.604
2001-11-06 19:45:00,160.496,51.147,203.7,120.24,,379.484,97.607,194.94,85.666,144.937,270.668,89.789,145.62,179.556,159.546,184.152,,102.756,40.562,238.186
2001-11-06 19:50:00,161.976,50.637,206.467,120.487,,378.263,,192.25,85.518,145.597,270.256,89.894,146.62,179.146,163.15,182.594,,104.038,40.528,239.004
2001-11-06 19:55:00,160.896,49.413,204.867,121.523,,380.58,,193.258,85.184,144.767,269.541,89.421,147.34,180.71,160.418,180.138,,101.846,41.002,239.86
2001-11-06 20:00:00,161.45,49.977,205.733,120.23,,379.863,96.601,194.526,85.898,145.653,271.314,89.981,146.14,180.046,162.248,182.446,,102.486,41.89,240.22
2001-11-06 20:05:00,162.948,49.93,205.867,118.42,,376.126,,194.932,85.078,144.177,272.928,90.595,147.14,180.97,160.624,184.414,,104.102,41.13,242.164
2001-11-06 20:10:00,162.438,51.153,203.067,118.523,,375.06,,195.684,85.186,146.243,277.874,89.971,145.8,180.842,162.464,183.012,,103.312,41.478,244.304
2001-11-06 20:15:00,160.562,51.097,204.033,117.913,,376.946,97.127,194.834,83.822,145.046,273.793,89.653,146.76,180.042,161.32,182.118,,103.602,41.104,242.632
2001-11-06 20:20:00,162.206,49.24,204.267,120.377,,378.997,,194.388,85.598,142.377,272.419,90.357,147.76,180.156,160.75,183.49,,103.0,42.196,244.564
2001-11-06 20:25:00,164.048,50.767,204.933,119.203,,377.453,,195.968,85.86,143.187,273.483,89.529,146.58,181.122,161.216,184.498,,104.17,41.564,245.226
2001-11-06 20:30:00,162.99,50.423,203.933,121.097,,376.527,97.493,195.604,84.142,144.33,275.68,90.5,146.52,178.394,164.668,181.174,,103.494,41.256,244.696
2001-11-06 20:35:00,161.64,50.69,204.133,119.167,,375.263,,194.362,85.504,142.966,273.827,90.074,145.76,179.45,160.122,182.376,,104.024,42.028,245.084
2001-11-06 20:40:00,163.832,49.317,201.133,120.127,,378.833,,196.4,83.872,144.23,271.768,89.662,147.66,179.064,160.566,183.258,,103.114,41.818,243.314
2001-11-06 20:45:00,164.592,49.41,203.333,119.393,,376.437,96.814,195.576,85.868,143.43,270.762,89.424,146.8,180.152,161.038,182.2,,104.242,41.308,245.344
2001-11-06 20:50:00,162.532,50.26,205.667,120.25,,376.313,,192.57,84.524,144.093,272.2,89.832,146.26,181.43,161.658,183.176,,103.5,41.218,243.758
2001-11-06 20:55:00,161.908,49.653,205.667,120.127,,375.273,,194.468,83.372,143.663,272.611,89.933,148.22,181.338,162.246,182.77,,103.978,41.2,244.942
2001-11-06 21:00:00,162.456,50.477,205.6,122.18,,378.007,97.242,193.838,85.338,145.293,272.064,90.131,145.76,181.398,162.522,185.09,,103.256,41.372,242.43
2001-11-06 21:05:00,161.704,50.833,203.2,119.383,,380.85,,193.828,83.924,143.57,270.085,91.757,147.06,179.596,162.414,185.124,,104.45,41.29,246.812
2001-11-06 21:10:00,161.23,51.117,204.067,120.2,,379.074,,195.166,84.876,144.8,270.187,89.884,146.96,180.114,160.248,184.89,,103.534,42.14,244.912
2001-11-06 21:15:00,161.87,51.073,204.1,120.117,,378.033,98.098,195.35,85.458,143.847,271.864,88.689,146.88,180.458,159.89,185.346,,103.636,41.174,244.062
2001-11-06 21:20:00,162.282,50.537,204.433,120.617,,380.58,,196.078,84.74,142.313,270.332,89.555,145.88,179.504,161.676,183.4,,104.004,41.36,246.602
2001-11-06 21:25:00,162.8,50.303,204.333,120.3,,378.617,,195.112,84.98,145.247,270.538,89.777,149.72,180.744,162.372,183.894,,103.498,42.304,241.768
2001-11-06 21:30:00,162.938,51.09,204.8,119.06,,378.393,97.999,195.97,84.038,143.807,269.4,89.507,147.8,182.756,161.492,186.196,,102.746,41.43,245.252
2001-11-06 21:35:00,161.498,50.76,206.833,119.407,,380.607,,195.978,84.088,144.51,273.159,90.24,147.2,179.634,159.682,184.34,,103.142,41.574,243.54
2001-11-06 21:40:00,161.668,50.107,203.567,120.35,,379.73,,195.604,85.508,145.683,272.199,90.491,148.24,179.844,160.726,185.304,,103.12,41.828,246.14
2001-11-06 21:45:00,161.018,50.307,205.2,118.537,,378.29,97.218,196.18,83.698,144.347,270.933,90.418,147.44,180.398,160.232,186.984,,103.94,42.202,244.458
2001-11-06 21:50:00,162.646,49.873,204.833,121.147,,382.723,,195.142,85.88,144.597,271.522,91.524,147.0,180.032,160.76,187.834,,103.752,42.09,243.014
2001-11-06 21:55:00,162.582,50.247,205.6,120.643,,380.2,,195.732,84.576,145.073,271.461,91.185,148.3,179.328,160.704,184.664,,104.048,41.344,243.256
2001-11-06 22:00:00,161.558,49.05,204.833,120.44,,384.0,98.363,195.856,85.06,144.39,271.256,89.43,146.48,182.878,160.814,186.302,,104.334,41.708,247.232
2001-11-06 22:05:00,164.078,50.793,207.633,120.963,,385.42,,194.666,84.336,147.143,270.427,91.641,148.0,183.32,162.108,187.478,,104.656,41.982,245.652
2001-11-06 22:10:00,164.28,50.803,202.467,120.177,,382.9,,198.67,86.008,146.38,271.83,91.215,148.92,180.576,160.582,186.778,,102.606,41.338,246.008
2001-11-06 22:15:00,163.116,49.757,203.8,119.947,,383.563,99.136,196.182,86.008,145.597,270.899,90.295,147.74,181.89,160.216,186.476,,103.034,41.698,244.934
2001-11-06 22:20:00,163.372,49.043,204.067,120.687,,381.96,,194.49,84.674,146.38,270.788,90.682,149.2,182.02,161.038,183.806,,104.252,41.124,245.97
2001-11-06 22:25:00,161.502,49.967,205.3,118.87,,382.997,,197.398,84.342,143.807,270.616,90.173,148.14,183.422,162.562,184.864,,103.792,41.65,245.39
2001-11-06 22:30:00,161.888,50.28,206.2,118.59,,385.393,98.963,198.706,83.956,145.15,274.897,90.883,148.26,180.29,160.33,189.41,,103.164,42.48,248.316
2001-11-06 22:35:00,162.22,50.16,204.7,120.13,,385.013,,196.146,85.296,144.373,269.158,91.296,147.72,181.614,159.264,186.754,184.96,102.608,41.504,248.05
2001-11-06 22:40:00,162.65,51.133,205.333,119.39,,385.927,,197.986,84.512,146.17,272.633,90.379,149.48,181.492,162.648,190.508,186.982,102.344,41.552,247.342
2001-11-06 22:45:00,163.864,49.84,205.267,120.057,,384.177,97.939,196.63,84.374,146.053,269.674,91.929,149.0,180.706,161.042,186.454,186.214,104.142,42.354,247.478
2001-11-06 22:50:00,163.206,49.227,205.533,122.13,,382.59,,195.97,85.458,145.023,268.344,90.942,147.1,180.782,160.976,187.97,186.044,102.842,43.034,250.928
2001-11-06 22:55:00,164.624,50.71,204.267,120.833,,382.973,,194.954,83.868,145.697,272.9,90.9,148.7,179.92,163.608,188.044,185.362,103.124,41.192,247.652
2001-11-06 23:00:00,163.284,50.417,204.633,121.55,,382.533,97.957,196.754,84.74,147.723,272.632,90.329,149.76,181.852,161.468,186.154,185.264,104.324,41.8,245.826
2001-11-06 23:05:00,165.024,50.87,205.0,119.587,,381.573,,198.178,84.484,146.897,272.598,89.832,147.04,181.944,160.558,187.756,183.05,102.896,42.834,247.53
2001-11-06 23:10:00,163.61,49.867,204.267,122.287,,380.763,,198.526,84.86,146.017,269.828,90.201,147.28,179.666,160.644,184.226,186.432,103.494,41.358,245.304
2001-11-06 23:15:00,163.006,49.837,206.733,119.72,,382.843,98.958,198.718,84.208,146.59,272.096,91.372,146.72,181.194,161.598,185.726,185.772,101.962,42.096,246.776
2001-11-06 23:20:00,162.87,50.95,202.733,119.937,,384.117,,194.458,85.154,146.733,272.303,89.829,148.52,182.048,159.954,186.196,185.4,103.696,41.612,248.422
2001-11-06 23:25:00,164.404,49.91,205.1,122.173,,383.41,,196.03,85.028,145.48,269.769,88.488,147.34,180.904,157.722,186.28,188.386,103.806,42.246,248.348
2001-11-06 23:30:00,164.488,50.557,206.433,120.22,,384.5,98.821,195.794,84.912,144.65,272.399,91.134,146.3,180.082,161.208,186.676,184.58,103.816,42.226,245.826
2001-11-06 23:35:00,162.678,50.453,204.533,120.24,,382.643,,198.0,84.736,148.973,271.405,88.865,149.88,180.61,160.936,188.476,185.448,104.384,41.716,245.992
2001-11-06 23:40:00,163.988,50.537,206.8,120.467,,386.73,,195.628,85.606,145.31,270.556,89.986,146.88,181.67,159.774,186.918,185.092,101.836,41.394,244.258
2001-11-06 23:45:00,162.606,51.133,206.133,122.07,,383.153,98.191,198.268,84.602,147.473,271.48,91.108,145.64,183.634,162.852,187.57,186.51,104.582,41.19,246.884
2001-11-06 23:50:00,162.226,50.093,207.933,120.433,,383.123,,199.258,85.016,146.703,270.222,90.274,147.52,183.244,160.772,185.672,185.064,103.7,42.154,246.548
2001-11-06 23:55:00,162.214,51.517,207.633,121.653,,386.427,,199.058,84.078,147.233,271.61,89.467,147.9,180.518,162.642,188.18,187.236,105.186,41.352,246.988
2001-11-07 00:00:00,163.576,49.873,207.467,120.73,,382.47,98.673,197.28,85.334,146.9,271.543,90.193,147.26,182.096,163.072,185.962,186.27,103.796,42.368,246.27
2001-11-07 00:05:00,164.344,50.973,205.0,119.713,,384.82,,200.804,84.4,143.763,267.234,91.25,146.8,183.706,160.882,186.698,185.988,101.786,42.112,246.874
2001-11-07 00:10:00,164.15,50.863,206.533,121.097,,387.05,,197.602,85.05,146.0,271.303,89.164,146.74,183.074,159.128,185.146,186.64,104.038,41.694,247.962
2001-11-07 00:15:00,164.426,51.057,205.233,120.16,,385.124,99.332,198.778,85.444,146.287,269.22,89.387,146.7,181.852,161.568,188.644,188.75,105.732,42.486,247.668
2001-11-07 00:20:00,163.362,49.967,204.533,121.2,,386.307,,199.612,83.904,143.88,272.707,91.69,146.84,181.326,162.36,186.926,189.48,103.002,42.648,248.38
2001-11-07 00:25:00,161.608,51.423,208.167,121.813,,384.8,,197.686,86.798,145.757,274.182,89.994,146.42,181.394,162.388,187.416,188.18,102.786,42.056,249.134
2001-11-07 00:30:00,163.616,51.407,206.167,121.7,,382.517,98.425,197.11,85.388,146.273,272.783,91.278,147.94,181.314,161.268,185.776,187.216,103.3,42.498,246.3
2001-11-07 00:35:00,162.842,51.247,204.5,121.92,,387.9,,199.952,85.544,146.83,270.145,89.932,148.74,179.072,160.266,188.454,188.638,103.464,42.764,248.052
2001-11-07 00:40:00,163.002,50.717,207.1,119.74,,383.127,,199.154,85.046,148.787,273.462,90.787,147.96,180.586,160.936,187.024,185.414,103.06,42.008,245.172
2001-11-07 00:45:00,163.688,50.933,206.733,121.57,,385.323,99.273,196.984,86.172,147.28,270.848,90.779,146.8,182.822,163.234,185.638,186.642,103.514,42.138,248.57
2001-11-07 00:50:00,163.76,50.113,207.5,122.277,,383.943,,196.256,85.53,148.403,271.534,90.534,149.64,182.42,160.544,186.216,186.488,102.84,42.568,249.228
2001-11-07 00:55:00,162.568,49.953,207.633,122.083,,383.56,,198.284,86.342,148.677,270.634,91.81,149.18,182.646,160.478,185.58,184.544,103.364,42.894,247.348
2001-11-07 01:00:00,162.83,50.493,205.833,119.603,,380.597,99.098,198.028,84.984,146.32,272.391,91.355,148.24,182.068,158.456,187.862,186.648,102.762,42.416,248.384
2001-11-07 01:05:00,163.924,50.027,204.033,120.82,,381.483,,194.534,86.056,146.993,268.678,92.14,150.38,181.77,163.196,182.966,185.736,104.232,42.38,249.592
2001-11-07 01:10:00,161.142,50.573,207.233,121.713,,380.087,,195.778,85.608,147.07,273.305,92.047,148.92,181.76,161.89,185.476,189.598,104.622,42.126,249.466
2001-11-07 01:15:00,162.994,49.693,204.767,122.763,,381.743,98.698,197.428,84.79,147.19,272.824,92.963,149.96,182.942,161.53,185.89,188.474,104.208,41.802,249.658
2001-11-07 01:20:00,162.54,49.673,205.533,121.393,,383.407,,196.582,85.242,148.053,271.623,91.667,149.54,183.418,162.926,184.572,186.486,104.694,42.562,248.204
2001-11-07 01:25:00,162.62,50.157,205.267,122.53,,379.203,,195.472,85.25,149.62,272.955,91.567,149.44,183.264,161.642,183.408,187.766,103.7,41.694,248.788
2001-11-07 01:30:00,163.208,50.997,206.767,122.323,,381.64,99.208,195.274,84.75,148.703,272.68,91.673,149.92,183.128,161.588,183.648,187.402,103.668,43.188,248.112
2001-11-07 01:35:00,162.13,50.557,204.1,121.51,,385.043,,197.074,85.196,147.59,274.198,91.035,147.66,183.672,163.25,185.414,185.906,104.196,42.604,247.738
2001-11-07 01:40:00,162.638,50.097,208.067,121.773,,382.81,,198.764,86.264,148.54,277.558,91.113,146.96,184.538,162.985,186.126,188.172,104.646,42.582,248.08
2001-11-07 01:45:00,161.488,50.58,205.367,120.473,,382.003,99.745,197.01,85.77,147.703,274.048,90.292,147.16,182.562,163.022,184.93,189.274,103.18,41.838,249.948
2001-11-07 01:50:00,164.236,49.657,203.967,121.503,,384.153,,198.228,85.24,148.663,274.117,91.226,147.46,182.646,161.168,184.166,188.75,104.566,42.584,245.912
2001-11-07 01:55:00,162.554,50.07,205.6,122.04,,383.437,,196.856,85.272,149.24,275.424,90.279,148.2,182.734,162.258,186.85,187.786,103.772,42.324,247.896
2001-11-07 02:00:00,163.636,49.487,205.4,120.51,,381.583,98.204,198.554,84.49,147.307,274.248,91.594,147.06,183.87,162.428,186.082,186.722,104.514,41.838,248.492
2001-11-07 02:05:00,163.592,49.843,206.933,121.7,,381.93,,198.408,85.424,149.787,272.872,91.197,148.74,185.894,162.372,184.562,187.82,104.68,42.462,250.376
2001-11-07 02:10:00,160.7,49.557,207.533,119.57,,380.39,,197.526,85.752,146.64,275.069,91.846,149.54,184.096,161.596,186.476,189.65,104.132,42.874,245.862
2001-11-07 02:15:00,162.816,51.423,208.167,119.68,,379.73,98.442,199.862,87.188,147.463,276.309,91.583,148.8,182.41,162.738,185.672,190.972,103.832,42.448,249.676
2001-11-07 02:20:00,163.728,50.687,207.333,120.697,,380.747,,195.904,84.498,146.56,275.144,92.535,151.36,183.92,163.962,186.826,189.744,103.96,42.684,249.92
2001-11-07 02:25:00,163.894,50.79,205.5,118.707,,384.14,,196.026,85.69,148.68,278.098,91.346,149.42,186.408,162.518,184.936,188.378,103.758,42.762,251.228
2001-11-07 02:30:00,163.99,50.757,206.1,122.587,,383.1,98.521,197.59,84.718,146.533,275.373,91.74,148.76,185.298,164.854,183.518,187.886,103.832,42.442,250.386
2001-11-07 02:35:00,164.004,50.857,206.267,120.643,,379.897,,199.684,84.524,147.247,277.894,93.34,147.82,183.748,164.516,185.144,189.044,104.414,43.318,251.512
2001-11-07 02:40:00,163.538,50.287,205.067,121.963,,382.88,,196.83,84.356,144.69,278.997,91.001,148.76,185.294,163.208,185.402,189.018,105.346,43.238,249.48
2001-11-07 02:45:00,163.176,49.98,204.6,119.797,,382.547,98.498,198.59,85.506,147.41,277.102,91.691,148.14,187.358,164.278,184.826,190.29,104.704,42.49,251.624
2001-11-07 02:50:00,163.882,50.99,206.533,120.883,,383.497,,198.178,85.606,145.05,276.93,91.2,148.48,187.836,162.658,185.836,189.932,105.084,42.728,250.902
2001-11-07 02:55:00,164.232,51.167,202.4,121.337,,385.29,,197.994,85.912,149.39,278.242,92.188,149.4,185.204,161.516,186.258,191.566,104.038,41.934,249.648
2001-11-07 03:00:00,164.004,50.397,207.0,121.413,,381.067,98.403,195.662,84.264,148.097,280.063,90.929,150.14,183.998,163.462,182.966,190.328,103.682,42.054,249.098
2001-11-07 03:05:00,164.794,50.403,205.267,121.293,,385.127,,198.284,86.496,147.573,276.063,92.458,149.04,186.858,165.362,187.954,190.41,105.358,42.786,249.552
2001-11-07 03:10:00,163.644,51.51,204.2,122.51,,386.136,,200.138,85.58,147.163,278.478,91.511,150.3,184.064,164.654,186.224,188.114,104.22,42.56,249.736
2001-11-07 03:15:00,163.526,50.187,205.033,120.687,,388.813,98.775,200.538,85.676,146.523,277.511,90.238,147.56,186.486,165.844,183.754,187.858,104.58,43.01,252.534
2001-11-07 03:20:00,163.734,50.467,204.867,121.98,,386.423,,200.462,85.542,148.73,279.17,89.719,150.82,186.672,164.412,186.692,188.562,105.19,43.12,248.82
2001-11-07 03:25:00,162.542,51.47,205.8,120.73,,385.277,,199.928,85.57,147.123,278.791,91.559,147.94,186.726,164.34,185.8,189.39,104.612,42.818,250.178
2001-11-07 03:30:00,164.818,49.997,208.133,123.2,,383.797,98.354,199.218,84.95,146.924,280.511,92.208,148.18,187.832,164.11,186.566,188.456,103.66,42.466,250.694
2001-11-07 03:35:00,162.112,50.233,207.4,121.557,,388.29,,199.9,85.564,144.827,281.028,90.994,149.5,188.22,164.002,186.31,186.958,105.618,42.04,251.556
2001-11-07 03:40:00,165.768,51.82,205.433,121.253,,387.533,,200.958,86.014,147.433,277.86,90.674,148.38,184.432,165.916,186.972,188.846,105.514,42.278,250.04
2001-11-07 03:45:00,163.6,51.63,204.367,121.393,,386.383,99.127,200.154,86.924,147.627,280.063,89.648,148.6,185.148,165.854,187.238,189.2,105.114,42.436,249.602
2001-11-07 03:50:00,165.844,49.637,204.167,120.9,,387.007,,200.222,84.204,148.64,280.475,90.592,147.12,186.606,166.254,187.02,188.924,104.142,42.106,248.434
2001-11-07 03:55:00,162.87,51.977,205.633,120.947,,386.99,,200.016,85.78,146.43,279.543,90.927,149.6,187.166,168.526,185.354,189.982,105.752,42.912,250.578
2001-11-07 04:00:00,163.24,50.3,206.267,120.95,,387.657,99.709,197.094,85.662,146.503,277.852,90.857,148.1,187.904,166.68,186.412,188.88,105.05,43.014,252.134
2001-11-07 04:05:00,164.206,49.9,203.933,122.007,,387.273,,198.626,85.59,147.587,280.679,90.933,149.42,187.696,165.89,188.346,188.874,105.048,42.434,250.056
2001-11-07 04:10:00,163.104,51.14,208.967,121.37,,381.67,,199.772,84.798,146.137,280.987,90.667,149.82,187.266,165.108,188.374,186.51,104.45,41.966,248.494
2001-11-07 04:15:00,164.228,50.62,206.4,120.903,,383.96,98.388,201.88,86.644,147.253,280.642,91.037,147.4,187.178,166.4,188.488,188.116,106.214,43.526,249.682
2001-11-07 04:20:00,163.426,51.38,207.167,120.987,,383.747,,198.268,86.346,148.48,279.19,91.306,149.2,186.048,166.456,187.826,186.746,105.958,41.758,249.664
2001-11-07 04:25:00,164.536,51.953,206.7,121.8,,385.84,,197.47,86.046,145.827,277.908,91.983,149.56,186.502,166.898,188.324,188.14,105.412,42.796,251.114
2001-11-07 04:30:00,166.562,50.433,204.767,121.213,,389.193,98.116,197.782,85.722,146.7,280.707,90.933,146.42,188.284,166.808,189.164,188.358,105.098,42.512,251.664
2001-11-07 04:35:00,164.312,51.197,205.167,122.41,1320.6,387.223,,196.692,85.4,148.503,279.419,91.248,147.74,188.89,166.084,188.326,187.338,105.288,42.698,248.664
2001-11-07 04:40:00,162.266,49.723,205.967,121.637,1309.36,385.93,,198.354,85.896,147.27,283.093,90.094,148.26,186.598,166.686,185.948,186.802,105.906,43.054,249.92
2001-11-07 04:45:00,165.344,51.35,205.9,122.83,1315.42,385.387,97.863,198.744,86.182,146.197,279.387,89.628,148.2,186.956,166.502,187.372,189.97,105.826,42.972,251.692
2001-11-07 04:50:00,165.458,51.153,205.967,120.027,1319.3,384.937,,197.598,85.372,147.077,283.126,91.881,147.44,186.192,165.968,187.524,189.952,105.13,42.584,249.474
2001-11-07 04:55:00,164.768,50.79,203.1,119.643,1313.9,385.713,,197.616,85.326,144.167,276.779,90.368,148.02,188.264,167.232,186.788,187.536,104.462,42.51,251.004
2001-11-07 05:00:00,165.368,48.86,207.033,123.11,1318.08,388.084,98.784,197.402,85.778,146.77,280.798,91.653,149.74,186.856,167.104,187.836,189.618,104.778,42.992,252.078
2001-11-07 05:05:00,167.594,51.063,206.133,121.85,1324.24,382.78,,199.866,86.124,146.293,281.976,92.091,150.52,188.216,167.96,183.798,190.826,105.888,43.576,250.878
2001-11-07 05:10:00,163.672,52.077,205.767,120.66,1314.94,384.503,,197.368,86.964,149.146,278.984,90.623,148.62,187.414,165.358,188.806,190.112,105.854,43.0,248.55
2001-11-07 05:15:00,164.72,50.62,206.867,120.103,1317.08,385.223,98.127,198.144,84.788,148.563,279.182,92.108,146.94,186.308,167.332,186.696,188.948,105.594,41.984,248.12
2001-11-07 05:20:00,165.33,50.217,206.267,119.367,1318.08,387.344,,199.422,87.484,146.923,279.293,90.574,148.02,187.23,168.024,187.528,188.056,105.308,42.408,251.024
2001-11-07 05:25:00,166.352,50.827,206.633,121.213,1317.56,388.147,,198.81,86.59,146.693,283.012,91.792,148.84,186.102,164.896,187.21,189.322,104.834,42.018,250.69
2001-11-07 05:30:00,164.152,51.343,206.5,119.033,1325.14,387.82,98.379,197.492,87.092,147.593,282.103,91.376,147.74,187.052,166.362,188.07,189.808,106.21,42.654,251.104
2001-11-07 05:35:00,166.336,50.877,203.1,120.373,1321.12,385.757,,197.716,86.248,148.227,280.601,91.774,148.66,187.422,165.008,185.256,188.712,106.264,42.248,251.38
2001-11-07 05:40:00,165.524,51.093,206.2,120.093,1320.14,386.227,,197.222,85.004,147.613,282.236,92.028,147.88,189.412,167.752,187.296,189.204,104.706,42.532,251.1
2001-11-07 05:45:00,165.066,50.513,204.3,121.23,1320.44,383.8,98.563,197.964,85.816,150.064,280.184,90.13,150.26,186.51,167.886,189.42,191.316,106.7,43.208,250.224
2001-11-07 05:50:00,164.958,51.82,204.6,120.677,1330.16,385.233,,197.778,86.792,149.673,277.8,91.686,147.54,187.728,167.356,187.042,189.108,105.05,43.63,252.404
2001-11-07 05:55:00,166.18,50.237,202.633,122.517,1320.58,388.413,,198.89,87.418,147.727,278.079,90.511,150.64,188.356,167.156,187.536,188.492,105.894,42.604,251.096
2001-11-07 06:00:00,165.528,52.227,208.167,121.7,1333.1,386.393,99.94,196.876,86.384,146.31,280.388,91.89,148.36,187.714,168.276,187.392,187.408,106.078,43.232,250.534
2001-11-07 06:05:00,164.346,51.043,207.533,120.777,1328.0,387.703,,199.666,86.312,149.743,282.48,90.715,150.68,190.076,166.178,188.726,188.872,105.752,42.73,248.904
2001-11-07 06:10:00,166.458,50.937,207.833,120.223,1328.52,384.95,,198.314,86.694,149.17,280.667,92.083,147.86,187.278,167.47,189.058,189.472,105.704,43.404,247.16
2001-11-07 06:15:00,165.748,50.857,207.5,120.257,1330.12,383.033,99.402,200.23,85.284,146.393,280.702,92.797,147.46,188.79,167.414,190.866,189.496,107.246,42.548,251.082
2001-11-07 06:20:00,165.082,50.773,203.867,120.073,1328.68,385.44,,197.47,85.188,145.737,281.081,91.207,150.4,187.4,168.036,188.988,191.122,105.484,42.414,251.046
2001-11-07 06:25:00,163.698,51.667,206.633,123.013,1327.98,387.753,,199.04,86.01,149.667,281.046,89.856,150.46,184.832,167.072,186.316,187.186,105.43,42.358,248.88
2001-11-07 06:30:00,165.084,50.227,204.067,121.383,1330.74,386.657,99.102,198.432,85.286,147.203,281.843,91.338,148.48,186.826,166.188,189.228,190.472,106.7,42.348,248.0
2001-11-07 06:35:00,166.928,50.07,205.433,121.487,1333.52,388.634,,196.736,86.028,146.917,278.024,91.503,151.3,187.478,167.724,189.062,187.814,104.492,42.356,251.03
2001-11-07 06:40:00,164.908,52.003,203.967,122.907,1334.04,384.62,,199.25,87.332,148.253,279.08,90.828,148.54,189.038,167.51,188.816,190.544,104.474,42.618,249.108
2001-11-07 06:45:00,166.438,49.633,206.233,124.087,1329.4,387.8,99.007,201.84,85.624,147.113,281.352,89.285,148.8,187.752,168.956,188.754,190.724,106.15,42.758,247.932
2001-11-07 06:50:00,165.386,52.0,204.633,120.757,1329.62,387.687,,198.14,85.72,149.73,277.246,92.157,149.08,186.67,166.092,186.446,191.062,106.128,42.238,250.102
2001-11-07 06:55:00,165.306,51.33,206.0,122.56,1323.66,385.356,,197.89,86.284,149.02,276.364,90.552,150.24,187.64,167.29,187.662,191.584,106.528,42.776,250.846
2001-11-07 07:00:00,167.19,51.01,206.667,122.967,1336.42,386.697,99.331,199.506,86.064,148.637,278.297,91.587,149.76,186.608,169.158,189.974,191.148,105.824,42.52,251.23
2001-11-07 07:05:00,166.208,52.07,206.1,123.897,1329.02,386.867,,198.164,86.268,146.923,280.598,91.63,147.92,186.672,168.914,188.528,191.094,106.236,42.452,248.752
2001-11-07 07:10:00,166.756,51.697,204.633,122.13,1333.0,384.573,,199.13,85.704,151.05,280.761,92.311,148.3,188.014,169.604,188.886,190.216,106.06,42.106,248.302
2001-11-07 07:15:00,165.908,50.477,205.533,122.237,1323.84,387.933,100.261,202.08,86.578,148.14,279.539,90.412,150.1,185.628,165.862,186.976,192.05,105.24,42.428,249.316
2001-11-07 07:20:00,167.508,49.88,205.1,121.693,1332.26,389.097,,199.04,85.596,147.197,281.429,91.929,150.22,186.276,167.482,189.138,193.104,105.936,42.56,246.954
2001-11-07 07:25:00,167.404,50.953,205.933,124.403,1331.38,388.813,,198.276,86.526,149.327,280.164,91.873,150.1,186.104,167.852,186.268,191.286,105.424,42.49,250.178
2001-11-07 07:30:00,168.034,52.187,205.9,121.52,1333.56,387.597,99.429,199.308,84.458,149.143,279.379,90.419,148.32,187.786,168.184,185.974,193.0,105.97,42.624,249.866
2001-11-07 07:35:00,165.312,50.073,205.067,124.407,1333.08,388.637,,199.884,85.714,149.467,279.371,91.755,148.26,187.338,166.232,186.834,189.796,106.254,42.902,249.398
2001-11-07 07:40:00,167.716,50.473,205.933,123.527,1331.6,390.093,,201.18,85.518,148.683,278.245,92.157,149.54,187.002,168.694,185.376,190.704,105.022,42.056,248.682
2001-11-07 07:45:00,167.198,51.653,207.867,123.19,1331.96,387.8,98.547,198.002,86.242,149.99,281.864,93.728,149.24,185.884,167.026,186.402,190.692,106.048,42.22,248.52
