DATETIME,ESOI,ATHN,MXCO,ROME,AATB,LMKS,DRBS,MOSC,NEWK,KIEL,KERG,CALG,OULU,APTY,FSMT,INVK,NAIN,PWNK,THUL,SOPB,SOPO,TERA
2003-10-30 11:15:00,147.674,46.03,175.133,105.16,1120.5,322.157,80.445,168.042,73.486,126.39,158.454,227.957,79.443,128.46,155.196,139.172,156.062,157.608,90.592,34.25,205.486,83.917
2003-10-30 11:20:00,147.804,46.173,176.9,104.92,1121.06,324.273,80.98970833333333,167.098,72.968,125.467,160.811,227.845,77.013,127.04,155.682,141.702,154.266,158.072,89.524,34.87,204.942,83.595
2003-10-30 11:25:00,146.246,46.253,177.9,105.64,1128.8,324.757,80.91743083333324,166.508,72.1,126.703,159.709,227.109,79.004,126.58,158.08,140.958,157.754,157.344,89.486,35.21,203.34,82.654
2003-10-30 11:30:00,148.62,45.25,178.167,106.653,1116.62,322.613,81.478,168.062,72.064,125.443,160.906,227.275,79.01,128.58,154.79,139.608,156.022,158.188,90.478,34.008,205.62,82.34
2003-10-30 11:35:00,147.47,45.26,175.1,106.493,1128.62,323.103,80.95848166666656,165.058,71.83,126.71,162.198,226.977,80.262,127.52,157.7,140.7,157.178,159.092,89.532,34.558,204.012,81.802
2003-10-30 11:40:00,144.624,47.223,178.933,105.44,1116.74,319.98,80.33589874999988,164.124,71.796,125.81,159.567,228.04,78.196,127.24,157.598,140.062,157.308,155.002,90.458,34.352,203.058,83.668
2003-10-30 11:45:00,147.658,46.613,178.533,106.283,1122.0,321.733,82.477,167.97,73.154,126.333,161.448,232.142,76.761,127.0,157.11,141.872,154.802,158.21,90.424,34.87,204.524,85.565
2003-10-30 11:50:00,147.17,46.197,175.867,106.95,1119.84,324.95,81.10299749999996,165.592,70.646,126.017,160.107,230.571,77.689,127.28,157.62,139.542,156.904,157.034,90.236,34.3,204.494,83.571
2003-10-30 11:55:00,146.812,46.997,175.833,105.293,1117.42,324.47,80.59667958333326,165.134,73.818,124.777,161.225,227.537,77.604,127.54,155.608,140.496,155.102,157.376,89.338,34.524,201.86,82.035
2003-10-30 12:00:00,146.108,46.193,177.833,105.33,1111.26,323.583,82.303,165.57,72.398,125.72,160.924,231.394,79.463,128.8,157.606,138.69,156.094,159.234,90.892,34.15,202.328,85.783
2003-10-30 12:05:00,144.892,45.423,175.8,106.69,1115.54,321.75,80.97434541666664,166.628,72.788,126.753,162.075,226.97,79.201,126.94,156.132,137.736,157.0,158.022,90.118,34.358,202.852,83.603
2003-10-30 12:10:00,147.406,45.983,179.567,104.967,1124.3,326.077,81.29110583333322,166.858,71.598,125.92,161.774,229.352,79.987,127.14,156.33,140.248,155.872,158.516,91.168,34.758,202.62,83.732
2003-10-30 12:15:00,144.624,45.39,176.7,106.377,1109.2,323.9,81.479,169.312,72.01,126.897,159.718,228.153,77.649,127.24,157.118,139.058,156.058,157.086,89.502,35.012,200.664,84.931
2003-10-30 12:20:00,147.632,45.91,178.233,106.523,1118.7,323.277,81.40078083333327,166.4,72.052,126.93,159.83,228.789,80.047,128.28,157.364,142.046,156.328,157.608,90.664,34.702,203.55,84.022
2003-10-30 12:25:00,146.816,45.463,178.733,107.64,1123.96,322.323,81.25994750000001,168.68,72.744,126.95,160.836,228.491,78.685,126.54,156.154,141.254,157.216,157.93,90.424,34.722,202.15,83.08
2003-10-30 12:30:00,146.964,46.213,176.8,105.07,1121.96,323.813,81.976,166.858,72.84,126.353,161.997,228.728,79.355,128.34,156.792,139.838,155.302,157.348,90.684,34.75,203.562,83.611
2003-10-30 12:35:00,146.266,47.623,180.433,106.277,1119.12,325.407,81.3148466666666,167.3,71.79,128.363,163.235,229.52,78.693,127.86,158.342,141.488,157.434,158.246,90.248,34.336,201.622,86.201
2003-10-30 12:40:00,145.714,45.263,180.0,105.743,1117.44,326.07,81.26964958333323,169.21,72.754,124.83,160.203,227.263,78.75,127.4,158.862,139.93,155.428,158.038,90.918,34.522,203.756,84.658
2003-10-30 12:45:00,148.264,46.04,178.7,106.973,1117.44,326.07,82.137,170.274,71.096,127.353,162.022,226.513,78.171,128.42,157.96,138.34,154.726,158.076,89.328,34.392,202.512,85.244
2003-10-30 12:50:00,149.392,46.757,178.0,106.76,1117.02,323.82,81.34120124999998,167.036,71.272,125.677,161.483,229.535,78.633,128.32,157.11,142.176,155.55,159.514,89.02,33.998,203.654,84.398
2003-10-30 12:55:00,146.262,46.53,179.5,105.61,1120.42,324.68,81.75639291666664,169.588,71.676,127.347,161.662,230.982,80.397,127.9,158.684,139.69,155.15,160.022,90.094,34.61,204.014,84.013
2003-10-30 13:00:00,146.27,46.397,177.567,105.513,1122.48,324.98,81.601,167.702,72.38,126.464,162.514,228.315,79.088,128.46,158.136,140.778,154.412,159.672,90.788,34.566,203.508,84.793
2003-10-30 13:05:00,145.48,46.68,179.0,105.13,1126.52,323.353,80.58080999999991,165.496,72.788,126.09,159.62,230.06,79.341,128.0,158.896,140.184,156.874,159.62,89.338,34.228,200.62,84.03
2003-10-30 13:10:00,148.476,45.37,177.8,106.83,1120.02,324.213,81.4542904166665,168.254,72.086,127.66,160.036,229.063,77.984,127.5,158.338,141.378,156.378,159.594,90.79,34.708,202.672,84.15
2003-10-30 13:15:00,145.024,46.307,181.067,107.453,1117.9,326.756,82.285,169.088,72.786,126.8,160.596,232.184,78.845,127.88,159.318,139.722,156.218,158.606,91.02,34.702,204.198,85.667
2003-10-30 13:20:00,145.518,47.25,179.933,107.463,1113.18,326.667,81.44915375,167.604,73.35,126.537,160.593,230.793,80.02,128.44,158.366,141.558,157.292,158.52,90.806,33.68,204.158,83.867
2003-10-30 13:25:00,147.268,46.147,180.133,106.12,1117.72,327.697,81.67434499999999,168.796,71.342,128.833,160.696,231.02,77.861,129.22,159.112,137.956,155.966,158.926,89.732,34.77,203.534,84.214
2003-10-30 13:30:00,146.852,46.713,179.9,106.423,1124.6,326.913,81.516,168.502,71.608,127.107,161.324,232.221,80.83,127.04,157.29,140.422,156.914,158.946,90.332,34.422,202.772,85.993
2003-10-30 13:35:00,146.606,47.913,178.767,105.61,1121.14,327.267,81.38425249999999,167.462,74.394,126.14,160.424,231.62,80.207,127.48,159.356,141.888,156.68,159.86,90.432,34.606,200.936,84.754
2003-10-30 13:40:00,147.084,45.897,178.033,107.31,1117.76,328.887,81.8820654166667,168.824,73.982,128.02,161.892,231.827,80.499,128.38,157.19,141.04,156.41,158.792,89.762,34.526,205.054,84.642
2003-10-30 13:45:00,147.37,46.8,180.233,107.0,1122.16,324.577,81.784,169.32,72.172,125.363,162.36,232.261,79.374,126.92,156.478,141.748,154.676,156.74,89.864,34.646,202.048,83.626
2003-10-30 13:50:00,146.194,46.657,178.333,106.623,1120.16,329.057,81.68293125000002,167.336,71.638,127.4,160.64,230.979,79.328,129.0,158.458,139.03,156.032,159.282,89.704,34.754,206.034,84.972
2003-10-30 13:55:00,147.088,46.173,180.067,106.213,1120.34,325.49,81.91024125000001,168.058,73.514,128.153,162.118,232.674,78.357,127.9,158.032,141.31,158.256,161.138,90.834,34.228,202.312,85.134
2003-10-30 14:00:00,148.148,46.797,178.267,106.75,1116.14,324.71,82.271,168.78,72.192,126.72,161.344,233.352,79.384,129.76,160.396,142.614,156.012,160.16,90.794,34.642,204.09,83.148
2003-10-30 14:05:00,149.61,45.57,180.1,107.287,1121.86,324.793,82.12530500000001,168.086,72.442,128.197,161.526,232.881,78.928,129.14,159.486,140.882,156.408,160.966,90.574,34.488,204.996,84.29
2003-10-30 14:10:00,147.196,46.413,177.567,107.593,1118.7,324.073,81.76143749999997,167.258,73.214,128.87,159.596,231.807,78.874,128.34,158.758,139.888,156.792,159.808,90.912,35.202,202.858,84.453
2003-10-30 14:15:00,146.516,45.317,177.3,107.343,1125.22,326.41,82.558,167.71,72.67,127.55,161.628,231.656,80.218,130.26,158.8,141.362,157.942,162.724,91.252,35.054,204.588,83.659
2003-10-30 14:20:00,147.578,46.287,179.167,106.557,1124.96,327.113,81.94465250000013,168.372,74.328,125.803,162.564,231.881,79.349,128.04,160.872,140.354,157.76,160.518,90.784,34.77,205.332,83.877
2003-10-30 14:25:00,146.37,46.707,179.267,107.557,1115.28,326.61,82.05393416666656,169.168,73.13,128.74,160.544,233.353,79.339,128.72,159.192,141.03,156.58,159.844,91.388,34.622,205.37,85.415
2003-10-30 14:30:00,144.89,45.97,178.633,106.293,1123.72,329.783,81.71,169.446,71.814,127.82,161.674,231.352,79.864,128.84,159.222,141.466,156.624,160.162,90.456,34.312,202.688,84.598
2003-10-30 14:35:00,146.18,47.023,179.067,107.477,1125.86,327.183,81.40736666666652,165.944,73.386,128.537,163.03,229.582,79.372,129.08,159.948,141.074,154.952,160.594,91.272,34.684,202.89,84.508
2003-10-30 14:40:00,146.842,44.03,180.067,106.203,1118.02,329.79,81.49148791666664,167.932,73.18,125.464,161.141,228.79,79.799,128.0,158.462,141.384,155.254,158.582,90.522,34.372,203.598,85.47
2003-10-30 14:45:00,147.364,46.39,178.6,107.947,1122.4,326.427,82.073,168.934,74.304,130.867,162.028,234.148,79.701,126.54,159.174,141.708,156.966,160.686,90.846,34.334,204.194,85.204
2003-10-30 14:50:00,147.452,45.513,178.467,106.737,1127.88,327.147,81.15137874999989,166.46,72.582,128.28,162.06,229.863,78.837,126.88,160.014,143.752,157.164,159.104,91.434,34.5,201.796,84.319
2003-10-30 14:55:00,146.736,46.277,180.3,104.573,1119.0,329.033,81.99225166666665,169.674,72.22,126.723,161.755,234.43,78.337,129.44,162.248,142.018,156.904,159.704,90.83,34.85,204.372,83.314
2003-10-30 15:00:00,147.448,44.997,181.133,106.22,1132.02,325.864,82.048,169.176,73.39,126.58,162.685,232.882,80.395,127.58,160.406,143.44,158.32,160.158,90.386,34.286,204.316,83.748
2003-10-30 15:05:00,147.17,45.847,180.733,106.917,1130.56,326.206,81.62949749999997,166.754,74.046,126.317,162.603,230.82,78.934,127.3,158.696,141.168,155.344,159.734,90.85,34.52,204.598,84.908
2003-10-30 15:10:00,148.206,45.053,181.533,107.033,1122.78,323.857,81.93115166666662,167.982,72.692,127.61,160.936,231.935,77.732,128.98,161.056,143.144,157.042,161.338,90.634,34.094,202.738,83.354
2003-10-30 15:15:00,146.052,46.273,178.1,107.723,1121.32,329.577,81.572,168.234,73.236,126.583,161.825,232.751,79.627,127.88,160.784,142.1,157.32,158.972,91.618,34.07,204.558,83.957
2003-10-30 15:20:00,148.722,46.02,178.667,106.2,1127.88,325.513,81.85776124999992,168.812,72.976,127.577,160.106,233.847,79.646,127.8,159.576,142.19,156.15,157.518,91.19,34.386,204.686,83.475
2003-10-30 15:25:00,147.268,46.46,178.433,106.933,1126.5,328.27,81.87406083333339,168.718,74.306,129.647,162.315,233.166,78.548,128.04,159.264,142.118,157.886,162.038,91.606,34.322,205.496,84.816
2003-10-30 15:30:00,148.562,47.573,182.1,107.627,1124.8,329.11,81.946,168.568,74.002,127.66,161.362,232.636,78.743,126.98,158.09,143.762,156.352,161.134,91.088,35.526,202.934,84.816
2003-10-30 15:35:00,147.284,46.32,179.3,107.647,1131.22,326.247,81.834235,168.882,73.838,127.313,164.331,233.847,78.73,128.36,161.38,142.014,154.718,158.78,90.624,34.162,202.926,85.339
2003-10-30 15:40:00,148.312,47.553,180.267,108.713,1131.16,327.94,81.84249583333322,167.042,72.448,127.907,163.258,233.526,78.227,129.46,160.768,140.076,156.518,158.726,90.864,34.146,203.502,84.347
2003-10-30 15:45:00,147.758,46.35,180.733,106.527,1124.48,329.593,82.384,168.372,72.454,125.717,162.817,233.867,77.753,129.16,159.404,141.672,155.338,158.042,92.482,34.376,204.326,86.389
2003-10-30 15:50:00,149.168,45.04,182.3,106.11,1127.38,327.553,81.49292124999992,167.918,73.506,128.967,160.759,230.118,78.351,127.28,159.352,142.822,156.66,161.504,91.09,34.198,204.184,84.22
2003-10-30 15:55:00,146.966,46.453,179.0,107.117,1126.1,327.143,81.55347916666646,166.34,73.122,125.36,161.179,231.103,78.934,129.06,159.502,142.874,156.224,158.864,90.418,34.408,201.954,86.48
2003-10-30 16:00:00,146.27,45.88,181.3,106.137,1124.98,327.717,81.38,168.374,73.006,128.163,160.516,229.912,81.09,126.32,160.094,144.384,156.236,158.846,91.292,33.624,203.236,84.888
2003-10-30 16:05:00,147.508,46.363,181.733,105.94,1123.6,328.813,81.70605166666672,166.042,73.726,129.003,164.063,232.674,80.53,128.22,159.224,143.71,154.436,159.71,91.246,34.04,204.846,85.243
2003-10-30 16:10:00,148.436,45.933,180.267,105.487,1127.04,326.263,81.56525916666673,169.05,73.482,127.626,160.902,232.483,78.309,127.1,159.054,141.926,155.526,160.328,92.284,34.22,201.372,84.013
2003-10-30 16:15:00,148.022,46.463,178.833,105.99,1129.2,328.2,81.066,166.812,73.348,125.473,161.714,230.362,78.328,127.82,160.064,142.218,157.258,159.9,92.038,34.414,202.982,84.255
2003-10-30 16:20:00,145.922,46.693,179.433,106.43,1127.06,325.217,81.07837874999983,167.146,73.204,128.25,163.083,228.317,78.464,128.0,157.766,142.58,157.63,159.89,92.152,34.382,202.16,84.713
2003-10-30 16:25:00,146.532,46.657,180.733,107.0,1132.66,324.797,81.6911829166666,167.098,72.09,127.603,161.508,231.444,79.204,128.02,159.818,142.154,156.61,158.586,91.294,34.33,203.704,84.938
2003-10-30 16:30:00,147.116,46.167,181.733,106.033,1126.06,323.45,81.388,166.826,72.33,125.837,164.101,229.794,77.852,129.06,158.188,144.384,154.214,159.144,90.51,34.704,205.078,84.802
2003-10-30 16:35:00,145.346,47.127,178.267,105.29,1132.64,328.503,81.33249874999991,170.218,72.298,127.697,162.741,229.854,79.609,127.76,158.136,141.828,154.332,158.682,92.094,34.546,204.288,85.332
2003-10-30 16:40:00,147.704,46.243,180.833,107.113,1126.72,329.03,81.86588500000003,168.218,74.14,128.037,162.239,231.406,80.424,128.26,158.608,140.818,155.38,156.936,91.644,34.422,204.164,83.712
2003-10-30 16:45:00,147.112,45.867,179.4,105.997,1117.74,327.517,81.815,167.708,72.736,126.883,164.523,231.385,78.39,128.62,157.61,143.288,154.832,157.798,92.344,34.614,204.136,85.583
2003-10-30 16:50:00,145.116,46.843,182.8,105.883,1122.34,328.077,81.89320083333342,169.074,75.204,125.977,163.362,231.86,78.169,128.36,158.976,143.038,156.062,159.952,91.904,34.824,205.606,84.58
2003-10-30 16:55:00,145.708,44.47,180.733,107.507,1125.44,325.773,81.39795374999983,166.074,72.978,128.917,164.387,229.058,80.264,129.12,160.61,142.154,155.774,158.982,92.346,34.856,202.562,85.412
2003-10-30 17:00:00,146.176,45.9,180.433,106.453,1124.92,325.4,81.639,169.128,73.35,129.586,162.319,225.917,80.165,127.9,156.286,141.38,156.658,157.034,89.762,35.016,203.316,85.358
2003-10-30 17:05:00,145.228,46.74,180.267,106.197,1126.74,329.847,80.88017541666655,168.184,72.622,127.05,160.921,226.294,77.711,128.3,156.662,139.67,155.23,159.006,90.704,35.012,205.528,84.665
2003-10-30 17:10:00,145.656,46.327,184.067,104.34,1122.86,326.403,81.19118874999988,169.122,72.512,127.317,161.243,227.633,79.665,128.2,157.084,141.162,156.1,156.498,91.044,34.182,204.276,85.427
2003-10-30 17:15:00,147.548,46.16,178.367,106.253,1121.58,326.78,81.439,166.568,72.658,124.623,161.492,227.749,79.682,129.34,155.326,141.716,156.016,156.288,91.354,34.054,202.758,85.951
2003-10-30 17:20:00,146.03,47.417,176.767,106.923,1129.1,328.5,80.99476833333331,168.84,73.384,127.147,161.9,227.256,80.39,128.3,156.232,141.732,154.238,158.368,91.638,34.92,205.87,85.813
2003-10-30 17:25:00,146.216,45.387,181.333,105.97,1121.58,329.646,81.21013999999992,169.12,73.128,127.187,161.9,227.786,78.103,129.44,157.058,140.746,156.056,160.17,89.556,33.872,205.716,86.407
2003-10-30 17:30:00,145.714,46.38,181.0,107.833,1131.26,326.793,80.426,166.536,72.316,126.407,161.9,226.422,78.487,128.28,158.632,140.984,157.224,161.7,91.442,34.704,206.588,85.377
2003-10-30 17:35:00,148.388,46.07,181.167,107.267,1131.98,326.726,81.60328500000006,168.378,72.89,126.26,162.881,230.514,79.84,126.2,158.068,141.954,154.99,160.768,91.014,34.948,206.462,84.901
2003-10-30 17:40:00,147.062,45.13,180.467,106.88,1134.02,324.637,80.61988666666657,166.676,73.142,124.863,159.421,225.475,78.301,126.96,155.272,142.278,158.098,157.344,90.758,34.044,205.466,85.437
2003-10-30 17:45:00,146.366,46.313,180.3,104.76,1128.86,325.01,80.214,166.646,72.548,125.713,161.95,228.392,78.663,127.98,156.692,140.598,154.514,159.352,90.272,34.202,204.994,85.873
2003-10-30 17:50:00,146.654,46.787,179.467,106.19,1123.9,324.447,80.56457833333324,166.242,71.738,126.303,161.293,228.316,79.168,126.12,152.324,137.528,153.76,160.374,91.542,34.938,202.262,84.907
2003-10-30 17:55:00,146.506,47.817,179.067,105.647,1126.68,324.533,80.89356708333338,167.74,73.568,125.89,161.585,224.162,79.405,127.12,157.75,137.048,155.984,159.566,89.925,34.382,201.56,84.279
2003-10-30 18:00:00,145.416,45.257,179.533,107.313,1124.78,326.403,80.301,165.468,73.486,127.33,160.364,224.263,78.663,127.78,155.892,138.566,153.332,159.116,91.86,34.834,203.758,84.898
2003-10-30 18:05:00,145.456,44.157,178.567,107.167,1120.74,325.507,80.55550541666666,165.86,73.958,125.36,161.464,223.619,78.471,126.78,155.544,137.312,156.24,157.932,89.028,33.816,202.712,83.893
2003-10-30 18:10:00,147.106,46.163,178.8,104.973,1109.22,325.803,80.71474458333331,168.04,73.972,125.97,161.583,227.194,78.105,128.08,153.434,137.042,156.406,156.476,90.56,34.294,205.056,85.106
2003-10-30 18:15:00,147.258,46.12,179.1,106.733,1115.66,323.98,80.115,168.424,73.094,127.82,161.527,226.625,78.973,126.84,154.43,136.572,155.886,159.016,91.886,34.556,203.396,83.313
2003-10-30 18:20:00,146.222,48.14,179.967,106.41,1116.82,325.797,80.43094208333322,168.78,72.454,127.787,161.59,225.324,78.291,126.92,154.518,139.328,153.13,158.458,91.69,35.032,203.132,84.564
2003-10-30 18:25:00,144.842,47.457,178.533,105.273,1102.4,322.083,80.54041624999999,167.358,72.768,127.403,163.291,225.488,77.977,127.06,153.86,136.368,155.072,155.14,90.11,35.098,204.684,85.123
2003-10-30 18:30:00,143.974,45.07,178.9,105.913,1111.66,323.247,79.66,167.838,72.138,126.693,159.981,225.968,79.586,128.22,153.686,136.94,151.414,155.926,88.05,34.372,203.64,84.797
2003-10-30 18:35:00,145.706,45.283,180.333,104.477,1106.66,323.82,80.44270666666664,168.784,73.36,126.144,162.577,226.018,79.803,125.86,154.884,137.752,154.838,155.272,88.854,33.908,206.556,84.777
2003-10-30 18:40:00,147.212,45.81,179.2,105.57,1100.4,324.067,80.08935874999997,166.55,73.764,126.166,161.282,225.84,77.647,127.08,153.1,137.746,153.534,154.894,87.734,34.374,203.544,83.817
2003-10-30 18:45:00,144.94,46.643,178.533,103.873,1094.2,324.46,79.604,167.92,71.64,125.273,161.133,226.332,77.704,125.42,152.704,137.778,152.23,156.342,87.93,34.15,203.726,84.256
2003-10-30 18:50:00,145.258,45.963,177.767,104.857,1101.56,324.74,80.02529291666657,167.624,72.992,126.023,161.027,224.894,76.342,126.38,156.16,136.08,153.414,154.4,88.84,34.306,203.652,84.906
2003-10-30 18:55:00,144.718,46.28,179.033,104.17,1097.4,321.76,79.82336416666654,166.248,73.642,124.877,160.555,227.884,77.846,125.06,156.828,139.658,151.164,155.824,87.782,34.264,205.002,85.375
2003-10-30 19:00:00,145.196,47.003,179.033,104.16,1110.48,325.874,79.591,166.648,72.576,124.083,161.038,227.378,77.03,124.88,156.396,138.176,150.968,154.838,90.192,34.218,201.45,85.263
2003-10-30 19:05:00,146.046,45.38,180.433,105.337,1115.22,323.493,80.21813499999986,165.628,71.664,126.34,161.93,231.124,77.335,126.32,156.396,137.858,152.308,156.276,89.114,34.782,201.91,84.271
2003-10-30 19:10:00,146.026,47.59,182.733,105.69,1111.56,325.533,79.97667166666649,163.866,72.344,126.183,160.856,228.762,78.055,126.2,156.856,138.264,150.198,156.682,89.562,34.458,204.97,85.406
2003-10-30 19:15:00,145.958,46.233,182.567,106.64,1122.76,325.893,79.977,166.934,71.992,127.16,160.708,226.102,77.182,126.14,155.366,138.512,151.97,157.188,89.316,34.402,202.472,84.635
2003-10-30 19:20:00,144.792,46.607,180.767,104.423,1112.94,327.613,79.90028999999986,166.746,71.004,124.913,161.878,229.787,77.276,126.32,157.204,139.728,149.34,157.028,89.602,33.734,203.074,83.633
2003-10-30 19:25:00,145.896,46.337,178.9,104.763,1115.76,326.69,79.61836166666659,165.942,72.518,124.157,160.834,231.201,76.822,127.5,158.114,140.398,150.476,155.988,88.334,33.67,201.37,84.408
2003-10-30 19:30:00,147.18,46.433,177.9,104.907,1127.2,322.813,78.735,167.172,70.744,123.36,159.758,228.337,76.529,123.92,156.856,139.588,151.53,159.434,88.242,33.086,197.722,84.043
2003-10-30 19:35:00,147.612,45.72,179.233,106.42,1127.76,322.793,76.7250116666667,164.878,70.232,125.02,158.277,231.259,75.702,124.04,158.458,139.596,152.466,158.456,89.736,32.862,197.018,84.749
2003-10-30 19:40:00,147.664,46.12,179.5,103.443,1122.06,321.47,76.11422083333329,161.954,70.664,125.013,157.296,232.034,76.537,124.88,160.462,138.124,148.03,156.08,90.002,33.136,194.546,84.223
2003-10-30 19:45:00,147.472,45.923,180.233,104.083,1121.3,317.157,77.191,162.18,69.694,124.897,157.476,225.169,77.678,125.04,155.88,137.616,149.254,156.076,89.372,32.23,193.4,82.031
2003-10-30 19:50:00,147.15,46.267,182.1,103.747,1106.82,315.09,76.66008375000003,163.604,71.43,124.893,156.715,231.223,77.016,124.22,156.546,141.044,150.006,158.282,86.902,33.004,193.664,82.686
2003-10-30 19:55:00,146.418,45.243,184.067,105.677,1110.58,316.343,77.11933083333336,160.174,70.882,121.363,155.867,232.844,76.197,123.6,158.542,137.846,149.186,159.652,89.496,32.86,198.006,84.14
2003-10-30 20:00:00,146.292,46.43,181.267,105.907,1109.64,320.07,78.555,166.1,70.698,123.83,156.672,234.163,75.989,124.5,159.332,139.546,148.252,159.042,89.518,33.502,197.648,82.053
2003-10-30 20:05:00,144.694,46.13,180.0,106.203,1118.74,321.633,76.52146291666666,163.646,70.596,123.357,158.065,230.415,76.442,125.38,156.22,140.478,149.524,158.374,89.062,33.042,194.718,82.44
2003-10-30 20:10:00,146.882,45.5,178.0,106.137,1120.2,319.54,76.37172833333327,162.7,70.822,125.183,156.218,230.98,77.428,126.0,158.674,138.184,148.504,156.752,89.362,32.646,194.642,83.467
2003-10-30 20:15:00,147.824,45.71,179.2,105.903,1114.64,320.317,77.41,163.454,68.484,124.343,160.454,225.994,77.153,123.68,159.138,139.712,150.418,155.948,87.23,31.926,193.248,82.749
2003-10-30 20:20:00,145.268,45.177,178.367,105.467,1119.04,319.003,76.0402575,165.712,70.042,125.303,156.367,228.799,77.611,125.88,157.35,140.1,147.804,154.826,89.098,32.696,194.712,82.064
2003-10-30 20:25:00,145.39,44.69,178.5,104.24,1109.0,317.497,76.26942833333334,162.266,70.238,122.26,156.665,228.67,75.342,123.68,158.026,139.724,147.682,156.674,88.96,32.618,194.692,81.595
2003-10-30 20:30:00,147.066,45.72,178.167,104.223,1108.7,314.123,75.963,161.364,69.18,123.19,156.149,228.348,75.827,123.24,156.192,139.056,150.746,154.716,88.268,32.106,193.51,83.009
2003-10-30 20:35:00,144.84,44.613,177.4,103.76,1106.18,311.517,75.37863916666667,159.28,70.928,119.637,153.191,228.594,75.224,122.52,158.234,139.876,148.528,155.18,86.958,31.73,195.108,84.14
2003-10-30 20:40:00,146.748,45.733,176.433,103.127,1107.2,312.63,75.46766874999994,162.472,69.666,122.37,155.012,227.543,74.475,123.56,157.998,140.304,145.096,154.946,87.264,31.826,192.792,83.162
2003-10-30 20:45:00,144.49,45.64,179.733,104.603,1110.38,314.423,75.907,160.478,68.444,121.843,156.691,228.896,74.161,121.0,155.0,138.342,147.242,155.736,86.688,32.506,192.378,82.766
2003-10-30 20:50:00,146.582,45.867,176.2,104.133,1114.6,313.863,75.4941329166666,158.634,69.274,121.157,154.261,225.514,74.79,121.74,157.772,140.914,146.19,154.24,87.632,31.694,190.86,81.748
2003-10-30 20:55:00,148.89,46.47,178.333,103.73,1114.16,312.71,75.41533458333328,160.532,70.76,123.403,155.135,227.017,75.712,122.06,156.332,138.784,148.066,154.266,87.272,32.67,194.368,82.523
2003-10-30 21:00:00,146.636,45.547,177.667,104.757,1119.5,314.87,76.156,161.806,69.314,120.026,156.659,226.792,75.895,122.8,158.072,139.156,146.848,152.294,87.638,32.612,193.586,81.628
2003-10-30 21:05:00,148.368,45.057,179.3,104.643,1114.64,311.573,75.51237999999992,160.04,71.476,121.88,155.296,226.7,75.441,122.82,156.356,138.44,148.614,154.218,88.054,32.716,193.386,82.886
2003-10-30 21:10:00,146.36,45.673,178.567,104.087,1123.66,314.83,75.93220375000001,160.286,69.56,120.193,156.683,226.7,75.042,122.38,157.3,139.504,148.222,155.732,87.602,31.924,193.204,82.45
2003-10-30 21:15:00,147.328,45.587,179.7,105.07,1117.62,316.98,76.044,162.232,70.614,122.717,155.459,228.391,76.143,120.76,156.24,139.174,147.672,153.798,87.926,32.962,193.164,85.116
2003-10-30 21:20:00,146.508,45.837,178.733,104.52,1119.34,313.193,75.75379125,161.692,69.836,121.883,155.848,227.361,75.911,121.8,157.0,137.732,146.958,154.684,88.254,32.824,191.174,81.626
2003-10-30 21:25:00,146.848,47.527,179.2,103.423,1114.58,316.33,75.7517775,162.172,69.308,124.813,154.502,225.715,74.517,122.86,155.792,138.538,147.32,154.502,88.006,32.854,193.108,81.649
2003-10-30 21:30:00,147.852,46.507,179.233,103.237,1114.84,317.82,75.745,161.346,70.508,122.71,156.926,226.731,76.077,124.04,155.798,138.732,147.966,154.356,88.648,32.7,194.692,81.172
2003-10-30 21:35:00,148.002,45.593,179.767,105.817,1125.12,317.503,75.15995166666667,160.998,69.988,121.647,156.358,223.484,76.063,123.32,155.01,140.444,148.242,152.338,87.436,32.29,196.022,83.022
2003-10-30 21:40:00,145.884,47.52,180.767,105.683,1131.74,319.393,75.0908708333334,164.854,69.448,122.14,158.216,224.748,76.188,123.1,154.984,138.982,148.508,153.406,87.548,32.578,197.66,84.442
2003-10-30 21:45:00,146.658,45.26,178.867,107.553,1125.7,319.057,75.15,164.16,69.75,123.75,157.509,225.777,74.626,124.64,156.076,138.308,147.906,153.83,86.62,32.16,194.82,82.246
2003-10-30 21:50:00,148.578,47.52,179.667,106.287,1134.84,320.127,75.1355379166667,161.188,70.558,121.847,155.872,222.957,76.233,122.42,152.998,138.0,149.034,154.904,87.306,32.652,194.316,82.338
2003-10-30 21:55:00,149.408,46.99,177.3,106.93,1136.86,317.013,75.19971999999999,162.28,69.664,123.927,158.225,226.656,76.843,123.04,153.786,138.0,148.146,154.228,87.47,32.32,194.064,82.638
2003-10-30 22:00:00,147.56,45.947,178.267,105.85,1136.92,318.38,76.26,163.59,70.042,122.74,156.104,223.51,77.201,123.8,154.136,137.534,147.882,152.756,88.326,31.744,192.222,83.114
2003-10-30 22:05:00,149.36,45.87,180.2,105.16,1133.16,316.787,75.37755375000002,161.378,70.712,123.017,156.23,226.957,74.808,123.2,154.828,138.644,147.49,153.4,88.518,32.418,194.236,83.713
2003-10-30 22:10:00,148.686,46.717,178.867,105.57,1134.26,317.28,75.48339000000004,162.836,70.652,122.637,158.377,227.596,77.475,124.24,154.832,138.342,148.204,154.096,87.328,32.348,194.072,82.693
2003-10-30 22:15:00,149.03,45.74,179.1,105.247,1135.88,321.827,74.364,161.706,69.696,123.52,156.151,224.274,76.675,122.84,157.036,138.116,148.856,151.954,87.744,32.052,193.406,83.762
2003-10-30 22:20:00,149.43,46.503,178.467,106.643,1137.18,319.633,75.40652250000004,162.434,69.836,120.427,158.051,226.791,75.071,123.36,156.026,138.31,146.99,153.666,88.294,32.608,193.658,82.272
2003-10-30 22:25:00,147.622,46.153,178.6,106.297,1133.96,319.454,75.25041708333339,163.658,70.242,123.22,156.121,225.481,76.259,124.36,153.592,140.186,150.038,154.044,89.932,32.814,193.778,83.326
2003-10-30 22:30:00,148.054,46.01,179.633,105.757,1138.52,323.427,74.784,162.422,70.018,123.247,157.389,226.987,75.389,123.14,152.824,138.128,148.212,153.87,88.256,31.872,195.712,83.386
2003-10-30 22:35:00,147.624,48.01,178.033,105.537,1136.54,323.6,74.99624708333326,162.808,71.496,123.07,158.328,227.483,75.961,125.66,155.372,137.878,147.812,153.768,89.018,32.7,195.194,82.992
2003-10-30 22:40:00,150.022,47.547,179.233,107.46,1140.72,320.377,75.96820666666665,162.886,70.426,122.547,161.983,226.746,76.506,123.56,155.696,137.954,148.61,154.594,87.638,32.048,193.186,83.911
2003-10-30 22:45:00,148.534,46.397,178.933,105.547,1142.56,319.9,75.547,164.212,70.47,121.443,159.035,225.594,76.856,123.74,154.818,137.632,148.856,154.446,89.058,32.256,195.286,83.08
2003-10-30 22:50:00,149.008,46.05,176.667,106.54,1139.82,321.007,75.45997208333334,165.186,69.736,122.603,160.554,222.356,76.535,124.7,155.36,138.488,151.528,153.506,89.654,32.34,194.378,83.728
2003-10-30 22:55:00,150.06,48.507,177.9,106.317,1137.14,322.533,75.25779541666661,165.038,70.292,124.15,160.554,224.614,76.101,125.18,155.052,136.142,150.418,155.49,89.08,32.044,195.174,84.311
2003-10-30 23:00:00,147.782,47.89,178.467,106.587,1144.18,325.73,75.833,164.066,70.576,123.37,160.554,225.405,77.237,124.44,153.564,138.992,150.704,154.81,88.906,33.282,192.13,82.139
2003-10-30 23:05:00,148.816,47.65,176.567,105.393,1140.44,324.316,74.96325666666661,163.27,68.988,122.383,159.043,224.275,76.372,123.56,153.758,138.344,147.776,153.92,89.394,32.03,195.324,82.646
2003-10-30 23:10:00,149.164,46.78,177.367,105.89,1137.72,321.97,74.8691220833333,162.188,69.332,124.213,158.561,227.001,76.955,124.52,156.758,138.044,149.046,155.018,87.766,32.178,196.416,83.531
2003-10-30 23:15:00,150.316,46.913,177.733,105.81,1137.1,322.943,75.816,164.98,69.064,122.97,160.388,224.025,77.729,125.6,154.144,140.246,148.474,153.04,89.052,32.712,193.188,84.608
2003-10-30 23:20:00,148.422,45.91,178.233,107.703,1133.78,320.453,74.6464566666667,164.14,70.928,122.973,158.961,225.645,76.827,124.16,155.448,138.866,149.296,154.06,88.432,32.948,195.966,83.99
2003-10-30 23:25:00,148.13,47.377,176.3,107.437,1139.86,322.987,75.10985833333336,165.664,70.014,123.97,158.853,225.419,77.452,125.18,155.96,138.792,148.862,152.92,87.154,32.138,196.166,83.459
2003-10-30 23:30:00,148.402,46.51,178.533,106.96,1145.64,320.683,75.357,164.896,69.458,123.94,159.345,225.48,77.321,122.66,155.044,136.79,149.45,154.67,89.24,32.62,193.462,83.281
2003-10-30 23:35:00,147.628,46.297,178.667,106.693,1137.86,324.093,74.84673333333336,163.136,70.628,123.95,156.514,225.984,75.576,124.0,155.264,139.558,148.208,152.398,87.43,32.398,195.168,84.618
2003-10-30 23:40:00,146.7,45.08,175.2,106.06,1139.66,321.987,75.5764245833333,165.56,69.476,124.197,160.297,225.029,78.869,123.78,156.508,139.914,148.392,152.438,89.626,32.342,196.648,82.252
2003-10-30 23:45:00,149.462,45.72,177.833,107.173,1144.52,322.137,74.928,162.662,69.868,124.57,158.779,226.965,78.232,123.56,154.172,140.196,148.292,152.544,88.03,32.214,196.45,83.137
2003-10-30 23:50:00,147.588,47.48,178.067,106.08,1143.54,326.163,75.22065958333334,165.978,70.092,122.743,157.933,223.371,76.683,125.66,154.828,139.142,149.38,154.79,89.614,33.298,196.442,85.26
2003-10-30 23:55:00,149.778,47.753,177.033,106.597,1149.06,320.727,74.88941958333335,164.64,68.666,123.196,159.372,224.025,76.616,124.48,152.682,137.482,149.232,152.716,89.626,32.726,196.068,82.901
2003-10-31 00:00:00,149.164,46.267,178.067,104.853,1137.94,325.057,73.696,164.946,70.478,123.863,158.92834124999993,224.665,77.444,125.0,153.496,135.322,148.662,151.626,89.262,32.92,194.668,84.286
2003-10-31 00:05:00,148.128,45.147,176.7,105.737,1136.58,323.107,74.69400958333338,163.642,69.696,124.363,158.67230916666648,226.55,76.781,124.66,154.124,138.614,150.026,156.148,88.106,32.676,195.418,83.569
2003-10-31 00:10:00,149.636,46.087,176.367,105.163,1137.9,322.337,75.26904625000002,165.448,69.39,124.107,159.39877458333302,221.349,76.403,124.84,154.21,139.122,149.398,154.42,89.68,32.536,193.242,84.688
2003-10-31 00:15:00,147.668,46.523,176.067,107.393,1131.08,321.193,74.373,164.052,69.83,121.783,158.4935654166666,220.454,77.83,125.7,152.254,137.634,147.258,153.206,87.926,32.316,195.86,82.706
2003-10-31 00:20:00,146.816,47.343,178.5,105.34,1134.96,321.923,74.81721625000003,165.042,70.948,122.854,158.74590833333335,224.289,77.532,124.72,156.294,138.23,148.854,152.752,89.312,32.374,196.084,84.312
2003-10-31 00:25:00,149.584,46.98,178.267,105.327,1136.5,322.803,74.76720958333341,163.708,70.024,125.007,159.1571979166664,225.823,77.635,124.54,152.86,137.288,150.422,153.818,88.512,31.912,195.266,84.423
2003-10-31 00:30:00,148.014,46.91,179.3,105.503,1134.14,323.247,74.143,162.846,70.142,125.11,158.04065333333318,222.54,76.266,123.28,154.096,140.774,150.9,155.068,88.99,32.572,195.882,83.572
2003-10-31 00:35:00,148.238,46.763,176.867,105.313,1132.48,321.5,75.04116541666669,164.128,70.362,125.587,158.66042374999998,227.659,77.099,127.34,152.782,137.96,149.88,153.406,89.654,33.004,193.766,83.539
2003-10-31 00:40:00,147.664,45.823,176.1,105.4,1135.74,322.367,74.32183250000004,164.412,70.352,124.773,158.49993041666664,222.981,78.049,123.96,153.72,139.026,149.23,151.418,87.636,32.584,197.188,84.584
2003-10-31 00:45:00,146.32,45.08,178.0,105.037,1138.28,321.28,74.562,164.384,69.044,124.027,158.8844545833331,226.239,79.052,125.48,155.638,138.834,150.344,155.334,88.094,32.608,195.37,84.679
2003-10-31 00:50:00,145.414,46.207,176.467,105.987,1136.68,318.717,74.95076458333337,165.008,70.22,124.88,158.1088383333334,224.716,78.042,126.26,154.81,137.89,149.798,154.288,89.672,32.93,194.96,83.074
2003-10-31 00:55:00,147.548,45.313,175.233,105.007,1127.32,321.213,75.49420416666676,165.548,69.18,123.907,158.55170249999995,223.861,76.672,124.24,156.054,138.98,148.608,154.698,88.946,31.854,193.324,85.089
2003-10-31 01:00:00,148.788,45.79,175.4,106.41,1138.18,322.853,73.958,164.896,69.918,125.227,159.33668416666646,223.674,76.337,125.52,153.896,137.348,150.912,152.666,87.936,32.468,194.372,84.197
2003-10-31 01:05:00,147.144,46.607,176.433,104.563,1130.32,321.917,74.4892816666667,163.852,71.072,122.863,158.65963124999985,223.685,77.199,124.84,154.434,138.946,151.346,151.604,90.082,32.83,195.654,84.221
2003-10-31 01:10:00,148.752,47.513,176.7,105.017,1126.44,321.477,75.13680041666665,165.602,70.472,123.563,158.66465791666658,222.956,77.721,123.98,154.152,138.636,149.22,154.618,88.596,32.578,195.226,83.026
2003-10-31 01:15:00,147.19,46.583,174.433,105.157,1128.64,322.187,74.25,163.006,71.072,124.14,158.1489437499999,222.363,79.039,125.2,152.654,139.714,149.568,154.954,88.988,32.232,194.712,84.253
2003-10-31 01:20:00,146.746,46.823,175.567,104.333,1125.96,321.247,75.50861416666669,166.362,70.372,123.23,158.45344249999994,225.195,77.23,126.92,154.256,139.054,149.448,153.14,88.142,32.354,193.662,84.925
2003-10-31 01:25:00,146.53,46.147,175.633,106.57,1132.22,321.273,74.77227458333343,164.696,70.296,125.1,158.9297829166664,223.873,78.107,125.76,152.894,138.196,150.204,152.67,90.652,32.306,195.168,83.564
2003-10-31 01:30:00,145.286,46.007,175.433,105.557,1127.54,319.763,74.264,165.048,71.682,122.373,158.51623458333333,223.773,76.037,126.0,154.318,138.182,150.592,153.396,87.77,33.496,196.414,83.172
2003-10-31 01:35:00,145.716,45.583,175.333,105.723,1131.54,321.657,75.21158666666662,167.758,69.27,123.743,159.34784583333317,223.496,77.141,126.02,153.244,137.792,150.622,154.706,89.842,33.542,197.166,83.754
2003-10-31 01:40:00,146.256,46.177,176.7,106.397,1126.66,322.733,75.31761666666675,166.904,70.494,125.69,159.05662541666658,225.11,76.939,125.78,154.93,138.126,150.55,155.624,88.34,32.336,195.904,82.546
2003-10-31 01:45:00,146.3,45.74,175.833,104.17,1124.86,320.79,73.718,164.966,71.016,124.59,158.20079041666656,226.494,79.498,125.8,154.446,139.396,148.328,155.006,87.812,33.062,197.128,83.123
2003-10-31 01:50:00,146.326,45.31,178.133,105.877,1131.82,319.257,75.35489041666666,165.514,71.004,123.947,157.85471166666682,225.903,78.931,126.02,155.14,139.976,149.962,154.29,89.588,32.466,194.966,84.117
2003-10-31 01:55:00,148.594,47.11,178.567,104.673,1124.48,320.853,75.31316458333337,163.578,69.856,123.96,158.68556916666654,225.827,77.01,124.52,154.84,137.906,150.38,153.564,89.54,32.642,198.486,84.045
2003-10-31 02:00:00,146.198,46.837,177.4,105.397,1124.74,320.887,73.983,164.068,70.52,124.346,158.4520449999999,225.525,78.162,125.72,154.668,136.218,150.108,155.428,89.788,33.002,195.096,83.292
2003-10-31 02:05:00,147.402,46.363,179.133,105.697,1126.94,321.367,74.58269916666669,162.888,71.05,126.017,157.77397416666673,225.286,77.057,122.4,154.708,136.928,149.548,155.644,88.404,32.856,195.9,83.748
2003-10-31 02:10:00,146.632,45.46,175.233,105.383,1120.58,320.05,74.54134708333339,164.64,71.16,124.927,158.12364583333348,224.97,78.177,124.38,153.568,139.93,149.674,152.322,88.714,32.972,196.354,84.186
2003-10-31 02:15:00,146.434,45.68,177.433,104.397,1126.28,320.39,74.308,166.666,71.58,125.743,158.3861150000001,225.689,78.239,124.06,155.872,138.932,149.928,154.824,88.772,32.204,197.378,83.404
2003-10-31 02:20:00,147.97,46.4,177.567,104.483,1134.64,316.303,74.62043875000003,164.91,70.106,125.966,157.85204125000004,221.638,78.451,126.06,153.784,137.512,150.196,154.956,89.544,32.962,196.108,83.891
2003-10-31 02:25:00,147.04,46.067,175.9,106.013,1127.86,319.577,75.21045000000008,165.818,69.558,127.597,158.6633466666668,225.741,78.218,124.98,154.014,139.008,152.094,154.076,90.0,33.13,196.806,84.721
2003-10-31 02:30:00,147.332,46.273,176.1,105.37,1136.72,322.527,74.507,163.994,71.262,125.61,158.77426416666648,227.104,76.04,127.8,155.198,137.34,150.884,153.948,89.92,32.544,197.748,83.771
2003-10-31 02:35:00,144.25,46.667,177.4,104.7,1128.72,321.357,74.28621333333332,162.76,70.764,124.133,158.2428437499999,224.478,76.816,125.2,154.914,140.368,150.818,154.56,87.436,32.95,196.158,84.042
2003-10-31 02:40:00,146.304,45.587,178.5,105.46,1129.28,320.447,75.43115041666668,165.2,71.652,122.793,158.93737291666667,222.066,77.026,126.34,155.182,138.366,152.3,154.81,89.338,32.52,197.984,82.102
2003-10-31 02:45:00,145.848,46.02,175.7,103.367,1130.54,320.773,73.642,162.478,71.006,124.087,158.03836208333317,225.424,77.106,125.86,154.204,138.128,150.068,155.556,88.556,33.254,197.098,83.884
2003-10-31 02:50:00,147.118,45.537,178.067,104.867,1129.22,321.24,74.61419541666673,161.42,71.37,124.36,157.42724124999992,223.431,77.707,123.32,154.992,138.634,149.488,155.296,90.73,32.61,197.23,82.141
2003-10-31 02:55:00,144.668,44.57,178.0,105.943,1128.88,321.897,75.09874416666666,162.984,71.56,123.893,158.65868499999982,223.089,78.236,125.76,154.616,139.32,150.238,154.55,88.484,33.244,198.372,82.47
2003-10-31 03:00:00,145.658,45.863,177.033,104.587,1130.38,323.403,74.073,162.194,70.774,123.726,158.3738358333332,224.831,76.916,124.78,156.562,140.932,152.562,155.532,88.926,33.322,197.104,82.71
2003-10-31 03:05:00,145.154,44.897,177.067,106.977,1131.44,322.17,75.24474499999994,162.31,71.37,125.747,158.6908483333332,226.46,76.746,125.72,153.172,140.15,151.746,155.41,89.074,33.286,198.42,83.109
2003-10-31 03:10:00,144.56,46.847,177.067,106.15,1135.84,323.453,74.8056066666666,165.068,71.802,125.513,159.19912708333334,224.832,76.376,123.92,154.898,140.386,151.834,154.776,89.192,33.128,197.304,82.305
2003-10-31 03:15:00,146.65,46.013,176.533,106.463,1138.8,318.303,73.707,164.014,70.634,124.6,158.5041545833332,225.45,77.736,125.46,154.58,140.232,150.788,154.544,89.818,33.514,197.23,83.109
2003-10-31 03:20:00,147.546,46.34,177.8,105.113,1139.4,320.213,76.39870208333338,165.926,70.368,125.71,159.21966916666668,224.39,77.072,126.66,156.356,140.362,153.112,154.956,89.714,32.65,197.994,85.277
2003-10-31 03:25:00,146.904,45.28,178.867,106.367,1128.16,322.93,75.05758458333335,165.374,70.422,125.11,158.85610499999987,222.488,77.52,125.12,155.652,141.636,150.012,151.598,89.544,33.648,196.224,83.957
2003-10-31 03:30:00,147.482,46.227,176.967,105.593,1130.22,323.41,74.51,165.274,71.752,125.197,159.11162124999993,225.436,77.05,126.94,153.76,138.978,151.338,156.256,89.376,32.958,195.258,82.624
2003-10-31 03:35:00,146.23,46.787,176.333,106.467,1131.14,325.35,74.79765500000003,164.012,70.518,125.027,158.76647708333326,225.474,77.971,126.56,154.15,140.542,151.058,154.352,89.67,32.558,195.14,84.549
2003-10-31 03:40:00,147.076,47.54,180.1,105.707,1136.4,323.447,75.60214750000002,166.012,70.25,126.053,159.03202999999996,225.673,79.24,126.84,156.018,140.25,150.604,153.644,89.726,32.502,195.132,82.982
2003-10-31 03:45:00,148.808,46.707,177.567,105.9,1138.16,326.073,75.298,166.296,71.492,127.12,159.59595541666647,227.122,79.057,126.3,153.934,139.872,151.68,156.36,89.986,32.342,195.324,83.813
2003-10-31 03:50:00,145.734,45.24,179.333,105.957,1138.58,325.3,75.89467208333336,167.288,71.456,126.633,158.8808170833334,227.514,77.796,126.8,156.03,141.054,149.606,154.866,90.878,32.486,192.914,83.708
2003-10-31 03:55:00,146.844,46.147,177.2,108.43,1144.94,326.37,76.3780045833334,167.802,70.706,125.743,159.63279624999987,224.717,79.092,128.24,156.488,139.482,152.872,154.93,89.55,33.03,196.46,83.894
2003-10-31 04:00:00,148.424,46.023,175.567,107.277,1136.68,329.353,75.092,168.636,71.494,125.05,159.74136083333337,226.556,78.229,127.84,156.392,141.95,151.956,155.094,89.168,33.954,196.17,85.101
2003-10-31 04:05:00,147.53,47.323,176.633,107.433,1141.62,327.06,77.23884583333329,167.16,70.706,124.877,159.84008625,225.852,78.449,128.34,154.416,141.504,150.442,155.204,90.924,33.038,199.83,84.282
2003-10-31 04:10:00,148.198,47.323,175.3,105.95,1135.28,329.043,77.03486916666662,166.764,70.986,127.81,159.6632166666668,229.178,76.433,126.26,156.422,140.02,151.66,156.21,91.548,32.756,199.232,83.631
2003-10-31 04:15:00,148.568,46.787,175.567,104.397,1138.34,330.073,75.122,170.164,69.588,125.56,159.1583195833332,228.218,79.849,127.56,155.468,139.462,150.97,153.934,91.57,32.702,195.564,84.074
2003-10-31 04:20:00,148.726,45.96,177.033,107.307,1143.86,327.44,75.54992375000002,167.336,69.676,126.32,159.44230749999988,224.856,78.143,126.72,156.696,141.21,149.686,154.138,91.232,33.036,193.944,83.004
2003-10-31 04:25:00,148.548,46.01,175.933,106.14,1143.24,327.873,75.9759766666667,166.996,70.338,125.593,159.49529999999982,225.649,77.935,126.78,157.306,142.178,149.532,156.802,88.99,31.65,192.214,84.502
2003-10-31 04:30:00,147.654,46.647,174.933,106.817,1139.92,325.393,75.138,167.804,68.422,126.267,159.36257291666652,228.406,78.409,125.84,154.664,140.044,150.438,156.334,89.756,32.24,192.56,84.71
2003-10-31 04:35:00,147.316,46.753,177.733,106.64,1139.2,324.193,75.93770416666672,167.148,69.512,124.166,159.7907720833331,224.856,78.198,128.32,154.846,140.568,150.854,155.34,89.766,32.502,191.102,82.949
2003-10-31 04:40:00,148.87,46.533,173.633,104.983,1139.46,323.487,75.42113833333337,167.79,69.812,127.193,159.4904741666665,225.762,78.01,127.4,156.094,139.316,150.136,154.326,89.308,31.85,193.932,84.288
2003-10-31 04:45:00,147.542,48.197,175.3,105.687,1131.02,323.8,76.06485208333335,166.214,70.146,123.387,158.84641416666665,226.48,78.037,128.22,157.56,141.89,146.724,154.674,88.894,32.34,192.54,84.272
2003-10-31 04:50:00,149.026,46.143,173.933,106.277,1143.62,323.01,75.63586916666667,169.75,69.218,124.43,159.644510833333,224.78,78.981,128.3,155.844,140.006,148.368,154.622,89.916,31.954,193.718,84.327
2003-10-31 04:55:00,148.106,46.6,174.3,106.653,1146.76,321.773,75.6888175000001,167.994,69.532,126.063,159.31964083333318,227.363,77.061,128.12,155.548,140.644,147.32,153.618,89.974,31.48,190.306,84.453
2003-10-31 05:00:00,148.456,46.797,173.633,105.597,1147.02,322.18,75.8931091666667,169.008,72.172,127.74,159.52130458333312,228.028,79.813,127.52,156.97,138.974,148.72,152.954,90.212,32.286,190.076,83.35
2003-10-31 05:05:00,147.708,47.587,173.033,106.153,1138.88,327.42,75.70653458333344,166.018,70.382,126.633,159.32321791666647,227.802,77.969,125.92,156.418,138.482,149.19,152.662,89.64,32.37,192.46,83.406
2003-10-31 05:10:00,148.092,46.597,176.033,106.79,1141.02,329.67,75.70295041666674,169.49,69.628,125.093,159.51544916666649,224.629,76.624,128.64,156.0,138.392,149.782,153.758,91.616,32.334,193.278,84.42
2003-10-31 05:15:00,147.42,46.03,174.833,107.39,1143.18,329.857,75.6085045833334,169.206,70.026,126.07,159.70668583333304,223.949,78.006,128.36,155.128,138.784,151.442,152.132,89.878,32.348,191.266,84.054
2003-10-31 05:20:00,149.078,47.233,174.2,106.437,1148.34,327.327,76.00043041666677,166.474,68.484,128.493,159.77333499999958,229.178,77.965,126.66,157.144,138.926,151.442,153.996,90.944,32.122,193.102,82.032
2003-10-31 05:25:00,149.254,46.507,175.4,105.8,1141.2,330.3,75.48392125000008,168.634,68.402,125.737,159.62525083333324,225.044,79.273,127.4,156.312,139.278,149.246,154.93,89.368,31.946,186.804,83.327
2003-10-31 05:30:00,150.07,47.323,175.767,106.84,1137.16,327.56,75.72654750000005,169.018,69.746,126.913,159.89292999999964,224.616,78.648,126.9,156.94,139.136,150.11,154.04,88.07,31.03,188.166,83.13
2003-10-31 05:35:00,148.392,46.297,175.833,106.317,1125.16,323.447,75.89907666666666,168.526,69.892,126.16,159.2277708333333,225.598,79.9,126.26,156.242,139.728,151.464,153.266,88.762,31.782,190.604,83.824
2003-10-31 05:40:00,146.19,47.23,174.067,105.033,1125.9,323.71,75.76867500000006,167.726,69.758,125.35,158.70315166666668,224.629,79.415,127.94,154.302,139.856,149.328,153.578,89.386,32.354,189.576,81.053
2003-10-31 05:45:00,148.01,47.937,173.433,106.517,1125.02,322.003,75.71487124999994,167.444,70.89,125.527,159.24291958333322,226.012,79.368,125.36,153.426,137.85,152.22,153.152,87.912,32.72,195.368,82.147
2003-10-31 05:50:00,146.684,47.54,172.9,106.207,1121.58,325.553,75.63391250000001,170.054,71.482,124.244,159.1729337499999,224.541,79.157,126.7,155.228,138.576,150.844,155.038,88.288,32.19,194.922,82.223
2003-10-31 05:55:00,145.584,46.037,174.4,105.567,1120.72,326.514,75.66390583333339,168.292,69.738,128.427,159.01542749999993,220.492,78.453,125.36,154.912,137.034,150.962,152.162,89.748,32.29,193.5,83.695
2003-10-31 06:00:00,146.616,45.107,172.6,105.893,1121.76,322.663,75.5183104166667,166.606,70.218,124.5,158.39059916666668,222.366,78.353,126.3,152.63,137.126,148.008,152.834,89.146,32.048,192.564,83.089
2003-10-31 06:05:00,145.712,46.39,177.333,106.847,1123.72,324.0,75.23271083333344,164.802,71.704,126.48,158.49035125,223.132,77.853,125.0,152.35,137.268,148.816,151.012,87.508,32.086,192.552,82.316
2003-10-31 06:10:00,145.918,46.793,176.633,105.09,1121.26,324.507,75.29788291666664,165.652,68.622,127.22,158.55510874999993,222.166,77.016,126.26,153.008,135.53,149.326,154.432,89.356,31.922,194.094,84.083
2003-10-31 06:15:00,146.386,45.967,175.2,106.42,1121.7,323.543,75.4627808333334,167.252,70.16,126.36,158.40126333333328,223.786,77.704,125.08,152.23,137.306,148.392,154.4,88.454,32.162,191.408,84.091
2003-10-31 06:20:00,146.016,46.333,176.0,105.16,1117.3,320.247,75.63231333333334,167.664,69.086,125.736,158.08124208333342,224.087,79.143,125.28,152.214,137.37,148.536,153.486,89.838,32.046,193.228,83.174
2003-10-31 06:25:00,145.556,47.017,174.667,105.763,1119.12,323.17,75.41870750000004,165.68,68.776,125.61,158.44978083333334,222.015,77.323,125.72,153.052,137.002,148.414,154.344,87.824,31.928,194.084,82.039
2003-10-31 06:30:00,146.816,46.043,175.0,105.6,1117.66,323.373,75.36004250000005,166.21,69.288,125.653,158.38182833333337,221.929,77.111,124.6,151.114,135.076,148.482,153.24,89.154,32.644,192.226,83.86
2003-10-31 06:35:00,147.496,46.303,173.633,105.737,1120.56,321.677,75.07678708333334,167.418,70.37,128.223,158.22561749999997,223.297,78.17,125.92,154.106,136.02,148.128,154.688,88.422,32.278,195.346,83.635
2003-10-31 06:40:00,146.972,46.463,176.0,106.077,1120.98,326.47,74.90354166666671,164.664,71.81,126.12,158.2938370833333,224.074,77.734,124.32,151.924,136.986,148.106,150.674,88.328,32.704,194.716,83.125
2003-10-31 06:45:00,146.046,46.797,177.867,105.343,1120.2,320.95,75.54226875000003,164.86,70.748,125.35,158.26895000000002,221.09,77.545,126.72,153.234,137.178,149.316,149.512,88.304,31.752,191.896,82.475
2003-10-31 06:50:00,145.826,46.623,176.933,106.237,1120.64,323.32,75.5376908333334,168.194,69.584,125.467,158.72203499999995,221.417,78.656,123.44,150.45,135.606,149.63,150.31,89.624,31.942,188.8,82.747
2003-10-31 06:55:00,150.524,43.883,176.0,105.6,1119.38,325.59,75.53308458333339,166.558,69.578,125.477,159.2109466666665,223.095,78.582,124.82,154.444,135.358,150.276,152.096,88.678,31.894,192.868,81.742
2003-10-31 07:00:00,146.048,45.693,173.267,104.283,1114.36,325.14,75.32143000000005,166.806,68.138,125.547,157.9828525000001,220.553,77.048,126.32,152.94,134.852,147.912,149.022,87.898,31.942,192.062,81.909
2003-10-31 07:05:00,147.284,45.783,176.333,106.823,1106.26,321.557,75.55139416666673,165.856,68.276,126.58,158.25883875000008,219.453,77.886,126.94,149.612,136.718,147.8,150.988,89.802,32.016,190.202,82.617
2003-10-31 07:10:00,146.906,46.26,175.0,106.29,1108.2,323.33,75.39577916666669,165.696,69.622,124.95,158.23033041666673,217.763,77.738,126.56,148.85,135.188,148.118,148.694,89.454,31.732,190.714,82.637
2003-10-31 07:15:00,146.03,46.337,173.733,104.34,1106.68,327.41,75.25362416666665,167.38,68.352,123.983,158.30900041666666,219.818,78.024,124.6,150.244,135.104,149.006,151.864,88.388,32.166,192.526,82.431
2003-10-31 07:20:00,146.636,44.45,175.733,105.85,1102.5,321.84,75.40047458333338,165.91,69.516,125.18,158.15918166666677,219.068,77.313,125.08,149.804,137.814,146.882,149.722,89.078,32.062,192.466,81.483
2003-10-31 07:25:00,144.544,45.58,175.733,105.277,1104.7,320.813,75.42060958333337,166.126,70.31,128.08,158.50243249999994,216.62,77.705,124.98,150.284,137.798,150.77,152.122,88.288,32.274,192.874,81.536
2003-10-31 07:30:00,146.342,44.563,175.167,104.193,1104.54,319.277,75.298,168.282,67.786,125.487,157.69376250000013,210.212,77.906,127.08,148.934,138.346,150.17,150.548,89.084,32.568,193.236,82.686
2003-10-31 07:35:00,145.712,46.0,174.9,105.233,1107.22,321.023,75.63484749999999,166.874,68.942,125.43,158.72092041666664,211.924,78.559,129.26,151.94,134.834,151.787,150.162,89.216,32.172,193.858,81.749
2003-10-31 07:40:00,145.222,46.26,174.433,104.43,1095.32,318.534,75.28424499999991,165.106,69.562,124.957,157.67872666666676,215.039,78.123,126.12,151.418,139.022,151.408,151.594,89.126,32.124,193.752,80.873
2003-10-31 07:45:00,147.694,44.293,174.667,104.767,1105.16,317.897,75.322,166.872,69.43,128.11,157.7586316666667,213.646,77.655,126.88,150.432,135.956,153.946,153.936,89.366,31.31,193.646,81.367
2003-10-31 07:50:00,147.81,44.423,175.3,105.917,1104.24,316.753,75.58472166666665,165.62,69.31,126.263,157.79847333333336,216.978,77.777,127.68,151.878,138.578,152.454,154.0,89.36,31.772,193.954,80.161
2003-10-31 07:55:00,144.834,45.433,172.833,105.52,1101.52,318.303,75.31244249999995,165.376,69.932,123.96,157.99405291666673,217.129,79.215,126.54,150.466,136.592,153.55,152.698,88.494,32.278,195.316,78.783
2003-10-31 08:00:00,145.76,44.48,173.433,106.093,1104.98,318.607,75.171,164.002,69.614,124.587,157.97422833333343,217.532,78.5,128.44,150.656,138.224,154.24,154.05,88.52,32.68,194.36,80.982
2003-10-31 08:05:00,144.206,45.49,175.467,104.703,1106.78,319.137,75.41104999999993,163.486,69.036,124.273,157.69512916666662,219.701,78.516,128.18,153.424,138.078,151.76,152.702,89.566,32.91,193.584,80.662
2003-10-31 08:10:00,144.448,45.187,174.267,105.18,1111.02,317.197,75.63395166666662,165.032,69.662,123.313,157.91847250000006,220.151,78.299,127.22,152.41,136.508,152.59,156.848,88.434,33.276,193.06,79.573
2003-10-31 08:15:00,144.814,45.967,173.0,104.717,1115.3,313.977,75.203,167.268,68.812,127.187,157.38617583333328,219.813,79.009,128.62,152.336,137.946,151.796,153.708,89.802,32.494,197.1,79.728
2003-10-31 08:20:00,146.128,46.053,176.967,103.603,1102.08,321.294,75.32041666666663,166.022,69.554,124.247,158.44757499999986,218.933,77.583,126.34,151.886,138.318,151.004,154.22,89.34,32.908,194.398,79.935
2003-10-31 08:25:00,147.044,46.307,173.133,105.087,1111.86,318.67,75.33256958333337,165.062,70.816,124.257,157.59393708333334,220.005,75.848,126.26,151.776,139.034,152.27,153.232,89.266,31.66,195.32,80.237
2003-10-31 08:30:00,145.076,45.6,175.0,106.813,1104.94,317.45,75.741,164.606,70.308,125.837,157.56151500000007,219.743,78.057,127.38,152.67,137.09,151.5,153.322,88.522,31.612,194.208,78.9
2003-10-31 08:35:00,145.736,46.15,173.833,102.673,1106.32,319.187,75.47466500000004,165.012,70.436,126.327,157.6067991666668,223.276,79.282,128.58,151.542,136.956,150.81,155.564,88.34,32.576,194.776,81.273
2003-10-31 08:40:00,144.674,46.167,173.867,103.71,1112.98,321.05,75.49886,164.326,70.512,125.45,158.3790670833332,222.456,79.245,126.5,153.526,136.896,152.14,152.326,88.818,31.946,193.746,80.741
2003-10-31 08:45:00,147.046,46.583,173.5,104.797,1114.06,317.027,75.927,164.522,69.592,125.82,157.73413625000003,220.963,79.086,125.42,153.776,138.236,152.548,153.746,89.618,32.014,193.412,78.97
2003-10-31 08:50:00,146.836,46.633,173.933,105.783,1108.1,319.53,75.60916000000003,167.778,70.832,126.87,158.25837166666673,220.913,79.421,126.98,152.85,136.748,152.752,153.11,88.954,32.278,194.792,80.195
2003-10-31 08:55:00,147.112,45.74,173.567,104.253,1113.38,320.747,75.73132208333335,164.996,70.29,126.993,158.47527291666663,220.194,78.88,127.38,154.012,138.022,153.8,154.806,88.432,32.53,191.748,78.018
2003-10-31 09:00:00,145.578,46.2,173.833,105.967,1117.74,320.817,76.332,165.756,69.49,126.3,158.8355799999999,223.598,79.496,125.64,155.204,137.29,150.746,153.694,89.316,32.308,190.552,80.392
2003-10-31 09:05:00,147.542,46.73,173.1,105.95,1119.86,321.307,75.51644708333339,167.302,70.938,123.153,158.67703624999987,222.155,78.094,124.82,153.046,138.198,149.75,154.126,88.442,31.972,194.252,78.675
2003-10-31 09:10:00,146.398,47.183,172.5,104.757,1107.88,322.717,75.81247375,166.94,69.56,123.89,158.8258462499999,220.889,77.46,125.54,152.918,138.074,152.448,153.544,89.734,32.54,191.754,80.986
2003-10-31 09:15:00,145.776,46.43,174.2,104.637,1111.14,319.437,75.451,166.066,71.118,126.863,157.5025341666668,222.216,78.893,126.7,153.396,136.988,149.346,155.06,88.254,32.106,192.53,79.375
2003-10-31 09:20:00,144.536,46.153,174.5,106.527,1114.16,318.55,75.47622249999999,163.696,70.658,124.903,157.7503899999999,218.932,77.342,125.76,154.46,138.596,151.078,155.334,87.914,32.296,193.134,82.815
2003-10-31 09:25:00,144.664,46.517,172.833,104.49,1114.52,319.71,75.61925791666673,166.878,70.556,125.97,158.15156083333343,219.898,77.153,126.76,153.13,137.226,152.958,152.588,88.58,32.396,194.358,80.448
2003-10-31 09:30:00,146.42,46.06,173.3,103.7,1111.62,319.687,75.68,165.792,71.42,124.097,158.04129208333336,221.372,77.315,126.58,153.794,136.676,150.826,152.852,89.118,32.548,192.356,82.48
2003-10-31 09:35:00,147.738,45.377,173.5,103.58,1110.34,317.02,75.09080416666666,164.614,70.892,124.463,157.22018249999996,222.114,76.976,124.02,153.084,137.434,150.52,153.672,88.186,32.228,195.706,81.002
2003-10-31 09:40:00,144.58,45.28,172.033,105.38,1121.76,316.973,75.6026091666667,163.52,69.904,125.547,157.47162791666673,221.16,76.532,125.14,155.058,137.864,151.85,155.556,89.242,32.412,192.978,81.841
2003-10-31 09:45:00,146.474,45.297,173.867,103.563,1116.2,316.717,75.676,164.456,70.068,123.993,156.99159666666674,221.915,77.338,125.42,153.082,139.112,149.334,156.216,88.29,32.298,192.4,81.749
2003-10-31 09:50:00,146.06,45.84,173.167,105.083,1117.6,315.897,75.97227166666664,165.402,68.994,125.84,157.74993541666672,223.386,78.321,126.42,155.098,139.37,154.026,156.134,89.562,32.624,193.544,80.504
2003-10-31 09:55:00,145.38,46.007,173.967,105.5,1119.28,317.353,75.94234291666669,162.516,69.294,126.003,157.59452625000011,222.37,76.576,125.4,154.784,136.696,153.552,157.962,90.24,32.52,193.084,80.923
2003-10-31 10:00:00,145.866,45.583,174.133,103.437,1122.92,317.2,76.099,164.12,70.918,126.403,157.74784583333332,223.927,77.791,125.56,157.846,137.156,154.952,158.462,90.75,33.046,192.206,80.254
2003-10-31 10:05:00,146.596,47.493,173.133,105.123,1116.84,316.487,76.25295500000004,165.874,71.618,124.09,157.78617708333343,220.555,78.945,126.4,155.412,141.546,154.326,157.07,91.126,31.808,192.77,80.622
2003-10-31 10:10:00,148.13,47.513,174.1,103.81,1115.1,320.39,76.01686458333336,164.854,71.08,123.697,158.70331166666662,222.259,77.844,125.86,155.45,139.394,154.062,156.308,91.562,32.572,193.772,81.437
2003-10-31 10:15:00,146.816,46.59,173.7,103.887,1122.22,319.48,75.915,165.944,70.13,127.237,158.24340833333338,221.554,79.031,125.0,153.73,138.754,155.148,157.124,91.49,32.828,193.074,81.781
2003-10-31 10:20:00,147.662,46.733,172.833,104.42,1121.36,317.787,76.04309208333336,166.302,68.708,126.617,158.13909791666666,221.69,78.123,126.48,154.714,139.686,153.846,156.71,91.524,31.894,192.928,82.42
2003-10-31 10:25:00,146.828,46.193,175.467,105.487,1115.46,319.553,76.14900333333337,166.114,70.498,124.727,158.37707541666668,221.394,78.133,125.26,151.786,137.804,154.364,157.484,91.436,32.032,190.114,81.484
2003-10-31 10:30:00,144.58,46.77,173.033,103.23,1110.96,320.797,76.037,164.75,69.944,125.097,158.5544804166666,218.419,77.76,126.96,153.002,137.168,155.196,156.502,91.536,32.2,192.482,80.321
2003-10-31 10:35:00,146.464,46.91,174.1,104.467,1112.82,321.56,75.54431708333331,163.442,70.856,123.837,158.4231029166666,219.567,79.612,128.0,151.978,136.812,153.278,155.51,90.43,31.536,191.83,82.015
2003-10-31 10:40:00,146.278,46.903,173.367,105.503,1106.46,321.257,75.76580625,166.53,70.528,125.226,158.75241124999997,219.837,77.835,127.96,150.566,134.122,152.596,155.862,90.612,31.176,190.71,81.765
2003-10-31 10:45:00,146.004,44.743,174.167,105.04,1104.34,320.313,75.394,166.326,70.544,126.81,158.29442333333336,218.26,78.804,126.9,151.576,136.254,152.586,154.99,92.478,31.648,189.994,80.321
2003-10-31 10:50:00,145.068,46.887,174.7,102.54,1091.92,322.507,75.23821624999997,165.814,70.02,124.463,158.63438749999986,220.429,78.058,125.4,151.636,135.81,152.544,150.766,91.916,32.134,190.306,82.477
2003-10-31 10:55:00,141.54,46.293,173.133,103.073,1082.26,319.01,74.74232624999986,166.41,69.732,123.967,157.59556916666673,220.428,76.727,126.84,149.652,135.446,150.812,152.108,90.65,31.55,188.874,81.385
2003-10-31 11:00:00,144.418,44.253,172.3,103.317,1081.32,316.627,74.995,166.678,71.438,123.46,157.07274416666675,219.467,77.68,127.06,150.114,132.87,150.692,151.596,90.312,31.57,188.886,80.877
2003-10-31 11:05:00,142.95,45.867,174.933,103.523,1074.5,318.027,74.65628249999997,165.984,69.048,122.34,157.1139162500001,219.16,78.125,126.58,149.862,135.698,148.578,153.752,88.884,31.744,188.23,79.785
2003-10-31 11:10:00,142.356,45.393,172.833,102.387,1068.92,312.43,73.92449749999996,164.188,68.29,122.903,156.26165958333337,223.333,77.964,125.14,150.65,134.298,149.144,152.166,87.088,31.646,189.054,79.244
2003-10-31 11:15:00,142.606,44.27,173.067,102.01,1065.44,313.913,73.821,164.232,69.7,121.283,155.45936291666675,219.75,75.047,122.86,148.522,135.492,148.22,153.246,85.748,31.382,190.672,79.197
2003-10-31 11:20:00,142.054,44.137,172.7,102.78,1065.64,306.537,73.09622000000009,161.926,71.14,121.85,155.12842291666658,219.714,75.701,121.78,149.248,133.926,150.684,151.572,86.884,31.416,189.568,79.564
2003-10-31 11:25:00,143.414,43.83,172.167,101.563,1060.78,308.25,73.21925291666668,161.628,69.924,121.673,154.86452083333327,220.217,75.243,122.32,150.72,134.938,147.192,151.942,86.694,31.308,189.864,78.972
2003-10-31 11:30:00,142.388,43.543,172.5,100.437,1065.04,306.91,73.107,160.396,70.3,120.517,154.82496083333336,221.09,74.799,122.24,151.182,136.19,149.86,151.808,85.662,31.722,189.584,80.503
2003-10-31 11:35:00,142.246,44.15,172.933,101.36,1060.18,304.733,73.2162533333334,160.508,68.704,118.957,155.32636583333343,220.093,77.214,122.68,152.2,134.788,148.894,151.834,86.502,31.72,191.236,79.096
2003-10-31 11:40:00,141.864,44.127,170.767,100.76,1071.92,303.813,72.96053333333346,158.238,71.172,120.373,154.711512916667,219.269,75.644,121.7,150.284,132.788,151.386,152.214,85.708,30.82,188.806,79.019
2003-10-31 11:45:00,141.192,45.317,173.833,103.103,1066.3,307.15,73.273,159.82,69.342,120.393,155.01831791666672,224.002,74.851,122.18,152.052,133.46,151.56,151.58,86.556,31.794,190.936,81.012
2003-10-31 11:50:00,141.59,44.843,171.9,101.517,1067.54,306.597,73.15814166666672,159.408,70.412,121.373,154.43827208333366,220.278,75.333,121.56,151.364,133.928,149.244,154.066,87.25,31.348,191.198,81.067
2003-10-31 11:55:00,141.678,44.42,172.233,102.753,1065.48,310.903,73.43213250000004,161.642,69.934,121.643,155.11520416666656,219.16,74.79,121.78,150.574,133.88,150.306,152.36,86.722,31.858,190.028,80.301
2003-10-31 12:00:00,141.014,45.39,170.733,101.18,1068.44,306.187,72.227,162.046,70.346,122.063,155.66876666666656,219.921,76.345,121.2,150.794,134.232,151.432,152.992,87.454,32.028,192.152,79.481
2003-10-31 12:05:00,140.786,43.927,171.167,101.727,1073.58,308.28,73.23949124999996,160.33,68.99,121.263,155.74844291666656,220.274,76.549,121.88,151.1,135.69,151.29,151.348,87.946,32.394,190.996,80.238
2003-10-31 12:10:00,143.192,43.94,175.2,102.99,1072.26,306.477,73.59794333333339,160.128,69.208,122.073,155.31474291666643,221.282,75.096,123.18,151.184,134.678,150.22,153.256,86.38,32.568,191.26,81.023
2003-10-31 12:15:00,142.91,45.08,171.967,102.563,1071.64,308.993,73.382,160.58,69.716,119.85,155.26435083333325,222.114,75.4,121.58,150.048,134.046,151.128,154.054,86.764,31.886,192.906,81.779
2003-10-31 12:20:00,143.194,44.533,173.867,102.127,1070.56,312.617,73.80808458333335,160.774,69.356,121.66,155.33414541666664,221.562,74.782,121.9,148.818,132.008,151.646,152.826,87.288,31.864,190.982,81.609
2003-10-31 12:25:00,142.23,44.717,171.867,102.617,1070.18,311.3,73.52262666666667,161.252,70.27,122.917,154.90733166666664,218.95,74.39,121.94,151.528,134.688,149.852,152.106,85.062,31.73,190.82,81.569
2003-10-31 12:30:00,142.006,45.23,170.533,101.61,1077.1,311.997,73.523,162.832,70.648,120.95,155.27925249999996,215.702,75.34,121.34,151.49,134.26,150.638,153.884,88.494,31.808,190.344,80.817
2003-10-31 12:35:00,140.858,45.773,171.767,102.753,1070.32,310.75,73.46571291666669,160.128,70.644,121.247,155.06403999999995,220.923,75.783,122.98,150.626,132.4,150.154,153.184,87.912,31.844,190.13,80.781
2003-10-31 12:40:00,142.084,44.86,172.2,101.84,1070.24,308.723,73.2104129166666,159.718,69.366,121.307,154.76148916666673,220.211,74.619,122.96,150.284,134.95,148.782,151.868,87.13,31.902,189.162,80.437
2003-10-31 12:45:00,142.13,44.193,172.233,103.563,1075.78,308.22,73.084,161.57,69.792,121.9,155.16099999999994,221.753,74.425,123.9,152.552,135.422,149.834,153.028,87.88,31.41,188.428,79.903
2003-10-31 12:50:00,140.666,44.907,173.933,101.997,1079.2,309.487,73.50525125000009,161.842,70.412,122.127,155.2127799999999,221.738,75.326,120.74,150.586,137.336,151.636,153.3,87.478,31.622,190.382,81.242
2003-10-31 12:55:00,143.162,44.77,171.8,103.013,1079.08,307.177,73.36642750000001,159.814,70.946,121.647,154.85070750000014,223.41,75.498,121.56,151.082,135.844,150.588,152.57,88.562,31.568,191.032,80.78
2003-10-31 13:00:00,141.73,45.32,174.7,103.687,1074.66,306.063,73.743,161.964,69.986,123.267,155.2662404166666,219.815,75.859,122.82,152.12,136.604,151.036,153.26,86.936,31.008,191.492,81.4
2003-10-31 13:05:00,143.004,44.867,172.033,101.583,1073.8,308.457,73.53035833333328,160.8,68.42,121.133,155.58121208333333,220.996,73.36,123.88,154.868,135.746,153.806,153.274,88.528,31.196,191.15,80.326
2003-10-31 13:10:00,141.484,43.977,174.467,101.417,1075.42,309.25,73.67641708333338,160.812,68.926,122.823,155.6519362499999,221.86,75.63,121.84,151.454,136.988,154.068,151.49,87.408,32.022,189.574,81.137
2003-10-31 13:15:00,140.176,43.893,173.933,102.87,1073.66,306.67,73.234,159.376,70.022,123.183,154.84683250000032,224.35,74.371,121.46,151.992,136.634,152.456,155.208,87.812,31.634,189.796,81.189
2003-10-31 13:20:00,140.626,44.327,172.6,101.32,1078.74,306.153,73.17074291666678,160.466,70.376,121.41,155.68929791666676,223.454,76.618,119.52,153.508,136.044,153.066,154.108,88.622,31.742,191.202,79.059
2003-10-31 13:25:00,140.988,44.75,173.3,103.45,1084.9,310.81,74.02940750000002,158.868,71.93,122.803,154.89026041666682,222.194,75.767,121.18,149.78,137.254,150.03,154.608,87.75,32.386,193.382,81.727
2003-10-31 13:30:00,143.01,44.703,173.767,102.593,1072.82,310.153,74.032,161.304,69.044,121.283,155.28649999999993,222.341,72.705,120.62,152.432,137.69,151.06,156.402,88.82,31.808,192.928,80.529
2003-10-31 13:35:00,141.548,45.313,174.2,102.303,1079.52,310.083,73.9369304166667,159.124,69.522,121.717,155.1569991666669,224.351,74.253,121.68,155.032,135.684,153.24,155.34,90.208,31.904,192.194,81.217
2003-10-31 13:40:00,143.46,44.593,172.967,102.787,1082.16,308.563,73.83955750000004,160.284,69.684,122.29,155.29854541666663,225.63,75.571,121.94,151.432,138.184,152.034,156.662,87.282,31.46,192.884,81.789
2003-10-31 13:45:00,142.748,44.33,171.933,101.593,1079.1,308.94,73.054,160.958,70.212,122.403,155.25693583333336,222.889,74.324,121.32,152.974,137.332,152.246,154.59,88.712,31.416,190.756,81.05
2003-10-31 13:50:00,141.19,46.927,172.033,102.107,1092.54,310.347,73.97605166666676,160.674,71.444,120.173,155.11744166666668,223.858,75.368,122.24,152.606,138.228,151.098,155.394,87.584,31.464,192.026,80.735
2003-10-31 13:55:00,143.672,44.043,171.467,102.847,1090.62,309.63,74.05460916666664,159.39,70.002,122.393,154.6773212500003,223.019,75.366,122.44,152.99,137.764,150.69,155.156,88.388,31.744,191.496,81.961
2003-10-31 14:00:00,143.262,46.807,174.567,101.757,1090.96,309.446,73.879,159.678,70.23,121.243,155.3535237500002,222.199,76.827,122.24,153.596,136.646,152.082,153.678,88.16,31.6,190.426,81.222
2003-10-31 14:05:00,144.354,45.733,175.2,103.067,1085.8,310.877,74.34862624999994,160.342,69.58,123.423,154.98195875000002,225.648,75.208,122.02,153.576,136.738,150.222,155.37,89.158,31.73,193.366,80.892
2003-10-31 14:10:00,142.59,44.037,171.567,103.127,1086.06,311.547,73.90181583333329,160.518,70.272,121.93,154.9794866666667,226.323,74.518,120.42,152.51,136.062,150.462,153.276,88.246,31.606,193.332,81.563
2003-10-31 14:15:00,143.098,46.513,176.067,103.627,1096.8,312.593,74.328,160.428,70.008,121.96,155.04296791666675,225.302,74.026,122.02,153.754,136.156,150.44,154.07,88.962,31.66,192.16,80.315
2003-10-31 14:20:00,141.984,44.26,174.1,102.123,1093.26,312.757,74.24081,160.572,68.676,123.147,155.25798958333343,226.304,75.307,123.0,151.966,138.058,151.356,154.964,87.858,31.628,189.024,79.925
2003-10-31 14:25:00,140.582,45.0,174.933,103.583,1084.24,311.44,74.20948416666671,160.756,69.0,121.71,155.45856124999992,224.444,75.584,124.24,155.0,138.596,151.002,153.888,88.702,31.7,191.198,78.931
2003-10-31 14:30:00,142.64,44.48,175.467,103.307,1088.66,312.603,74.614,161.818,70.24,121.937,155.7658541666666,226.287,76.421,121.78,151.276,137.712,151.036,153.704,89.318,32.186,190.602,81.953
2003-10-31 14:35:00,143.882,45.207,174.333,103.18,1092.94,315.24,74.58119333333329,162.722,69.732,121.733,155.62787624999999,223.478,75.616,122.82,152.38,137.51,149.378,154.82,88.58,31.83,190.694,82.889
2003-10-31 14:40:00,143.383,46.663,174.967,103.267,1097.88,313.073,74.64889874999993,163.674,69.914,121.983,156.22807125000003,225.574,77.201,122.76,153.728,136.786,150.598,152.83,88.832,32.024,191.51,81.596
2003-10-31 14:45:00,143.74791583333328,44.943,173.2,102.987,1096.52,313.703,74.328,161.494,69.632,122.283,156.04504791666676,224.973,76.513,124.02,153.75,136.066,149.646,153.464,87.198,32.08,192.776,79.799
2003-10-31 14:50:00,143.96629416666667,45.79,175.033,102.2,1096.9,311.533,74.6458283333333,160.674,71.15,121.71,155.75582791666662,222.604,77.414,122.96,154.752,137.854,149.746,154.13,87.038,32.352,192.89,81.944
2003-10-31 14:55:00,144.17039708333334,44.493,175.867,102.703,1095.02,313.67,74.61849458333329,161.598,69.986,120.81,155.25339125000016,226.739,75.875,121.42,154.892,138.824,150.842,154.8,87.242,31.684,190.378,80.509
2003-10-31 15:00:00,143.98,44.633,173.333,103.923,1093.88,311.527,74.478,160.746,69.998,120.993,155.75976624999987,223.825,76.104,124.38,154.64,135.946,150.766,154.868,88.996,32.374,191.72,80.344
2003-10-31 15:05:00,145.168,45.58,172.9,102.793,1092.14,311.977,74.51601749999992,162.096,70.9,121.673,155.3504420833334,223.388,75.959,121.52,153.904,137.496,151.07,156.444,87.204,31.632,190.652,80.367
2003-10-31 15:10:00,144.436,44.95,171.6,102.587,1104.48,313.98,74.7195404166667,161.524,70.14,121.907,155.60035083333338,226.667,75.418,124.36,153.272,137.574,150.658,153.38,87.962,31.408,190.854,80.183
2003-10-31 15:15:00,145.192,46.183,174.133,103.647,1099.5,313.827,74.084,160.14,69.542,121.97,156.11801541666665,226.739,75.903,124.92,152.676,138.094,152.078,153.166,87.65,32.088,190.394,80.75
2003-10-31 15:20:00,144.624,44.947,174.1,103.897,1097.62,312.837,74.65915083333326,161.986,70.868,121.41,155.2476695833335,225.336,76.404,121.74,153.776,137.68,148.464,155.214,88.186,31.506,193.868,80.457
2003-10-31 15:25:00,146.132,45.263,172.333,104.49,1103.54,311.497,74.86700375,162.556,70.284,122.067,155.84644666666662,223.063,77.17,123.18,154.548,137.576,148.696,154.326,87.626,32.04,193.438,81.845
2003-10-31 15:30:00,144.996,44.81,175.833,101.75,1101.04,312.324,75.056,161.56,69.702,123.87,155.3838458333332,222.59,74.993,124.06,155.486,138.47,147.558,154.636,87.338,32.044,192.588,81.398
2003-10-31 15:35:00,142.29,45.097,175.533,102.447,1100.7,314.57,74.6180083333333,161.312,70.72,122.337,155.97531833333335,223.354,75.79,123.4,153.538,136.81,151.332,153.806,88.326,32.252,189.656,82.612
2003-10-31 15:40:00,142.598,45.127,172.4,102.867,1105.08,315.86,74.85765041666664,162.854,70.18,124.293,156.14014791666662,225.298,75.394,125.0,155.562,136.754,150.218,151.91,89.244,31.968,192.52,81.319
2003-10-31 15:45:00,144.268,44.97,174.933,102.347,1100.94,313.977,75.244,162.906,69.848,121.89,155.93883333333324,223.518,75.376,125.1,154.16,138.566,150.002,154.872,88.262,32.536,191.524,81.878
2003-10-31 15:50:00,144.064,44.573,170.333,102.66,1094.62,315.867,74.98525708333322,160.852,69.402,123.93,156.60745041666667,226.15,77.386,125.66,153.704,140.032,150.238,156.394,88.01,32.38,193.166,81.157
2003-10-31 15:55:00,144.354,45.67,174.3,103.137,1101.7,315.59,74.74098749999993,161.294,70.272,122.45,156.47921583333334,224.299,76.126,126.52,153.51,136.448,151.316,152.824,88.642,32.226,193.262,82.433
2003-10-31 16:00:00,145.79,45.867,176.5,103.44,1110.72,313.763,74.823,163.058,70.8,122.777,156.20839249999995,225.295,75.538,126.74,155.084,139.218,151.554,153.676,87.684,32.016,192.406,82.321
2003-10-31 16:05:00,145.616,46.153,174.133,104.567,1104.28,312.64,74.84542916666663,163.862,69.306,123.493,156.1967608333332,225.405,75.373,124.22,152.836,137.19,151.192,154.986,87.336,32.484,193.78,82.95
2003-10-31 16:10:00,144.492,45.41,176.567,103.33,1106.22,316.11,74.90176333333335,163.474,71.272,121.7,156.36424291666685,224.062,76.515,122.88,155.508,135.976,151.138,153.48,88.12,31.91,193.458,81.188
2003-10-31 16:15:00,145.974,45.987,175.067,103.373,1103.2,315.197,74.553,163.444,69.892,122.663,156.63764125,226.944,76.754,123.36,154.174,138.946,151.448,154.87,88.732,32.642,191.914,82.698
2003-10-31 16:20:00,145.986,46.037,173.7,102.79,1106.74,315.38,75.08774083333331,163.538,70.672,123.41,156.6440687500001,223.879,77.429,122.76,156.066,136.644,151.204,155.34,88.808,32.422,194.7,82.577
2003-10-31 16:25:00,144.678,45.147,173.933,105.093,1100.44,316.857,75.08794291666666,163.568,70.586,125.087,156.6446641666667,223.355,76.569,122.74,153.846,139.01,150.168,154.04,88.872,32.17,192.95,80.743
2003-10-31 16:30:00,143.3,45.193,175.733,104.147,1103.7,316.697,74.643,165.098,69.942,122.847,157.40207875000004,225.346,76.831,125.0,153.856,138.238,153.078,153.614,87.61,32.038,193.594,81.758
2003-10-31 16:35:00,143.912,45.357,174.367,104.5,1109.66,319.7,75.15871500000009,163.97,69.658,123.37,157.6170291666667,226.013,75.618,124.48,154.102,138.598,151.822,153.576,88.08,32.554,194.402,82.258
2003-10-31 16:40:00,146.024,44.087,176.167,103.98,1105.76,316.217,75.23503124999998,163.01,70.69,123.753,156.73426500000014,225.198,76.855,127.76,154.518,139.186,149.36,155.798,88.226,32.352,194.924,82.126
2003-10-31 16:45:00,144.532,46.697,173.533,103.697,1106.3,316.97,74.957,162.784,69.986,123.573,157.19787625,225.957,76.689,127.1,155.518,138.624,153.924,154.434,88.414,32.172,193.304,82.043
2003-10-31 16:50:00,145.352,46.297,176.033,104.177,1111.52,314.317,75.60890041666661,165.574,69.72,122.253,156.94995791666676,227.021,77.256,125.62,154.132,139.592,151.136,155.142,88.452,31.702,192.074,80.903
2003-10-31 16:55:00,146.994,46.02,174.433,104.28,1109.74,313.357,75.1875066666666,162.414,70.012,122.58,155.93733000000017,225.014,75.769,124.72,154.306,138.512,151.554,156.36,88.646,31.308,192.42,81.812
2003-10-31 17:00:00,143.954,45.953,175.433,104.97,1110.5,315.973,75.308,162.87,70.52,124.04,157.14396749999997,224.613,77.943,125.44,153.512,139.094,151.514,153.384,88.764,32.196,194.994,81.706
2003-10-31 17:05:00,145.262,44.693,173.0,103.39,1108.92,315.673,75.26822166666659,161.658,70.212,123.693,156.88297125,222.972,77.821,125.96,154.764,139.726,152.704,155.338,89.0,32.632,192.274,81.791
2003-10-31 17:10:00,147.326,46.393,174.7,104.5,1105.44,315.18,75.42771875000007,161.9,69.932,124.163,156.40423625000005,227.389,75.853,123.8,156.03,139.672,151.99,155.608,89.38,32.546,194.71,81.591
2003-10-31 17:15:00,146.172,43.973,174.033,102.043,1115.5,317.603,75.186,163.166,70.396,125.24,157.15162208333334,226.445,77.526,127.16,154.012,140.136,152.81,152.206,89.046,32.01,192.57,83.6
2003-10-31 17:20:00,146.084,44.39,176.167,103.533,1111.84,316.397,75.46666250000001,166.806,70.664,124.193,156.76488791666668,225.869,76.384,124.7,153.698,139.608,150.208,154.566,88.324,32.438,191.558,81.631
2003-10-31 17:25:00,144.556,45.16,175.733,104.197,1106.72,316.58,75.32803458333335,164.77,71.332,123.833,156.9394883333333,227.525,76.778,125.42,155.726,137.594,149.704,153.66,89.436,33.312,192.248,83.297
2003-10-31 17:30:00,145.43,45.28,175.167,101.967,1109.76,318.647,75.95,164.316,69.468,123.833,157.75977458333332,224.913,77.67,126.26,155.552,139.516,150.848,154.328,88.958,32.162,193.176,83.349
2003-10-31 17:35:00,147.132,46.207,176.067,103.997,1108.84,315.314,75.38849249999991,164.156,70.868,123.837,157.28905416666663,224.964,78.274,124.88,154.954,138.772,152.88,153.446,88.346,32.206,194.202,81.318
2003-10-31 17:40:00,144.82,46.497,176.8,105.21,1109.96,315.393,75.3185349999999,162.246,70.374,124.433,156.7983870833334,224.872,76.901,126.26,154.206,138.964,150.558,154.78,87.954,31.966,192.56,82.797
2003-10-31 17:45:00,144.498,46.42,176.6,103.407,1110.44,313.983,75.356,163.652,71.572,125.307,156.77919208333336,225.699,77.032,126.24,154.642,138.858,151.674,154.998,88.748,32.25,194.058,81.566
2003-10-31 17:50:00,145.598,46.01,177.067,105.17,1107.06,317.05,75.7484779166667,165.674,68.994,122.496,157.70306708333334,225.914,77.305,125.12,154.86,140.04,151.082,154.706,88.686,32.52,192.91,82.558
2003-10-31 17:55:00,145.642,46.597,175.9,104.05,1120.1,314.477,75.92036625000006,165.116,70.002,125.22,157.20709166666674,225.728,77.514,125.06,155.484,139.366,150.578,154.05,89.96,32.292,193.046,81.597
2003-10-31 18:00:00,146.65,45.0,176.433,102.487,1112.22,316.043,74.498,163.26,72.304,123.223,157.11468875000003,226.659,77.615,125.34,155.102,139.358,151.244,155.808,89.13,32.504,195.856,82.502
2003-10-31 18:05:00,145.084,45.133,177.733,103.813,1112.38,317.46,75.63009166666667,162.514,69.988,123.526,157.27789708333336,224.344,76.946,127.1,155.412,139.332,154.288,152.064,88.998,32.69,194.028,83.025
2003-10-31 18:10:00,145.542,45.643,177.733,102.577,1117.7,318.533,75.46269583333331,161.516,71.346,124.723,157.34353916666663,226.28,77.654,127.02,154.612,137.884,151.404,153.212,88.534,32.07,194.472,82.351
2003-10-31 18:15:00,146.82,46.02,176.9,104.56,1118.38,319.44,75.752,163.936,70.706,126.027,157.76698125000013,227.62,76.734,126.86,154.75,138.978,152.166,155.38,88.906,32.58,194.542,81.381
2003-10-31 18:20:00,146.706,45.61,176.933,104.087,1112.78,319.06,75.0305670833334,163.736,71.93,125.483,157.54609833333333,224.196,76.945,125.74,155.826,139.47,152.022,155.224,89.9,33.044,196.098,83.777
2003-10-31 18:25:00,146.996,46.017,176.2,103.373,1113.12,319.073,75.71139708333334,165.36,70.202,124.977,157.73699000000005,224.59,77.576,126.96,154.922,140.482,153.15,153.692,88.17,32.552,193.614,83.037
2003-10-31 18:30:00,145.388,46.47,175.9,104.513,1113.68,317.323,75.787,166.334,70.28,124.933,157.7289066666668,225.177,78.634,126.34,154.756,139.912,153.458,155.066,89.36,32.48,194.274,82.76
2003-10-31 18:35:00,146.49,45.357,177.233,105.187,1113.8,319.143,75.91864749999999,165.074,71.202,123.203,158.0128395833334,226.907,77.509,126.78,154.492,139.436,153.482,154.068,89.47,32.338,193.818,84.257
2003-10-31 18:40:00,146.034,47.413,176.933,105.473,1113.36,318.884,76.12914833333335,165.158,72.068,125.357,158.19118958333337,227.741,78.369,125.0,155.272,138.336,153.536,153.89,90.092,31.984,194.998,83.323
2003-10-31 18:45:00,146.838,44.75,177.5,104.9,1120.12,316.536,75.799,166.258,71.42,124.927,157.53498166666688,229.323,77.516,126.94,155.166,138.992,152.184,155.144,89.22,33.11,192.528,83.552
2003-10-31 18:50:00,146.496,47.133,175.833,104.36,1119.12,319.873,75.98041999999998,161.472,69.72,123.023,157.81986666666666,227.504,77.259,126.56,155.042,141.326,155.512,155.572,89.106,32.018,194.638,83.869
2003-10-31 18:55:00,144.952,47.05,177.9,106.837,1111.08,318.267,76.07198708333334,166.502,70.586,123.887,158.11374333333342,226.403,77.437,126.88,154.18,138.584,153.146,155.726,88.346,31.842,194.164,82.902
2003-10-31 19:00:00,146.286,47.667,177.1,105.09,1122.24,317.2,76.399,165.412,70.492,125.07,157.9336612500001,226.119,78.3,126.06,154.338,139.102,152.68,155.212,89.192,32.836,194.654,81.796
2003-10-31 19:05:00,147.15,46.25,176.233,106.567,1122.88,316.94,76.25035500000007,165.344,70.638,123.98,158.111125,224.342,78.419,127.08,156.074,140.762,154.078,154.612,89.952,31.982,194.242,84.148
2003-10-31 19:10:00,145.352,45.953,175.967,103.417,1114.68,320.157,75.76175250000003,167.196,70.752,124.44,158.21357124999992,227.668,77.938,125.64,154.518,139.204,151.228,152.914,89.604,32.942,191.712,82.854
2003-10-31 19:15:00,144.518,47.443,176.2,104.423,1119.3,314.6,76.88,167.122,69.608,124.866,157.6788625000001,225.895,77.997,125.38,155.456,138.262,153.584,153.826,89.582,32.518,194.602,84.303
2003-10-31 19:20:00,146.72,44.303,178.033,106.447,1119.3,318.66,76.72948958333342,166.92,71.98,126.877,158.13517625000003,227.255,78.39,124.9,154.87,138.676,154.202,154.684,88.592,32.318,194.654,83.649
2003-10-31 19:25:00,146.768,45.37,176.533,104.457,1120.74,318.45,76.07096583333333,164.878,70.138,125.617,157.66119958333329,227.868,77.662,127.34,157.214,140.342,151.48,155.13,89.584,32.69,193.488,83.374
2003-10-31 19:30:00,145.998,45.43,177.0,106.803,1123.18,321.407,77.196,165.498,72.136,123.38,159.15663249999997,228.435,77.108,128.16,153.168,138.46,154.092,154.266,88.598,31.786,194.434,82.98
2003-10-31 19:35:00,146.372,45.753,175.267,105.903,1126.12,319.483,76.30592166666675,166.394,71.276,124.273,158.52846875000014,225.352,78.676,128.34,155.176,138.66,153.528,154.166,88.768,32.046,194.368,83.413
2003-10-31 19:40:00,146.232,44.47,179.2,105.497,1120.44,317.67,76.33953541666673,167.056,70.96,124.504,157.77585875000008,227.146,77.705,127.36,152.41,140.398,153.192,154.956,89.432,32.54,192.75,82.913
2003-10-31 19:45:00,146.414,45.05,176.033,106.297,1126.62,321.137,77.335,165.49,71.168,123.697,159.12206249999986,229.763,78.195,127.44,154.896,139.2,151.194,154.216,89.724,32.282,193.066,83.741
2003-10-31 19:50:00,147.88,46.427,176.867,106.827,1123.92,320.007,77.0538720833334,168.47,70.804,124.204,158.9677125,228.561,78.889,126.18,155.286,139.396,155.468,154.13,88.986,32.576,194.964,82.417
2003-10-31 19:55:00,146.28,46.127,176.933,103.983,1122.36,321.697,76.5405016666667,165.718,70.022,125.087,158.62040333333326,228.207,77.65,129.32,155.294,141.378,153.058,154.584,88.9,32.588,194.13,84.515
2003-10-31 20:00:00,146.604,45.803,176.067,104.963,1128.96,318.983,76.751,166.39,70.188,124.197,158.2829350000001,227.651,78.98,127.88,154.512,140.418,154.418,154.838,88.654,32.418,194.496,83.141
2003-10-31 20:05:00,146.956,47.39,174.5,105.61,1126.7,317.903,76.35777166666665,164.868,70.364,125.473,158.28799750000016,227.934,77.715,128.04,153.824,139.522,155.622,153.594,89.14,32.25,194.702,84.653
2003-10-31 20:10:00,146.386,45.81,176.767,105.5,1124.82,321.423,77.0618108333334,166.958,70.302,124.16,159.20977791666667,226.744,79.215,127.44,153.538,139.456,154.018,154.62,89.76,32.766,195.734,84.863
2003-10-31 20:15:00,147.366,45.653,174.7,104.077,1127.4,321.647,76.776,166.774,71.232,124.517,158.93480458333332,227.073,77.56,127.34,155.952,140.82,155.032,154.288,89.68,32.544,195.348,84.069
2003-10-31 20:20:00,146.236,45.07,176.8,105.25,1125.16,316.523,76.48793125000014,165.136,72.704,123.447,158.07089791666675,225.838,77.607,127.5,155.444,137.906,154.206,155.614,88.92,32.43,193.38,85.222
2003-10-31 20:25:00,147.034,46.43,177.8,104.24,1124.48,319.953,76.84484125000009,165.638,69.92,125.486,158.51912291666684,228.741,78.653,127.82,156.53,140.466,154.258,155.758,89.8,32.506,195.196,84.296
2003-10-31 20:30:00,144.504,45.427,176.467,105.777,1130.46,321.047,76.846,165.506,71.482,125.24,159.1807754166667,226.178,77.181,127.4,154.094,140.332,155.164,156.198,89.318,33.07,196.736,82.813
2003-10-31 20:35:00,145.25,46.023,175.567,105.353,1125.6,321.887,76.21929875,165.134,70.334,124.443,159.01103583333327,227.411,77.545,129.04,155.19,140.702,153.1,154.858,89.508,31.808,195.1,85.052
2003-10-31 20:40:00,146.216,45.94,176.167,107.353,1125.22,319.473,76.53384250000012,165.522,70.592,125.256,158.38125791666675,228.346,78.664,128.56,156.648,141.76,153.682,154.822,89.038,33.216,194.67,83.539
2003-10-31 20:45:00,146.24,45.763,176.767,104.033,1125.9,319.933,78.007,166.96,71.826,125.197,158.8350420833334,226.727,77.391,126.94,154.604,139.714,154.89,154.504,88.732,32.786,195.648,85.227
2003-10-31 20:50:00,147.382,46.187,175.967,105.327,1130.48,320.08,77.44072291666672,167.962,70.104,125.31,159.02530833333347,227.441,79.796,128.64,154.728,139.388,155.56,155.61,90.536,32.812,197.158,84.472
2003-10-31 20:55:00,144.846,47.173,177.433,104.353,1123.42,323.957,77.15422625000004,166.01,71.994,125.303,158.9334662500001,226.959,77.947,127.12,157.944,139.908,154.254,154.126,89.402,32.938,195.844,83.321
2003-10-31 21:00:00,145.604,46.433,175.533,105.987,1128.68,322.46,77.438,166.378,70.484,125.43,159.30224166666673,224.756,79.762,128.62,158.666,138.316,152.922,156.862,90.236,32.716,195.25,85.192
2003-10-31 21:05:00,147.352,44.83,177.167,105.477,1124.94,320.16,76.68658791666675,166.756,70.768,125.467,158.66494,225.54,78.059,126.02,156.466,141.996,154.268,154.818,89.324,32.526,194.674,84.178
2003-10-31 21:10:00,145.664,46.587,175.2,105.86,1131.08,322.64,76.30879458333337,168.216,70.806,124.343,159.15706125,230.171,77.761,126.14,155.322,140.052,153.046,152.842,89.526,32.61,195.272,84.233
2003-10-31 21:15:00,147.16,46.953,178.567,105.713,1129.72,320.42,78.308,167.268,71.68,125.843,159.26792625,227.032,77.741,127.68,155.836,139.052,156.198,155.324,89.268,32.106,197.872,84.763
2003-10-31 21:20:00,145.436,45.667,178.233,105.78,1133.18,320.173,77.24194875,168.344,70.71,124.12,158.9407450000002,228.154,78.455,128.16,155.694,141.464,153.202,158.214,89.916,32.52,196.994,83.133
2003-10-31 21:25:00,147.154,47.047,176.6,106.727,1129.62,322.223,76.73669291666671,168.754,69.426,124.98,159.2144933333333,228.127,77.56,128.24,155.304,140.838,152.91,154.286,88.914,32.232,194.764,86.327
2003-10-31 21:30:00,148.284,47.827,177.833,106.037,1130.86,318.99,78.325,169.242,69.542,126.547,158.92762083333346,228.968,78.772,129.38,156.846,140.78,154.29,155.226,90.24,33.168,194.54,83.875
2003-10-31 21:35:00,146.284,46.537,177.533,106.33,1129.18,322.523,77.70342875000004,169.158,70.186,125.38,159.40111000000007,227.506,79.477,129.9,157.284,140.222,154.69,155.204,89.012,33.07,197.038,83.551
2003-10-31 21:40:00,145.192,46.317,177.633,106.393,1130.26,324.51,77.61889250000011,168.32,70.928,126.38,159.08252916666677,228.677,79.112,129.38,155.906,140.8,156.37,154.85,90.218,32.712,195.434,83.158
2003-10-31 21:45:00,146.408,45.66,176.233,104.58,1134.82,321.323,77.499,168.24,70.188,126.09,159.01157124999997,227.636,78.279,129.4,154.858,141.864,156.088,154.874,89.754,32.856,195.906,86.346
2003-10-31 21:50:00,148.494,46.183,179.9,106.71,1135.2,325.577,77.57844375000006,168.314,70.158,126.577,159.3254608333334,225.333,77.387,128.5,156.124,139.792,156.586,157.33,90.316,32.674,195.39,85.729
2003-10-31 21:55:00,147.848,45.987,177.033,105.867,1129.9,324.86,76.99235666666668,166.97,71.522,126.923,159.4024991666667,227.332,78.791,126.56,155.47,139.006,154.028,154.558,90.134,32.98,196.766,84.374
2003-10-31 22:00:00,147.152,47.83,176.1,107.193,1137.92,323.033,77.862,166.984,72.066,126.28,159.63894833333327,227.339,78.549,130.16,155.134,139.882,154.106,153.746,90.786,33.042,196.782,83.703
2003-10-31 22:05:00,149.432,46.61,178.4,107.46,1127.12,326.183,77.64734666666668,172.498,70.952,124.127,159.59364000000002,225.885,78.211,126.58,154.842,140.366,154.906,159.542,89.152,32.64,195.652,84.906
2003-10-31 22:10:00,147.276,46.89,178.467,106.233,1128.9,325.66,77.63152291666673,169.034,71.61,125.537,159.47468749999996,226.852,78.791,125.74,154.458,140.93,155.218,155.308,89.556,33.116,197.504,85.094
2003-10-31 22:15:00,147.878,47.853,179.067,106.36,1127.14,323.766,78.026,168.818,72.108,127.43,159.48138166666666,225.859,77.51,129.84,153.458,140.138,154.288,157.1,89.262,33.058,197.614,83.948
