ESOI    ATHN    MXCO    ROME    AATB    LMKS    DRBS    MOSC    NEWK    KIEL    KERG    CALG    OULU    APTY    FSMT    INVK    NAIN    PWNK    THUL    SOPB    SOPO    TERA
2003-10-30 11:15:00;147.674; 46.030;175.133;105.160;1120.500;322.157; 80.445;168.042; 73.486;126.390;158.454;227.957; 79.443;128.460;155.196;139.172;156.062;157.608; 90.592; 34.250;205.486; 83.917
2003-10-30 11:20:00;147.804; 46.173;176.900;104.920;1121.060;324.273;   null;167.098; 72.968;125.467;160.811;227.845; 77.013;127.040;155.682;141.702;154.266;158.072; 89.524; 34.870;204.942; 83.595
2003-10-30 11:25:00;146.246; 46.253;177.900;105.640;1128.800;324.757;   null;166.508; 72.100;126.703;159.709;227.109; 79.004;126.580;158.080;140.958;157.754;157.344; 89.486; 35.210;203.340; 82.654
2003-10-30 11:30:00;148.620; 45.250;178.167;106.653;1116.620;322.613; 81.478;168.062; 72.064;125.443;160.906;227.275; 79.010;128.580;154.790;139.608;156.022;158.188; 90.478; 34.008;205.620; 82.340
2003-10-30 11:35:00;147.470; 45.260;175.100;106.493;1128.620;323.103;   null;165.058; 71.830;126.710;162.198;226.977; 80.262;127.520;157.700;140.700;157.178;159.092; 89.532; 34.558;204.012; 81.802
2003-10-30 11:40:00;144.624; 47.223;178.933;105.440;1116.740;319.980;   null;164.124; 71.796;125.810;159.567;228.040; 78.196;127.240;157.598;140.062;157.308;155.002; 90.458; 34.352;203.058; 83.668
2003-10-30 11:45:00;147.658; 46.613;178.533;106.283;1122.000;321.733; 82.477;167.970; 73.154;126.333;161.448;232.142; 76.761;127.000;157.110;141.872;154.802;158.210; 90.424; 34.870;204.524; 85.565
2003-10-30 11:50:00;147.170; 46.197;175.867;106.950;1119.840;324.950;   null;165.592; 70.646;126.017;160.107;230.571; 77.689;127.280;157.620;139.542;156.904;157.034; 90.236; 34.300;204.494; 83.571
2003-10-30 11:55:00;146.812; 46.997;175.833;105.293;1117.420;324.470;   null;165.134; 73.818;124.777;161.225;227.537; 77.604;127.540;155.608;140.496;155.102;157.376; 89.338; 34.524;201.860; 82.035
2003-10-30 12:00:00;146.108; 46.193;177.833;105.330;1111.260;323.583; 82.303;165.570; 72.398;125.720;160.924;231.394; 79.463;128.800;157.606;138.690;156.094;159.234; 90.892; 34.150;202.328; 85.783
2003-10-30 12:05:00;144.892; 45.423;175.800;106.690;1115.540;321.750;   null;166.628; 72.788;126.753;162.075;226.970; 79.201;126.940;156.132;137.736;157.000;158.022; 90.118; 34.358;202.852; 83.603
2003-10-30 12:10:00;147.406; 45.983;179.567;104.967;1124.300;326.077;   null;166.858; 71.598;125.920;161.774;229.352; 79.987;127.140;156.330;140.248;155.872;158.516; 91.168; 34.758;202.620; 83.732
2003-10-30 12:15:00;144.624; 45.390;176.700;106.377;1109.200;323.900; 81.479;169.312; 72.010;126.897;159.718;228.153; 77.649;127.240;157.118;139.058;156.058;157.086; 89.502; 35.012;200.664; 84.931
2003-10-30 12:20:00;147.632; 45.910;178.233;106.523;1118.700;323.277;   null;166.400; 72.052;126.930;159.830;228.789; 80.047;128.280;157.364;142.046;156.328;157.608; 90.664; 34.702;203.550; 84.022
2003-10-30 12:25:00;146.816; 45.463;178.733;107.640;1123.960;322.323;   null;168.680; 72.744;126.950;160.836;228.491; 78.685;126.540;156.154;141.254;157.216;157.930; 90.424; 34.722;202.150; 83.080
2003-10-30 12:30:00;146.964; 46.213;176.800;105.070;1121.960;323.813; 81.976;166.858; 72.840;126.353;161.997;228.728; 79.355;128.340;156.792;139.838;155.302;157.348; 90.684; 34.750;203.562; 83.611
2003-10-30 12:35:00;146.266; 47.623;180.433;106.277;1119.120;325.407;   null;167.300; 71.790;128.363;163.235;229.520; 78.693;127.860;158.342;141.488;157.434;158.246; 90.248; 34.336;201.622; 86.201
2003-10-30 12:40:00;145.714; 45.263;180.000;105.743;1117.440;326.070;   null;169.210; 72.754;124.830;160.203;227.263; 78.750;127.400;158.862;139.930;155.428;158.038; 90.918; 34.522;203.756; 84.658
2003-10-30 12:45:00;148.264; 46.040;178.700;106.973;1117.440;326.070; 82.137;170.274; 71.096;127.353;162.022;226.513; 78.171;128.420;157.960;138.340;154.726;158.076; 89.328; 34.392;202.512; 85.244
2003-10-30 12:50:00;149.392; 46.757;178.000;106.760;1117.020;323.820;   null;167.036; 71.272;125.677;161.483;229.535; 78.633;128.320;157.110;142.176;155.550;159.514; 89.020; 33.998;203.654; 84.398
2003-10-30 12:55:00;146.262; 46.530;179.500;105.610;1120.420;324.680;   null;169.588; 71.676;127.347;161.662;230.982; 80.397;127.900;158.684;139.690;155.150;160.022; 90.094; 34.610;204.014; 84.013
2003-10-30 13:00:00;146.270; 46.397;177.567;105.513;1122.480;324.980; 81.601;167.702; 72.380;126.464;162.514;228.315; 79.088;128.460;158.136;140.778;154.412;159.672; 90.788; 34.566;203.508; 84.793
2003-10-30 13:05:00;145.480; 46.680;179.000;105.130;1126.520;323.353;   null;165.496; 72.788;126.090;159.620;230.060; 79.341;128.000;158.896;140.184;156.874;159.620; 89.338; 34.228;200.620; 84.030
2003-10-30 13:10:00;148.476; 45.370;177.800;106.830;1120.020;324.213;   null;168.254; 72.086;127.660;160.036;229.063; 77.984;127.500;158.338;141.378;156.378;159.594; 90.790; 34.708;202.672; 84.150
2003-10-30 13:15:00;145.024; 46.307;181.067;107.453;1117.900;326.756; 82.285;169.088; 72.786;126.800;160.596;232.184; 78.845;127.880;159.318;139.722;156.218;158.606; 91.020; 34.702;204.198; 85.667
2003-10-30 13:20:00;145.518; 47.250;179.933;107.463;1113.180;326.667;   null;167.604; 73.350;126.537;160.593;230.793; 80.020;128.440;158.366;141.558;157.292;158.520; 90.806; 33.680;204.158; 83.867
2003-10-30 13:25:00;147.268; 46.147;180.133;106.120;1117.720;327.697;   null;168.796; 71.342;128.833;160.696;231.020; 77.861;129.220;159.112;137.956;155.966;158.926; 89.732; 34.770;203.534; 84.214
2003-10-30 13:30:00;146.852; 46.713;179.900;106.423;1124.600;326.913; 81.516;168.502; 71.608;127.107;161.324;232.221; 80.830;127.040;157.290;140.422;156.914;158.946; 90.332; 34.422;202.772; 85.993
2003-10-30 13:35:00;146.606; 47.913;178.767;105.610;1121.140;327.267;   null;167.462; 74.394;126.140;160.424;231.620; 80.207;127.480;159.356;141.888;156.680;159.860; 90.432; 34.606;200.936; 84.754
2003-10-30 13:40:00;147.084; 45.897;178.033;107.310;1117.760;328.887;   null;168.824; 73.982;128.020;161.892;231.827; 80.499;128.380;157.190;141.040;156.410;158.792; 89.762; 34.526;205.054; 84.642
2003-10-30 13:45:00;147.370; 46.800;180.233;107.000;1122.160;324.577; 81.784;169.320; 72.172;125.363;162.360;232.261; 79.374;126.920;156.478;141.748;154.676;156.740; 89.864; 34.646;202.048; 83.626
2003-10-30 13:50:00;146.194; 46.657;178.333;106.623;1120.160;329.057;   null;167.336; 71.638;127.400;160.640;230.979; 79.328;129.000;158.458;139.030;156.032;159.282; 89.704; 34.754;206.034; 84.972
2003-10-30 13:55:00;147.088; 46.173;180.067;106.213;1120.340;325.490;   null;168.058; 73.514;128.153;162.118;232.674; 78.357;127.900;158.032;141.310;158.256;161.138; 90.834; 34.228;202.312; 85.134
2003-10-30 14:00:00;148.148; 46.797;178.267;106.750;1116.140;324.710; 82.271;168.780; 72.192;126.720;161.344;233.352; 79.384;129.760;160.396;142.614;156.012;160.160; 90.794; 34.642;204.090; 83.148
2003-10-30 14:05:00;149.610; 45.570;180.100;107.287;1121.860;324.793;   null;168.086; 72.442;128.197;161.526;232.881; 78.928;129.140;159.486;140.882;156.408;160.966; 90.574; 34.488;204.996; 84.290
2003-10-30 14:10:00;147.196; 46.413;177.567;107.593;1118.700;324.073;   null;167.258; 73.214;128.870;159.596;231.807; 78.874;128.340;158.758;139.888;156.792;159.808; 90.912; 35.202;202.858; 84.453
2003-10-30 14:15:00;146.516; 45.317;177.300;107.343;1125.220;326.410; 82.558;167.710; 72.670;127.550;161.628;231.656; 80.218;130.260;158.800;141.362;157.942;162.724; 91.252; 35.054;204.588; 83.659
2003-10-30 14:20:00;147.578; 46.287;179.167;106.557;1124.960;327.113;   null;168.372; 74.328;125.803;162.564;231.881; 79.349;128.040;160.872;140.354;157.760;160.518; 90.784; 34.770;205.332; 83.877
2003-10-30 14:25:00;146.370; 46.707;179.267;107.557;1115.280;326.610;   null;169.168; 73.130;128.740;160.544;233.353; 79.339;128.720;159.192;141.030;156.580;159.844; 91.388; 34.622;205.370; 85.415
2003-10-30 14:30:00;144.890; 45.970;178.633;106.293;1123.720;329.783; 81.710;169.446; 71.814;127.820;161.674;231.352; 79.864;128.840;159.222;141.466;156.624;160.162; 90.456; 34.312;202.688; 84.598
2003-10-30 14:35:00;146.180; 47.023;179.067;107.477;1125.860;327.183;   null;165.944; 73.386;128.537;163.030;229.582; 79.372;129.080;159.948;141.074;154.952;160.594; 91.272; 34.684;202.890; 84.508
2003-10-30 14:40:00;146.842; 44.030;180.067;106.203;1118.020;329.790;   null;167.932; 73.180;125.464;161.141;228.790; 79.799;128.000;158.462;141.384;155.254;158.582; 90.522; 34.372;203.598; 85.470
2003-10-30 14:45:00;147.364; 46.390;178.600;107.947;1122.400;326.427; 82.073;168.934; 74.304;130.867;162.028;234.148; 79.701;126.540;159.174;141.708;156.966;160.686; 90.846; 34.334;204.194; 85.204
2003-10-30 14:50:00;147.452; 45.513;178.467;106.737;1127.880;327.147;   null;166.460; 72.582;128.280;162.060;229.863; 78.837;126.880;160.014;143.752;157.164;159.104; 91.434; 34.500;201.796; 84.319
2003-10-30 14:55:00;146.736; 46.277;180.300;104.573;1119.000;329.033;   null;169.674; 72.220;126.723;161.755;234.430; 78.337;129.440;162.248;142.018;156.904;159.704; 90.830; 34.850;204.372; 83.314
2003-10-30 15:00:00;147.448; 44.997;181.133;106.220;1132.020;325.864; 82.048;169.176; 73.390;126.580;162.685;232.882; 80.395;127.580;160.406;143.440;158.320;160.158; 90.386; 34.286;204.316; 83.748
2003-10-30 15:05:00;147.170; 45.847;180.733;106.917;1130.560;326.206;   null;166.754; 74.046;126.317;162.603;230.820; 78.934;127.300;158.696;141.168;155.344;159.734; 90.850; 34.520;204.598; 84.908
2003-10-30 15:10:00;148.206; 45.053;181.533;107.033;1122.780;323.857;   null;167.982; 72.692;127.610;160.936;231.935; 77.732;128.980;161.056;143.144;157.042;161.338; 90.634; 34.094;202.738; 83.354
2003-10-30 15:15:00;146.052; 46.273;178.100;107.723;1121.320;329.577; 81.572;168.234; 73.236;126.583;161.825;232.751; 79.627;127.880;160.784;142.100;157.320;158.972; 91.618; 34.070;204.558; 83.957
2003-10-30 15:20:00;148.722; 46.020;178.667;106.200;1127.880;325.513;   null;168.812; 72.976;127.577;160.106;233.847; 79.646;127.800;159.576;142.190;156.150;157.518; 91.190; 34.386;204.686; 83.475
2003-10-30 15:25:00;147.268; 46.460;178.433;106.933;1126.500;328.270;   null;168.718; 74.306;129.647;162.315;233.166; 78.548;128.040;159.264;142.118;157.886;162.038; 91.606; 34.322;205.496; 84.816
2003-10-30 15:30:00;148.562; 47.573;182.100;107.627;1124.800;329.110; 81.946;168.568; 74.002;127.660;161.362;232.636; 78.743;126.980;158.090;143.762;156.352;161.134; 91.088; 35.526;202.934; 84.816
2003-10-30 15:35:00;147.284; 46.320;179.300;107.647;1131.220;326.247;   null;168.882; 73.838;127.313;164.331;233.847; 78.730;128.360;161.380;142.014;154.718;158.780; 90.624; 34.162;202.926; 85.339
2003-10-30 15:40:00;148.312; 47.553;180.267;108.713;1131.160;327.940;   null;167.042; 72.448;127.907;163.258;233.526; 78.227;129.460;160.768;140.076;156.518;158.726; 90.864; 34.146;203.502; 84.347
2003-10-30 15:45:00;147.758; 46.350;180.733;106.527;1124.480;329.593; 82.384;168.372; 72.454;125.717;162.817;233.867; 77.753;129.160;159.404;141.672;155.338;158.042; 92.482; 34.376;204.326; 86.389
2003-10-30 15:50:00;149.168; 45.040;182.300;106.110;1127.380;327.553;   null;167.918; 73.506;128.967;160.759;230.118; 78.351;127.280;159.352;142.822;156.660;161.504; 91.090; 34.198;204.184; 84.220
2003-10-30 15:55:00;146.966; 46.453;179.000;107.117;1126.100;327.143;   null;166.340; 73.122;125.360;161.179;231.103; 78.934;129.060;159.502;142.874;156.224;158.864; 90.418; 34.408;201.954; 86.480
2003-10-30 16:00:00;146.270; 45.880;181.300;106.137;1124.980;327.717; 81.380;168.374; 73.006;128.163;160.516;229.912; 81.090;126.320;160.094;144.384;156.236;158.846; 91.292; 33.624;203.236; 84.888
2003-10-30 16:05:00;147.508; 46.363;181.733;105.940;1123.600;328.813;   null;166.042; 73.726;129.003;164.063;232.674; 80.530;128.220;159.224;143.710;154.436;159.710; 91.246; 34.040;204.846; 85.243
2003-10-30 16:10:00;148.436; 45.933;180.267;105.487;1127.040;326.263;   null;169.050; 73.482;127.626;160.902;232.483; 78.309;127.100;159.054;141.926;155.526;160.328; 92.284; 34.220;201.372; 84.013
2003-10-30 16:15:00;148.022; 46.463;178.833;105.990;1129.200;328.200; 81.066;166.812; 73.348;125.473;161.714;230.362; 78.328;127.820;160.064;142.218;157.258;159.900; 92.038; 34.414;202.982; 84.255
2003-10-30 16:20:00;145.922; 46.693;179.433;106.430;1127.060;325.217;   null;167.146; 73.204;128.250;163.083;228.317; 78.464;128.000;157.766;142.580;157.630;159.890; 92.152; 34.382;202.160; 84.713
2003-10-30 16:25:00;146.532; 46.657;180.733;107.000;1132.660;324.797;   null;167.098; 72.090;127.603;161.508;231.444; 79.204;128.020;159.818;142.154;156.610;158.586; 91.294; 34.330;203.704; 84.938
2003-10-30 16:30:00;147.116; 46.167;181.733;106.033;1126.060;323.450; 81.388;166.826; 72.330;125.837;164.101;229.794; 77.852;129.060;158.188;144.384;154.214;159.144; 90.510; 34.704;205.078; 84.802
2003-10-30 16:35:00;145.346; 47.127;178.267;105.290;1132.640;328.503;   null;170.218; 72.298;127.697;162.741;229.854; 79.609;127.760;158.136;141.828;154.332;158.682; 92.094; 34.546;204.288; 85.332
2003-10-30 16:40:00;147.704; 46.243;180.833;107.113;1126.720;329.030;   null;168.218; 74.140;128.037;162.239;231.406; 80.424;128.260;158.608;140.818;155.380;156.936; 91.644; 34.422;204.164; 83.712
2003-10-30 16:45:00;147.112; 45.867;179.400;105.997;1117.740;327.517; 81.815;167.708; 72.736;126.883;164.523;231.385; 78.390;128.620;157.610;143.288;154.832;157.798; 92.344; 34.614;204.136; 85.583
2003-10-30 16:50:00;145.116; 46.843;182.800;105.883;1122.340;328.077;   null;169.074; 75.204;125.977;163.362;231.860; 78.169;128.360;158.976;143.038;156.062;159.952; 91.904; 34.824;205.606; 84.580
2003-10-30 16:55:00;145.708; 44.470;180.733;107.507;1125.440;325.773;   null;166.074; 72.978;128.917;164.387;229.058; 80.264;129.120;160.610;142.154;155.774;158.982; 92.346; 34.856;202.562; 85.412
2003-10-30 17:00:00;146.176; 45.900;180.433;106.453;1124.920;325.400; 81.639;169.128; 73.350;129.586;162.319;225.917; 80.165;127.900;156.286;141.380;156.658;157.034; 89.762; 35.016;203.316; 85.358
2003-10-30 17:05:00;145.228; 46.740;180.267;106.197;1126.740;329.847;   null;168.184; 72.622;127.050;160.921;226.294; 77.711;128.300;156.662;139.670;155.230;159.006; 90.704; 35.012;205.528; 84.665
2003-10-30 17:10:00;145.656; 46.327;184.067;104.340;1122.860;326.403;   null;169.122; 72.512;127.317;161.243;227.633; 79.665;128.200;157.084;141.162;156.100;156.498; 91.044; 34.182;204.276; 85.427
2003-10-30 17:15:00;147.548; 46.160;178.367;106.253;1121.580;326.780; 81.439;166.568; 72.658;124.623;161.492;227.749; 79.682;129.340;155.326;141.716;156.016;156.288; 91.354; 34.054;202.758; 85.951
2003-10-30 17:20:00;146.030; 47.417;176.767;106.923;1129.100;328.500;   null;168.840; 73.384;127.147;161.900;227.256; 80.390;128.300;156.232;141.732;154.238;158.368; 91.638; 34.920;205.870; 85.813
2003-10-30 17:25:00;146.216; 45.387;181.333;105.970;1121.580;329.646;   null;169.120; 73.128;127.187;161.900;227.786; 78.103;129.440;157.058;140.746;156.056;160.170; 89.556; 33.872;205.716; 86.407
2003-10-30 17:30:00;145.714; 46.380;181.000;107.833;1131.260;326.793; 80.426;166.536; 72.316;126.407;161.900;226.422; 78.487;128.280;158.632;140.984;157.224;161.700; 91.442; 34.704;206.588; 85.377
2003-10-30 17:35:00;148.388; 46.070;181.167;107.267;1131.980;326.726;   null;168.378; 72.890;126.260;162.881;230.514; 79.840;126.200;158.068;141.954;154.990;160.768; 91.014; 34.948;206.462; 84.901
2003-10-30 17:40:00;147.062; 45.130;180.467;106.880;1134.020;324.637;   null;166.676; 73.142;124.863;159.421;225.475; 78.301;126.960;155.272;142.278;158.098;157.344; 90.758; 34.044;205.466; 85.437
2003-10-30 17:45:00;146.366; 46.313;180.300;104.760;1128.860;325.010; 80.214;166.646; 72.548;125.713;161.950;228.392; 78.663;127.980;156.692;140.598;154.514;159.352; 90.272; 34.202;204.994; 85.873
2003-10-30 17:50:00;146.654; 46.787;179.467;106.190;1123.900;324.447;   null;166.242; 71.738;126.303;161.293;228.316; 79.168;126.120;152.324;137.528;153.760;160.374; 91.542; 34.938;202.262; 84.907
2003-10-30 17:55:00;146.506; 47.817;179.067;105.647;1126.680;324.533;   null;167.740; 73.568;125.890;161.585;224.162; 79.405;127.120;157.750;137.048;155.984;159.566; 89.925; 34.382;201.560; 84.279
2003-10-30 18:00:00;145.416; 45.257;179.533;107.313;1124.780;326.403; 80.301;165.468; 73.486;127.330;160.364;224.263; 78.663;127.780;155.892;138.566;153.332;159.116; 91.860; 34.834;203.758; 84.898
2003-10-30 18:05:00;145.456; 44.157;178.567;107.167;1120.740;325.507;   null;165.860; 73.958;125.360;161.464;223.619; 78.471;126.780;155.544;137.312;156.240;157.932; 89.028; 33.816;202.712; 83.893
2003-10-30 18:10:00;147.106; 46.163;178.800;104.973;1109.220;325.803;   null;168.040; 73.972;125.970;161.583;227.194; 78.105;128.080;153.434;137.042;156.406;156.476; 90.560; 34.294;205.056; 85.106
2003-10-30 18:15:00;147.258; 46.120;179.100;106.733;1115.660;323.980; 80.115;168.424; 73.094;127.820;161.527;226.625; 78.973;126.840;154.430;136.572;155.886;159.016; 91.886; 34.556;203.396; 83.313
2003-10-30 18:20:00;146.222; 48.140;179.967;106.410;1116.820;325.797;   null;168.780; 72.454;127.787;161.590;225.324; 78.291;126.920;154.518;139.328;153.130;158.458; 91.690; 35.032;203.132; 84.564
2003-10-30 18:25:00;144.842; 47.457;178.533;105.273;1102.400;322.083;   null;167.358; 72.768;127.403;163.291;225.488; 77.977;127.060;153.860;136.368;155.072;155.140; 90.110; 35.098;204.684; 85.123
2003-10-30 18:30:00;143.974; 45.070;178.900;105.913;1111.660;323.247; 79.660;167.838; 72.138;126.693;159.981;225.968; 79.586;128.220;153.686;136.940;151.414;155.926; 88.050; 34.372;203.640; 84.797
2003-10-30 18:35:00;145.706; 45.283;180.333;104.477;1106.660;323.820;   null;168.784; 73.360;126.144;162.577;226.018; 79.803;125.860;154.884;137.752;154.838;155.272; 88.854; 33.908;206.556; 84.777
2003-10-30 18:40:00;147.212; 45.810;179.200;105.570;1100.400;324.067;   null;166.550; 73.764;126.166;161.282;225.840; 77.647;127.080;153.100;137.746;153.534;154.894; 87.734; 34.374;203.544; 83.817
2003-10-30 18:45:00;144.940; 46.643;178.533;103.873;1094.200;324.460; 79.604;167.920; 71.640;125.273;161.133;226.332; 77.704;125.420;152.704;137.778;152.230;156.342; 87.930; 34.150;203.726; 84.256
2003-10-30 18:50:00;145.258; 45.963;177.767;104.857;1101.560;324.740;   null;167.624; 72.992;126.023;161.027;224.894; 76.342;126.380;156.160;136.080;153.414;154.400; 88.840; 34.306;203.652; 84.906
2003-10-30 18:55:00;144.718; 46.280;179.033;104.170;1097.400;321.760;   null;166.248; 73.642;124.877;160.555;227.884; 77.846;125.060;156.828;139.658;151.164;155.824; 87.782; 34.264;205.002; 85.375
2003-10-30 19:00:00;145.196; 47.003;179.033;104.160;1110.480;325.874; 79.591;166.648; 72.576;124.083;161.038;227.378; 77.030;124.880;156.396;138.176;150.968;154.838; 90.192; 34.218;201.450; 85.263
2003-10-30 19:05:00;146.046; 45.380;180.433;105.337;1115.220;323.493;   null;165.628; 71.664;126.340;161.930;231.124; 77.335;126.320;156.396;137.858;152.308;156.276; 89.114; 34.782;201.910; 84.271
2003-10-30 19:10:00;146.026; 47.590;182.733;105.690;1111.560;325.533;   null;163.866; 72.344;126.183;160.856;228.762; 78.055;126.200;156.856;138.264;150.198;156.682; 89.562; 34.458;204.970; 85.406
2003-10-30 19:15:00;145.958; 46.233;182.567;106.640;1122.760;325.893; 79.977;166.934; 71.992;127.160;160.708;226.102; 77.182;126.140;155.366;138.512;151.970;157.188; 89.316; 34.402;202.472; 84.635
2003-10-30 19:20:00;144.792; 46.607;180.767;104.423;1112.940;327.613;   null;166.746; 71.004;124.913;161.878;229.787; 77.276;126.320;157.204;139.728;149.340;157.028; 89.602; 33.734;203.074; 83.633
2003-10-30 19:25:00;145.896; 46.337;178.900;104.763;1115.760;326.690;   null;165.942; 72.518;124.157;160.834;231.201; 76.822;127.500;158.114;140.398;150.476;155.988; 88.334; 33.670;201.370; 84.408
2003-10-30 19:30:00;147.180; 46.433;177.900;104.907;1127.200;322.813; 78.735;167.172; 70.744;123.360;159.758;228.337; 76.529;123.920;156.856;139.588;151.530;159.434; 88.242; 33.086;197.722; 84.043
2003-10-30 19:35:00;147.612; 45.720;179.233;106.420;1127.760;322.793;   null;164.878; 70.232;125.020;158.277;231.259; 75.702;124.040;158.458;139.596;152.466;158.456; 89.736; 32.862;197.018; 84.749
2003-10-30 19:40:00;147.664; 46.120;179.500;103.443;1122.060;321.470;   null;161.954; 70.664;125.013;157.296;232.034; 76.537;124.880;160.462;138.124;148.030;156.080; 90.002; 33.136;194.546; 84.223
2003-10-30 19:45:00;147.472; 45.923;180.233;104.083;1121.300;317.157; 77.191;162.180; 69.694;124.897;157.476;225.169; 77.678;125.040;155.880;137.616;149.254;156.076; 89.372; 32.230;193.400; 82.031
2003-10-30 19:50:00;147.150; 46.267;182.100;103.747;1106.820;315.090;   null;163.604; 71.430;124.893;156.715;231.223; 77.016;124.220;156.546;141.044;150.006;158.282; 86.902; 33.004;193.664; 82.686
2003-10-30 19:55:00;146.418; 45.243;184.067;105.677;1110.580;316.343;   null;160.174; 70.882;121.363;155.867;232.844; 76.197;123.600;158.542;137.846;149.186;159.652; 89.496; 32.860;198.006; 84.140
2003-10-30 20:00:00;146.292; 46.430;181.267;105.907;1109.640;320.070; 78.555;166.100; 70.698;123.830;156.672;234.163; 75.989;124.500;159.332;139.546;148.252;159.042; 89.518; 33.502;197.648; 82.053
2003-10-30 20:05:00;144.694; 46.130;180.000;106.203;1118.740;321.633;   null;163.646; 70.596;123.357;158.065;230.415; 76.442;125.380;156.220;140.478;149.524;158.374; 89.062; 33.042;194.718; 82.440
2003-10-30 20:10:00;146.882; 45.500;178.000;106.137;1120.200;319.540;   null;162.700; 70.822;125.183;156.218;230.980; 77.428;126.000;158.674;138.184;148.504;156.752; 89.362; 32.646;194.642; 83.467
2003-10-30 20:15:00;147.824; 45.710;179.200;105.903;1114.640;320.317; 77.410;163.454; 68.484;124.343;160.454;225.994; 77.153;123.680;159.138;139.712;150.418;155.948; 87.230; 31.926;193.248; 82.749
2003-10-30 20:20:00;145.268; 45.177;178.367;105.467;1119.040;319.003;   null;165.712; 70.042;125.303;156.367;228.799; 77.611;125.880;157.350;140.100;147.804;154.826; 89.098; 32.696;194.712; 82.064
2003-10-30 20:25:00;145.390; 44.690;178.500;104.240;1109.000;317.497;   null;162.266; 70.238;122.260;156.665;228.670; 75.342;123.680;158.026;139.724;147.682;156.674; 88.960; 32.618;194.692; 81.595
2003-10-30 20:30:00;147.066; 45.720;178.167;104.223;1108.700;314.123; 75.963;161.364; 69.180;123.190;156.149;228.348; 75.827;123.240;156.192;139.056;150.746;154.716; 88.268; 32.106;193.510; 83.009
2003-10-30 20:35:00;144.840; 44.613;177.400;103.760;1106.180;311.517;   null;159.280; 70.928;119.637;153.191;228.594; 75.224;122.520;158.234;139.876;148.528;155.180; 86.958; 31.730;195.108; 84.140
2003-10-30 20:40:00;146.748; 45.733;176.433;103.127;1107.200;312.630;   null;162.472; 69.666;122.370;155.012;227.543; 74.475;123.560;157.998;140.304;145.096;154.946; 87.264; 31.826;192.792; 83.162
2003-10-30 20:45:00;144.490; 45.640;179.733;104.603;1110.380;314.423; 75.907;160.478; 68.444;121.843;156.691;228.896; 74.161;121.000;155.000;138.342;147.242;155.736; 86.688; 32.506;192.378; 82.766
2003-10-30 20:50:00;146.582; 45.867;176.200;104.133;1114.600;313.863;   null;158.634; 69.274;121.157;154.261;225.514; 74.790;121.740;157.772;140.914;146.190;154.240; 87.632; 31.694;190.860; 81.748
2003-10-30 20:55:00;148.890; 46.470;178.333;103.730;1114.160;312.710;   null;160.532; 70.760;123.403;155.135;227.017; 75.712;122.060;156.332;138.784;148.066;154.266; 87.272; 32.670;194.368; 82.523
2003-10-30 21:00:00;146.636; 45.547;177.667;104.757;1119.500;314.870; 76.156;161.806; 69.314;120.026;156.659;226.792; 75.895;122.800;158.072;139.156;146.848;152.294; 87.638; 32.612;193.586; 81.628
2003-10-30 21:05:00;148.368; 45.057;179.300;104.643;1114.640;311.573;   null;160.040; 71.476;121.880;155.296;226.700; 75.441;122.820;156.356;138.440;148.614;154.218; 88.054; 32.716;193.386; 82.886
2003-10-30 21:10:00;146.360; 45.673;178.567;104.087;1123.660;314.830;   null;160.286; 69.560;120.193;156.683;226.700; 75.042;122.380;157.300;139.504;148.222;155.732; 87.602; 31.924;193.204; 82.450
2003-10-30 21:15:00;147.328; 45.587;179.700;105.070;1117.620;316.980; 76.044;162.232; 70.614;122.717;155.459;228.391; 76.143;120.760;156.240;139.174;147.672;153.798; 87.926; 32.962;193.164; 85.116
2003-10-30 21:20:00;146.508; 45.837;178.733;104.520;1119.340;313.193;   null;161.692; 69.836;121.883;155.848;227.361; 75.911;121.800;157.000;137.732;146.958;154.684; 88.254; 32.824;191.174; 81.626
2003-10-30 21:25:00;146.848; 47.527;179.200;103.423;1114.580;316.330;   null;162.172; 69.308;124.813;154.502;225.715; 74.517;122.860;155.792;138.538;147.320;154.502; 88.006; 32.854;193.108; 81.649
2003-10-30 21:30:00;147.852; 46.507;179.233;103.237;1114.840;317.820; 75.745;161.346; 70.508;122.710;156.926;226.731; 76.077;124.040;155.798;138.732;147.966;154.356; 88.648; 32.700;194.692; 81.172
2003-10-30 21:35:00;148.002; 45.593;179.767;105.817;1125.120;317.503;   null;160.998; 69.988;121.647;156.358;223.484; 76.063;123.320;155.010;140.444;148.242;152.338; 87.436; 32.290;196.022; 83.022
2003-10-30 21:40:00;145.884; 47.520;180.767;105.683;1131.740;319.393;   null;164.854; 69.448;122.140;158.216;224.748; 76.188;123.100;154.984;138.982;148.508;153.406; 87.548; 32.578;197.660; 84.442
2003-10-30 21:45:00;146.658; 45.260;178.867;107.553;1125.700;319.057; 75.150;164.160; 69.750;123.750;157.509;225.777; 74.626;124.640;156.076;138.308;147.906;153.830; 86.620; 32.160;194.820; 82.246
2003-10-30 21:50:00;148.578; 47.520;179.667;106.287;1134.840;320.127;   null;161.188; 70.558;121.847;155.872;222.957; 76.233;122.420;152.998;138.000;149.034;154.904; 87.306; 32.652;194.316; 82.338
2003-10-30 21:55:00;149.408; 46.990;177.300;106.930;1136.860;317.013;   null;162.280; 69.664;123.927;158.225;226.656; 76.843;123.040;153.786;138.000;148.146;154.228; 87.470; 32.320;194.064; 82.638
2003-10-30 22:00:00;147.560; 45.947;178.267;105.850;1136.920;318.380; 76.260;163.590; 70.042;122.740;156.104;223.510; 77.201;123.800;154.136;137.534;147.882;152.756; 88.326; 31.744;192.222; 83.114
2003-10-30 22:05:00;149.360; 45.870;180.200;105.160;1133.160;316.787;   null;161.378; 70.712;123.017;156.230;226.957; 74.808;123.200;154.828;138.644;147.490;153.400; 88.518; 32.418;194.236; 83.713
2003-10-30 22:10:00;148.686; 46.717;178.867;105.570;1134.260;317.280;   null;162.836; 70.652;122.637;158.377;227.596; 77.475;124.240;154.832;138.342;148.204;154.096; 87.328; 32.348;194.072; 82.693
2003-10-30 22:15:00;149.030; 45.740;179.100;105.247;1135.880;321.827; 74.364;161.706; 69.696;123.520;156.151;224.274; 76.675;122.840;157.036;138.116;148.856;151.954; 87.744; 32.052;193.406; 83.762
2003-10-30 22:20:00;149.430; 46.503;178.467;106.643;1137.180;319.633;   null;162.434; 69.836;120.427;158.051;226.791; 75.071;123.360;156.026;138.310;146.990;153.666; 88.294; 32.608;193.658; 82.272
2003-10-30 22:25:00;147.622; 46.153;178.600;106.297;1133.960;319.454;   null;163.658; 70.242;123.220;156.121;225.481; 76.259;124.360;153.592;140.186;150.038;154.044; 89.932; 32.814;193.778; 83.326
2003-10-30 22:30:00;148.054; 46.010;179.633;105.757;1138.520;323.427; 74.784;162.422; 70.018;123.247;157.389;226.987; 75.389;123.140;152.824;138.128;148.212;153.870; 88.256; 31.872;195.712; 83.386
2003-10-30 22:35:00;147.624; 48.010;178.033;105.537;1136.540;323.600;   null;162.808; 71.496;123.070;158.328;227.483; 75.961;125.660;155.372;137.878;147.812;153.768; 89.018; 32.700;195.194; 82.992
2003-10-30 22:40:00;150.022; 47.547;179.233;107.460;1140.720;320.377;   null;162.886; 70.426;122.547;161.983;226.746; 76.506;123.560;155.696;137.954;148.610;154.594; 87.638; 32.048;193.186; 83.911
2003-10-30 22:45:00;148.534; 46.397;178.933;105.547;1142.560;319.900; 75.547;164.212; 70.470;121.443;159.035;225.594; 76.856;123.740;154.818;137.632;148.856;154.446; 89.058; 32.256;195.286; 83.080
2003-10-30 22:50:00;149.008; 46.050;176.667;106.540;1139.820;321.007;   null;165.186; 69.736;122.603;160.554;222.356; 76.535;124.700;155.360;138.488;151.528;153.506; 89.654; 32.340;194.378; 83.728
2003-10-30 22:55:00;150.060; 48.507;177.900;106.317;1137.140;322.533;   null;165.038; 70.292;124.150;160.554;224.614; 76.101;125.180;155.052;136.142;150.418;155.490; 89.080; 32.044;195.174; 84.311
2003-10-30 23:00:00;147.782; 47.890;178.467;106.587;1144.180;325.730; 75.833;164.066; 70.576;123.370;160.554;225.405; 77.237;124.440;153.564;138.992;150.704;154.810; 88.906; 33.282;192.130; 82.139
2003-10-30 23:05:00;148.816; 47.650;176.567;105.393;1140.440;324.316;   null;163.270; 68.988;122.383;159.043;224.275; 76.372;123.560;153.758;138.344;147.776;153.920; 89.394; 32.030;195.324; 82.646
2003-10-30 23:10:00;149.164; 46.780;177.367;105.890;1137.720;321.970;   null;162.188; 69.332;124.213;158.561;227.001; 76.955;124.520;156.758;138.044;149.046;155.018; 87.766; 32.178;196.416; 83.531
2003-10-30 23:15:00;150.316; 46.913;177.733;105.810;1137.100;322.943; 75.816;164.980; 69.064;122.970;160.388;224.025; 77.729;125.600;154.144;140.246;148.474;153.040; 89.052; 32.712;193.188; 84.608
2003-10-30 23:20:00;148.422; 45.910;178.233;107.703;1133.780;320.453;   null;164.140; 70.928;122.973;158.961;225.645; 76.827;124.160;155.448;138.866;149.296;154.060; 88.432; 32.948;195.966; 83.990
2003-10-30 23:25:00;148.130; 47.377;176.300;107.437;1139.860;322.987;   null;165.664; 70.014;123.970;158.853;225.419; 77.452;125.180;155.960;138.792;148.862;152.920; 87.154; 32.138;196.166; 83.459
2003-10-30 23:30:00;148.402; 46.510;178.533;106.960;1145.640;320.683; 75.357;164.896; 69.458;123.940;159.345;225.480; 77.321;122.660;155.044;136.790;149.450;154.670; 89.240; 32.620;193.462; 83.281
2003-10-30 23:35:00;147.628; 46.297;178.667;106.693;1137.860;324.093;   null;163.136; 70.628;123.950;156.514;225.984; 75.576;124.000;155.264;139.558;148.208;152.398; 87.430; 32.398;195.168; 84.618
2003-10-30 23:40:00;146.700; 45.080;175.200;106.060;1139.660;321.987;   null;165.560; 69.476;124.197;160.297;225.029; 78.869;123.780;156.508;139.914;148.392;152.438; 89.626; 32.342;196.648; 82.252
2003-10-30 23:45:00;149.462; 45.720;177.833;107.173;1144.520;322.137; 74.928;162.662; 69.868;124.570;158.779;226.965; 78.232;123.560;154.172;140.196;148.292;152.544; 88.030; 32.214;196.450; 83.137
2003-10-30 23:50:00;147.588; 47.480;178.067;106.080;1143.540;326.163;   null;165.978; 70.092;122.743;157.933;223.371; 76.683;125.660;154.828;139.142;149.380;154.790; 89.614; 33.298;196.442; 85.260
2003-10-30 23:55:00;149.778; 47.753;177.033;106.597;1149.060;320.727;   null;164.640; 68.666;123.196;159.372;224.025; 76.616;124.480;152.682;137.482;149.232;152.716; 89.626; 32.726;196.068; 82.901
2003-10-31 00:00:00;149.164; 46.267;178.067;104.853;1137.940;325.057; 73.696;164.946; 70.478;123.863;   null;224.665; 77.444;125.000;153.496;135.322;148.662;151.626; 89.262; 32.920;194.668; 84.286
2003-10-31 00:05:00;148.128; 45.147;176.700;105.737;1136.580;323.107;   null;163.642; 69.696;124.363;   null;226.550; 76.781;124.660;154.124;138.614;150.026;156.148; 88.106; 32.676;195.418; 83.569
2003-10-31 00:10:00;149.636; 46.087;176.367;105.163;1137.900;322.337;   null;165.448; 69.390;124.107;   null;221.349; 76.403;124.840;154.210;139.122;149.398;154.420; 89.680; 32.536;193.242; 84.688
2003-10-31 00:15:00;147.668; 46.523;176.067;107.393;1131.080;321.193; 74.373;164.052; 69.830;121.783;   null;220.454; 77.830;125.700;152.254;137.634;147.258;153.206; 87.926; 32.316;195.860; 82.706
2003-10-31 00:20:00;146.816; 47.343;178.500;105.340;1134.960;321.923;   null;165.042; 70.948;122.854;   null;224.289; 77.532;124.720;156.294;138.230;148.854;152.752; 89.312; 32.374;196.084; 84.312
2003-10-31 00:25:00;149.584; 46.980;178.267;105.327;1136.500;322.803;   null;163.708; 70.024;125.007;   null;225.823; 77.635;124.540;152.860;137.288;150.422;153.818; 88.512; 31.912;195.266; 84.423
2003-10-31 00:30:00;148.014; 46.910;179.300;105.503;1134.140;323.247; 74.143;162.846; 70.142;125.110;   null;222.540; 76.266;123.280;154.096;140.774;150.900;155.068; 88.990; 32.572;195.882; 83.572
2003-10-31 00:35:00;148.238; 46.763;176.867;105.313;1132.480;321.500;   null;164.128; 70.362;125.587;   null;227.659; 77.099;127.340;152.782;137.960;149.880;153.406; 89.654; 33.004;193.766; 83.539
2003-10-31 00:40:00;147.664; 45.823;176.100;105.400;1135.740;322.367;   null;164.412; 70.352;124.773;   null;222.981; 78.049;123.960;153.720;139.026;149.230;151.418; 87.636; 32.584;197.188; 84.584
2003-10-31 00:45:00;146.320; 45.080;178.000;105.037;1138.280;321.280; 74.562;164.384; 69.044;124.027;   null;226.239; 79.052;125.480;155.638;138.834;150.344;155.334; 88.094; 32.608;195.370; 84.679
2003-10-31 00:50:00;145.414; 46.207;176.467;105.987;1136.680;318.717;   null;165.008; 70.220;124.880;   null;224.716; 78.042;126.260;154.810;137.890;149.798;154.288; 89.672; 32.930;194.960; 83.074
2003-10-31 00:55:00;147.548; 45.313;175.233;105.007;1127.320;321.213;   null;165.548; 69.180;123.907;   null;223.861; 76.672;124.240;156.054;138.980;148.608;154.698; 88.946; 31.854;193.324; 85.089
2003-10-31 01:00:00;148.788; 45.790;175.400;106.410;1138.180;322.853; 73.958;164.896; 69.918;125.227;   null;223.674; 76.337;125.520;153.896;137.348;150.912;152.666; 87.936; 32.468;194.372; 84.197
2003-10-31 01:05:00;147.144; 46.607;176.433;104.563;1130.320;321.917;   null;163.852; 71.072;122.863;   null;223.685; 77.199;124.840;154.434;138.946;151.346;151.604; 90.082; 32.830;195.654; 84.221
2003-10-31 01:10:00;148.752; 47.513;176.700;105.017;1126.440;321.477;   null;165.602; 70.472;123.563;   null;222.956; 77.721;123.980;154.152;138.636;149.220;154.618; 88.596; 32.578;195.226; 83.026
2003-10-31 01:15:00;147.190; 46.583;174.433;105.157;1128.640;322.187; 74.250;163.006; 71.072;124.140;   null;222.363; 79.039;125.200;152.654;139.714;149.568;154.954; 88.988; 32.232;194.712; 84.253
2003-10-31 01:20:00;146.746; 46.823;175.567;104.333;1125.960;321.247;   null;166.362; 70.372;123.230;   null;225.195; 77.230;126.920;154.256;139.054;149.448;153.140; 88.142; 32.354;193.662; 84.925
2003-10-31 01:25:00;146.530; 46.147;175.633;106.570;1132.220;321.273;   null;164.696; 70.296;125.100;   null;223.873; 78.107;125.760;152.894;138.196;150.204;152.670; 90.652; 32.306;195.168; 83.564
2003-10-31 01:30:00;145.286; 46.007;175.433;105.557;1127.540;319.763; 74.264;165.048; 71.682;122.373;   null;223.773; 76.037;126.000;154.318;138.182;150.592;153.396; 87.770; 33.496;196.414; 83.172
2003-10-31 01:35:00;145.716; 45.583;175.333;105.723;1131.540;321.657;   null;167.758; 69.270;123.743;   null;223.496; 77.141;126.020;153.244;137.792;150.622;154.706; 89.842; 33.542;197.166; 83.754
2003-10-31 01:40:00;146.256; 46.177;176.700;106.397;1126.660;322.733;   null;166.904; 70.494;125.690;   null;225.110; 76.939;125.780;154.930;138.126;150.550;155.624; 88.340; 32.336;195.904; 82.546
2003-10-31 01:45:00;146.300; 45.740;175.833;104.170;1124.860;320.790; 73.718;164.966; 71.016;124.590;   null;226.494; 79.498;125.800;154.446;139.396;148.328;155.006; 87.812; 33.062;197.128; 83.123
2003-10-31 01:50:00;146.326; 45.310;178.133;105.877;1131.820;319.257;   null;165.514; 71.004;123.947;   null;225.903; 78.931;126.020;155.140;139.976;149.962;154.290; 89.588; 32.466;194.966; 84.117
2003-10-31 01:55:00;148.594; 47.110;178.567;104.673;1124.480;320.853;   null;163.578; 69.856;123.960;   null;225.827; 77.010;124.520;154.840;137.906;150.380;153.564; 89.540; 32.642;198.486; 84.045
2003-10-31 02:00:00;146.198; 46.837;177.400;105.397;1124.740;320.887; 73.983;164.068; 70.520;124.346;   null;225.525; 78.162;125.720;154.668;136.218;150.108;155.428; 89.788; 33.002;195.096; 83.292
2003-10-31 02:05:00;147.402; 46.363;179.133;105.697;1126.940;321.367;   null;162.888; 71.050;126.017;   null;225.286; 77.057;122.400;154.708;136.928;149.548;155.644; 88.404; 32.856;195.900; 83.748
2003-10-31 02:10:00;146.632; 45.460;175.233;105.383;1120.580;320.050;   null;164.640; 71.160;124.927;   null;224.970; 78.177;124.380;153.568;139.930;149.674;152.322; 88.714; 32.972;196.354; 84.186
2003-10-31 02:15:00;146.434; 45.680;177.433;104.397;1126.280;320.390; 74.308;166.666; 71.580;125.743;   null;225.689; 78.239;124.060;155.872;138.932;149.928;154.824; 88.772; 32.204;197.378; 83.404
2003-10-31 02:20:00;147.970; 46.400;177.567;104.483;1134.640;316.303;   null;164.910; 70.106;125.966;   null;221.638; 78.451;126.060;153.784;137.512;150.196;154.956; 89.544; 32.962;196.108; 83.891
2003-10-31 02:25:00;147.040; 46.067;175.900;106.013;1127.860;319.577;   null;165.818; 69.558;127.597;   null;225.741; 78.218;124.980;154.014;139.008;152.094;154.076; 90.000; 33.130;196.806; 84.721
2003-10-31 02:30:00;147.332; 46.273;176.100;105.370;1136.720;322.527; 74.507;163.994; 71.262;125.610;   null;227.104; 76.040;127.800;155.198;137.340;150.884;153.948; 89.920; 32.544;197.748; 83.771
2003-10-31 02:35:00;144.250; 46.667;177.400;104.700;1128.720;321.357;   null;162.760; 70.764;124.133;   null;224.478; 76.816;125.200;154.914;140.368;150.818;154.560; 87.436; 32.950;196.158; 84.042
2003-10-31 02:40:00;146.304; 45.587;178.500;105.460;1129.280;320.447;   null;165.200; 71.652;122.793;   null;222.066; 77.026;126.340;155.182;138.366;152.300;154.810; 89.338; 32.520;197.984; 82.102
2003-10-31 02:45:00;145.848; 46.020;175.700;103.367;1130.540;320.773; 73.642;162.478; 71.006;124.087;   null;225.424; 77.106;125.860;154.204;138.128;150.068;155.556; 88.556; 33.254;197.098; 83.884
2003-10-31 02:50:00;147.118; 45.537;178.067;104.867;1129.220;321.240;   null;161.420; 71.370;124.360;   null;223.431; 77.707;123.320;154.992;138.634;149.488;155.296; 90.730; 32.610;197.230; 82.141
2003-10-31 02:55:00;144.668; 44.570;178.000;105.943;1128.880;321.897;   null;162.984; 71.560;123.893;   null;223.089; 78.236;125.760;154.616;139.320;150.238;154.550; 88.484; 33.244;198.372; 82.470
2003-10-31 03:00:00;145.658; 45.863;177.033;104.587;1130.380;323.403; 74.073;162.194; 70.774;123.726;   null;224.831; 76.916;124.780;156.562;140.932;152.562;155.532; 88.926; 33.322;197.104; 82.710
2003-10-31 03:05:00;145.154; 44.897;177.067;106.977;1131.440;322.170;   null;162.310; 71.370;125.747;   null;226.460; 76.746;125.720;153.172;140.150;151.746;155.410; 89.074; 33.286;198.420; 83.109
2003-10-31 03:10:00;144.560; 46.847;177.067;106.150;1135.840;323.453;   null;165.068; 71.802;125.513;   null;224.832; 76.376;123.920;154.898;140.386;151.834;154.776; 89.192; 33.128;197.304; 82.305
2003-10-31 03:15:00;146.650; 46.013;176.533;106.463;1138.800;318.303; 73.707;164.014; 70.634;124.600;   null;225.450; 77.736;125.460;154.580;140.232;150.788;154.544; 89.818; 33.514;197.230; 83.109
2003-10-31 03:20:00;147.546; 46.340;177.800;105.113;1139.400;320.213;   null;165.926; 70.368;125.710;   null;224.390; 77.072;126.660;156.356;140.362;153.112;154.956; 89.714; 32.650;197.994; 85.277
2003-10-31 03:25:00;146.904; 45.280;178.867;106.367;1128.160;322.930;   null;165.374; 70.422;125.110;   null;222.488; 77.520;125.120;155.652;141.636;150.012;151.598; 89.544; 33.648;196.224; 83.957
2003-10-31 03:30:00;147.482; 46.227;176.967;105.593;1130.220;323.410; 74.510;165.274; 71.752;125.197;   null;225.436; 77.050;126.940;153.760;138.978;151.338;156.256; 89.376; 32.958;195.258; 82.624
2003-10-31 03:35:00;146.230; 46.787;176.333;106.467;1131.140;325.350;   null;164.012; 70.518;125.027;   null;225.474; 77.971;126.560;154.150;140.542;151.058;154.352; 89.670; 32.558;195.140; 84.549
2003-10-31 03:40:00;147.076; 47.540;180.100;105.707;1136.400;323.447;   null;166.012; 70.250;126.053;   null;225.673; 79.240;126.840;156.018;140.250;150.604;153.644; 89.726; 32.502;195.132; 82.982
2003-10-31 03:45:00;148.808; 46.707;177.567;105.900;1138.160;326.073; 75.298;166.296; 71.492;127.120;   null;227.122; 79.057;126.300;153.934;139.872;151.680;156.360; 89.986; 32.342;195.324; 83.813
2003-10-31 03:50:00;145.734; 45.240;179.333;105.957;1138.580;325.300;   null;167.288; 71.456;126.633;   null;227.514; 77.796;126.800;156.030;141.054;149.606;154.866; 90.878; 32.486;192.914; 83.708
2003-10-31 03:55:00;146.844; 46.147;177.200;108.430;1144.940;326.370;   null;167.802; 70.706;125.743;   null;224.717; 79.092;128.240;156.488;139.482;152.872;154.930; 89.550; 33.030;196.460; 83.894
2003-10-31 04:00:00;148.424; 46.023;175.567;107.277;1136.680;329.353; 75.092;168.636; 71.494;125.050;   null;226.556; 78.229;127.840;156.392;141.950;151.956;155.094; 89.168; 33.954;196.170; 85.101
2003-10-31 04:05:00;147.530; 47.323;176.633;107.433;1141.620;327.060;   null;167.160; 70.706;124.877;   null;225.852; 78.449;128.340;154.416;141.504;150.442;155.204; 90.924; 33.038;199.830; 84.282
2003-10-31 04:10:00;148.198; 47.323;175.300;105.950;1135.280;329.043;   null;166.764; 70.986;127.810;   null;229.178; 76.433;126.260;156.422;140.020;151.660;156.210; 91.548; 32.756;199.232; 83.631
2003-10-31 04:15:00;148.568; 46.787;175.567;104.397;1138.340;330.073; 75.122;170.164; 69.588;125.560;   null;228.218; 79.849;127.560;155.468;139.462;150.970;153.934; 91.570; 32.702;195.564; 84.074
2003-10-31 04:20:00;148.726; 45.960;177.033;107.307;1143.860;327.440;   null;167.336; 69.676;126.320;   null;224.856; 78.143;126.720;156.696;141.210;149.686;154.138; 91.232; 33.036;193.944; 83.004
2003-10-31 04:25:00;148.548; 46.010;175.933;106.140;1143.240;327.873;   null;166.996; 70.338;125.593;   null;225.649; 77.935;126.780;157.306;142.178;149.532;156.802; 88.990; 31.650;192.214; 84.502
2003-10-31 04:30:00;147.654; 46.647;174.933;106.817;1139.920;325.393; 75.138;167.804; 68.422;126.267;   null;228.406; 78.409;125.840;154.664;140.044;150.438;156.334; 89.756; 32.240;192.560; 84.710
2003-10-31 04:35:00;147.316; 46.753;177.733;106.640;1139.200;324.193;   null;167.148; 69.512;124.166;   null;224.856; 78.198;128.320;154.846;140.568;150.854;155.340; 89.766; 32.502;191.102; 82.949
2003-10-31 04:40:00;148.870; 46.533;173.633;104.983;1139.460;323.487;   null;167.790; 69.812;127.193;   null;225.762; 78.010;127.400;156.094;139.316;150.136;154.326; 89.308; 31.850;193.932; 84.288
2003-10-31 04:45:00;147.542; 48.197;175.300;105.687;1131.020;323.800;   null;166.214; 70.146;123.387;   null;226.480; 78.037;128.220;157.560;141.890;146.724;154.674; 88.894; 32.340;192.540; 84.272
2003-10-31 04:50:00;149.026; 46.143;173.933;106.277;1143.620;323.010;   null;169.750; 69.218;124.430;   null;224.780; 78.981;128.300;155.844;140.006;148.368;154.622; 89.916; 31.954;193.718; 84.327
2003-10-31 04:55:00;148.106; 46.600;174.300;106.653;1146.760;321.773;   null;167.994; 69.532;126.063;   null;227.363; 77.061;128.120;155.548;140.644;147.320;153.618; 89.974; 31.480;190.306; 84.453
2003-10-31 05:00:00;148.456; 46.797;173.633;105.597;1147.020;322.180;   null;169.008; 72.172;127.740;   null;228.028; 79.813;127.520;156.970;138.974;148.720;152.954; 90.212; 32.286;190.076; 83.350
2003-10-31 05:05:00;147.708; 47.587;173.033;106.153;1138.880;327.420;   null;166.018; 70.382;126.633;   null;227.802; 77.969;125.920;156.418;138.482;149.190;152.662; 89.640; 32.370;192.460; 83.406
2003-10-31 05:10:00;148.092; 46.597;176.033;106.790;1141.020;329.670;   null;169.490; 69.628;125.093;   null;224.629; 76.624;128.640;156.000;138.392;149.782;153.758; 91.616; 32.334;193.278; 84.420
2003-10-31 05:15:00;147.420; 46.030;174.833;107.390;1143.180;329.857;   null;169.206; 70.026;126.070;   null;223.949; 78.006;128.360;155.128;138.784;151.442;152.132; 89.878; 32.348;191.266; 84.054
2003-10-31 05:20:00;149.078; 47.233;174.200;106.437;1148.340;327.327;   null;166.474; 68.484;128.493;   null;229.178; 77.965;126.660;157.144;138.926;151.442;153.996; 90.944; 32.122;193.102; 82.032
2003-10-31 05:25:00;149.254; 46.507;175.400;105.800;1141.200;330.300;   null;168.634; 68.402;125.737;   null;225.044; 79.273;127.400;156.312;139.278;149.246;154.930; 89.368; 31.946;186.804; 83.327
2003-10-31 05:30:00;150.070; 47.323;175.767;106.840;1137.160;327.560;   null;169.018; 69.746;126.913;   null;224.616; 78.648;126.900;156.940;139.136;150.110;154.040; 88.070; 31.030;188.166; 83.130
2003-10-31 05:35:00;148.392; 46.297;175.833;106.317;1125.160;323.447;   null;168.526; 69.892;126.160;   null;225.598; 79.900;126.260;156.242;139.728;151.464;153.266; 88.762; 31.782;190.604; 83.824
2003-10-31 05:40:00;146.190; 47.230;174.067;105.033;1125.900;323.710;   null;167.726; 69.758;125.350;   null;224.629; 79.415;127.940;154.302;139.856;149.328;153.578; 89.386; 32.354;189.576; 81.053
2003-10-31 05:45:00;148.010; 47.937;173.433;106.517;1125.020;322.003;   null;167.444; 70.890;125.527;   null;226.012; 79.368;125.360;153.426;137.850;152.220;153.152; 87.912; 32.720;195.368; 82.147
2003-10-31 05:50:00;146.684; 47.540;172.900;106.207;1121.580;325.553;   null;170.054; 71.482;124.244;   null;224.541; 79.157;126.700;155.228;138.576;150.844;155.038; 88.288; 32.190;194.922; 82.223
2003-10-31 05:55:00;145.584; 46.037;174.400;105.567;1120.720;326.514;   null;168.292; 69.738;128.427;   null;220.492; 78.453;125.360;154.912;137.034;150.962;152.162; 89.748; 32.290;193.500; 83.695
2003-10-31 06:00:00;146.616; 45.107;172.600;105.893;1121.760;322.663;   null;166.606; 70.218;124.500;   null;222.366; 78.353;126.300;152.630;137.126;148.008;152.834; 89.146; 32.048;192.564; 83.089
2003-10-31 06:05:00;145.712; 46.390;177.333;106.847;1123.720;324.000;   null;164.802; 71.704;126.480;   null;223.132; 77.853;125.000;152.350;137.268;148.816;151.012; 87.508; 32.086;192.552; 82.316
2003-10-31 06:10:00;145.918; 46.793;176.633;105.090;1121.260;324.507;   null;165.652; 68.622;127.220;   null;222.166; 77.016;126.260;153.008;135.530;149.326;154.432; 89.356; 31.922;194.094; 84.083
2003-10-31 06:15:00;146.386; 45.967;175.200;106.420;1121.700;323.543;   null;167.252; 70.160;126.360;   null;223.786; 77.704;125.080;152.230;137.306;148.392;154.400; 88.454; 32.162;191.408; 84.091
2003-10-31 06:20:00;146.016; 46.333;176.000;105.160;1117.300;320.247;   null;167.664; 69.086;125.736;   null;224.087; 79.143;125.280;152.214;137.370;148.536;153.486; 89.838; 32.046;193.228; 83.174
2003-10-31 06:25:00;145.556; 47.017;174.667;105.763;1119.120;323.170;   null;165.680; 68.776;125.610;   null;222.015; 77.323;125.720;153.052;137.002;148.414;154.344; 87.824; 31.928;194.084; 82.039
2003-10-31 06:30:00;146.816; 46.043;175.000;105.600;1117.660;323.373;   null;166.210; 69.288;125.653;   null;221.929; 77.111;124.600;151.114;135.076;148.482;153.240; 89.154; 32.644;192.226; 83.860
2003-10-31 06:35:00;147.496; 46.303;173.633;105.737;1120.560;321.677;   null;167.418; 70.370;128.223;   null;223.297; 78.170;125.920;154.106;136.020;148.128;154.688; 88.422; 32.278;195.346; 83.635
2003-10-31 06:40:00;146.972; 46.463;176.000;106.077;1120.980;326.470;   null;164.664; 71.810;126.120;   null;224.074; 77.734;124.320;151.924;136.986;148.106;150.674; 88.328; 32.704;194.716; 83.125
2003-10-31 06:45:00;146.046; 46.797;177.867;105.343;1120.200;320.950;   null;164.860; 70.748;125.350;   null;221.090; 77.545;126.720;153.234;137.178;149.316;149.512; 88.304; 31.752;191.896; 82.475
2003-10-31 06:50:00;145.826; 46.623;176.933;106.237;1120.640;323.320;   null;168.194; 69.584;125.467;   null;221.417; 78.656;123.440;150.450;135.606;149.630;150.310; 89.624; 31.942;188.800; 82.747
2003-10-31 06:55:00;150.524; 43.883;176.000;105.600;1119.380;325.590;   null;166.558; 69.578;125.477;   null;223.095; 78.582;124.820;154.444;135.358;150.276;152.096; 88.678; 31.894;192.868; 81.742
2003-10-31 07:00:00;146.048; 45.693;173.267;104.283;1114.360;325.140;   null;166.806; 68.138;125.547;   null;220.553; 77.048;126.320;152.940;134.852;147.912;149.022; 87.898; 31.942;192.062; 81.909
2003-10-31 07:05:00;147.284; 45.783;176.333;106.823;1106.260;321.557;   null;165.856; 68.276;126.580;   null;219.453; 77.886;126.940;149.612;136.718;147.800;150.988; 89.802; 32.016;190.202; 82.617
2003-10-31 07:10:00;146.906; 46.260;175.000;106.290;1108.200;323.330;   null;165.696; 69.622;124.950;   null;217.763; 77.738;126.560;148.850;135.188;148.118;148.694; 89.454; 31.732;190.714; 82.637
2003-10-31 07:15:00;146.030; 46.337;173.733;104.340;1106.680;327.410;   null;167.380; 68.352;123.983;   null;219.818; 78.024;124.600;150.244;135.104;149.006;151.864; 88.388; 32.166;192.526; 82.431
2003-10-31 07:20:00;146.636; 44.450;175.733;105.850;1102.500;321.840;   null;165.910; 69.516;125.180;   null;219.068; 77.313;125.080;149.804;137.814;146.882;149.722; 89.078; 32.062;192.466; 81.483
2003-10-31 07:25:00;144.544; 45.580;175.733;105.277;1104.700;320.813;   null;166.126; 70.310;128.080;   null;216.620; 77.705;124.980;150.284;137.798;150.770;152.122; 88.288; 32.274;192.874; 81.536
2003-10-31 07:30:00;146.342; 44.563;175.167;104.193;1104.540;319.277; 75.298;168.282; 67.786;125.487;   null;210.212; 77.906;127.080;148.934;138.346;150.170;150.548; 89.084; 32.568;193.236; 82.686
2003-10-31 07:35:00;145.712; 46.000;174.900;105.233;1107.220;321.023;   null;166.874; 68.942;125.430;   null;211.924; 78.559;129.260;151.940;134.834;151.787;150.162; 89.216; 32.172;193.858; 81.749
2003-10-31 07:40:00;145.222; 46.260;174.433;104.430;1095.320;318.534;   null;165.106; 69.562;124.957;   null;215.039; 78.123;126.120;151.418;139.022;151.408;151.594; 89.126; 32.124;193.752; 80.873
2003-10-31 07:45:00;147.694; 44.293;174.667;104.767;1105.160;317.897; 75.322;166.872; 69.430;128.110;   null;213.646; 77.655;126.880;150.432;135.956;153.946;153.936; 89.366; 31.310;193.646; 81.367
2003-10-31 07:50:00;147.810; 44.423;175.300;105.917;1104.240;316.753;   null;165.620; 69.310;126.263;   null;216.978; 77.777;127.680;151.878;138.578;152.454;154.000; 89.360; 31.772;193.954; 80.161
2003-10-31 07:55:00;144.834; 45.433;172.833;105.520;1101.520;318.303;   null;165.376; 69.932;123.960;   null;217.129; 79.215;126.540;150.466;136.592;153.550;152.698; 88.494; 32.278;195.316; 78.783
2003-10-31 08:00:00;145.760; 44.480;173.433;106.093;1104.980;318.607; 75.171;164.002; 69.614;124.587;   null;217.532; 78.500;128.440;150.656;138.224;154.240;154.050; 88.520; 32.680;194.360; 80.982
2003-10-31 08:05:00;144.206; 45.490;175.467;104.703;1106.780;319.137;   null;163.486; 69.036;124.273;   null;219.701; 78.516;128.180;153.424;138.078;151.760;152.702; 89.566; 32.910;193.584; 80.662
2003-10-31 08:10:00;144.448; 45.187;174.267;105.180;1111.020;317.197;   null;165.032; 69.662;123.313;   null;220.151; 78.299;127.220;152.410;136.508;152.590;156.848; 88.434; 33.276;193.060; 79.573
2003-10-31 08:15:00;144.814; 45.967;173.000;104.717;1115.300;313.977; 75.203;167.268; 68.812;127.187;   null;219.813; 79.009;128.620;152.336;137.946;151.796;153.708; 89.802; 32.494;197.100; 79.728
2003-10-31 08:20:00;146.128; 46.053;176.967;103.603;1102.080;321.294;   null;166.022; 69.554;124.247;   null;218.933; 77.583;126.340;151.886;138.318;151.004;154.220; 89.340; 32.908;194.398; 79.935
2003-10-31 08:25:00;147.044; 46.307;173.133;105.087;1111.860;318.670;   null;165.062; 70.816;124.257;   null;220.005; 75.848;126.260;151.776;139.034;152.270;153.232; 89.266; 31.660;195.320; 80.237
2003-10-31 08:30:00;145.076; 45.600;175.000;106.813;1104.940;317.450; 75.741;164.606; 70.308;125.837;   null;219.743; 78.057;127.380;152.670;137.090;151.500;153.322; 88.522; 31.612;194.208; 78.900
2003-10-31 08:35:00;145.736; 46.150;173.833;102.673;1106.320;319.187;   null;165.012; 70.436;126.327;   null;223.276; 79.282;128.580;151.542;136.956;150.810;155.564; 88.340; 32.576;194.776; 81.273
2003-10-31 08:40:00;144.674; 46.167;173.867;103.710;1112.980;321.050;   null;164.326; 70.512;125.450;   null;222.456; 79.245;126.500;153.526;136.896;152.140;152.326; 88.818; 31.946;193.746; 80.741
2003-10-31 08:45:00;147.046; 46.583;173.500;104.797;1114.060;317.027; 75.927;164.522; 69.592;125.820;   null;220.963; 79.086;125.420;153.776;138.236;152.548;153.746; 89.618; 32.014;193.412; 78.970
2003-10-31 08:50:00;146.836; 46.633;173.933;105.783;1108.100;319.530;   null;167.778; 70.832;126.870;   null;220.913; 79.421;126.980;152.850;136.748;152.752;153.110; 88.954; 32.278;194.792; 80.195
2003-10-31 08:55:00;147.112; 45.740;173.567;104.253;1113.380;320.747;   null;164.996; 70.290;126.993;   null;220.194; 78.880;127.380;154.012;138.022;153.800;154.806; 88.432; 32.530;191.748; 78.018
2003-10-31 09:00:00;145.578; 46.200;173.833;105.967;1117.740;320.817; 76.332;165.756; 69.490;126.300;   null;223.598; 79.496;125.640;155.204;137.290;150.746;153.694; 89.316; 32.308;190.552; 80.392
2003-10-31 09:05:00;147.542; 46.730;173.100;105.950;1119.860;321.307;   null;167.302; 70.938;123.153;   null;222.155; 78.094;124.820;153.046;138.198;149.750;154.126; 88.442; 31.972;194.252; 78.675
2003-10-31 09:10:00;146.398; 47.183;172.500;104.757;1107.880;322.717;   null;166.940; 69.560;123.890;   null;220.889; 77.460;125.540;152.918;138.074;152.448;153.544; 89.734; 32.540;191.754; 80.986
2003-10-31 09:15:00;145.776; 46.430;174.200;104.637;1111.140;319.437; 75.451;166.066; 71.118;126.863;   null;222.216; 78.893;126.700;153.396;136.988;149.346;155.060; 88.254; 32.106;192.530; 79.375
2003-10-31 09:20:00;144.536; 46.153;174.500;106.527;1114.160;318.550;   null;163.696; 70.658;124.903;   null;218.932; 77.342;125.760;154.460;138.596;151.078;155.334; 87.914; 32.296;193.134; 82.815
2003-10-31 09:25:00;144.664; 46.517;172.833;104.490;1114.520;319.710;   null;166.878; 70.556;125.970;   null;219.898; 77.153;126.760;153.130;137.226;152.958;152.588; 88.580; 32.396;194.358; 80.448
2003-10-31 09:30:00;146.420; 46.060;173.300;103.700;1111.620;319.687; 75.680;165.792; 71.420;124.097;   null;221.372; 77.315;126.580;153.794;136.676;150.826;152.852; 89.118; 32.548;192.356; 82.480
2003-10-31 09:35:00;147.738; 45.377;173.500;103.580;1110.340;317.020;   null;164.614; 70.892;124.463;   null;222.114; 76.976;124.020;153.084;137.434;150.520;153.672; 88.186; 32.228;195.706; 81.002
2003-10-31 09:40:00;144.580; 45.280;172.033;105.380;1121.760;316.973;   null;163.520; 69.904;125.547;   null;221.160; 76.532;125.140;155.058;137.864;151.850;155.556; 89.242; 32.412;192.978; 81.841
2003-10-31 09:45:00;146.474; 45.297;173.867;103.563;1116.200;316.717; 75.676;164.456; 70.068;123.993;   null;221.915; 77.338;125.420;153.082;139.112;149.334;156.216; 88.290; 32.298;192.400; 81.749
2003-10-31 09:50:00;146.060; 45.840;173.167;105.083;1117.600;315.897;   null;165.402; 68.994;125.840;   null;223.386; 78.321;126.420;155.098;139.370;154.026;156.134; 89.562; 32.624;193.544; 80.504
2003-10-31 09:55:00;145.380; 46.007;173.967;105.500;1119.280;317.353;   null;162.516; 69.294;126.003;   null;222.370; 76.576;125.400;154.784;136.696;153.552;157.962; 90.240; 32.520;193.084; 80.923
2003-10-31 10:00:00;145.866; 45.583;174.133;103.437;1122.920;317.200; 76.099;164.120; 70.918;126.403;   null;223.927; 77.791;125.560;157.846;137.156;154.952;158.462; 90.750; 33.046;192.206; 80.254
2003-10-31 10:05:00;146.596; 47.493;173.133;105.123;1116.840;316.487;   null;165.874; 71.618;124.090;   null;220.555; 78.945;126.400;155.412;141.546;154.326;157.070; 91.126; 31.808;192.770; 80.622
2003-10-31 10:10:00;148.130; 47.513;174.100;103.810;1115.100;320.390;   null;164.854; 71.080;123.697;   null;222.259; 77.844;125.860;155.450;139.394;154.062;156.308; 91.562; 32.572;193.772; 81.437
2003-10-31 10:15:00;146.816; 46.590;173.700;103.887;1122.220;319.480; 75.915;165.944; 70.130;127.237;   null;221.554; 79.031;125.000;153.730;138.754;155.148;157.124; 91.490; 32.828;193.074; 81.781
2003-10-31 10:20:00;147.662; 46.733;172.833;104.420;1121.360;317.787;   null;166.302; 68.708;126.617;   null;221.690; 78.123;126.480;154.714;139.686;153.846;156.710; 91.524; 31.894;192.928; 82.420
2003-10-31 10:25:00;146.828; 46.193;175.467;105.487;1115.460;319.553;   null;166.114; 70.498;124.727;   null;221.394; 78.133;125.260;151.786;137.804;154.364;157.484; 91.436; 32.032;190.114; 81.484
2003-10-31 10:30:00;144.580; 46.770;173.033;103.230;1110.960;320.797; 76.037;164.750; 69.944;125.097;   null;218.419; 77.760;126.960;153.002;137.168;155.196;156.502; 91.536; 32.200;192.482; 80.321
2003-10-31 10:35:00;146.464; 46.910;174.100;104.467;1112.820;321.560;   null;163.442; 70.856;123.837;   null;219.567; 79.612;128.000;151.978;136.812;153.278;155.510; 90.430; 31.536;191.830; 82.015
2003-10-31 10:40:00;146.278; 46.903;173.367;105.503;1106.460;321.257;   null;166.530; 70.528;125.226;   null;219.837; 77.835;127.960;150.566;134.122;152.596;155.862; 90.612; 31.176;190.710; 81.765
2003-10-31 10:45:00;146.004; 44.743;174.167;105.040;1104.340;320.313; 75.394;166.326; 70.544;126.810;   null;218.260; 78.804;126.900;151.576;136.254;152.586;154.990; 92.478; 31.648;189.994; 80.321
2003-10-31 10:50:00;145.068; 46.887;174.700;102.540;1091.920;322.507;   null;165.814; 70.020;124.463;   null;220.429; 78.058;125.400;151.636;135.810;152.544;150.766; 91.916; 32.134;190.306; 82.477
2003-10-31 10:55:00;141.540; 46.293;173.133;103.073;1082.260;319.010;   null;166.410; 69.732;123.967;   null;220.428; 76.727;126.840;149.652;135.446;150.812;152.108; 90.650; 31.550;188.874; 81.385
2003-10-31 11:00:00;144.418; 44.253;172.300;103.317;1081.320;316.627; 74.995;166.678; 71.438;123.460;   null;219.467; 77.680;127.060;150.114;132.870;150.692;151.596; 90.312; 31.570;188.886; 80.877
2003-10-31 11:05:00;142.950; 45.867;174.933;103.523;1074.500;318.027;   null;165.984; 69.048;122.340;   null;219.160; 78.125;126.580;149.862;135.698;148.578;153.752; 88.884; 31.744;188.230; 79.785
2003-10-31 11:10:00;142.356; 45.393;172.833;102.387;1068.920;312.430;   null;164.188; 68.290;122.903;   null;223.333; 77.964;125.140;150.650;134.298;149.144;152.166; 87.088; 31.646;189.054; 79.244
2003-10-31 11:15:00;142.606; 44.270;173.067;102.010;1065.440;313.913; 73.821;164.232; 69.700;121.283;   null;219.750; 75.047;122.860;148.522;135.492;148.220;153.246; 85.748; 31.382;190.672; 79.197
2003-10-31 11:20:00;142.054; 44.137;172.700;102.780;1065.640;306.537;   null;161.926; 71.140;121.850;   null;219.714; 75.701;121.780;149.248;133.926;150.684;151.572; 86.884; 31.416;189.568; 79.564
2003-10-31 11:25:00;143.414; 43.830;172.167;101.563;1060.780;308.250;   null;161.628; 69.924;121.673;   null;220.217; 75.243;122.320;150.720;134.938;147.192;151.942; 86.694; 31.308;189.864; 78.972
2003-10-31 11:30:00;142.388; 43.543;172.500;100.437;1065.040;306.910; 73.107;160.396; 70.300;120.517;   null;221.090; 74.799;122.240;151.182;136.190;149.860;151.808; 85.662; 31.722;189.584; 80.503
2003-10-31 11:35:00;142.246; 44.150;172.933;101.360;1060.180;304.733;   null;160.508; 68.704;118.957;   null;220.093; 77.214;122.680;152.200;134.788;148.894;151.834; 86.502; 31.720;191.236; 79.096
2003-10-31 11:40:00;141.864; 44.127;170.767;100.760;1071.920;303.813;   null;158.238; 71.172;120.373;   null;219.269; 75.644;121.700;150.284;132.788;151.386;152.214; 85.708; 30.820;188.806; 79.019
2003-10-31 11:45:00;141.192; 45.317;173.833;103.103;1066.300;307.150; 73.273;159.820; 69.342;120.393;   null;224.002; 74.851;122.180;152.052;133.460;151.560;151.580; 86.556; 31.794;190.936; 81.012
2003-10-31 11:50:00;141.590; 44.843;171.900;101.517;1067.540;306.597;   null;159.408; 70.412;121.373;   null;220.278; 75.333;121.560;151.364;133.928;149.244;154.066; 87.250; 31.348;191.198; 81.067
2003-10-31 11:55:00;141.678; 44.420;172.233;102.753;1065.480;310.903;   null;161.642; 69.934;121.643;   null;219.160; 74.790;121.780;150.574;133.880;150.306;152.360; 86.722; 31.858;190.028; 80.301
2003-10-31 12:00:00;141.014; 45.390;170.733;101.180;1068.440;306.187; 72.227;162.046; 70.346;122.063;   null;219.921; 76.345;121.200;150.794;134.232;151.432;152.992; 87.454; 32.028;192.152; 79.481
2003-10-31 12:05:00;140.786; 43.927;171.167;101.727;1073.580;308.280;   null;160.330; 68.990;121.263;   null;220.274; 76.549;121.880;151.100;135.690;151.290;151.348; 87.946; 32.394;190.996; 80.238
2003-10-31 12:10:00;143.192; 43.940;175.200;102.990;1072.260;306.477;   null;160.128; 69.208;122.073;   null;221.282; 75.096;123.180;151.184;134.678;150.220;153.256; 86.380; 32.568;191.260; 81.023
2003-10-31 12:15:00;142.910; 45.080;171.967;102.563;1071.640;308.993; 73.382;160.580; 69.716;119.850;   null;222.114; 75.400;121.580;150.048;134.046;151.128;154.054; 86.764; 31.886;192.906; 81.779
2003-10-31 12:20:00;143.194; 44.533;173.867;102.127;1070.560;312.617;   null;160.774; 69.356;121.660;   null;221.562; 74.782;121.900;148.818;132.008;151.646;152.826; 87.288; 31.864;190.982; 81.609
2003-10-31 12:25:00;142.230; 44.717;171.867;102.617;1070.180;311.300;   null;161.252; 70.270;122.917;   null;218.950; 74.390;121.940;151.528;134.688;149.852;152.106; 85.062; 31.730;190.820; 81.569
2003-10-31 12:30:00;142.006; 45.230;170.533;101.610;1077.100;311.997; 73.523;162.832; 70.648;120.950;   null;215.702; 75.340;121.340;151.490;134.260;150.638;153.884; 88.494; 31.808;190.344; 80.817
2003-10-31 12:35:00;140.858; 45.773;171.767;102.753;1070.320;310.750;   null;160.128; 70.644;121.247;   null;220.923; 75.783;122.980;150.626;132.400;150.154;153.184; 87.912; 31.844;190.130; 80.781
2003-10-31 12:40:00;142.084; 44.860;172.200;101.840;1070.240;308.723;   null;159.718; 69.366;121.307;   null;220.211; 74.619;122.960;150.284;134.950;148.782;151.868; 87.130; 31.902;189.162; 80.437
2003-10-31 12:45:00;142.130; 44.193;172.233;103.563;1075.780;308.220; 73.084;161.570; 69.792;121.900;   null;221.753; 74.425;123.900;152.552;135.422;149.834;153.028; 87.880; 31.410;188.428; 79.903
2003-10-31 12:50:00;140.666; 44.907;173.933;101.997;1079.200;309.487;   null;161.842; 70.412;122.127;   null;221.738; 75.326;120.740;150.586;137.336;151.636;153.300; 87.478; 31.622;190.382; 81.242
2003-10-31 12:55:00;143.162; 44.770;171.800;103.013;1079.080;307.177;   null;159.814; 70.946;121.647;   null;223.410; 75.498;121.560;151.082;135.844;150.588;152.570; 88.562; 31.568;191.032; 80.780
2003-10-31 13:00:00;141.730; 45.320;174.700;103.687;1074.660;306.063; 73.743;161.964; 69.986;123.267;   null;219.815; 75.859;122.820;152.120;136.604;151.036;153.260; 86.936; 31.008;191.492; 81.400
2003-10-31 13:05:00;143.004; 44.867;172.033;101.583;1073.800;308.457;   null;160.800; 68.420;121.133;   null;220.996; 73.360;123.880;154.868;135.746;153.806;153.274; 88.528; 31.196;191.150; 80.326
2003-10-31 13:10:00;141.484; 43.977;174.467;101.417;1075.420;309.250;   null;160.812; 68.926;122.823;   null;221.860; 75.630;121.840;151.454;136.988;154.068;151.490; 87.408; 32.022;189.574; 81.137
2003-10-31 13:15:00;140.176; 43.893;173.933;102.870;1073.660;306.670; 73.234;159.376; 70.022;123.183;   null;224.350; 74.371;121.460;151.992;136.634;152.456;155.208; 87.812; 31.634;189.796; 81.189
2003-10-31 13:20:00;140.626; 44.327;172.600;101.320;1078.740;306.153;   null;160.466; 70.376;121.410;   null;223.454; 76.618;119.520;153.508;136.044;153.066;154.108; 88.622; 31.742;191.202; 79.059
2003-10-31 13:25:00;140.988; 44.750;173.300;103.450;1084.900;310.810;   null;158.868; 71.930;122.803;   null;222.194; 75.767;121.180;149.780;137.254;150.030;154.608; 87.750; 32.386;193.382; 81.727
2003-10-31 13:30:00;143.010; 44.703;173.767;102.593;1072.820;310.153; 74.032;161.304; 69.044;121.283;   null;222.341; 72.705;120.620;152.432;137.690;151.060;156.402; 88.820; 31.808;192.928; 80.529
2003-10-31 13:35:00;141.548; 45.313;174.200;102.303;1079.520;310.083;   null;159.124; 69.522;121.717;   null;224.351; 74.253;121.680;155.032;135.684;153.240;155.340; 90.208; 31.904;192.194; 81.217
2003-10-31 13:40:00;143.460; 44.593;172.967;102.787;1082.160;308.563;   null;160.284; 69.684;122.290;   null;225.630; 75.571;121.940;151.432;138.184;152.034;156.662; 87.282; 31.460;192.884; 81.789
2003-10-31 13:45:00;142.748; 44.330;171.933;101.593;1079.100;308.940; 73.054;160.958; 70.212;122.403;   null;222.889; 74.324;121.320;152.974;137.332;152.246;154.590; 88.712; 31.416;190.756; 81.050
2003-10-31 13:50:00;141.190; 46.927;172.033;102.107;1092.540;310.347;   null;160.674; 71.444;120.173;   null;223.858; 75.368;122.240;152.606;138.228;151.098;155.394; 87.584; 31.464;192.026; 80.735
2003-10-31 13:55:00;143.672; 44.043;171.467;102.847;1090.620;309.630;   null;159.390; 70.002;122.393;   null;223.019; 75.366;122.440;152.990;137.764;150.690;155.156; 88.388; 31.744;191.496; 81.961
2003-10-31 14:00:00;143.262; 46.807;174.567;101.757;1090.960;309.446; 73.879;159.678; 70.230;121.243;   null;222.199; 76.827;122.240;153.596;136.646;152.082;153.678; 88.160; 31.600;190.426; 81.222
2003-10-31 14:05:00;144.354; 45.733;175.200;103.067;1085.800;310.877;   null;160.342; 69.580;123.423;   null;225.648; 75.208;122.020;153.576;136.738;150.222;155.370; 89.158; 31.730;193.366; 80.892
2003-10-31 14:10:00;142.590; 44.037;171.567;103.127;1086.060;311.547;   null;160.518; 70.272;121.930;   null;226.323; 74.518;120.420;152.510;136.062;150.462;153.276; 88.246; 31.606;193.332; 81.563
2003-10-31 14:15:00;143.098; 46.513;176.067;103.627;1096.800;312.593; 74.328;160.428; 70.008;121.960;   null;225.302; 74.026;122.020;153.754;136.156;150.440;154.070; 88.962; 31.660;192.160; 80.315
2003-10-31 14:20:00;141.984; 44.260;174.100;102.123;1093.260;312.757;   null;160.572; 68.676;123.147;   null;226.304; 75.307;123.000;151.966;138.058;151.356;154.964; 87.858; 31.628;189.024; 79.925
2003-10-31 14:25:00;140.582; 45.000;174.933;103.583;1084.240;311.440;   null;160.756; 69.000;121.710;   null;224.444; 75.584;124.240;155.000;138.596;151.002;153.888; 88.702; 31.700;191.198; 78.931
2003-10-31 14:30:00;142.640; 44.480;175.467;103.307;1088.660;312.603; 74.614;161.818; 70.240;121.937;   null;226.287; 76.421;121.780;151.276;137.712;151.036;153.704; 89.318; 32.186;190.602; 81.953
2003-10-31 14:35:00;143.882; 45.207;174.333;103.180;1092.940;315.240;   null;162.722; 69.732;121.733;   null;223.478; 75.616;122.820;152.380;137.510;149.378;154.820; 88.580; 31.830;190.694; 82.889
2003-10-31 14:40:00;143.383; 46.663;174.967;103.267;1097.880;313.073;   null;163.674; 69.914;121.983;   null;225.574; 77.201;122.760;153.728;136.786;150.598;152.830; 88.832; 32.024;191.510; 81.596
2003-10-31 14:45:00;   null; 44.943;173.200;102.987;1096.520;313.703; 74.328;161.494; 69.632;122.283;   null;224.973; 76.513;124.020;153.750;136.066;149.646;153.464; 87.198; 32.080;192.776; 79.799
2003-10-31 14:50:00;   null; 45.790;175.033;102.200;1096.900;311.533;   null;160.674; 71.150;121.710;   null;222.604; 77.414;122.960;154.752;137.854;149.746;154.130; 87.038; 32.352;192.890; 81.944
2003-10-31 14:55:00;1076.340; 44.493;175.867;102.703;1095.020;313.670;   null;161.598; 69.986;120.810;   null;226.739; 75.875;121.420;154.892;138.824;150.842;154.800; 87.242; 31.684;190.378; 80.509
2003-10-31 15:00:00;143.980; 44.633;173.333;103.923;1093.880;311.527; 74.478;160.746; 69.998;120.993;   null;223.825; 76.104;124.380;154.640;135.946;150.766;154.868; 88.996; 32.374;191.720; 80.344
2003-10-31 15:05:00;145.168; 45.580;172.900;102.793;1092.140;311.977;   null;162.096; 70.900;121.673;   null;223.388; 75.959;121.520;153.904;137.496;151.070;156.444; 87.204; 31.632;190.652; 80.367
2003-10-31 15:10:00;144.436; 44.950;171.600;102.587;1104.480;313.980;   null;161.524; 70.140;121.907;   null;226.667; 75.418;124.360;153.272;137.574;150.658;153.380; 87.962; 31.408;190.854; 80.183
2003-10-31 15:15:00;145.192; 46.183;174.133;103.647;1099.500;313.827; 74.084;160.140; 69.542;121.970;   null;226.739; 75.903;124.920;152.676;138.094;152.078;153.166; 87.650; 32.088;190.394; 80.750
2003-10-31 15:20:00;144.624; 44.947;174.100;103.897;1097.620;312.837;   null;161.986; 70.868;121.410;   null;225.336; 76.404;121.740;153.776;137.680;148.464;155.214; 88.186; 31.506;193.868; 80.457
2003-10-31 15:25:00;146.132; 45.263;172.333;104.490;1103.540;311.497;   null;162.556; 70.284;122.067;   null;223.063; 77.170;123.180;154.548;137.576;148.696;154.326; 87.626; 32.040;193.438; 81.845
2003-10-31 15:30:00;144.996; 44.810;175.833;101.750;1101.040;312.324; 75.056;161.560; 69.702;123.870;   null;222.590; 74.993;124.060;155.486;138.470;147.558;154.636; 87.338; 32.044;192.588; 81.398
2003-10-31 15:35:00;142.290; 45.097;175.533;102.447;1100.700;314.570;   null;161.312; 70.720;122.337;   null;223.354; 75.790;123.400;153.538;136.810;151.332;153.806; 88.326; 32.252;189.656; 82.612
2003-10-31 15:40:00;142.598; 45.127;172.400;102.867;1105.080;315.860;   null;162.854; 70.180;124.293;   null;225.298; 75.394;125.000;155.562;136.754;150.218;151.910; 89.244; 31.968;192.520; 81.319
2003-10-31 15:45:00;144.268; 44.970;174.933;102.347;1100.940;313.977; 75.244;162.906; 69.848;121.890;   null;223.518; 75.376;125.100;154.160;138.566;150.002;154.872; 88.262; 32.536;191.524; 81.878
2003-10-31 15:50:00;144.064; 44.573;170.333;102.660;1094.620;315.867;   null;160.852; 69.402;123.930;   null;226.150; 77.386;125.660;153.704;140.032;150.238;156.394; 88.010; 32.380;193.166; 81.157
2003-10-31 15:55:00;144.354; 45.670;174.300;103.137;1101.700;315.590;   null;161.294; 70.272;122.450;   null;224.299; 76.126;126.520;153.510;136.448;151.316;152.824; 88.642; 32.226;193.262; 82.433
2003-10-31 16:00:00;145.790; 45.867;176.500;103.440;1110.720;313.763; 74.823;163.058; 70.800;122.777;   null;225.295; 75.538;126.740;155.084;139.218;151.554;153.676; 87.684; 32.016;192.406; 82.321
2003-10-31 16:05:00;145.616; 46.153;174.133;104.567;1104.280;312.640;   null;163.862; 69.306;123.493;   null;225.405; 75.373;124.220;152.836;137.190;151.192;154.986; 87.336; 32.484;193.780; 82.950
2003-10-31 16:10:00;144.492; 45.410;176.567;103.330;1106.220;316.110;   null;163.474; 71.272;121.700;   null;224.062; 76.515;122.880;155.508;135.976;151.138;153.480; 88.120; 31.910;193.458; 81.188
2003-10-31 16:15:00;145.974; 45.987;175.067;103.373;1103.200;315.197; 74.553;163.444; 69.892;122.663;   null;226.944; 76.754;123.360;154.174;138.946;151.448;154.870; 88.732; 32.642;191.914; 82.698
2003-10-31 16:20:00;145.986; 46.037;173.700;102.790;1106.740;315.380;   null;163.538; 70.672;123.410;   null;223.879; 77.429;122.760;156.066;136.644;151.204;155.340; 88.808; 32.422;194.700; 82.577
2003-10-31 16:25:00;144.678; 45.147;173.933;105.093;1100.440;316.857;   null;163.568; 70.586;125.087;   null;223.355; 76.569;122.740;153.846;139.010;150.168;154.040; 88.872; 32.170;192.950; 80.743
2003-10-31 16:30:00;143.300; 45.193;175.733;104.147;1103.700;316.697; 74.643;165.098; 69.942;122.847;   null;225.346; 76.831;125.000;153.856;138.238;153.078;153.614; 87.610; 32.038;193.594; 81.758
2003-10-31 16:35:00;143.912; 45.357;174.367;104.500;1109.660;319.700;   null;163.970; 69.658;123.370;   null;226.013; 75.618;124.480;154.102;138.598;151.822;153.576; 88.080; 32.554;194.402; 82.258
2003-10-31 16:40:00;146.024; 44.087;176.167;103.980;1105.760;316.217;   null;163.010; 70.690;123.753;   null;225.198; 76.855;127.760;154.518;139.186;149.360;155.798; 88.226; 32.352;194.924; 82.126
2003-10-31 16:45:00;144.532; 46.697;173.533;103.697;1106.300;316.970; 74.957;162.784; 69.986;123.573;   null;225.957; 76.689;127.100;155.518;138.624;153.924;154.434; 88.414; 32.172;193.304; 82.043
2003-10-31 16:50:00;145.352; 46.297;176.033;104.177;1111.520;314.317;   null;165.574; 69.720;122.253;   null;227.021; 77.256;125.620;154.132;139.592;151.136;155.142; 88.452; 31.702;192.074; 80.903
2003-10-31 16:55:00;146.994; 46.020;174.433;104.280;1109.740;313.357;   null;162.414; 70.012;122.580;   null;225.014; 75.769;124.720;154.306;138.512;151.554;156.360; 88.646; 31.308;192.420; 81.812
2003-10-31 17:00:00;143.954; 45.953;175.433;104.970;1110.500;315.973; 75.308;162.870; 70.520;124.040;   null;224.613; 77.943;125.440;153.512;139.094;151.514;153.384; 88.764; 32.196;194.994; 81.706
2003-10-31 17:05:00;145.262; 44.693;173.000;103.390;1108.920;315.673;   null;161.658; 70.212;123.693;   null;222.972; 77.821;125.960;154.764;139.726;152.704;155.338; 89.000; 32.632;192.274; 81.791
2003-10-31 17:10:00;147.326; 46.393;174.700;104.500;1105.440;315.180;   null;161.900; 69.932;124.163;   null;227.389; 75.853;123.800;156.030;139.672;151.990;155.608; 89.380; 32.546;194.710; 81.591
2003-10-31 17:15:00;146.172; 43.973;174.033;102.043;1115.500;317.603; 75.186;163.166; 70.396;125.240;   null;226.445; 77.526;127.160;154.012;140.136;152.810;152.206; 89.046; 32.010;192.570; 83.600
2003-10-31 17:20:00;146.084; 44.390;176.167;103.533;1111.840;316.397;   null;166.806; 70.664;124.193;   null;225.869; 76.384;124.700;153.698;139.608;150.208;154.566; 88.324; 32.438;191.558; 81.631
2003-10-31 17:25:00;144.556; 45.160;175.733;104.197;1106.720;316.580;   null;164.770; 71.332;123.833;   null;227.525; 76.778;125.420;155.726;137.594;149.704;153.660; 89.436; 33.312;192.248; 83.297
2003-10-31 17:30:00;145.430; 45.280;175.167;101.967;1109.760;318.647; 75.950;164.316; 69.468;123.833;   null;224.913; 77.670;126.260;155.552;139.516;150.848;154.328; 88.958; 32.162;193.176; 83.349
2003-10-31 17:35:00;147.132; 46.207;176.067;103.997;1108.840;315.314;   null;164.156; 70.868;123.837;   null;224.964; 78.274;124.880;154.954;138.772;152.880;153.446; 88.346; 32.206;194.202; 81.318
2003-10-31 17:40:00;144.820; 46.497;176.800;105.210;1109.960;315.393;   null;162.246; 70.374;124.433;   null;224.872; 76.901;126.260;154.206;138.964;150.558;154.780; 87.954; 31.966;192.560; 82.797
2003-10-31 17:45:00;144.498; 46.420;176.600;103.407;1110.440;313.983; 75.356;163.652; 71.572;125.307;   null;225.699; 77.032;126.240;154.642;138.858;151.674;154.998; 88.748; 32.250;194.058; 81.566
2003-10-31 17:50:00;145.598; 46.010;177.067;105.170;1107.060;317.050;   null;165.674; 68.994;122.496;   null;225.914; 77.305;125.120;154.860;140.040;151.082;154.706; 88.686; 32.520;192.910; 82.558
2003-10-31 17:55:00;145.642; 46.597;175.900;104.050;1120.100;314.477;   null;165.116; 70.002;125.220;   null;225.728; 77.514;125.060;155.484;139.366;150.578;154.050; 89.960; 32.292;193.046; 81.597
2003-10-31 18:00:00;146.650; 45.000;176.433;102.487;1112.220;316.043; 74.498;163.260; 72.304;123.223;   null;226.659; 77.615;125.340;155.102;139.358;151.244;155.808; 89.130; 32.504;195.856; 82.502
2003-10-31 18:05:00;145.084; 45.133;177.733;103.813;1112.380;317.460;   null;162.514; 69.988;123.526;   null;224.344; 76.946;127.100;155.412;139.332;154.288;152.064; 88.998; 32.690;194.028; 83.025
2003-10-31 18:10:00;145.542; 45.643;177.733;102.577;1117.700;318.533;   null;161.516; 71.346;124.723;   null;226.280; 77.654;127.020;154.612;137.884;151.404;153.212; 88.534; 32.070;194.472; 82.351
2003-10-31 18:15:00;146.820; 46.020;176.900;104.560;1118.380;319.440; 75.752;163.936; 70.706;126.027;   null;227.620; 76.734;126.860;154.750;138.978;152.166;155.380; 88.906; 32.580;194.542; 81.381
2003-10-31 18:20:00;146.706; 45.610;176.933;104.087;1112.780;319.060;   null;163.736; 71.930;125.483;   null;224.196; 76.945;125.740;155.826;139.470;152.022;155.224; 89.900; 33.044;196.098; 83.777
2003-10-31 18:25:00;146.996; 46.017;176.200;103.373;1113.120;319.073;   null;165.360; 70.202;124.977;   null;224.590; 77.576;126.960;154.922;140.482;153.150;153.692; 88.170; 32.552;193.614; 83.037
2003-10-31 18:30:00;145.388; 46.470;175.900;104.513;1113.680;317.323; 75.787;166.334; 70.280;124.933;   null;225.177; 78.634;126.340;154.756;139.912;153.458;155.066; 89.360; 32.480;194.274; 82.760
2003-10-31 18:35:00;146.490; 45.357;177.233;105.187;1113.800;319.143;   null;165.074; 71.202;123.203;   null;226.907; 77.509;126.780;154.492;139.436;153.482;154.068; 89.470; 32.338;193.818; 84.257
2003-10-31 18:40:00;146.034; 47.413;176.933;105.473;1113.360;318.884;   null;165.158; 72.068;125.357;   null;227.741; 78.369;125.000;155.272;138.336;153.536;153.890; 90.092; 31.984;194.998; 83.323
2003-10-31 18:45:00;146.838; 44.750;177.500;104.900;1120.120;316.536; 75.799;166.258; 71.420;124.927;   null;229.323; 77.516;126.940;155.166;138.992;152.184;155.144; 89.220; 33.110;192.528; 83.552
2003-10-31 18:50:00;146.496; 47.133;175.833;104.360;1119.120;319.873;   null;161.472; 69.720;123.023;   null;227.504; 77.259;126.560;155.042;141.326;155.512;155.572; 89.106; 32.018;194.638; 83.869
2003-10-31 18:55:00;144.952; 47.050;177.900;106.837;1111.080;318.267;   null;166.502; 70.586;123.887;   null;226.403; 77.437;126.880;154.180;138.584;153.146;155.726; 88.346; 31.842;194.164; 82.902
2003-10-31 19:00:00;146.286; 47.667;177.100;105.090;1122.240;317.200; 76.399;165.412; 70.492;125.070;   null;226.119; 78.300;126.060;154.338;139.102;152.680;155.212; 89.192; 32.836;194.654; 81.796
2003-10-31 19:05:00;147.150; 46.250;176.233;106.567;1122.880;316.940;   null;165.344; 70.638;123.980;   null;224.342; 78.419;127.080;156.074;140.762;154.078;154.612; 89.952; 31.982;194.242; 84.148
2003-10-31 19:10:00;145.352; 45.953;175.967;103.417;1114.680;320.157;   null;167.196; 70.752;124.440;   null;227.668; 77.938;125.640;154.518;139.204;151.228;152.914; 89.604; 32.942;191.712; 82.854
2003-10-31 19:15:00;144.518; 47.443;176.200;104.423;1119.300;314.600; 76.880;167.122; 69.608;124.866;   null;225.895; 77.997;125.380;155.456;138.262;153.584;153.826; 89.582; 32.518;194.602; 84.303
2003-10-31 19:20:00;146.720; 44.303;178.033;106.447;1119.300;318.660;   null;166.920; 71.980;126.877;   null;227.255; 78.390;124.900;154.870;138.676;154.202;154.684; 88.592; 32.318;194.654; 83.649
2003-10-31 19:25:00;146.768; 45.370;176.533;104.457;1120.740;318.450;   null;164.878; 70.138;125.617;   null;227.868; 77.662;127.340;157.214;140.342;151.480;155.130; 89.584; 32.690;193.488; 83.374
2003-10-31 19:30:00;145.998; 45.430;177.000;106.803;1123.180;321.407; 77.196;165.498; 72.136;123.380;   null;228.435; 77.108;128.160;153.168;138.460;154.092;154.266; 88.598; 31.786;194.434; 82.980
2003-10-31 19:35:00;146.372; 45.753;175.267;105.903;1126.120;319.483;   null;166.394; 71.276;124.273;   null;225.352; 78.676;128.340;155.176;138.660;153.528;154.166; 88.768; 32.046;194.368; 83.413
2003-10-31 19:40:00;146.232; 44.470;179.200;105.497;1120.440;317.670;   null;167.056; 70.960;124.504;   null;227.146; 77.705;127.360;152.410;140.398;153.192;154.956; 89.432; 32.540;192.750; 82.913
2003-10-31 19:45:00;146.414; 45.050;176.033;106.297;1126.620;321.137; 77.335;165.490; 71.168;123.697;   null;229.763; 78.195;127.440;154.896;139.200;151.194;154.216; 89.724; 32.282;193.066; 83.741
2003-10-31 19:50:00;147.880; 46.427;176.867;106.827;1123.920;320.007;   null;168.470; 70.804;124.204;   null;228.561; 78.889;126.180;155.286;139.396;155.468;154.130; 88.986; 32.576;194.964; 82.417
2003-10-31 19:55:00;146.280; 46.127;176.933;103.983;1122.360;321.697;   null;165.718; 70.022;125.087;   null;228.207; 77.650;129.320;155.294;141.378;153.058;154.584; 88.900; 32.588;194.130; 84.515
2003-10-31 20:00:00;146.604; 45.803;176.067;104.963;1128.960;318.983; 76.751;166.390; 70.188;124.197;   null;227.651; 78.980;127.880;154.512;140.418;154.418;154.838; 88.654; 32.418;194.496; 83.141
2003-10-31 20:05:00;146.956; 47.390;174.500;105.610;1126.700;317.903;   null;164.868; 70.364;125.473;   null;227.934; 77.715;128.040;153.824;139.522;155.622;153.594; 89.140; 32.250;194.702; 84.653
2003-10-31 20:10:00;146.386; 45.810;176.767;105.500;1124.820;321.423;   null;166.958; 70.302;124.160;   null;226.744; 79.215;127.440;153.538;139.456;154.018;154.620; 89.760; 32.766;195.734; 84.863
2003-10-31 20:15:00;147.366; 45.653;174.700;104.077;1127.400;321.647; 76.776;166.774; 71.232;124.517;   null;227.073; 77.560;127.340;155.952;140.820;155.032;154.288; 89.680; 32.544;195.348; 84.069
2003-10-31 20:20:00;146.236; 45.070;176.800;105.250;1125.160;316.523;   null;165.136; 72.704;123.447;   null;225.838; 77.607;127.500;155.444;137.906;154.206;155.614; 88.920; 32.430;193.380; 85.222
2003-10-31 20:25:00;147.034; 46.430;177.800;104.240;1124.480;319.953;   null;165.638; 69.920;125.486;   null;228.741; 78.653;127.820;156.530;140.466;154.258;155.758; 89.800; 32.506;195.196; 84.296
2003-10-31 20:30:00;144.504; 45.427;176.467;105.777;1130.460;321.047; 76.846;165.506; 71.482;125.240;   null;226.178; 77.181;127.400;154.094;140.332;155.164;156.198; 89.318; 33.070;196.736; 82.813
2003-10-31 20:35:00;145.250; 46.023;175.567;105.353;1125.600;321.887;   null;165.134; 70.334;124.443;   null;227.411; 77.545;129.040;155.190;140.702;153.100;154.858; 89.508; 31.808;195.100; 85.052
2003-10-31 20:40:00;146.216; 45.940;176.167;107.353;1125.220;319.473;   null;165.522; 70.592;125.256;   null;228.346; 78.664;128.560;156.648;141.760;153.682;154.822; 89.038; 33.216;194.670; 83.539
2003-10-31 20:45:00;146.240; 45.763;176.767;104.033;1125.900;319.933; 78.007;166.960; 71.826;125.197;   null;226.727; 77.391;126.940;154.604;139.714;154.890;154.504; 88.732; 32.786;195.648; 85.227
2003-10-31 20:50:00;147.382; 46.187;175.967;105.327;1130.480;320.080;   null;167.962; 70.104;125.310;   null;227.441; 79.796;128.640;154.728;139.388;155.560;155.610; 90.536; 32.812;197.158; 84.472
2003-10-31 20:55:00;144.846; 47.173;177.433;104.353;1123.420;323.957;   null;166.010; 71.994;125.303;   null;226.959; 77.947;127.120;157.944;139.908;154.254;154.126; 89.402; 32.938;195.844; 83.321
2003-10-31 21:00:00;145.604; 46.433;175.533;105.987;1128.680;322.460; 77.438;166.378; 70.484;125.430;   null;224.756; 79.762;128.620;158.666;138.316;152.922;156.862; 90.236; 32.716;195.250; 85.192
2003-10-31 21:05:00;147.352; 44.830;177.167;105.477;1124.940;320.160;   null;166.756; 70.768;125.467;   null;225.540; 78.059;126.020;156.466;141.996;154.268;154.818; 89.324; 32.526;194.674; 84.178
2003-10-31 21:10:00;145.664; 46.587;175.200;105.860;1131.080;322.640;   null;168.216; 70.806;124.343;   null;230.171; 77.761;126.140;155.322;140.052;153.046;152.842; 89.526; 32.610;195.272; 84.233
2003-10-31 21:15:00;147.160; 46.953;178.567;105.713;1129.720;320.420; 78.308;167.268; 71.680;125.843;   null;227.032; 77.741;127.680;155.836;139.052;156.198;155.324; 89.268; 32.106;197.872; 84.763
2003-10-31 21:20:00;145.436; 45.667;178.233;105.780;1133.180;320.173;   null;168.344; 70.710;124.120;   null;228.154; 78.455;128.160;155.694;141.464;153.202;158.214; 89.916; 32.520;196.994; 83.133
2003-10-31 21:25:00;147.154; 47.047;176.600;106.727;1129.620;322.223;   null;168.754; 69.426;124.980;   null;228.127; 77.560;128.240;155.304;140.838;152.910;154.286; 88.914; 32.232;194.764; 86.327
2003-10-31 21:30:00;148.284; 47.827;177.833;106.037;1130.860;318.990; 78.325;169.242; 69.542;126.547;   null;228.968; 78.772;129.380;156.846;140.780;154.290;155.226; 90.240; 33.168;194.540; 83.875
2003-10-31 21:35:00;146.284; 46.537;177.533;106.330;1129.180;322.523;   null;169.158; 70.186;125.380;   null;227.506; 79.477;129.900;157.284;140.222;154.690;155.204; 89.012; 33.070;197.038; 83.551
2003-10-31 21:40:00;145.192; 46.317;177.633;106.393;1130.260;324.510;   null;168.320; 70.928;126.380;   null;228.677; 79.112;129.380;155.906;140.800;156.370;154.850; 90.218; 32.712;195.434; 83.158
2003-10-31 21:45:00;146.408; 45.660;176.233;104.580;1134.820;321.323; 77.499;168.240; 70.188;126.090;   null;227.636; 78.279;129.400;154.858;141.864;156.088;154.874; 89.754; 32.856;195.906; 86.346
2003-10-31 21:50:00;148.494; 46.183;179.900;106.710;1135.200;325.577;   null;168.314; 70.158;126.577;   null;225.333; 77.387;128.500;156.124;139.792;156.586;157.330; 90.316; 32.674;195.390; 85.729
2003-10-31 21:55:00;147.848; 45.987;177.033;105.867;1129.900;324.860;   null;166.970; 71.522;126.923;   null;227.332; 78.791;126.560;155.470;139.006;154.028;154.558; 90.134; 32.980;196.766; 84.374
2003-10-31 22:00:00;147.152; 47.830;176.100;107.193;1137.920;323.033; 77.862;166.984; 72.066;126.280;   null;227.339; 78.549;130.160;155.134;139.882;154.106;153.746; 90.786; 33.042;196.782; 83.703
2003-10-31 22:05:00;149.432; 46.610;178.400;107.460;1127.120;326.183;   null;172.498; 70.952;124.127;   null;225.885; 78.211;126.580;154.842;140.366;154.906;159.542; 89.152; 32.640;195.652; 84.906
2003-10-31 22:10:00;147.276; 46.890;178.467;106.233;1128.900;325.660;   null;169.034; 71.610;125.537;   null;226.852; 78.791;125.740;154.458;140.930;155.218;155.308; 89.556; 33.116;197.504; 85.094
2003-10-31 22:15:00;147.878; 47.853;179.067;106.360;1127.140;323.766; 78.026;168.818; 72.108;127.430;   null;225.859; 77.510;129.840;153.458;140.138;154.288;157.100; 89.262; 33.058;197.614; 83.948

