DATETIME,ESOI,ATHN,MXCO,ROME,AATB,LMKS,DRBS,MOSC,NEWK,KIEL,KERG,CALG,OULU,APTY,FSMT,INVK,NAIN,PWNK,THUL,SOPB,SOPO
2001-10-21 11:45:00,170.3,52.753,217.433,124.647,1370.74,411.38,105.423,215.942,91.234,157.873,,297.795,99.329,158.22,200.032,176.986,200.03,199.67,112.484,46.24,267.592
2001-10-21 11:50:00,171.264,52.71,214.067,129.2,1372.96,410.457,,212.924,90.72,157.847,,297.288,100.149,156.96,200.434,173.888,202.106,200.562,112.19,45.706,268.058
2001-10-21 11:55:00,170.588,52.373,216.733,127.077,1368.92,409.363,,215.232,90.436,158.394,,294.78,98.805,157.78,199.558,174.846,201.22,200.572,112.986,45.656,266.458
2001-10-21 12:00:00,170.516,51.387,215.333,127.743,1373.76,409.0,105.054,213.66,88.786,158.626,,295.22,99.457,159.74,200.066,177.058,200.644,199.51,113.974,45.82,266.046
2001-10-21 12:05:00,171.394,51.9,213.4,127.04,1374.52,410.633,,212.396,92.02,161.273,,296.766,99.466,159.82,197.308,176.4,200.448,200.306,113.206,46.48,266.792
2001-10-21 12:10:00,171.92,52.453,213.667,126.563,1368.62,410.72,,215.128,90.246,159.213,,297.362,99.771,159.96,200.286,175.078,199.558,199.968,113.744,46.854,269.698
2001-10-21 12:15:00,169.412,51.867,212.967,126.58,1376.82,410.853,105.03,214.454,89.876,157.37,,290.756,98.738,159.34,199.2,176.278,200.706,200.31,112.458,45.068,266.888
2001-10-21 12:20:00,171.312,52.113,213.733,126.037,1365.2,408.527,,212.336,89.99,158.56,,293.392,97.276,159.56,197.642,174.174,199.744,199.71,112.018,46.02,267.978
2001-10-21 12:25:00,171.832,52.687,211.2,127.08,1366.88,410.074,,212.46,89.716,159.48,,293.798,98.306,159.3,198.786,175.34,200.598,199.184,111.684,46.45,266.674
2001-10-21 12:30:00,170.872,52.78,212.467,125.653,1362.92,411.47,105.607,214.648,90.498,158.117,,291.658,100.323,159.52,199.528,175.376,200.616,199.958,111.36,45.508,267.47
2001-10-21 12:35:00,170.276,53.06,214.9,126.83,1371.76,410.42,,215.184,90.22,160.177,,297.468,98.929,159.86,197.404,176.742,200.09,198.8,112.028,45.776,267.756
2001-10-21 12:40:00,172.546,52.57,216.133,127.39,1382.22,407.493,,214.306,90.53,158.227,,295.948,98.621,157.68,199.524,173.872,199.116,,111.342,45.914,267.844
2001-10-21 12:45:00,171.852,51.667,215.7,128.3,1366.8,406.92,104.931,213.892,90.2,159.33,,295.678,98.054,156.86,200.818,175.272,201.058,199.452,111.644,46.08,267.404
2001-10-21 12:50:00,168.856,51.397,214.7,127.847,1373.38,410.333,,212.372,92.078,158.473,,295.128,100.588,159.54,197.426,175.238,199.274,200.664,111.758,45.088,267.84
2001-10-21 12:55:00,171.786,52.137,213.667,128.003,1376.62,406.64,,215.674,90.704,158.773,,293.336,99.203,159.5,198.14,176.438,200.626,196.146,112.976,45.208,266.058
2001-10-21 13:00:00,170.594,51.64,216.067,127.283,1367.22,410.903,105.429,213.146,91.174,157.637,,295.805,100.685,157.5,200.31,176.356,199.146,198.31,112.628,46.806,266.13
2001-10-21 13:05:00,171.214,51.833,211.333,127.953,1366.26,407.663,,214.666,91.05,157.25,,296.38,97.549,158.14,199.918,176.97,201.322,201.316,111.244,45.828,265.104
2001-10-21 13:10:00,171.922,52.247,216.0,127.857,1366.74,408.16,,213.82,90.972,160.003,,295.082,99.508,158.66,199.544,175.738,199.548,199.344,113.29,45.8,268.434
2001-10-21 13:15:00,170.884,52.403,214.667,126.957,1369.54,407.797,106.568,214.004,90.32,157.483,,293.178,99.436,157.56,196.578,178.026,202.216,198.524,111.788,45.712,271.31
2001-10-21 13:20:00,169.732,52.183,215.833,129.307,1373.52,410.543,,211.76,89.96,157.927,,295.035,99.671,158.78,197.258,175.064,201.222,198.124,111.214,45.846,269.828
2001-10-21 13:25:00,172.374,52.86,215.967,125.717,1373.26,409.213,,214.218,92.306,157.777,,294.753,99.894,157.8,195.78,176.998,198.06,197.894,112.092,46.696,267.406
2001-10-21 13:30:00,170.666,53.33,212.667,126.8,1365.68,409.59,104.792,214.318,91.228,157.737,,295.294,98.043,157.54,196.596,175.12,197.608,200.178,110.828,46.628,269.68
2001-10-21 13:35:00,171.304,52.48,217.433,126.597,1374.62,410.783,,215.81,90.132,157.87,,297.251,99.115,157.92,198.284,175.174,199.89,199.28,113.176,45.99,270.19
2001-10-21 13:40:00,171.292,52.197,212.833,126.87,1375.66,409.157,,212.334,88.256,157.96,,293.593,98.295,157.8,198.038,176.754,199.67,198.69,111.558,45.68,269.892
2001-10-21 13:45:00,172.054,52.637,213.933,127.277,1375.22,405.36,105.637,214.662,91.062,159.777,,294.011,99.65,159.28,197.906,173.776,199.472,199.61,112.548,46.116,267.626
2001-10-21 13:50:00,172.212,51.943,215.133,128.343,1365.88,406.436,,213.568,90.32,157.903,,294.652,100.81,157.84,195.38,178.156,200.18,200.68,112.022,46.058,270.998
2001-10-21 13:55:00,171.904,53.203,214.1,127.283,1374.22,409.14,,211.962,89.152,158.907,,294.774,98.622,158.46,197.088,176.176,200.58,200.42,111.618,46.306,269.304
2001-10-21 14:00:00,172.434,53.11,212.367,129.647,1375.08,414.927,104.605,215.544,89.842,158.413,,294.605,97.676,160.8,200.908,175.872,199.574,199.988,111.164,46.0,270.086
2001-10-21 14:05:00,171.874,52.173,212.167,126.727,1370.28,412.703,,211.178,89.986,158.443,,294.323,98.07,159.0,199.302,177.582,200.448,202.632,111.688,45.326,266.446
2001-10-21 14:10:00,171.832,53.113,212.567,126.973,1369.34,408.607,,213.22,89.636,159.263,,296.278,99.82,157.12,199.576,177.788,198.74,200.36,110.866,45.688,270.352
2001-10-21 14:15:00,171.05,52.033,215.133,128.767,1376.02,409.703,105.271,214.928,90.138,159.877,,293.94,98.736,158.02,199.132,175.346,199.348,199.97,111.71,46.054,266.718
2001-10-21 14:20:00,171.144,52.873,216.5,127.637,1372.94,413.15,,211.61,91.714,159.7,,292.234,99.125,156.88,198.848,177.142,199.872,199.448,110.634,46.184,268.62
2001-10-21 14:25:00,173.234,52.233,213.7,127.35,1379.82,411.953,,214.522,90.33,160.387,,295.604,98.819,159.94,200.956,177.662,197.844,201.162,112.346,46.11,267.922
2001-10-21 14:30:00,173.054,51.617,212.0,126.203,1376.82,410.92,105.623,212.53,90.008,155.827,,291.559,97.499,159.28,200.788,176.366,199.582,198.773,112.346,46.434,267.136
2001-10-21 14:35:00,171.45,51.907,213.1,127.95,1373.58,409.023,,212.9,89.796,158.57,,292.739,99.611,158.4,197.476,176.336,198.524,200.05,111.396,46.678,267.3
2001-10-21 14:40:00,170.956,53.287,216.167,128.793,1373.96,410.703,,213.338,89.316,158.773,,290.548,97.365,156.96,199.492,176.902,199.638,199.553,111.974,45.282,269.33
2001-10-21 14:45:00,170.838,53.077,213.4,127.403,1382.86,415.08,106.077,214.08,89.212,158.997,,292.402,98.974,157.86,201.514,176.136,198.128,197.838,112.068,45.76,271.556
2001-10-21 14:50:00,171.26,53.073,214.333,126.11,1372.8,413.557,,213.002,90.848,158.103,,293.738,97.479,159.16,198.096,176.742,199.182,197.332,112.692,46.208,268.534
2001-10-21 14:55:00,173.326,53.313,212.467,126.037,1374.94,411.737,,216.666,90.01,157.707,,288.449,97.271,158.86,199.134,172.578,200.91,197.874,110.688,45.85,270.052
2001-10-21 15:00:00,171.322,51.73,213.4,127.053,1382.04,410.85,105.808,213.268,90.612,156.483,,290.124,99.726,159.8,200.09,176.66,198.178,198.982,112.694,46.192,269.674
2001-10-21 15:05:00,169.974,50.187,214.433,126.03,1367.96,414.357,,213.54,88.872,156.967,,293.94,98.83,161.42,198.724,174.696,199.002,199.016,111.192,46.646,269.0
2001-10-21 15:10:00,172.856,52.507,215.5,126.157,1365.66,409.733,,212.81,90.672,157.483,,291.168,99.527,161.04,200.42,171.324,199.954,197.874,111.548,46.094,268.906
2001-10-21 15:15:00,172.206,51.217,213.867,126.907,1370.68,410.813,105.614,212.514,89.694,158.757,,290.955,99.154,157.08,198.062,173.904,197.916,198.326,110.216,46.622,269.012
2001-10-21 15:20:00,172.554,51.087,212.6,125.927,1380.8,412.863,,214.094,90.664,157.473,,291.191,100.016,161.24,196.654,172.022,199.354,195.652,111.392,46.604,269.724
2001-10-21 15:25:00,170.58,52.16,212.8,126.513,1376.14,411.306,,210.72,91.266,158.563,,288.432,99.794,157.94,194.878,174.186,200.18,199.694,111.374,46.344,269.684
2001-10-21 15:30:00,169.462,53.077,216.233,127.94,1370.1,410.973,104.224,210.67,89.512,159.477,,289.701,100.197,157.08,197.146,173.208,201.034,200.298,110.908,46.038,268.67
2001-10-21 15:35:00,172.04,52.833,212.5,127.13,1373.86,414.257,,216.394,88.894,159.96,,287.651,98.571,158.8,197.164,172.268,198.398,199.25,112.13,45.942,266.496
2001-10-21 15:40:00,168.684,52.247,212.033,126.91,1377.6,409.627,,213.02,89.78,157.583,,288.827,100.249,158.6,196.726,173.396,197.246,195.836,111.546,45.42,269.57
2001-10-21 15:45:00,171.938,53.75,213.433,126.08,1377.88,408.33,105.071,210.242,91.224,160.873,,287.617,98.916,159.28,196.972,175.708,196.744,198.792,109.364,46.45,269.562
2001-10-21 15:50:00,172.214,51.747,213.433,127.6,1375.62,408.79,,213.892,89.728,156.957,,286.381,97.594,158.86,195.212,171.668,199.89,199.84,109.562,46.21,270.386
2001-10-21 15:55:00,170.908,52.18,213.4,126.117,1371.12,411.3,,213.458,91.176,159.05,,293.288,98.403,160.48,194.956,173.458,198.588,198.807,109.632,46.202,268.512
2001-10-21 16:00:00,171.95,53.05,213.133,125.713,1371.14,409.937,106.312,213.166,90.546,158.957,,293.444,100.364,158.6,196.526,174.688,198.894,197.974,110.708,45.662,268.302
2001-10-21 16:05:00,171.998,51.483,212.4,128.297,1367.94,408.62,,211.2,90.442,157.983,,293.578,98.37,158.8,195.256,170.004,199.796,198.458,110.666,46.456,267.436
2001-10-21 16:10:00,172.342,52.077,215.367,126.76,1375.12,410.587,,211.716,90.674,157.91,,295.274,98.931,158.24,195.366,169.8,199.36,200.228,110.984,45.89,269.004
2001-10-21 16:15:00,170.974,52.55,212.5,125.953,1372.74,407.697,104.891,211.246,88.428,156.283,,295.293,97.771,160.56,195.562,171.84,195.976,201.158,111.108,47.182,269.438
2001-10-21 16:20:00,172.152,52.56,215.967,127.157,1372.6,409.817,,212.104,89.724,158.04,228.448,295.764,97.772,157.6,195.89,170.674,198.576,197.756,110.93,46.462,270.728
2001-10-21 16:25:00,172.7,52.45,212.233,126.683,1375.68,407.203,,210.448,90.058,158.743,,298.455,98.794,158.68,195.998,171.562,196.018,199.06,110.844,45.892,267.608
2001-10-21 16:30:00,171.46,52.637,214.667,128.297,1376.86,411.76,104.573,214.798,90.64,159.147,,296.101,98.742,159.42,195.414,170.712,198.102,199.016,111.76,46.634,269.846
2001-10-21 16:35:00,171.648,53.227,212.833,126.72,1371.72,413.16,,212.238,90.444,159.747,,297.263,99.922,159.0,196.502,171.582,199.524,200.894,112.958,45.728,269.332
2001-10-21 16:40:00,172.75,54.63,214.533,127.067,1365.96,414.19,,213.558,89.966,159.107,,297.129,97.648,160.26,197.818,171.802,199.474,200.782,110.342,46.39,269.912
2001-10-21 16:45:00,171.008,51.727,214.2,127.547,1365.8,413.077,105.01,212.898,91.016,159.03,,298.084,99.404,158.02,199.088,171.73,198.452,201.942,110.786,45.928,267.784
2001-10-21 16:50:00,170.382,52.707,217.067,125.457,1364.1,408.87,,213.01,89.25,158.377,,297.935,98.01,158.92,200.41,174.394,199.194,200.674,110.406,46.064,268.266
2001-10-21 16:55:00,170.618,53.577,215.967,126.2,1375.18,409.1,,210.114,89.386,157.397,,295.266,99.65,158.58,201.148,172.562,200.616,200.798,112.432,46.698,271.298
2001-10-21 17:00:00,172.198,52.37,215.1,126.017,1371.98,408.84,104.037,213.444,90.11,158.593,,300.152,98.407,158.02,197.808,177.088,200.672,201.692,111.262,45.81,268.642
2001-10-21 17:05:00,172.454,52.337,211.667,127.997,1376.9,408.737,,210.528,90.154,157.377,,297.987,98.737,157.98,200.996,175.406,198.868,199.806,109.704,46.432,268.222
2001-10-21 17:10:00,171.108,52.657,211.8,125.747,1377.14,415.16,,213.048,91.134,158.667,,297.383,99.268,158.32,200.042,173.982,199.968,201.114,110.494,46.434,269.31
2001-10-21 17:15:00,171.938,51.767,213.033,127.82,1377.44,411.03,104.713,213.23,89.932,158.327,,298.106,99.184,157.4,199.334,175.946,197.84,199.44,110.48,45.976,267.644
2001-10-21 17:20:00,171.12,52.39,213.067,126.34,1372.9,413.14,,211.912,90.396,156.577,,300.298,97.673,159.12,199.246,173.478,198.628,199.178,110.588,46.62,267.406
2001-10-21 17:25:00,170.558,51.273,214.333,127.783,1380.5,413.43,,213.3,89.906,158.45,,299.226,97.497,158.06,196.966,173.602,198.284,199.44,108.272,46.448,267.558
2001-10-21 17:30:00,171.604,52.133,212.867,128.587,1384.72,417.063,105.958,210.852,90.22,155.363,,297.821,98.16,157.72,197.404,173.552,197.312,201.924,109.178,46.306,266.126
2001-10-21 17:35:00,170.018,51.387,213.933,128.187,1376.28,410.357,,212.622,90.272,158.413,,297.854,98.221,156.58,196.8,172.144,199.144,199.857,110.154,45.586,268.946
2001-10-21 17:40:00,171.102,51.537,213.7,128.8,1377.66,412.29,,213.316,89.892,158.407,,296.699,97.821,156.7,196.758,174.172,199.944,197.2,109.436,46.098,265.924
2001-10-21 17:45:00,171.572,52.617,216.6,127.273,1385.28,412.823,105.541,214.308,89.908,156.27,,294.629,96.577,153.34,198.512,172.268,198.068,200.3,107.41,45.41,268.178
2001-10-21 17:50:00,172.704,51.75,214.067,124.853,1383.56,414.96,,213.216,89.104,156.517,,294.376,97.7,155.3,197.362,173.078,198.33,199.806,109.68,46.446,267.768
2001-10-21 17:55:00,169.894,52.273,214.967,128.93,1384.76,414.7,,210.738,90.322,155.13,,295.648,95.774,155.8,197.136,173.6,196.466,199.278,108.436,45.608,265.258
2001-10-21 18:00:00,171.34,52.057,215.833,128.367,1386.34,417.556,104.933,211.494,89.78,155.603,,295.05,96.853,157.26,197.836,170.502,198.42,200.354,108.196,45.664,267.138
2001-10-21 18:05:00,172.104,52.207,213.733,126.687,1390.4,414.79,,210.502,88.542,155.597,,295.851,97.408,155.84,196.646,172.202,197.79,198.314,109.502,46.086,264.158
2001-10-21 18:10:00,174.808,53.603,212.2,127.567,1386.68,416.51,,211.372,89.926,156.47,,295.185,97.406,156.9,195.876,173.652,199.234,198.408,108.178,45.82,268.044
2001-10-21 18:15:00,174.038,54.073,212.6,126.873,1390.18,415.667,105.413,210.428,90.702,154.97,,295.055,96.535,157.66,197.524,173.386,196.708,199.824,106.96,45.804,266.914
2001-10-21 18:20:00,173.194,51.777,212.433,127.277,1380.64,417.863,,212.328,89.908,156.54,,293.689,97.302,156.22,198.342,168.83,198.36,198.038,108.666,44.942,266.564
2001-10-21 18:25:00,173.372,53.57,215.167,129.36,1391.44,415.28,,208.85,89.6,155.39,,296.069,96.965,155.48,199.0,172.302,197.312,199.096,108.89,46.09,266.062
2001-10-21 18:30:00,175.56,52.78,216.433,128.76,1389.66,414.09,105.409,211.538,89.742,155.04,,294.939,97.063,157.58,198.084,174.466,197.008,197.108,108.22,45.712,264.656
2001-10-21 18:35:00,173.902,53.713,212.7,128.793,1394.56,415.967,,212.834,91.082,156.357,,291.034,95.325,157.12,196.74,171.418,195.93,197.972,108.036,45.346,264.668
2001-10-21 18:40:00,170.944,53.423,214.6,127.46,1385.02,409.98,,211.528,89.692,157.147,,291.506,96.783,155.72,195.398,169.77,197.098,197.69,107.944,45.226,267.058
2001-10-21 18:45:00,174.062,53.08,216.2,127.307,1383.56,414.81,104.56,210.732,87.598,156.267,,289.492,96.308,156.2,197.46,171.238,197.684,196.984,108.178,45.986,262.458
2001-10-21 18:50:00,171.736,51.883,214.867,126.637,1387.8,413.29,,212.388,89.784,157.347,,291.518,96.925,153.04,198.54,172.234,198.91,197.954,109.454,45.148,262.74
2001-10-21 18:55:00,171.894,52.84,213.867,128.143,1384.54,410.153,,208.056,89.706,155.983,,290.245,95.122,153.18,196.384,169.992,195.968,197.192,108.798,44.756,264.568
2001-10-21 19:00:00,172.506,53.24,213.6,128.423,1379.06,408.547,103.581,206.884,88.3,154.93,,290.065,94.357,153.76,194.536,171.326,196.798,196.468,108.912,44.86,265.22
2001-10-21 19:05:00,172.47,53.147,214.633,127.627,1373.68,404.237,,207.006,89.244,155.353,,289.224,96.431,152.18,196.14,170.752,195.014,198.992,109.436,45.2,263.52
2001-10-21 19:10:00,171.038,51.6,212.133,127.48,1374.54,408.037,,207.918,89.772,155.23,,292.756,95.234,151.36,196.008,172.714,197.072,196.52,108.47,44.392,262.244
2001-10-21 19:15:00,170.46,51.927,212.1,127.64,1368.7,405.573,103.836,205.164,90.538,155.15,,291.251,94.578,151.52,195.46,172.778,195.324,194.07,108.38,44.306,262.004
2001-10-21 19:20:00,172.372,52.447,214.8,126.163,1368.22,408.217,,206.756,88.628,156.11,,292.163,95.028,154.14,195.836,170.666,195.56,195.918,108.678,44.912,261.666
2001-10-21 19:25:00,172.022,52.713,212.933,125.553,1366.48,405.45,,204.396,87.28,152.89,,288.591,94.959,154.06,195.818,170.192,194.552,196.416,107.832,44.088,258.518
2001-10-21 19:30:00,171.806,52.05,211.8,125.767,1366.0,402.643,102.581,203.976,88.93,154.003,,293.254,96.267,154.14,195.286,171.778,195.938,197.672,108.776,44.258,260.42
2001-10-21 19:35:00,172.824,53.053,210.6,125.83,1369.78,404.873,,205.928,89.696,153.374,,289.669,94.995,152.96,192.666,170.466,195.108,196.24,108.854,44.594,260.646
2001-10-21 19:40:00,172.144,52.103,211.333,124.323,1377.72,401.127,,207.994,88.06,154.607,,288.93,94.904,153.42,194.798,171.976,195.546,194.593,108.88,44.794,260.64
2001-10-21 19:45:00,172.71,54.433,213.367,126.45,1364.44,403.75,102.614,206.378,89.506,152.267,,292.202,94.201,152.84,194.46,173.712,197.192,194.09,109.452,45.096,259.182
2001-10-21 19:50:00,168.578,51.4,213.7,125.343,1368.06,405.42,,207.156,87.728,152.877,,291.051,94.312,154.86,196.918,171.776,195.964,197.68,108.502,44.926,261.936
2001-10-21 19:55:00,172.45,52.33,212.067,124.123,1371.2,406.383,,204.072,89.772,155.21,,288.371,94.722,151.28,195.718,171.454,193.44,198.02,109.35,44.63,260.346
2001-10-21 20:00:00,174.182,52.43,212.367,125.837,1377.72,405.967,103.71,203.944,88.92,151.773,,293.947,96.696,154.24,195.99,171.552,193.228,196.012,108.41,43.686,259.08
2001-10-21 20:05:00,171.234,51.623,213.133,125.373,1381.2,406.007,,206.824,89.924,153.563,,291.349,94.036,153.96,197.178,170.782,194.98,196.87,108.462,44.512,256.048
2001-10-21 20:10:00,172.218,52.687,211.7,127.453,1385.46,402.787,,208.168,89.192,153.033,,290.199,95.794,153.32,195.034,172.034,194.49,198.764,108.406,44.626,258.226
2001-10-21 20:15:00,171.582,53.693,211.2,125.907,1386.72,406.143,102.831,206.378,88.338,152.507,,294.39,96.266,152.22,194.24,173.018,197.908,195.952,108.836,44.474,261.076
2001-10-21 20:20:00,173.77,54.017,215.3,126.253,1384.68,405.483,,206.364,90.122,152.7,,294.696,96.793,152.94,197.462,169.948,195.316,197.924,109.798,44.74,259.454
2001-10-21 20:25:00,170.894,53.067,211.467,127.237,1381.84,405.703,,206.114,90.08,150.413,,292.598,93.845,154.5,197.056,171.5,196.028,197.414,107.35,44.986,260.058
2001-10-21 20:30:00,172.63,53.137,212.133,127.29,1375.36,409.09,103.803,208.476,89.148,153.91,,292.024,96.567,154.94,196.3,171.972,196.598,196.06,109.244,44.328,261.026
2001-10-21 20:35:00,172.602,53.68,212.067,127.6,1383.84,409.537,,209.094,89.152,151.88,,292.301,97.238,155.58,198.604,173.046,197.088,196.638,108.788,44.876,259.11
2001-10-21 20:40:00,172.092,52.46,213.833,126.68,1378.32,409.813,,208.664,88.898,155.45,,296.821,96.276,154.5,194.728,174.306,195.754,196.462,110.104,44.876,260.824
2001-10-21 20:45:00,172.91,51.703,213.267,127.64,1373.56,411.04,104.107,210.238,89.614,153.644,,291.614,95.767,154.58,197.484,171.36,196.088,199.394,108.922,44.536,260.736
2001-10-21 20:50:00,173.598,53.0,214.567,127.847,1375.94,410.24,,210.672,90.274,155.05,,292.874,96.775,156.66,194.76,172.142,195.94,197.104,109.248,43.996,259.502
2001-10-21 20:55:00,172.132,53.64,212.033,127.907,1366.8,413.163,,208.54,88.746,152.97,,292.252,97.406,154.94,198.202,173.386,194.608,196.944,107.952,44.008,258.918
2001-10-21 21:00:00,169.036,52.587,213.867,128.653,1363.86,412.107,105.013,208.64,89.256,154.28,,295.0,97.867,154.36,196.02,172.06,198.422,195.788,109.144,44.578,258.948
2001-10-21 21:05:00,170.028,53.08,216.4,127.667,1360.76,410.12,,205.292,88.886,153.537,,291.32,96.858,152.1,198.506,170.862,197.382,196.07,108.356,44.65,258.43
2001-10-21 21:10:00,171.056,52.397,213.533,125.99,1355.8,408.027,,205.05,88.306,154.893,,291.644,95.688,153.12,194.994,172.596,196.352,197.428,109.654,44.804,260.258
2001-10-21 21:15:00,171.812,52.767,214.067,127.673,1360.48,405.61,103.139,206.12,88.144,155.463,,292.083,94.507,152.76,195.102,172.142,193.818,195.08,107.628,44.902,258.222
2001-10-21 21:20:00,168.148,52.347,211.333,124.593,1350.52,401.393,,204.402,89.182,152.25,,292.357,95.373,152.22,195.8,172.806,194.108,192.714,109.162,44.904,260.576
2001-10-21 21:25:00,170.376,52.517,210.9,125.437,1360.48,401.6,,201.266,87.242,152.28,,292.228,94.221,153.0,193.622,172.962,194.94,193.924,108.782,44.762,259.65
2001-10-21 21:30:00,170.254,50.307,211.933,122.76,1363.08,397.66,101.092,201.43,87.406,151.71,,290.761,94.511,149.76,194.638,170.964,191.958,193.174,108.382,44.258,260.456
2001-10-21 21:35:00,170.666,51.773,211.3,123.38,1363.3,399.16,,204.762,89.776,152.98,,290.321,94.363,149.84,192.702,170.374,192.972,195.052,108.046,44.852,260.234
2001-10-21 21:40:00,168.758,52.38,210.567,123.59,1358.26,398.507,,205.576,86.45,152.583,,288.925,94.36,152.34,192.848,169.774,192.324,194.288,106.932,44.704,259.648
2001-10-21 21:45:00,169.29,52.807,210.067,124.777,1363.12,398.03,102.266,202.074,87.432,151.057,,285.08,92.741,149.96,192.36,169.876,190.2,192.616,107.362,44.124,258.856
2001-10-21 21:50:00,169.99,51.493,212.667,124.697,1363.04,398.76,,204.836,87.55,148.633,,286.866,93.107,151.98,193.568,169.348,192.068,190.876,107.368,44.012,258.584
2001-10-21 21:55:00,170.19,52.127,210.967,123.09,1355.52,399.877,,202.682,86.962,152.313,,282.441,94.111,153.2,191.778,169.482,190.612,193.992,107.772,44.602,258.7
2001-10-21 22:00:00,169.28,52.48,209.533,123.703,1361.3,398.173,102.193,204.732,86.51,150.423,,285.599,95.784,152.88,190.91,169.372,195.458,192.6,108.518,42.876,257.164
2001-10-21 22:05:00,168.906,52.087,207.233,124.22,1355.64,396.063,,202.328,87.04,150.92,,283.088,93.267,152.78,192.584,169.5,191.312,192.41,107.738,44.24,254.3
2001-10-21 22:10:00,169.774,52.44,207.4,123.863,1353.7,396.113,,203.076,85.592,150.743,,285.715,95.445,151.2,190.42,169.39,190.912,193.44,107.716,43.894,255.17
2001-10-21 22:15:00,169.012,52.13,210.067,123.413,1357.52,398.393,101.441,202.46,84.718,150.193,,284.042,93.243,151.5,191.256,168.724,193.264,191.094,108.642,43.4,254.312
2001-10-21 22:20:00,169.446,52.15,207.067,124.687,1364.18,396.357,,202.908,87.926,148.32,,284.126,94.416,152.84,192.716,170.524,192.47,194.67,107.622,43.324,255.37
2001-10-21 22:25:00,169.734,52.17,209.367,124.237,1353.52,397.853,,204.284,86.4,152.137,,284.288,94.435,152.64,190.418,169.668,194.052,193.58,108.566,42.508,255.09
2001-10-21 22:30:00,171.662,51.913,207.2,123.55,1352.44,396.24,100.924,204.262,88.392,148.943,,288.909,95.386,150.02,193.138,170.82,192.45,195.026,107.14,42.814,253.716
2001-10-21 22:35:00,168.656,52.023,210.0,124.803,1348.16,393.577,,201.184,86.822,149.53,,286.443,95.282,152.4,192.284,171.112,192.49,194.998,106.256,43.31,251.978
2001-10-21 22:40:00,168.11,51.113,207.567,123.81,1328.24,396.48,,203.458,85.794,149.68,,285.989,95.217,151.4,193.694,169.49,192.66,196.754,107.748,43.108,251.984
2001-10-21 22:45:00,169.628,51.727,210.467,123.603,1341.48,401.067,101.243,202.178,86.726,151.183,,284.366,92.307,151.44,190.824,170.612,193.504,193.91,107.756,43.18,249.4
2001-10-21 22:50:00,170.17,50.803,208.8,123.12,1336.02,393.317,,202.886,86.482,150.48,,285.437,93.424,151.36,192.426,169.514,191.524,193.226,107.59,43.438,250.954
2001-10-21 22:55:00,170.648,50.477,208.267,123.997,1337.86,397.727,,200.426,85.488,150.14,,287.385,93.496,151.9,191.006,170.988,193.14,193.338,107.87,43.114,252.534
2001-10-21 23:00:00,169.992,51.86,208.667,123.913,1346.96,396.31,100.636,204.132,87.928,151.463,,283.814,94.791,154.22,191.828,170.236,191.844,193.624,108.424,42.078,250.798
2001-10-21 23:05:00,168.852,50.957,208.867,123.27,1345.7,393.56,,203.91,88.356,150.043,,286.914,93.809,153.16,191.186,169.546,193.018,193.218,108.566,42.882,254.228
2001-10-21 23:10:00,165.882,51.653,211.033,123.767,1350.88,401.257,,202.928,86.438,149.55,,286.248,95.515,153.24,193.688,170.45,193.39,193.384,108.23,42.848,249.422
2001-10-21 23:15:00,169.394,53.017,207.8,123.667,1349.76,397.96,101.078,200.696,86.714,149.997,,285.863,94.977,153.46,193.028,170.29,191.856,192.59,107.18,43.262,250.77
2001-10-21 23:20:00,168.752,53.04,210.2,122.823,1347.5,401.66,,201.288,86.988,149.783,,283.692,94.938,152.3,191.906,168.548,192.886,193.694,109.15,43.712,253.538
2001-10-21 23:25:00,166.308,51.053,210.133,122.753,1344.88,396.88,,204.104,87.434,152.223,,285.928,94.107,152.52,192.592,168.904,193.076,193.216,107.644,43.32,250.746
2001-10-21 23:30:00,170.066,51.603,212.3,124.09,1341.08,394.907,100.979,203.306,86.498,150.797,,285.96,95.772,154.2,192.906,169.73,192.786,193.054,107.726,43.05,251.83
2001-10-21 23:35:00,167.49,51.527,212.033,125.283,1341.22,394.683,,204.376,87.45,151.31,,283.789,94.88,152.4,191.328,169.846,194.646,193.39,108.026,43.002,250.438
2001-10-21 23:40:00,168.576,51.373,210.4,124.243,1345.32,396.95,,203.256,86.186,148.8,,284.618,93.52,150.66,194.104,169.192,192.874,193.73,107.744,42.78,251.39
2001-10-21 23:45:00,169.68,51.357,211.133,124.95,1345.02,393.863,101.109,205.396,87.77,152.223,,282.32,94.984,153.06,192.518,167.154,193.018,193.484,108.282,42.968,251.96
2001-10-21 23:50:00,167.06,53.43,212.1,122.783,1330.78,398.5,,202.956,86.12,150.037,,285.362,94.136,153.32,191.782,169.63,193.452,194.052,109.06,42.92,250.6
2001-10-21 23:55:00,168.358,52.24,209.6,124.557,1332.52,398.387,,202.894,87.806,150.62,,285.348,94.53,151.92,192.806,167.992,192.908,193.102,107.99,42.932,248.584
2001-10-22 00:00:00,166.702,51.527,210.667,123.983,1334.42,393.333,101.319,204.54,85.474,149.607,,288.244,94.35,154.56,193.392,167.24,194.852,192.582,108.454,42.716,249.76
2001-10-22 00:05:00,166.852,51.83,210.1,122.673,1334.28,392.597,,201.824,86.55,150.057,,281.045,94.885,151.34,191.34,171.216,192.706,191.654,107.988,41.884,250.982
2001-10-22 00:10:00,165.532,51.01,209.3,124.367,1326.78,393.56,,201.624,85.764,149.037,,282.509,94.999,155.06,191.162,167.814,191.092,193.044,108.372,42.48,247.774
2001-10-22 00:15:00,165.704,51.057,208.933,123.477,1318.54,397.597,101.051,203.358,85.458,150.127,,281.551,95.264,152.02,193.492,170.256,192.31,191.778,107.864,42.664,251.088
2001-10-22 00:20:00,168.016,49.407,209.533,125.3,1323.34,396.51,,201.428,86.228,148.98,,280.086,93.743,153.52,191.35,168.572,191.39,193.144,108.316,42.492,248.134
2001-10-22 00:25:00,167.524,50.687,209.467,123.91,1326.58,391.643,,203.696,84.64,151.977,,280.776,93.793,149.78,191.146,168.15,192.564,192.372,106.818,42.61,249.58
2001-10-22 00:30:00,167.802,51.367,209.433,124.06,1320.42,391.833,101.736,200.556,85.512,148.957,,282.393,93.098,151.44,191.182,167.882,191.428,192.792,108.322,42.722,250.166
2001-10-22 00:35:00,165.996,51.107,209.267,123.91,1321.32,394.647,,199.822,85.506,149.84,,280.785,94.66,152.74,190.312,168.178,192.162,193.164,106.906,42.866,248.058
2001-10-22 00:40:00,165.28,51.743,210.767,122.783,1318.42,394.047,,203.134,86.754,148.183,,279.839,93.595,151.52,190.236,169.504,191.326,194.096,106.974,42.73,250.58
2001-10-22 00:45:00,168.15,50.777,210.0,124.44,1320.88,393.083,100.62,202.762,86.444,150.21,,280.891,93.767,151.9,190.978,167.378,189.702,192.024,107.402,42.224,250.172
2001-10-22 00:50:00,167.538,50.337,211.033,123.367,1320.08,393.387,,204.468,87.23,150.203,,280.043,94.042,149.78,190.15,168.278,192.274,192.444,107.24,42.318,247.122
2001-10-22 00:55:00,167.684,51.097,207.933,122.173,1323.24,397.563,,203.736,86.734,151.44,,282.065,93.207,152.26,189.39,168.36,190.96,191.908,106.806,42.23,249.19
2001-10-22 01:00:00,164.16,51.74,211.6,123.397,1323.4,394.093,101.299,203.104,85.014,149.107,,277.023,93.859,150.72,190.58,168.54,189.456,191.15,107.456,42.282,248.572
2001-10-22 01:05:00,167.888,50.873,207.167,122.137,1332.42,389.817,,202.702,86.736,149.667,,277.617,93.814,152.6,190.626,166.888,188.794,191.642,107.878,43.08,247.616
2001-10-22 01:10:00,169.226,50.823,209.4,124.953,1338.6,392.96,,202.136,85.086,149.307,,280.417,94.93,151.28,189.96,165.686,189.032,192.368,107.258,42.884,248.442
2001-10-22 01:15:00,166.206,50.95,207.933,126.003,1322.88,394.027,100.277,202.486,85.454,150.96,,280.256,94.295,150.68,188.604,168.132,189.54,193.272,107.64,42.382,247.582
2001-10-22 01:20:00,167.382,50.533,211.133,123.747,1324.6,394.22,,201.688,85.554,149.47,,281.672,93.482,153.76,190.396,166.37,192.166,193.242,107.688,42.296,249.436
2001-10-22 01:25:00,167.912,51.21,206.1,124.16,1336.24,391.593,,204.246,85.422,149.917,,279.066,93.971,150.82,190.544,168.528,189.98,191.32,106.062,41.514,249.148
2001-10-22 01:30:00,166.594,50.483,209.7,122.153,1332.8,394.94,100.518,204.764,85.368,152.23,,281.539,95.025,150.44,190.044,165.358,188.912,190.962,106.474,42.134,247.808
2001-10-22 01:35:00,168.758,50.48,210.933,122.993,1340.4,397.217,,203.974,86.28,151.367,,283.002,94.69,152.66,190.446,166.61,189.782,191.618,106.314,42.56,251.002
2001-10-22 01:40:00,167.602,51.977,210.433,123.737,1335.82,393.747,,202.182,85.356,149.323,,280.627,93.411,151.04,189.362,165.676,191.17,193.16,107.524,42.428,246.946
2001-10-22 01:45:00,168.238,51.167,208.533,123.33,1334.06,391.17,101.0,201.174,86.308,149.693,,281.044,93.977,153.2,186.726,168.286,187.668,191.906,107.548,42.43,246.428
2001-10-22 01:50:00,167.792,50.627,209.567,122.17,1331.2,394.783,,205.438,85.156,150.253,,279.813,93.6,151.64,190.968,166.248,190.83,192.322,106.056,42.09,248.518
2001-10-22 01:55:00,170.28,51.11,209.4,123.413,1324.3,395.243,,202.304,85.214,151.92,,282.68,94.032,151.94,189.618,167.51,187.694,189.452,106.202,42.046,250.172
2001-10-22 02:00:00,167.756,51.267,210.2,126.367,1333.18,392.103,100.647,203.75,87.152,152.673,,280.186,95.335,151.52,187.644,167.24,190.118,190.916,105.512,42.346,247.592
2001-10-22 02:05:00,168.392,51.443,208.667,123.033,1329.66,395.757,,205.058,87.454,151.297,,280.781,93.882,150.22,191.302,167.794,191.104,191.258,106.268,42.592,250.602
2001-10-22 02:10:00,176.46,51.307,209.033,123.717,1337.52,396.283,,201.636,85.912,148.717,,278.315,92.836,151.4,190.378,166.272,188.182,189.358,107.542,42.61,249.478
2001-10-22 02:15:00,168.302,51.207,208.933,123.577,1335.62,394.473,100.128,203.396,85.906,149.273,,281.326,93.15,153.1,188.238,167.542,189.406,193.236,106.48,42.226,250.382
2001-10-22 02:20:00,168.622,51.407,207.267,122.673,1337.72,393.453,,202.912,84.342,150.157,,282.593,92.599,152.48,192.374,168.972,190.72,190.488,107.394,42.032,248.762
2001-10-22 02:25:00,167.906,52.43,207.8,124.67,1333.36,394.527,,202.654,85.638,150.097,,280.5,93.842,152.7,190.05,167.906,189.68,190.968,105.938,42.18,249.566
2001-10-22 02:30:00,169.18,51.23,207.5,121.943,1327.76,396.1,101.564,203.588,85.234,151.563,,282.882,94.9,150.98,191.328,169.178,190.232,191.56,106.408,42.668,248.12
2001-10-22 02:35:00,168.852,52.223,208.467,125.05,1337.68,396.063,,204.838,86.184,150.923,,281.683,93.934,151.94,188.77,166.77,190.604,190.86,105.944,42.278,249.116
2001-10-22 02:40:00,168.556,53.317,206.733,123.967,1333.54,393.097,,204.464,85.94,151.067,,283.456,93.317,151.5,189.934,167.834,191.386,191.468,107.498,42.88,248.22
2001-10-22 02:45:00,167.976,50.613,208.133,123.777,1331.2,392.257,100.978,203.972,86.344,149.747,,283.169,94.19,152.12,188.728,166.664,187.146,190.41,107.286,41.964,249.496
2001-10-22 02:50:00,167.478,51.767,204.8,123.707,1338.4,396.58,,200.016,84.526,151.423,,284.113,94.436,153.62,192.884,166.742,189.532,192.518,105.292,42.326,247.602
2001-10-22 02:55:00,169.046,50.99,207.133,123.94,1336.8,392.81,,203.83,85.312,147.453,,281.637,93.64,152.74,190.634,166.814,190.122,191.684,108.168,41.906,247.588
2001-10-22 03:00:00,167.512,51.223,206.733,122.623,1335.96,394.357,102.401,204.13,85.832,149.547,,280.148,95.664,152.26,189.986,166.37,189.21,190.632,107.194,41.904,247.516
2001-10-22 03:05:00,165.646,50.837,205.167,124.523,1329.42,396.31,,203.04,85.516,151.643,,284.466,93.807,152.26,193.218,168.806,189.252,192.054,106.73,42.436,246.408
2001-10-22 03:10:00,166.624,52.01,207.333,125.72,1325.88,395.85,,203.868,85.784,150.06,,280.346,93.998,151.28,190.906,168.48,187.932,192.196,108.292,42.602,246.57
2001-10-22 03:15:00,168.702,52.317,207.667,122.957,1321.22,394.73,101.234,202.354,86.008,152.86,,281.96,94.835,154.16,189.542,168.918,189.36,192.078,108.046,42.268,249.19
2001-10-22 03:20:00,167.32,50.383,208.0,124.383,1331.9,395.98,,203.746,86.194,151.883,,282.088,94.472,150.24,190.322,169.458,187.398,192.748,105.61,42.692,248.942
2001-10-22 03:25:00,168.254,51.467,208.467,122.68,1333.62,394.717,,202.87,85.194,151.193,,282.262,93.822,151.52,191.076,168.62,189.958,192.164,106.572,42.286,248.054
2001-10-22 03:30:00,167.614,51.663,207.467,122.527,1322.32,392.347,101.064,203.086,84.954,150.054,,282.199,94.78,151.02,188.228,167.338,190.198,192.276,107.414,42.782,250.14
2001-10-22 03:35:00,168.432,51.76,205.167,124.877,1327.68,394.44,,204.732,86.164,151.583,,282.344,93.947,152.82,191.456,168.654,191.106,191.27,105.96,41.996,248.626
2001-10-22 03:40:00,168.188,52.427,208.7,123.387,1324.64,394.623,,204.44,84.988,150.843,,283.827,95.575,152.92,191.02,168.13,190.118,191.128,106.592,42.406,249.036
2001-10-22 03:45:00,167.934,51.457,211.5,123.53,1328.76,393.613,100.963,202.676,86.418,152.803,,283.252,93.818,152.3,188.28,168.646,189.612,192.568,105.956,42.288,247.876
2001-10-22 03:50:00,166.622,50.74,206.467,123.753,1327.96,395.073,,205.554,85.198,151.25,,278.163,94.707,151.64,191.092,167.516,191.016,192.5,106.584,42.408,249.702
2001-10-22 03:55:00,168.642,51.177,206.6,124.75,1326.84,398.147,,205.6,86.478,152.957,,283.35,93.781,153.3,190.06,167.754,190.364,190.07,107.934,41.972,250.58
2001-10-22 04:00:00,168.204,51.903,206.9,126.427,1328.72,396.574,101.801,203.726,84.096,149.203,,281.418,96.901,155.14,190.27,167.532,190.176,190.882,108.116,42.144,247.742
2001-10-22 04:05:00,167.86,52.27,207.167,123.66,1317.04,396.4,,203.326,85.228,149.68,,282.297,95.315,150.82,190.812,168.664,188.284,192.43,105.732,41.856,246.84
2001-10-22 04:10:00,167.534,51.57,208.867,125.05,1330.16,393.207,,203.82,84.632,149.956,,282.314,94.084,152.2,189.626,168.796,188.878,189.847,107.134,42.13,246.37
2001-10-22 04:15:00,167.59,52.49,206.533,124.89,1320.52,394.897,101.184,202.98,85.276,149.82,,282.649,92.976,152.3,189.438,169.418,191.61,194.75,108.46,41.792,248.402
2001-10-22 04:20:00,167.062,51.61,207.567,124.613,1328.5,395.553,,204.354,87.236,150.367,,283.032,94.883,149.68,188.93,166.902,191.738,191.382,107.664,42.416,248.004
2001-10-22 04:25:00,169.758,52.497,206.067,124.407,1327.52,395.22,,203.274,85.886,149.63,,281.075,94.506,152.94,188.92,168.422,188.514,189.662,107.24,42.206,248.518
2001-10-22 04:30:00,168.35,51.533,207.233,124.077,1328.96,391.307,102.273,203.58,87.058,151.477,,280.312,93.835,151.64,192.084,167.366,191.068,192.082,105.952,41.722,248.156
2001-10-22 04:35:00,169.72,51.237,207.233,125.3,1331.54,393.36,,202.63,84.118,149.327,,283.333,93.839,152.86,188.026,168.388,192.798,192.558,106.136,43.252,249.768
2001-10-22 04:40:00,168.786,51.65,206.3,121.76,1335.6,398.23,,201.94,85.444,150.887,,282.507,92.759,153.3,190.612,167.852,190.704,190.374,106.24,42.09,248.534
2001-10-22 04:45:00,168.828,52.093,206.667,123.71,1328.9,393.28,101.008,206.072,85.548,148.24,,280.947,95.753,153.0,190.654,168.42,191.006,189.758,107.128,42.118,247.794
2001-10-22 04:50:00,168.85,51.15,207.8,124.64,1330.14,394.123,,203.964,85.872,152.513,,281.584,94.663,151.34,190.268,167.644,188.93,190.968,106.774,41.952,250.516
2001-10-22 04:55:00,169.258,50.737,207.7,123.943,1322.4,399.857,,205.028,83.508,151.25,,281.107,95.138,152.22,191.176,166.58,189.652,189.526,107.38,42.176,247.528
2001-10-22 05:00:00,168.996,50.217,209.333,123.097,1327.86,396.97,101.661,206.696,84.844,151.95,,279.58,95.895,152.3,190.206,167.618,190.042,191.012,106.874,42.872,248.78
2001-10-22 05:05:00,166.418,51.44,206.467,124.45,1330.44,394.27,,202.572,86.676,150.443,,278.402,94.786,151.98,189.516,166.644,193.248,191.202,107.114,42.384,251.112
2001-10-22 05:10:00,169.186,51.297,208.533,123.653,1327.66,399.633,,204.17,86.756,150.577,,281.775,94.129,153.82,189.288,168.474,189.376,190.382,107.066,42.856,248.842
2001-10-22 05:15:00,168.6,51.757,208.0,125.247,1336.74,397.98,101.711,204.786,85.228,153.823,,280.424,93.461,152.5,188.576,166.788,188.934,189.654,107.476,43.002,249.704
2001-10-22 05:20:00,168.924,51.573,206.433,125.573,1324.0,396.597,,205.262,85.304,149.717,,280.266,94.033,152.26,189.29,170.282,190.44,190.11,107.824,41.872,249.552
2001-10-22 05:25:00,168.726,52.157,205.267,124.103,1328.4,397.133,,202.366,87.33,151.343,,280.139,94.468,152.36,188.286,167.96,191.79,188.327,107.14,42.56,249.266
2001-10-22 05:30:00,170.104,51.95,206.8,123.2,1330.56,398.68,101.943,202.622,86.004,153.08,,282.698,94.288,152.32,189.026,166.018,188.992,188.826,107.326,42.736,249.326
2001-10-22 05:35:00,171.384,53.223,208.4,125.403,1330.22,392.093,,205.386,85.406,150.013,,280.807,95.778,153.52,190.186,169.132,190.318,190.482,106.874,42.416,250.106
2001-10-22 05:40:00,166.698,52.387,204.567,122.507,1319.2,398.183,,205.078,85.668,150.13,,282.396,93.075,153.96,189.506,168.514,191.486,189.942,107.05,42.33,250.172
2001-10-22 05:45:00,170.496,50.717,209.0,124.647,,397.18,101.541,204.18,86.09,149.947,,281.904,93.103,153.54,189.432,166.796,189.688,191.216,106.868,42.698,251.974
2001-10-22 05:50:00,171.748,51.643,208.267,126.047,,400.793,,203.504,84.89,151.073,,279.793,93.657,152.52,190.356,167.834,190.602,189.33,106.966,42.084,251.748
2001-10-22 05:55:00,171.068,50.837,207.867,124.313,,397.793,,201.758,85.242,153.453,,279.59,94.473,153.1,189.532,167.97,190.914,191.198,107.152,41.986,251.05
2001-10-22 06:00:00,167.652,50.967,206.967,123.84,,398.98,101.906,202.894,84.812,150.507,,278.415,94.528,153.76,190.414,167.544,191.638,192.694,107.36,42.508,248.686
2001-10-22 06:05:00,169.15,52.443,208.033,123.237,,398.077,,204.276,86.024,151.723,,277.262,93.339,153.08,188.908,166.514,192.778,190.912,107.318,42.384,252.504
2001-10-22 06:10:00,170.492,52.563,206.167,125.193,,396.23,,205.97,87.134,152.1,,280.272,93.524,151.4,188.202,166.876,190.958,189.998,107.512,42.85,249.714
2001-10-22 06:15:00,170.08,52.173,207.0,124.167,,394.61,101.302,206.244,85.834,153.623,,280.051,95.31,152.48,189.49,167.196,190.652,192.572,109.15,43.81,251.554
2001-10-22 06:20:00,167.56,51.56,207.2,124.867,,398.553,,208.49,87.532,151.427,,282.587,95.043,152.38,191.494,167.486,191.766,192.166,108.014,42.72,250.084
2001-10-22 06:25:00,167.606,53.183,208.367,123.12,,399.95,,205.572,85.844,150.99,,280.813,94.486,151.18,189.248,167.122,189.304,190.89,107.912,42.424,247.748
2001-10-22 06:30:00,168.076,52.207,205.0,124.39,,395.383,101.413,203.018,87.59,150.67,,279.974,94.979,154.62,188.7,167.57,190.288,189.812,108.166,42.98,250.636
2001-10-22 06:35:00,168.472,52.693,209.0,125.133,,401.567,,208.12,85.706,150.7,,281.747,95.324,153.58,187.544,167.732,189.924,191.984,108.526,42.674,249.476
2001-10-22 06:40:00,168.26,51.513,207.8,123.73,,396.597,,204.146,86.67,150.47,,280.751,94.875,153.62,190.728,167.214,187.884,189.084,108.858,42.858,249.438
2001-10-22 06:45:00,172.202,51.427,208.1,125.06,,393.9,101.811,205.766,86.162,151.763,,281.368,94.567,151.06,188.264,166.474,190.702,193.086,107.71,41.99,249.196
2001-10-22 06:50:00,169.304,52.71,206.4,123.137,,397.043,,205.93,86.038,149.367,,275.875,95.151,153.26,187.406,168.546,191.046,189.894,107.294,43.346,248.07
2001-10-22 06:55:00,169.838,51.903,207.433,125.147,,398.557,,205.514,85.124,151.577,,282.08,95.775,153.82,190.908,166.884,190.492,190.744,106.774,42.498,251.584
2001-10-22 07:00:00,169.31,51.787,207.4,124.747,,399.75,102.7,206.004,84.838,152.607,,280.845,96.45,154.82,187.744,168.42,191.424,191.918,107.28,42.302,251.26
2001-10-22 07:05:00,169.806,51.717,206.2,125.887,,397.68,,204.554,86.3,153.337,,277.806,94.276,151.5,190.438,166.588,192.36,,106.89,42.932,253.02
2001-10-22 07:10:00,169.896,52.133,209.067,125.53,,395.877,,206.584,87.462,151.163,,279.501,95.932,150.96,188.106,166.578,191.214,190.835,106.804,42.508,250.754
2001-10-22 07:15:00,170.196,51.493,210.3,125.67,,399.287,102.232,206.642,86.102,150.22,,280.387,93.901,151.36,191.04,166.862,191.928,190.828,107.624,43.348,252.11
2001-10-22 07:20:00,169.592,51.303,204.9,122.257,,400.873,,205.354,86.862,151.813,,283.47,95.071,152.42,188.672,168.108,189.846,191.338,106.53,42.862,251.468
2001-10-22 07:25:00,169.928,50.99,210.9,125.553,,398.783,,206.424,85.638,150.647,,282.175,96.342,153.64,188.296,166.662,191.698,191.838,107.912,42.682,253.294
2001-10-22 07:30:00,169.63,50.85,207.733,123.57,,399.203,102.525,204.578,84.574,151.89,,279.804,95.653,153.18,190.5,167.614,191.264,192.49,107.864,42.576,252.992
2001-10-22 07:35:00,169.88,51.08,209.167,124.903,,399.603,,205.036,86.67,151.813,,281.052,94.22,152.44,188.364,166.592,190.978,192.28,105.088,42.328,251.342
2001-10-22 07:40:00,168.4,52.03,210.0,124.743,,399.053,,204.32,86.468,150.897,,278.679,96.479,152.36,188.342,166.456,192.794,191.436,108.708,42.85,249.49
2001-10-22 07:45:00,169.18,50.86,206.833,124.68,,394.673,101.429,204.706,85.12,152.753,,281.067,95.472,152.08,189.458,169.586,191.216,189.874,106.516,42.624,251.704
2001-10-22 07:50:00,169.664,51.627,206.667,124.367,,401.98,,208.368,85.4,152.087,,282.602,95.907,153.48,192.144,166.672,191.364,192.668,106.99,42.788,252.42
2001-10-22 07:55:00,170.498,52.15,207.8,124.903,,399.863,,203.996,86.1,153.587,,280.752,96.239,152.1,191.752,167.804,193.12,192.716,106.728,42.766,253.296
2001-10-22 08:00:00,171.606,52.383,210.0,124.267,,400.173,102.85,205.038,86.886,151.796,,280.45,94.961,155.5,190.532,166.628,190.592,192.302,106.806,42.808,252.714
2001-10-22 08:05:00,170.494,53.397,206.567,124.977,,399.013,,205.836,86.346,154.173,,283.091,94.832,153.92,191.578,169.82,190.51,192.146,106.56,42.99,250.952
2001-10-22 08:10:00,169.03,51.78,205.5,124.293,,399.137,,202.366,85.252,151.067,,282.19,94.957,152.52,190.936,167.02,190.008,190.815,107.212,43.334,249.292
2001-10-22 08:15:00,167.976,51.83,208.567,124.16,,394.833,103.059,203.084,84.258,151.313,,281.321,94.519,152.9,190.842,168.37,192.064,,106.798,43.118,251.572
2001-10-22 08:20:00,167.154,51.153,208.6,124.307,,399.92,,204.78,85.15,151.213,,280.847,94.165,153.9,191.316,168.234,191.202,195.0,106.568,42.928,251.844
2001-10-22 08:25:00,168.94,52.377,207.3,124.873,,398.553,,202.464,87.052,152.513,,279.677,97.107,154.12,188.872,167.34,191.742,191.5,107.652,43.078,254.532
2001-10-22 08:30:00,168.904,51.493,208.233,126.267,,398.123,102.578,204.144,85.888,151.813,,283.106,94.221,153.82,191.654,167.412,190.454,192.422,108.226,42.254,250.842
2001-10-22 08:35:00,168.43,52.193,207.433,123.673,,398.617,,205.746,85.634,154.11,,281.778,96.135,152.4,188.944,167.098,191.17,191.766,107.216,42.996,253.026
2001-10-22 08:40:00,168.224,51.007,208.233,125.63,,400.073,,204.86,85.984,151.56,,284.085,93.502,154.42,192.102,169.222,191.256,190.918,106.974,43.03,250.046
2001-10-22 08:45:00,168.414,51.523,209.0,123.69,,397.376,101.703,202.304,88.292,154.614,,284.306,93.579,153.3,189.852,168.53,191.728,191.162,108.574,43.284,252.794
2001-10-22 08:50:00,169.578,50.033,207.6,123.697,,398.877,,204.908,86.724,155.24,,281.762,94.407,154.38,190.766,166.812,190.83,193.08,107.384,42.822,251.63
2001-10-22 08:55:00,169.444,51.973,209.1,124.42,,397.15,,206.066,85.89,152.803,,283.214,95.604,152.16,190.236,166.702,189.594,190.404,107.368,43.178,252.764
2001-10-22 09:00:00,166.21,50.457,209.2,121.88,,400.037,102.501,204.034,87.108,153.117,,282.204,95.865,152.22,190.066,166.768,189.892,192.028,107.736,43.468,251.804
2001-10-22 09:05:00,167.062,52.53,208.2,123.303,,397.373,,204.004,86.652,153.08,,284.779,93.945,152.4,190.79,166.622,191.798,194.754,107.936,43.024,252.402
2001-10-22 09:10:00,170.702,50.347,207.6,125.173,,398.287,,204.964,86.816,150.313,,281.762,95.613,152.96,191.27,166.992,191.684,192.686,108.284,43.464,252.824
2001-10-22 09:15:00,168.986,51.793,208.067,125.17,,400.263,102.296,204.844,86.404,151.993,,281.968,93.371,151.44,191.344,167.65,190.61,189.07,107.294,42.926,253.37
2001-10-22 09:20:00,168.55,50.73,207.867,126.75,,398.06,,205.008,84.984,153.754,,280.311,95.13,152.04,191.062,167.664,193.174,191.146,107.928,43.074,252.346
2001-10-22 09:25:00,167.584,52.6,206.6,122.95,,395.886,,206.818,87.052,152.41,,282.899,95.299,154.98,191.954,168.596,190.88,193.636,107.672,43.03,252.144
2001-10-22 09:30:00,167.154,52.187,207.833,123.963,,396.634,102.351,206.134,86.012,154.41,,283.071,94.164,151.74,193.59,168.29,190.954,192.63,107.272,43.292,251.966
2001-10-22 09:35:00,169.606,49.92,207.967,124.533,,400.883,,204.882,86.852,152.957,,282.881,95.318,153.88,191.404,169.722,191.886,190.032,107.344,42.76,251.0
2001-10-22 09:40:00,168.88,51.213,210.433,124.747,,400.896,,204.372,85.94,151.917,,283.687,94.432,153.34,192.204,165.788,191.284,190.804,108.134,42.854,250.646
2001-10-22 09:45:00,169.198,51.017,207.033,123.507,,399.55,101.597,202.48,85.104,150.587,,282.741,96.176,153.34,190.402,168.308,189.082,192.366,108.052,43.122,250.926
2001-10-22 09:50:00,168.302,51.027,207.7,122.373,,396.65,,206.768,86.804,153.773,,281.651,95.22,152.54,192.48,168.46,194.478,192.632,106.772,42.842,253.516
2001-10-22 09:55:00,166.96,51.78,209.767,124.727,,396.54,,205.236,86.266,154.523,,280.909,94.631,151.06,191.29,167.496,190.614,,107.93,42.784,252.916
2001-10-22 10:00:00,169.14,50.62,208.167,124.91,,397.22,102.112,204.614,86.05,151.74,,281.731,94.548,152.94,189.718,169.422,191.84,189.552,107.49,42.744,252.342
2001-10-22 10:05:00,168.522,51.573,208.6,123.52,,394.3,,205.054,86.16,152.75,,281.195,95.376,153.94,191.112,166.96,191.234,193.71,108.138,43.414,249.372
2001-10-22 10:10:00,167.686,52.543,209.8,126.12,1346.35,396.76,,204.922,85.732,152.393,,281.415,97.543,151.74,191.14,167.918,192.95,,107.752,43.112,250.026
2001-10-22 10:15:00,168.378,52.537,207.967,126.05,1336.28,395.777,101.438,203.01,87.068,152.153,,283.575,95.273,152.66,191.498,167.97,192.814,188.538,106.284,43.02,252.928
2001-10-22 10:20:00,168.162,51.397,208.067,125.31,1341.74,400.823,,205.756,88.26,152.063,,285.075,94.111,153.9,190.636,169.322,194.856,192.114,107.82,43.1,255.114
2001-10-22 10:25:00,168.042,52.26,208.467,123.47,1344.68,394.217,,202.644,86.736,152.93,,,95.834,152.76,191.716,166.36,193.22,191.934,109.13,43.346,252.216
2001-10-22 10:30:00,166.658,52.443,207.133,125.527,1346.14,395.94,101.97,206.282,87.918,150.333,,275.217,95.064,152.92,191.21,167.378,193.684,187.203,107.52,43.382,253.684
2001-10-22 10:35:00,170.972,50.277,208.6,125.36,1334.92,399.003,,204.898,86.598,152.8,,275.773,94.675,154.9,190.492,169.018,191.844,192.8,107.74,42.884,251.106
2001-10-22 10:40:00,168.938,51.06,209.667,124.683,1345.76,400.94,,206.034,87.686,151.396,,272.653,92.584,153.6,191.58,167.428,193.286,190.912,107.196,42.708,251.934
2001-10-22 10:45:00,170.464,52.637,208.467,125.537,1346.36,400.747,102.335,204.284,87.492,153.98,,274.228,94.469,152.28,190.816,168.326,192.914,191.182,106.606,43.188,250.038
2001-10-22 10:50:00,170.406,52.593,207.267,124.5,1343.64,400.503,,205.164,85.872,151.647,,271.172,94.744,152.58,191.518,168.024,194.018,192.72,107.316,43.588,254.044
2001-10-22 10:55:00,169.832,51.367,207.867,124.487,1346.04,396.937,,206.302,87.102,153.657,,268.838,95.708,154.04,191.802,167.65,194.788,194.06,106.956,43.728,253.032
2001-10-22 11:00:00,167.566,51.3,208.233,125.2,1349.38,403.067,101.891,204.804,87.312,152.684,,,95.042,154.42,192.538,170.162,192.368,190.1,107.394,43.044,255.18
2001-10-22 11:05:00,169.654,51.343,210.6,126.253,1354.46,400.363,,206.112,86.678,152.14,,,96.2,152.62,191.43,168.51,194.442,191.712,108.048,42.874,251.292
2001-10-22 11:10:00,169.178,52.063,206.367,124.783,1347.3,403.887,,205.602,88.076,151.91,,,96.793,153.22,191.34,169.574,193.206,191.806,106.44,42.99,254.408
2001-10-22 11:15:00,169.266,51.577,206.933,124.307,1344.82,400.507,102.797,206.11,85.998,154.003,,,93.993,153.8,188.916,168.348,193.202,191.746,107.594,43.048,252.104
2001-10-22 11:20:00,168.38,51.397,209.7,124.74,1342.76,399.977,,204.05,87.5,152.617,,,94.26,153.88,189.656,169.562,192.968,190.472,105.962,43.59,254.478
2001-10-22 11:25:00,169.886,53.023,207.533,125.827,1351.12,399.507,,205.846,88.596,153.35,,,93.15,153.54,190.988,168.094,192.778,193.44,106.016,43.246,252.898
2001-10-22 11:30:00,168.7,51.947,208.767,124.623,1343.44,398.937,102.967,208.558,86.686,151.623,,,95.893,152.22,191.788,167.538,193.404,192.504,107.528,43.828,256.504
2001-10-22 11:35:00,170.158,52.14,210.2,125.393,1345.48,400.247,,204.772,85.526,154.58,,,95.665,153.8,191.832,167.408,193.7,191.686,107.254,44.062,253.868
2001-10-22 11:40:00,169.928,51.26,208.3,124.42,1350.08,402.357,,205.714,85.964,155.013,,,94.744,152.72,190.234,168.554,194.772,193.052,107.612,42.844,254.986
2001-10-22 11:45:00,168.508,54.56,209.7,127.14,1349.42,400.957,103.279,206.306,86.772,154.61,,,96.251,152.86,191.95,167.288,193.756,193.84,108.21,43.656,254.728
2001-10-22 11:50:00,169.118,51.64,209.667,125.03,1350.72,399.653,,206.28,87.0,151.77,,,97.445,152.32,190.514,166.152,192.472,195.104,106.886,43.196,253.062
2001-10-22 11:55:00,169.438,52.353,210.267,124.477,1352.6,402.963,,206.968,86.852,152.037,,,95.551,152.3,191.124,168.6,194.062,193.362,106.59,43.218,252.742
2001-10-22 12:00:00,169.788,51.423,210.267,123.47,1353.42,402.837,102.657,206.06,88.512,151.61,,,96.507,152.62,192.564,169.17,192.38,192.702,107.216,43.448,253.746
2001-10-22 12:05:00,169.082,51.76,209.633,126.817,1352.36,403.883,,203.474,87.804,153.25,,,95.117,152.86,191.24,168.176,191.056,190.86,106.318,43.52,255.432
2001-10-22 12:10:00,170.88,51.037,209.067,124.977,1347.74,402.08,,207.16,88.248,154.283,,,95.691,154.34,192.014,167.514,193.19,191.038,107.298,43.028,254.338
2001-10-22 12:15:00,170.99,52.383,212.233,124.887,1350.08,401.42,103.085,205.894,88.04,153.04,,,93.468,154.74,189.7,168.354,193.07,193.67,105.352,43.424,252.768
2001-10-22 12:20:00,169.888,51.913,208.567,125.403,1346.28,400.63,,205.954,88.522,153.44,,,93.953,153.82,191.708,168.384,192.848,193.26,107.296,43.748,255.086
2001-10-22 12:25:00,171.124,50.72,208.433,125.273,1347.64,400.817,,205.242,87.568,152.627,,,95.227,152.86,189.232,169.228,192.888,194.964,107.092,43.12,253.528
2001-10-22 12:30:00,170.944,52.65,211.0,125.523,1351.64,398.377,102.509,204.16,87.654,152.057,,,94.934,151.96,192.23,171.636,192.086,192.667,106.882,43.078,254.242
2001-10-22 12:35:00,170.01,53.31,210.9,126.62,1354.88,402.073,,204.58,86.69,149.763,,,94.643,152.92,192.352,165.176,192.718,200.01,107.672,43.582,254.84
2001-10-22 12:40:00,169.548,51.673,209.167,127.677,1353.18,401.27,,205.618,86.81,153.707,,,95.502,153.68,191.868,167.066,191.374,194.746,108.584,43.314,255.948
2001-10-22 12:45:00,171.51,53.083,210.3,125.87,1361.8,400.97,102.658,205.292,86.824,152.59,,,94.49,153.52,190.736,168.53,192.566,194.35,108.43,43.118,255.518
2001-10-22 12:50:00,169.224,51.95,209.867,124.253,1352.28,400.14,,205.96,89.238,153.02,,,94.528,152.98,192.172,167.744,191.746,195.11,107.782,44.34,255.77
2001-10-22 12:55:00,170.536,52.05,208.667,125.577,1352.18,399.833,,203.702,86.276,152.06,,,94.218,153.68,189.286,168.276,192.294,192.42,108.24,43.224,255.084
2001-10-22 13:00:00,169.328,51.64,207.7,126.0,1354.62,399.027,102.618,207.824,87.358,151.15,,,96.577,153.26,191.532,167.036,193.966,193.9,107.072,43.362,256.822
2001-10-22 13:05:00,170.29,50.687,210.0,125.047,1352.52,399.39,,207.026,87.218,153.213,,274.838,95.251,151.44,192.506,170.096,192.478,193.492,107.184,43.264,254.138
2001-10-22 13:10:00,169.7,51.73,211.867,124.637,1350.42,400.907,,206.418,87.114,152.62,,274.902,95.938,152.34,191.934,168.546,194.51,194.134,107.766,42.984,254.66
2001-10-22 13:15:00,171.3,52.13,209.2,126.803,1349.92,399.66,103.152,205.478,86.718,152.137,,274.534,94.15,152.7,192.302,170.638,191.824,,107.626,42.948,254.79
2001-10-22 13:20:00,172.11,53.077,208.933,125.263,1354.18,398.667,,206.33,88.014,153.584,,273.651,95.947,152.8,191.524,168.818,193.068,194.495,108.864,43.156,254.458
2001-10-22 13:25:00,169.83,52.95,208.233,126.25,1369.38,402.153,,205.492,86.5,152.297,,,95.38,152.42,194.8,168.634,194.806,193.296,106.4,43.03,253.198
2001-10-22 13:30:00,171.352,51.06,210.567,124.437,1362.82,401.577,102.214,205.148,86.624,152.183,,,95.435,153.52,191.34,169.414,191.76,194.372,106.836,43.582,254.684
2001-10-22 13:35:00,169.598,52.83,209.8,125.517,1349.76,401.353,,206.156,86.476,151.077,,,94.491,151.64,191.804,167.024,191.284,196.253,107.792,42.816,255.026
2001-10-22 13:40:00,169.38,50.967,209.867,124.907,1365.28,402.433,,206.69,87.222,151.967,,,95.557,153.34,189.01,167.77,193.428,,107.754,43.316,253.994
2001-10-22 13:45:00,170.398,51.37,211.867,123.41,1367.18,400.177,103.008,205.812,86.898,148.47,,,94.738,152.14,191.982,167.56,191.538,194.128,107.394,43.63,253.588
2001-10-22 13:50:00,169.058,51.483,211.133,125.3,1361.44,401.893,,204.294,86.98,150.963,,,95.337,152.34,192.568,168.186,193.612,193.792,108.55,42.69,253.77
2001-10-22 13:55:00,168.806,52.483,209.933,124.507,1359.16,397.397,,205.19,86.348,149.86,,,93.413,152.2,192.09,165.648,193.162,193.136,106.232,43.818,254.248
2001-10-22 14:00:00,171.448,52.403,210.1,125.987,1369.28,399.773,102.483,205.154,86.662,151.84,,,95.609,152.52,191.504,168.046,194.32,194.32,107.744,43.214,253.002
2001-10-22 14:05:00,170.004,51.12,212.067,126.067,1366.44,402.06,,206.046,87.072,153.623,,,95.881,155.22,192.276,168.226,192.384,193.942,106.398,44.214,256.27
2001-10-22 14:10:00,169.65,51.543,208.267,126.387,1362.1,399.703,,203.786,88.056,152.283,,,95.329,151.22,190.33,168.48,192.31,193.058,107.642,43.292,253.316
2001-10-22 14:15:00,170.786,52.343,210.233,125.557,1350.26,400.06,101.433,206.288,88.114,154.2,,,94.0,151.98,191.47,168.338,193.384,193.42,107.114,43.428,254.524
2001-10-22 14:20:00,168.654,51.74,210.067,125.36,1365.5,399.563,,205.12,87.438,150.14,,,94.962,151.82,191.978,168.408,192.53,193.002,107.996,43.178,253.69
2001-10-22 14:25:00,169.238,51.983,210.433,123.583,1362.2,398.783,,206.146,88.636,152.27,,,97.32,152.42,190.094,168.966,194.474,194.72,107.852,43.762,252.708
2001-10-22 14:30:00,170.472,52.997,210.5,125.1,1357.56,396.51,102.748,205.296,86.66,154.633,,,95.4,150.76,191.852,167.84,192.668,193.84,108.012,42.938,253.676
2001-10-22 14:35:00,169.402,51.673,211.467,124.787,1361.6,400.774,,206.52,86.45,152.423,,,93.828,153.0,191.718,167.9,192.41,195.806,107.372,43.108,253.078
2001-10-22 14:40:00,169.048,53.743,207.2,125.33,1358.84,398.03,,206.776,88.284,151.967,,,95.796,153.84,192.424,168.576,192.502,194.076,106.046,43.128,251.046
2001-10-22 14:45:00,171.474,51.41,208.4,126.587,1361.44,400.58,102.186,205.298,86.296,152.227,,,94.208,151.8,192.798,168.166,193.616,194.784,108.618,43.814,252.288
2001-10-22 14:50:00,170.1,51.677,209.733,126.39,1362.14,400.62,,203.584,86.818,150.467,,,94.119,153.44,192.102,168.766,192.622,192.588,107.56,43.482,252.388
2001-10-22 14:55:00,171.92,52.06,209.867,126.053,1366.9,400.28,,204.886,87.75,153.517,,286.713,94.502,153.76,191.754,167.178,192.988,194.12,107.74,43.332,253.788
2001-10-22 15:00:00,173.548,52.937,210.0,127.26,1371.14,402.263,102.326,206.168,88.16,153.663,,285.39,97.791,153.16,191.048,167.256,195.756,192.842,107.6,43.268,253.534
2001-10-22 15:05:00,169.884,52.08,208.2,126.16,1362.5,402.273,,206.172,87.192,155.697,,285.834,93.587,153.38,191.54,167.266,192.646,192.53,107.042,43.622,253.386
2001-10-22 15:10:00,168.532,50.573,210.2,125.13,1365.98,400.473,,204.21,86.948,151.133,,285.359,94.712,152.34,192.274,167.542,192.932,192.968,106.396,43.308,253.902
2001-10-22 15:15:00,171.99,52.747,209.867,125.26,1362.12,399.924,102.121,205.072,87.762,151.807,,287.405,96.308,151.68,193.056,167.655,192.968,194.894,107.054,42.58,253.656
2001-10-22 15:20:00,171.962,52.217,209.167,126.247,1362.32,402.493,,204.834,86.19,153.803,,289.075,96.599,153.54,191.998,168.026,194.372,194.152,107.494,43.204,251.672
2001-10-22 15:25:00,170.582,51.86,212.767,126.923,1372.04,400.677,,206.14,86.944,152.2,,288.155,93.791,152.74,193.444,167.118,194.638,196.702,107.534,43.258,254.102
2001-10-22 15:30:00,171.154,51.84,209.233,124.777,1362.0,400.263,102.66,204.246,88.168,152.537,,288.746,93.025,153.4,192.942,168.478,194.178,194.698,106.734,43.18,254.71
2001-10-22 15:35:00,170.11,52.993,209.967,124.903,1365.4,403.76,,207.39,87.326,153.34,,288.639,95.623,151.66,192.528,167.79,192.67,195.914,107.472,42.988,252.664
2001-10-22 15:40:00,171.31,51.463,213.067,125.723,1367.98,401.65,,205.16,87.364,151.433,,284.921,94.257,151.74,192.062,168.262,192.534,194.496,106.92,43.49,253.852
2001-10-22 15:45:00,170.846,52.097,213.367,125.52,1375.32,403.684,103.544,203.416,88.198,150.994,,285.177,93.682,153.86,192.666,167.162,193.61,195.252,107.06,43.356,253.416
2001-10-22 15:50:00,170.232,52.49,211.967,125.847,1365.22,402.843,,204.378,87.13,151.137,,288.406,94.744,152.96,194.092,166.796,194.3,195.3,108.74,43.03,252.056
2001-10-22 15:55:00,175.258,53.117,208.2,126.02,1363.24,403.85,,205.422,87.876,151.25,,287.737,92.876,154.12,193.084,167.136,192.896,197.036,108.224,43.192,252.558
2001-10-22 16:00:00,170.832,52.16,210.967,126.977,1353.82,402.643,101.809,205.484,86.882,152.943,,287.992,95.951,154.26,191.976,167.554,192.046,194.936,107.262,43.622,255.168
2001-10-22 16:05:00,172.724,52.577,210.3,125.843,1356.54,403.777,,209.222,85.258,152.023,,288.138,96.752,151.92,191.42,167.814,194.338,193.82,107.312,44.34,253.992
2001-10-22 16:10:00,171.11,52.103,214.2,125.87,1357.66,398.413,,207.2,87.456,152.36,,284.894,95.808,151.08,194.39,168.028,192.57,195.134,107.068,43.576,253.608
2001-10-22 16:15:00,172.566,52.46,209.867,126.153,1354.14,403.817,101.817,204.784,86.392,152.65,,289.272,95.64,153.82,193.88,168.114,193.936,196.724,107.804,42.894,252.964
2001-10-22 16:20:00,170.656,51.867,208.833,126.503,1358.94,400.79,,204.494,86.908,153.507,232.257,289.834,94.552,154.3,193.03,168.886,194.312,193.918,107.824,43.064,255.646
2001-10-22 16:25:00,171.106,52.167,211.967,124.89,1349.0,401.54,,206.116,86.816,153.333,,285.165,96.07,151.38,192.434,165.978,196.53,194.72,108.308,43.106,255.222
2001-10-22 16:30:00,170.868,51.93,210.367,125.073,1355.1,402.047,102.304,208.5,87.314,153.587,,284.56,94.478,153.32,192.672,171.114,193.494,193.05,108.482,43.186,254.312
2001-10-22 16:35:00,172.22,53.023,213.333,125.887,1361.14,400.543,,205.8,86.986,152.35,,284.225,93.29,153.68,194.34,167.812,190.782,195.348,109.086,43.236,252.134
2001-10-22 16:40:00,169.74,52.507,207.767,125.65,1355.06,401.403,,204.946,88.816,154.933,,288.87,95.221,153.52,191.662,167.632,192.876,194.438,107.418,44.148,255.502
2001-10-22 16:45:00,171.536,52.003,212.0,124.237,1358.12,399.233,101.837,206.758,88.394,153.42,,288.373,95.566,153.7,194.16,169.118,193.338,194.124,109.048,43.414,253.34
2001-10-22 16:50:00,170.106,52.04,211.1,124.517,1359.76,399.47,,206.456,88.454,152.777,,290.269,95.403,151.88,192.354,168.262,194.73,194.576,108.462,43.2,256.27
2001-10-22 16:55:00,169.956,51.89,210.233,123.54,1349.5,399.943,,207.186,87.606,151.246,,286.942,95.373,153.28,193.578,168.326,192.652,194.374,107.764,43.188,254.664
2001-10-22 17:00:00,170.918,52.003,211.767,126.43,1356.88,399.193,102.47,207.786,87.438,152.26,,287.216,95.74,154.08,194.166,169.464,192.81,195.3,107.364,43.826,252.292
2001-10-22 17:05:00,169.416,52.903,208.433,126.047,1360.06,400.16,,206.734,88.05,154.123,,289.062,96.113,153.02,195.016,170.702,192.804,192.362,107.122,43.958,255.326
2001-10-22 17:10:00,170.05,52.617,211.5,124.747,1359.96,400.1,,204.552,88.036,150.147,,289.454,95.98,152.78,193.644,167.748,193.828,191.238,108.232,43.04,257.23
2001-10-22 17:15:00,170.762,52.37,212.833,126.343,1362.58,401.24,101.808,208.094,88.048,153.177,,288.056,95.413,154.74,194.376,169.808,192.112,193.882,107.688,43.626,254.722
2001-10-22 17:20:00,171.122,52.633,207.567,127.057,1360.76,402.61,,206.412,86.578,153.9,,287.343,95.612,153.22,191.932,167.646,195.706,196.484,107.68,42.554,255.582
2001-10-22 17:25:00,170.686,52.67,210.533,127.3,1360.84,402.07,,206.282,88.376,152.527,,287.96,95.718,153.54,192.022,168.796,191.62,192.866,108.298,43.168,254.22
2001-10-22 17:30:00,171.124,52.487,210.5,124.99,1366.66,406.033,104.039,208.618,88.308,151.017,,288.437,95.446,153.54,193.452,167.492,192.448,195.896,107.482,44.016,254.63
2001-10-22 17:35:00,171.64,52.557,211.833,125.81,1363.54,403.597,,205.344,87.76,151.493,,289.55,93.927,155.08,194.06,168.736,191.746,195.096,107.756,44.194,254.456
2001-10-22 17:40:00,170.806,52.857,212.8,124.793,1369.48,399.95,,205.408,87.774,152.59,,286.652,94.242,151.38,192.5,170.662,191.396,194.036,107.392,43.188,254.708
2001-10-22 17:45:00,170.332,52.927,212.267,124.403,1363.42,402.2,102.598,205.68,87.698,152.703,,287.604,94.828,155.52,195.406,167.738,194.698,192.748,108.288,43.592,253.456
2001-10-22 17:50:00,173.12,51.27,210.5,126.757,1361.46,403.767,,207.862,86.994,153.617,,286.727,95.015,154.86,193.168,169.582,193.276,194.136,108.202,44.012,257.038
2001-10-22 17:55:00,172.548,53.267,211.833,127.593,1358.22,401.59,,205.972,88.466,151.647,,285.667,95.395,152.28,195.51,171.892,194.624,193.486,107.638,43.87,258.02
2001-10-22 18:00:00,171.58,53.473,212.933,126.23,1352.98,399.293,102.442,204.556,87.25,151.083,,286.486,96.259,155.12,193.244,170.29,194.512,192.2,107.18,43.514,254.83
2001-10-22 18:05:00,170.906,52.137,210.6,125.69,1361.34,401.043,,204.226,87.898,151.94,,288.146,95.95,154.08,193.79,169.884,191.952,194.386,107.068,44.284,257.682
2001-10-22 18:10:00,172.256,52.287,211.5,127.253,1352.02,396.167,,210.582,87.282,153.927,,290.894,95.569,156.76,192.682,168.83,191.894,194.468,106.798,43.572,255.078
2001-10-22 18:15:00,168.862,51.71,210.4,125.743,1347.96,398.3,102.449,208.65,87.952,152.397,,288.685,95.95,154.8,193.522,171.802,194.396,194.576,107.736,43.528,259.082
2001-10-22 18:20:00,169.464,53.327,211.933,126.163,1352.54,401.83,,207.034,88.36,152.343,,287.208,95.218,152.62,194.526,168.324,192.368,195.308,108.526,43.984,258.256
2001-10-22 18:25:00,170.792,52.257,209.4,124.117,1350.68,400.227,,206.262,87.742,153.477,,286.549,94.713,153.68,193.872,170.03,191.788,193.832,107.446,43.356,256.436
2001-10-22 18:30:00,171.294,51.113,213.167,125.077,1342.52,398.24,103.025,207.96,87.81,151.053,,287.999,97.021,155.22,192.408,171.164,194.814,195.808,107.866,43.97,257.642
2001-10-22 18:35:00,170.298,52.47,210.533,126.38,1352.48,396.373,,208.086,88.192,153.473,,288.949,96.017,153.5,194.98,169.328,192.5,193.76,108.386,44.018,256.266
2001-10-22 18:40:00,169.718,51.68,212.9,127.427,1351.94,399.314,,205.598,87.424,150.844,,288.19,94.833,153.56,192.626,171.268,194.706,195.358,108.992,44.248,256.56
2001-10-22 18:45:00,170.006,50.997,211.433,125.917,1351.9,397.127,102.665,206.774,87.648,154.26,,288.389,96.175,153.96,193.66,170.262,193.954,194.258,108.12,43.812,256.634
2001-10-22 18:50:00,170.98,52.197,210.633,125.09,1353.12,400.013,,206.826,87.266,154.057,,291.183,93.947,154.42,194.394,170.06,193.388,,107.258,43.962,255.372
2001-10-22 18:55:00,170.06,51.493,211.933,123.377,1356.62,399.547,,207.48,86.808,152.414,,287.643,96.668,155.48,193.176,169.898,196.636,197.062,108.46,44.392,256.34
2001-10-22 19:00:00,170.038,53.183,211.3,125.6,1351.38,398.617,102.915,205.07,87.188,154.373,,289.264,96.143,155.2,194.36,170.848,193.57,193.15,106.79,43.322,257.106
2001-10-22 19:05:00,169.538,53.44,210.933,125.873,1350.58,401.483,,206.882,87.572,153.71,,287.528,95.886,153.0,194.47,169.264,191.986,193.93,107.752,44.01,257.096
2001-10-22 19:10:00,171.004,53.18,209.933,123.503,1350.12,403.263,,206.36,87.65,153.193,,287.685,95.389,155.72,195.054,172.38,193.198,193.253,108.106,44.302,255.406
2001-10-22 19:15:00,172.326,52.633,210.633,126.003,1359.72,397.81,102.607,207.026,88.722,152.19,,286.844,95.138,153.68,194.202,170.94,193.568,195.972,107.042,43.922,253.674
2001-10-22 19:20:00,172.588,53.03,210.967,126.98,1353.52,403.13,,206.77,87.048,153.053,,288.559,94.952,154.22,192.636,169.43,191.388,193.872,107.026,44.382,256.094
2001-10-22 19:25:00,170.16,51.357,210.467,123.95,1348.38,400.66,,205.764,87.414,152.737,,286.918,94.631,154.34,195.378,169.86,194.204,195.704,107.94,44.562,254.936
2001-10-22 19:30:00,170.09,52.573,210.033,126.177,1351.16,399.227,103.726,205.096,87.752,151.823,,289.009,97.776,154.82,192.388,172.248,194.224,194.22,108.346,43.69,255.528
2001-10-22 19:35:00,171.564,52.163,211.6,125.35,1355.88,398.183,,203.64,86.666,151.546,,288.358,95.501,153.74,192.716,171.078,193.706,191.61,108.344,44.686,256.866
2001-10-22 19:40:00,169.444,51.387,212.133,124.653,1350.9,399.63,,206.542,87.022,152.637,,288.243,95.43,151.46,191.1,170.272,193.584,195.416,107.708,44.186,256.424
2001-10-22 19:45:00,172.204,51.247,211.767,124.637,1351.74,397.773,103.728,206.088,87.924,153.21,,287.277,96.253,153.34,195.374,169.506,193.16,192.676,107.772,43.84,257.52
2001-10-22 19:50:00,168.486,53.093,210.033,124.11,1350.78,400.43,,204.144,87.316,153.317,,287.739,97.502,152.68,195.044,172.644,193.738,192.354,108.192,44.064,255.16
2001-10-22 19:55:00,170.392,52.793,212.9,124.313,1348.52,401.997,,207.172,87.428,152.597,,287.969,95.591,153.36,193.43,172.06,194.24,195.668,106.608,43.246,253.976
2001-10-22 20:00:00,169.39,50.83,211.867,125.617,1349.36,401.327,103.321,204.422,86.996,152.543,,286.817,95.207,154.4,192.624,170.32,194.974,192.068,106.946,43.354,256.908
2001-10-22 20:05:00,171.268,52.907,208.767,126.013,1353.74,398.667,,207.862,85.914,154.733,,286.627,97.416,155.0,193.646,168.854,193.406,193.246,107.308,43.046,256.444
2001-10-22 20:10:00,170.562,52.723,211.333,125.59,1345.34,397.183,,205.11,87.63,152.857,,289.338,95.96,155.28,193.454,168.57,195.716,194.808,107.472,44.256,254.508
2001-10-22 20:15:00,170.97,51.387,211.233,126.01,1355.76,401.35,102.569,203.78,86.802,154.057,,285.173,96.312,155.32,191.658,170.592,193.086,193.896,108.236,43.902,257.822
2001-10-22 20:20:00,170.552,53.02,208.3,125.36,1349.8,400.58,,206.258,86.31,152.433,,290.289,95.596,154.94,194.074,169.118,193.454,193.558,107.816,44.174,257.134
2001-10-22 20:25:00,170.456,52.72,211.2,125.933,1355.06,399.046,,203.524,87.78,151.673,,288.823,95.016,153.8,192.198,169.906,193.738,195.234,107.826,44.17,256.848
2001-10-22 20:30:00,169.218,51.91,208.633,125.603,1353.98,396.443,103.195,204.298,86.62,152.567,,286.805,95.33,154.38,193.108,171.118,195.822,193.206,108.144,43.552,255.73
2001-10-22 20:35:00,169.872,51.673,211.667,126.03,1347.38,399.74,,205.76,86.974,152.31,,289.858,95.337,155.12,194.616,172.014,193.722,195.08,107.47,44.24,254.754
2001-10-22 20:40:00,168.818,52.163,210.033,124.68,1355.54,397.393,,205.06,87.78,152.017,,289.082,94.254,154.74,192.598,168.83,196.327,193.764,107.704,44.35,255.14
2001-10-22 20:45:00,171.778,51.713,211.367,127.557,1352.22,398.456,101.845,205.188,87.248,152.46,,287.838,95.724,153.26,192.896,172.448,,195.736,108.034,44.272,256.568
2001-10-22 20:50:00,171.35,52.627,208.3,125.987,1359.96,398.53,,204.21,86.16,154.87,,288.816,96.481,153.96,193.918,171.74,,193.878,108.154,43.208,255.196
2001-10-22 20:55:00,170.724,53.41,211.133,124.307,1352.2,401.243,,207.49,87.972,153.313,,289.88,96.877,154.42,193.194,170.072,,196.444,107.774,43.435,256.83
2001-10-22 21:00:00,170.394,51.83,210.233,127.597,1360.84,401.983,103.161,206.022,86.594,154.687,,286.729,95.632,154.98,193.084,171.074,,196.098,108.814,,
2001-10-22 21:05:00,170.27,51.7,212.7,125.15,1355.9,398.594,,207.916,88.156,151.92,,291.206,95.56,153.54,191.622,169.602,,193.35,107.572,43.98,262.32
2001-10-22 21:10:00,170.19,52.377,210.567,125.673,1356.78,401.87,,207.996,87.59,151.827,,291.8,95.799,153.8,193.652,168.836,,194.37,108.818,43.866,254.154
2001-10-22 21:15:00,169.824,52.037,210.467,124.097,1348.52,397.07,102.356,205.416,87.786,152.617,,288.965,95.209,153.78,192.854,170.916,,195.578,108.528,43.214,255.656
2001-10-22 21:20:00,169.062,52.533,210.3,124.63,1354.88,397.76,,203.036,88.144,151.427,,286.86,95.023,154.38,194.066,170.606,,195.744,107.372,43.948,256.57
2001-10-22 21:25:00,171.114,52.357,211.6,125.147,1357.26,395.817,,204.68,88.16,151.92,,288.768,95.566,154.56,193.91,169.862,189.37,196.114,107.034,43.594,258.31
2001-10-22 21:30:00,169.53,51.83,210.767,124.31,1349.06,397.623,101.663,204.86,88.614,150.943,,288.177,94.092,154.1,194.062,171.434,194.718,192.447,108.346,43.538,256.478
2001-10-22 21:35:00,169.73,52.133,210.5,126.54,1354.32,398.077,,205.484,86.834,154.0,,288.938,94.243,154.24,196.002,170.448,193.402,198.04,106.402,43.356,256.754
2001-10-22 21:40:00,171.296,51.68,210.933,125.35,1353.7,397.867,,204.324,86.24,154.183,,288.005,96.207,155.5,193.62,171.69,193.244,194.716,108.466,43.6,257.138
2001-10-22 21:45:00,169.01,52.263,209.167,125.27,1360.9,397.26,102.308,205.408,86.89,151.287,,289.593,93.451,155.12,193.218,171.604,193.692,196.118,107.614,44.088,258.784
2001-10-22 21:50:00,169.648,52.2,209.6,124.357,1365.54,398.483,,206.886,87.5,152.073,,290.245,97.638,152.28,193.066,170.958,194.066,193.34,109.246,44.026,255.034
2001-10-22 21:55:00,170.33,52.293,211.333,126.04,1355.92,399.63,,203.56,86.822,151.587,,289.318,95.029,154.72,194.632,171.8,191.732,193.978,108.606,43.852,253.74
2001-10-22 22:00:00,169.626,50.497,210.667,124.84,1344.42,398.52,101.715,207.036,86.586,149.283,,288.665,96.235,154.62,190.502,170.616,193.766,195.924,107.784,43.588,256.564
2001-10-22 22:05:00,170.768,51.53,210.567,124.79,1353.62,399.21,,206.04,87.304,151.43,,287.74,94.946,153.02,193.614,168.582,194.808,194.998,107.748,43.85,254.174
2001-10-22 22:10:00,168.91,51.33,211.333,125.327,1355.8,395.633,,206.456,87.818,151.443,,289.169,95.67,155.42,190.876,172.518,194.368,194.652,106.766,43.458,257.36
2001-10-22 22:15:00,170.86,52.7,211.733,124.607,1357.26,397.97,102.416,206.43,86.7,151.723,,289.114,95.005,155.56,195.334,170.188,194.498,195.392,107.602,43.63,254.928
2001-10-22 22:20:00,169.664,52.367,209.633,123.81,1360.68,397.323,,206.086,85.99,151.747,,288.003,95.672,154.72,193.336,170.102,192.65,193.96,109.078,43.542,254.454
2001-10-22 22:25:00,171.808,51.74,210.767,125.487,1356.66,397.207,,207.688,87.236,155.82,,288.648,94.839,152.64,195.342,169.51,193.524,194.452,108.214,43.638,255.72
2001-10-22 22:30:00,169.392,52.737,211.233,125.933,1352.92,398.28,102.87,207.308,86.122,153.367,,289.766,94.078,156.16,194.158,169.59,192.786,196.85,108.346,44.482,256.602
2001-10-22 22:35:00,170.304,50.44,208.133,125.013,1360.94,397.853,,204.57,87.56,151.437,,287.886,96.099,155.26,193.588,170.374,194.238,194.716,108.528,43.642,255.73
2001-10-22 22:40:00,172.548,52.333,208.933,125.747,1356.18,396.353,,205.082,86.686,154.157,,288.523,95.661,154.52,195.886,170.542,193.054,195.364,107.768,43.088,257.204
