ESOI    ATHN    MXCO    ROME    AATB    LMKS    DRBS    MOSC    NEWK    KIEL    KERG    CALG    OULU    APTY    FSMT    INVK    NAIN    PWNK    THUL    SOPB    SOPO
2001-10-21 11:45:00;170.300; 52.753;217.433;124.647;1370.740;411.380;105.423;215.942; 91.234;157.873;   null;297.795; 99.329;158.220;200.032;176.986;200.030;199.670;112.484; 46.240;267.592
2001-10-21 11:50:00;171.264; 52.710;214.067;129.200;1372.960;410.457;   null;212.924; 90.720;157.847;   null;297.288;100.149;156.960;200.434;173.888;202.106;200.562;112.190; 45.706;268.058
2001-10-21 11:55:00;170.588; 52.373;216.733;127.077;1368.920;409.363;   null;215.232; 90.436;158.394;   null;294.780; 98.805;157.780;199.558;174.846;201.220;200.572;112.986; 45.656;266.458
2001-10-21 12:00:00;170.516; 51.387;215.333;127.743;1373.760;409.000;105.054;213.660; 88.786;158.626;   null;295.220; 99.457;159.740;200.066;177.058;200.644;199.510;113.974; 45.820;266.046
2001-10-21 12:05:00;171.394; 51.900;213.400;127.040;1374.520;410.633;   null;212.396; 92.020;161.273;   null;296.766; 99.466;159.820;197.308;176.400;200.448;200.306;113.206; 46.480;266.792
2001-10-21 12:10:00;171.920; 52.453;213.667;126.563;1368.620;410.720;   null;215.128; 90.246;159.213;   null;297.362; 99.771;159.960;200.286;175.078;199.558;199.968;113.744; 46.854;269.698
2001-10-21 12:15:00;169.412; 51.867;212.967;126.580;1376.820;410.853;105.030;214.454; 89.876;157.370;   null;290.756; 98.738;159.340;199.200;176.278;200.706;200.310;112.458; 45.068;266.888
2001-10-21 12:20:00;171.312; 52.113;213.733;126.037;1365.200;408.527;   null;212.336; 89.990;158.560;   null;293.392; 97.276;159.560;197.642;174.174;199.744;199.710;112.018; 46.020;267.978
2001-10-21 12:25:00;171.832; 52.687;211.200;127.080;1366.880;410.074;   null;212.460; 89.716;159.480;   null;293.798; 98.306;159.300;198.786;175.340;200.598;199.184;111.684; 46.450;266.674
2001-10-21 12:30:00;170.872; 52.780;212.467;125.653;1362.920;411.470;105.607;214.648; 90.498;158.117;   null;291.658;100.323;159.520;199.528;175.376;200.616;199.958;111.360; 45.508;267.470
2001-10-21 12:35:00;170.276; 53.060;214.900;126.830;1371.760;410.420;   null;215.184; 90.220;160.177;   null;297.468; 98.929;159.860;197.404;176.742;200.090;198.800;112.028; 45.776;267.756
2001-10-21 12:40:00;172.546; 52.570;216.133;127.390;1382.220;407.493;   null;214.306; 90.530;158.227;   null;295.948; 98.621;157.680;199.524;173.872;199.116;   null;111.342; 45.914;267.844
2001-10-21 12:45:00;171.852; 51.667;215.700;128.300;1366.800;406.920;104.931;213.892; 90.200;159.330;   null;295.678; 98.054;156.860;200.818;175.272;201.058;199.452;111.644; 46.080;267.404
2001-10-21 12:50:00;168.856; 51.397;214.700;127.847;1373.380;410.333;   null;212.372; 92.078;158.473;   null;295.128;100.588;159.540;197.426;175.238;199.274;200.664;111.758; 45.088;267.840
2001-10-21 12:55:00;171.786; 52.137;213.667;128.003;1376.620;406.640;   null;215.674; 90.704;158.773;   null;293.336; 99.203;159.500;198.140;176.438;200.626;196.146;112.976; 45.208;266.058
2001-10-21 13:00:00;170.594; 51.640;216.067;127.283;1367.220;410.903;105.429;213.146; 91.174;157.637;   null;295.805;100.685;157.500;200.310;176.356;199.146;198.310;112.628; 46.806;266.130
2001-10-21 13:05:00;171.214; 51.833;211.333;127.953;1366.260;407.663;   null;214.666; 91.050;157.250;   null;296.380; 97.549;158.140;199.918;176.970;201.322;201.316;111.244; 45.828;265.104
2001-10-21 13:10:00;171.922; 52.247;216.000;127.857;1366.740;408.160;   null;213.820; 90.972;160.003;   null;295.082; 99.508;158.660;199.544;175.738;199.548;199.344;113.290; 45.800;268.434
2001-10-21 13:15:00;170.884; 52.403;214.667;126.957;1369.540;407.797;106.568;214.004; 90.320;157.483;   null;293.178; 99.436;157.560;196.578;178.026;202.216;198.524;111.788; 45.712;271.310
2001-10-21 13:20:00;169.732; 52.183;215.833;129.307;1373.520;410.543;   null;211.760; 89.960;157.927;   null;295.035; 99.671;158.780;197.258;175.064;201.222;198.124;111.214; 45.846;269.828
2001-10-21 13:25:00;172.374; 52.860;215.967;125.717;1373.260;409.213;   null;214.218; 92.306;157.777;   null;294.753; 99.894;157.800;195.780;176.998;198.060;197.894;112.092; 46.696;267.406
2001-10-21 13:30:00;170.666; 53.330;212.667;126.800;1365.680;409.590;104.792;214.318; 91.228;157.737;   null;295.294; 98.043;157.540;196.596;175.120;197.608;200.178;110.828; 46.628;269.680
2001-10-21 13:35:00;171.304; 52.480;217.433;126.597;1374.620;410.783;   null;215.810; 90.132;157.870;   null;297.251; 99.115;157.920;198.284;175.174;199.890;199.280;113.176; 45.990;270.190
2001-10-21 13:40:00;171.292; 52.197;212.833;126.870;1375.660;409.157;   null;212.334; 88.256;157.960;   null;293.593; 98.295;157.800;198.038;176.754;199.670;198.690;111.558; 45.680;269.892
2001-10-21 13:45:00;172.054; 52.637;213.933;127.277;1375.220;405.360;105.637;214.662; 91.062;159.777;   null;294.011; 99.650;159.280;197.906;173.776;199.472;199.610;112.548; 46.116;267.626
2001-10-21 13:50:00;172.212; 51.943;215.133;128.343;1365.880;406.436;   null;213.568; 90.320;157.903;   null;294.652;100.810;157.840;195.380;178.156;200.180;200.680;112.022; 46.058;270.998
2001-10-21 13:55:00;171.904; 53.203;214.100;127.283;1374.220;409.140;   null;211.962; 89.152;158.907;   null;294.774; 98.622;158.460;197.088;176.176;200.580;200.420;111.618; 46.306;269.304
2001-10-21 14:00:00;172.434; 53.110;212.367;129.647;1375.080;414.927;104.605;215.544; 89.842;158.413;   null;294.605; 97.676;160.800;200.908;175.872;199.574;199.988;111.164; 46.000;270.086
2001-10-21 14:05:00;171.874; 52.173;212.167;126.727;1370.280;412.703;   null;211.178; 89.986;158.443;   null;294.323; 98.070;159.000;199.302;177.582;200.448;202.632;111.688; 45.326;266.446
2001-10-21 14:10:00;171.832; 53.113;212.567;126.973;1369.340;408.607;   null;213.220; 89.636;159.263;   null;296.278; 99.820;157.120;199.576;177.788;198.740;200.360;110.866; 45.688;270.352
2001-10-21 14:15:00;171.050; 52.033;215.133;128.767;1376.020;409.703;105.271;214.928; 90.138;159.877;   null;293.940; 98.736;158.020;199.132;175.346;199.348;199.970;111.710; 46.054;266.718
2001-10-21 14:20:00;171.144; 52.873;216.500;127.637;1372.940;413.150;   null;211.610; 91.714;159.700;   null;292.234; 99.125;156.880;198.848;177.142;199.872;199.448;110.634; 46.184;268.620
2001-10-21 14:25:00;173.234; 52.233;213.700;127.350;1379.820;411.953;   null;214.522; 90.330;160.387;   null;295.604; 98.819;159.940;200.956;177.662;197.844;201.162;112.346; 46.110;267.922
2001-10-21 14:30:00;173.054; 51.617;212.000;126.203;1376.820;410.920;105.623;212.530; 90.008;155.827;   null;291.559; 97.499;159.280;200.788;176.366;199.582;198.773;112.346; 46.434;267.136
2001-10-21 14:35:00;171.450; 51.907;213.100;127.950;1373.580;409.023;   null;212.900; 89.796;158.570;   null;292.739; 99.611;158.400;197.476;176.336;198.524;200.050;111.396; 46.678;267.300
2001-10-21 14:40:00;170.956; 53.287;216.167;128.793;1373.960;410.703;   null;213.338; 89.316;158.773;   null;290.548; 97.365;156.960;199.492;176.902;199.638;199.553;111.974; 45.282;269.330
2001-10-21 14:45:00;170.838; 53.077;213.400;127.403;1382.860;415.080;106.077;214.080; 89.212;158.997;   null;292.402; 98.974;157.860;201.514;176.136;198.128;197.838;112.068; 45.760;271.556
2001-10-21 14:50:00;171.260; 53.073;214.333;126.110;1372.800;413.557;   null;213.002; 90.848;158.103;   null;293.738; 97.479;159.160;198.096;176.742;199.182;197.332;112.692; 46.208;268.534
2001-10-21 14:55:00;173.326; 53.313;212.467;126.037;1374.940;411.737;   null;216.666; 90.010;157.707;   null;288.449; 97.271;158.860;199.134;172.578;200.910;197.874;110.688; 45.850;270.052
2001-10-21 15:00:00;171.322; 51.730;213.400;127.053;1382.040;410.850;105.808;213.268; 90.612;156.483;   null;290.124; 99.726;159.800;200.090;176.660;198.178;198.982;112.694; 46.192;269.674
2001-10-21 15:05:00;169.974; 50.187;214.433;126.030;1367.960;414.357;   null;213.540; 88.872;156.967;   null;293.940; 98.830;161.420;198.724;174.696;199.002;199.016;111.192; 46.646;269.000
2001-10-21 15:10:00;172.856; 52.507;215.500;126.157;1365.660;409.733;   null;212.810; 90.672;157.483;   null;291.168; 99.527;161.040;200.420;171.324;199.954;197.874;111.548; 46.094;268.906
2001-10-21 15:15:00;172.206; 51.217;213.867;126.907;1370.680;410.813;105.614;212.514; 89.694;158.757;   null;290.955; 99.154;157.080;198.062;173.904;197.916;198.326;110.216; 46.622;269.012
2001-10-21 15:20:00;172.554; 51.087;212.600;125.927;1380.800;412.863;   null;214.094; 90.664;157.473;   null;291.191;100.016;161.240;196.654;172.022;199.354;195.652;111.392; 46.604;269.724
2001-10-21 15:25:00;170.580; 52.160;212.800;126.513;1376.140;411.306;   null;210.720; 91.266;158.563;   null;288.432; 99.794;157.940;194.878;174.186;200.180;199.694;111.374; 46.344;269.684
2001-10-21 15:30:00;169.462; 53.077;216.233;127.940;1370.100;410.973;104.224;210.670; 89.512;159.477;   null;289.701;100.197;157.080;197.146;173.208;201.034;200.298;110.908; 46.038;268.670
2001-10-21 15:35:00;172.040; 52.833;212.500;127.130;1373.860;414.257;   null;216.394; 88.894;159.960;   null;287.651; 98.571;158.800;197.164;172.268;198.398;199.250;112.130; 45.942;266.496
2001-10-21 15:40:00;168.684; 52.247;212.033;126.910;1377.600;409.627;   null;213.020; 89.780;157.583;   null;288.827;100.249;158.600;196.726;173.396;197.246;195.836;111.546; 45.420;269.570
2001-10-21 15:45:00;171.938; 53.750;213.433;126.080;1377.880;408.330;105.071;210.242; 91.224;160.873;   null;287.617; 98.916;159.280;196.972;175.708;196.744;198.792;109.364; 46.450;269.562
2001-10-21 15:50:00;172.214; 51.747;213.433;127.600;1375.620;408.790;   null;213.892; 89.728;156.957;   null;286.381; 97.594;158.860;195.212;171.668;199.890;199.840;109.562; 46.210;270.386
2001-10-21 15:55:00;170.908; 52.180;213.400;126.117;1371.120;411.300;   null;213.458; 91.176;159.050;   null;293.288; 98.403;160.480;194.956;173.458;198.588;198.807;109.632; 46.202;268.512
2001-10-21 16:00:00;171.950; 53.050;213.133;125.713;1371.140;409.937;106.312;213.166; 90.546;158.957;   null;293.444;100.364;158.600;196.526;174.688;198.894;197.974;110.708; 45.662;268.302
2001-10-21 16:05:00;171.998; 51.483;212.400;128.297;1367.940;408.620;   null;211.200; 90.442;157.983;   null;293.578; 98.370;158.800;195.256;170.004;199.796;198.458;110.666; 46.456;267.436
2001-10-21 16:10:00;172.342; 52.077;215.367;126.760;1375.120;410.587;   null;211.716; 90.674;157.910;   null;295.274; 98.931;158.240;195.366;169.800;199.360;200.228;110.984; 45.890;269.004
2001-10-21 16:15:00;170.974; 52.550;212.500;125.953;1372.740;407.697;104.891;211.246; 88.428;156.283;   null;295.293; 97.771;160.560;195.562;171.840;195.976;201.158;111.108; 47.182;269.438
2001-10-21 16:20:00;172.152; 52.560;215.967;127.157;1372.600;409.817;   null;212.104; 89.724;158.040;228.448;295.764; 97.772;157.600;195.890;170.674;198.576;197.756;110.930; 46.462;270.728
2001-10-21 16:25:00;172.700; 52.450;212.233;126.683;1375.680;407.203;   null;210.448; 90.058;158.743;   null;298.455; 98.794;158.680;195.998;171.562;196.018;199.060;110.844; 45.892;267.608
2001-10-21 16:30:00;171.460; 52.637;214.667;128.297;1376.860;411.760;104.573;214.798; 90.640;159.147;   null;296.101; 98.742;159.420;195.414;170.712;198.102;199.016;111.760; 46.634;269.846
2001-10-21 16:35:00;171.648; 53.227;212.833;126.720;1371.720;413.160;   null;212.238; 90.444;159.747;   null;297.263; 99.922;159.000;196.502;171.582;199.524;200.894;112.958; 45.728;269.332
2001-10-21 16:40:00;172.750; 54.630;214.533;127.067;1365.960;414.190;   null;213.558; 89.966;159.107;   null;297.129; 97.648;160.260;197.818;171.802;199.474;200.782;110.342; 46.390;269.912
2001-10-21 16:45:00;171.008; 51.727;214.200;127.547;1365.800;413.077;105.010;212.898; 91.016;159.030;   null;298.084; 99.404;158.020;199.088;171.730;198.452;201.942;110.786; 45.928;267.784
2001-10-21 16:50:00;170.382; 52.707;217.067;125.457;1364.100;408.870;   null;213.010; 89.250;158.377;   null;297.935; 98.010;158.920;200.410;174.394;199.194;200.674;110.406; 46.064;268.266
2001-10-21 16:55:00;170.618; 53.577;215.967;126.200;1375.180;409.100;   null;210.114; 89.386;157.397;   null;295.266; 99.650;158.580;201.148;172.562;200.616;200.798;112.432; 46.698;271.298
2001-10-21 17:00:00;172.198; 52.370;215.100;126.017;1371.980;408.840;104.037;213.444; 90.110;158.593;   null;300.152; 98.407;158.020;197.808;177.088;200.672;201.692;111.262; 45.810;268.642
2001-10-21 17:05:00;172.454; 52.337;211.667;127.997;1376.900;408.737;   null;210.528; 90.154;157.377;   null;297.987; 98.737;157.980;200.996;175.406;198.868;199.806;109.704; 46.432;268.222
2001-10-21 17:10:00;171.108; 52.657;211.800;125.747;1377.140;415.160;   null;213.048; 91.134;158.667;   null;297.383; 99.268;158.320;200.042;173.982;199.968;201.114;110.494; 46.434;269.310
2001-10-21 17:15:00;171.938; 51.767;213.033;127.820;1377.440;411.030;104.713;213.230; 89.932;158.327;   null;298.106; 99.184;157.400;199.334;175.946;197.840;199.440;110.480; 45.976;267.644
2001-10-21 17:20:00;171.120; 52.390;213.067;126.340;1372.900;413.140;   null;211.912; 90.396;156.577;   null;300.298; 97.673;159.120;199.246;173.478;198.628;199.178;110.588; 46.620;267.406
2001-10-21 17:25:00;170.558; 51.273;214.333;127.783;1380.500;413.430;   null;213.300; 89.906;158.450;   null;299.226; 97.497;158.060;196.966;173.602;198.284;199.440;108.272; 46.448;267.558
2001-10-21 17:30:00;171.604; 52.133;212.867;128.587;1384.720;417.063;105.958;210.852; 90.220;155.363;   null;297.821; 98.160;157.720;197.404;173.552;197.312;201.924;109.178; 46.306;266.126
2001-10-21 17:35:00;170.018; 51.387;213.933;128.187;1376.280;410.357;   null;212.622; 90.272;158.413;   null;297.854; 98.221;156.580;196.800;172.144;199.144;199.857;110.154; 45.586;268.946
2001-10-21 17:40:00;171.102; 51.537;213.700;128.800;1377.660;412.290;   null;213.316; 89.892;158.407;   null;296.699; 97.821;156.700;196.758;174.172;199.944;197.200;109.436; 46.098;265.924
2001-10-21 17:45:00;171.572; 52.617;216.600;127.273;1385.280;412.823;105.541;214.308; 89.908;156.270;   null;294.629; 96.577;153.340;198.512;172.268;198.068;200.300;107.410; 45.410;268.178
2001-10-21 17:50:00;172.704; 51.750;214.067;124.853;1383.560;414.960;   null;213.216; 89.104;156.517;   null;294.376; 97.700;155.300;197.362;173.078;198.330;199.806;109.680; 46.446;267.768
2001-10-21 17:55:00;169.894; 52.273;214.967;128.930;1384.760;414.700;   null;210.738; 90.322;155.130;   null;295.648; 95.774;155.800;197.136;173.600;196.466;199.278;108.436; 45.608;265.258
2001-10-21 18:00:00;171.340; 52.057;215.833;128.367;1386.340;417.556;104.933;211.494; 89.780;155.603;   null;295.050; 96.853;157.260;197.836;170.502;198.420;200.354;108.196; 45.664;267.138
2001-10-21 18:05:00;172.104; 52.207;213.733;126.687;1390.400;414.790;   null;210.502; 88.542;155.597;   null;295.851; 97.408;155.840;196.646;172.202;197.790;198.314;109.502; 46.086;264.158
2001-10-21 18:10:00;174.808; 53.603;212.200;127.567;1386.680;416.510;   null;211.372; 89.926;156.470;   null;295.185; 97.406;156.900;195.876;173.652;199.234;198.408;108.178; 45.820;268.044
2001-10-21 18:15:00;174.038; 54.073;212.600;126.873;1390.180;415.667;105.413;210.428; 90.702;154.970;   null;295.055; 96.535;157.660;197.524;173.386;196.708;199.824;106.960; 45.804;266.914
2001-10-21 18:20:00;173.194; 51.777;212.433;127.277;1380.640;417.863;   null;212.328; 89.908;156.540;   null;293.689; 97.302;156.220;198.342;168.830;198.360;198.038;108.666; 44.942;266.564
2001-10-21 18:25:00;173.372; 53.570;215.167;129.360;1391.440;415.280;   null;208.850; 89.600;155.390;   null;296.069; 96.965;155.480;199.000;172.302;197.312;199.096;108.890; 46.090;266.062
2001-10-21 18:30:00;175.560; 52.780;216.433;128.760;1389.660;414.090;105.409;211.538; 89.742;155.040;   null;294.939; 97.063;157.580;198.084;174.466;197.008;197.108;108.220; 45.712;264.656
2001-10-21 18:35:00;173.902; 53.713;212.700;128.793;1394.560;415.967;   null;212.834; 91.082;156.357;   null;291.034; 95.325;157.120;196.740;171.418;195.930;197.972;108.036; 45.346;264.668
2001-10-21 18:40:00;170.944; 53.423;214.600;127.460;1385.020;409.980;   null;211.528; 89.692;157.147;   null;291.506; 96.783;155.720;195.398;169.770;197.098;197.690;107.944; 45.226;267.058
2001-10-21 18:45:00;174.062; 53.080;216.200;127.307;1383.560;414.810;104.560;210.732; 87.598;156.267;   null;289.492; 96.308;156.200;197.460;171.238;197.684;196.984;108.178; 45.986;262.458
2001-10-21 18:50:00;171.736; 51.883;214.867;126.637;1387.800;413.290;   null;212.388; 89.784;157.347;   null;291.518; 96.925;153.040;198.540;172.234;198.910;197.954;109.454; 45.148;262.740
2001-10-21 18:55:00;171.894; 52.840;213.867;128.143;1384.540;410.153;   null;208.056; 89.706;155.983;   null;290.245; 95.122;153.180;196.384;169.992;195.968;197.192;108.798; 44.756;264.568
2001-10-21 19:00:00;172.506; 53.240;213.600;128.423;1379.060;408.547;103.581;206.884; 88.300;154.930;   null;290.065; 94.357;153.760;194.536;171.326;196.798;196.468;108.912; 44.860;265.220
2001-10-21 19:05:00;172.470; 53.147;214.633;127.627;1373.680;404.237;   null;207.006; 89.244;155.353;   null;289.224; 96.431;152.180;196.140;170.752;195.014;198.992;109.436; 45.200;263.520
2001-10-21 19:10:00;171.038; 51.600;212.133;127.480;1374.540;408.037;   null;207.918; 89.772;155.230;   null;292.756; 95.234;151.360;196.008;172.714;197.072;196.520;108.470; 44.392;262.244
2001-10-21 19:15:00;170.460; 51.927;212.100;127.640;1368.700;405.573;103.836;205.164; 90.538;155.150;   null;291.251; 94.578;151.520;195.460;172.778;195.324;194.070;108.380; 44.306;262.004
2001-10-21 19:20:00;172.372; 52.447;214.800;126.163;1368.220;408.217;   null;206.756; 88.628;156.110;   null;292.163; 95.028;154.140;195.836;170.666;195.560;195.918;108.678; 44.912;261.666
2001-10-21 19:25:00;172.022; 52.713;212.933;125.553;1366.480;405.450;   null;204.396; 87.280;152.890;   null;288.591; 94.959;154.060;195.818;170.192;194.552;196.416;107.832; 44.088;258.518
2001-10-21 19:30:00;171.806; 52.050;211.800;125.767;1366.000;402.643;102.581;203.976; 88.930;154.003;   null;293.254; 96.267;154.140;195.286;171.778;195.938;197.672;108.776; 44.258;260.420
2001-10-21 19:35:00;172.824; 53.053;210.600;125.830;1369.780;404.873;   null;205.928; 89.696;153.374;   null;289.669; 94.995;152.960;192.666;170.466;195.108;196.240;108.854; 44.594;260.646
2001-10-21 19:40:00;172.144; 52.103;211.333;124.323;1377.720;401.127;   null;207.994; 88.060;154.607;   null;288.930; 94.904;153.420;194.798;171.976;195.546;194.593;108.880; 44.794;260.640
2001-10-21 19:45:00;172.710; 54.433;213.367;126.450;1364.440;403.750;102.614;206.378; 89.506;152.267;   null;292.202; 94.201;152.840;194.460;173.712;197.192;194.090;109.452; 45.096;259.182
2001-10-21 19:50:00;168.578; 51.400;213.700;125.343;1368.060;405.420;   null;207.156; 87.728;152.877;   null;291.051; 94.312;154.860;196.918;171.776;195.964;197.680;108.502; 44.926;261.936
2001-10-21 19:55:00;172.450; 52.330;212.067;124.123;1371.200;406.383;   null;204.072; 89.772;155.210;   null;288.371; 94.722;151.280;195.718;171.454;193.440;198.020;109.350; 44.630;260.346
2001-10-21 20:00:00;174.182; 52.430;212.367;125.837;1377.720;405.967;103.710;203.944; 88.920;151.773;   null;293.947; 96.696;154.240;195.990;171.552;193.228;196.012;108.410; 43.686;259.080
2001-10-21 20:05:00;171.234; 51.623;213.133;125.373;1381.200;406.007;   null;206.824; 89.924;153.563;   null;291.349; 94.036;153.960;197.178;170.782;194.980;196.870;108.462; 44.512;256.048
2001-10-21 20:10:00;172.218; 52.687;211.700;127.453;1385.460;402.787;   null;208.168; 89.192;153.033;   null;290.199; 95.794;153.320;195.034;172.034;194.490;198.764;108.406; 44.626;258.226
2001-10-21 20:15:00;171.582; 53.693;211.200;125.907;1386.720;406.143;102.831;206.378; 88.338;152.507;   null;294.390; 96.266;152.220;194.240;173.018;197.908;195.952;108.836; 44.474;261.076
2001-10-21 20:20:00;173.770; 54.017;215.300;126.253;1384.680;405.483;   null;206.364; 90.122;152.700;   null;294.696; 96.793;152.940;197.462;169.948;195.316;197.924;109.798; 44.740;259.454
2001-10-21 20:25:00;170.894; 53.067;211.467;127.237;1381.840;405.703;   null;206.114; 90.080;150.413;   null;292.598; 93.845;154.500;197.056;171.500;196.028;197.414;107.350; 44.986;260.058
2001-10-21 20:30:00;172.630; 53.137;212.133;127.290;1375.360;409.090;103.803;208.476; 89.148;153.910;   null;292.024; 96.567;154.940;196.300;171.972;196.598;196.060;109.244; 44.328;261.026
2001-10-21 20:35:00;172.602; 53.680;212.067;127.600;1383.840;409.537;   null;209.094; 89.152;151.880;   null;292.301; 97.238;155.580;198.604;173.046;197.088;196.638;108.788; 44.876;259.110
2001-10-21 20:40:00;172.092; 52.460;213.833;126.680;1378.320;409.813;   null;208.664; 88.898;155.450;   null;296.821; 96.276;154.500;194.728;174.306;195.754;196.462;110.104; 44.876;260.824
2001-10-21 20:45:00;172.910; 51.703;213.267;127.640;1373.560;411.040;104.107;210.238; 89.614;153.644;   null;291.614; 95.767;154.580;197.484;171.360;196.088;199.394;108.922; 44.536;260.736
2001-10-21 20:50:00;173.598; 53.000;214.567;127.847;1375.940;410.240;   null;210.672; 90.274;155.050;   null;292.874; 96.775;156.660;194.760;172.142;195.940;197.104;109.248; 43.996;259.502
2001-10-21 20:55:00;172.132; 53.640;212.033;127.907;1366.800;413.163;   null;208.540; 88.746;152.970;   null;292.252; 97.406;154.940;198.202;173.386;194.608;196.944;107.952; 44.008;258.918
2001-10-21 21:00:00;169.036; 52.587;213.867;128.653;1363.860;412.107;105.013;208.640; 89.256;154.280;   null;295.000; 97.867;154.360;196.020;172.060;198.422;195.788;109.144; 44.578;258.948
2001-10-21 21:05:00;170.028; 53.080;216.400;127.667;1360.760;410.120;   null;205.292; 88.886;153.537;   null;291.320; 96.858;152.100;198.506;170.862;197.382;196.070;108.356; 44.650;258.430
2001-10-21 21:10:00;171.056; 52.397;213.533;125.990;1355.800;408.027;   null;205.050; 88.306;154.893;   null;291.644; 95.688;153.120;194.994;172.596;196.352;197.428;109.654; 44.804;260.258
2001-10-21 21:15:00;171.812; 52.767;214.067;127.673;1360.480;405.610;103.139;206.120; 88.144;155.463;   null;292.083; 94.507;152.760;195.102;172.142;193.818;195.080;107.628; 44.902;258.222
2001-10-21 21:20:00;168.148; 52.347;211.333;124.593;1350.520;401.393;   null;204.402; 89.182;152.250;   null;292.357; 95.373;152.220;195.800;172.806;194.108;192.714;109.162; 44.904;260.576
2001-10-21 21:25:00;170.376; 52.517;210.900;125.437;1360.480;401.600;   null;201.266; 87.242;152.280;   null;292.228; 94.221;153.000;193.622;172.962;194.940;193.924;108.782; 44.762;259.650
2001-10-21 21:30:00;170.254; 50.307;211.933;122.760;1363.080;397.660;101.092;201.430; 87.406;151.710;   null;290.761; 94.511;149.760;194.638;170.964;191.958;193.174;108.382; 44.258;260.456
2001-10-21 21:35:00;170.666; 51.773;211.300;123.380;1363.300;399.160;   null;204.762; 89.776;152.980;   null;290.321; 94.363;149.840;192.702;170.374;192.972;195.052;108.046; 44.852;260.234
2001-10-21 21:40:00;168.758; 52.380;210.567;123.590;1358.260;398.507;   null;205.576; 86.450;152.583;   null;288.925; 94.360;152.340;192.848;169.774;192.324;194.288;106.932; 44.704;259.648
2001-10-21 21:45:00;169.290; 52.807;210.067;124.777;1363.120;398.030;102.266;202.074; 87.432;151.057;   null;285.080; 92.741;149.960;192.360;169.876;190.200;192.616;107.362; 44.124;258.856
2001-10-21 21:50:00;169.990; 51.493;212.667;124.697;1363.040;398.760;   null;204.836; 87.550;148.633;   null;286.866; 93.107;151.980;193.568;169.348;192.068;190.876;107.368; 44.012;258.584
2001-10-21 21:55:00;170.190; 52.127;210.967;123.090;1355.520;399.877;   null;202.682; 86.962;152.313;   null;282.441; 94.111;153.200;191.778;169.482;190.612;193.992;107.772; 44.602;258.700
2001-10-21 22:00:00;169.280; 52.480;209.533;123.703;1361.300;398.173;102.193;204.732; 86.510;150.423;   null;285.599; 95.784;152.880;190.910;169.372;195.458;192.600;108.518; 42.876;257.164
2001-10-21 22:05:00;168.906; 52.087;207.233;124.220;1355.640;396.063;   null;202.328; 87.040;150.920;   null;283.088; 93.267;152.780;192.584;169.500;191.312;192.410;107.738; 44.240;254.300
2001-10-21 22:10:00;169.774; 52.440;207.400;123.863;1353.700;396.113;   null;203.076; 85.592;150.743;   null;285.715; 95.445;151.200;190.420;169.390;190.912;193.440;107.716; 43.894;255.170
2001-10-21 22:15:00;169.012; 52.130;210.067;123.413;1357.520;398.393;101.441;202.460; 84.718;150.193;   null;284.042; 93.243;151.500;191.256;168.724;193.264;191.094;108.642; 43.400;254.312
2001-10-21 22:20:00;169.446; 52.150;207.067;124.687;1364.180;396.357;   null;202.908; 87.926;148.320;   null;284.126; 94.416;152.840;192.716;170.524;192.470;194.670;107.622; 43.324;255.370
2001-10-21 22:25:00;169.734; 52.170;209.367;124.237;1353.520;397.853;   null;204.284; 86.400;152.137;   null;284.288; 94.435;152.640;190.418;169.668;194.052;193.580;108.566; 42.508;255.090
2001-10-21 22:30:00;171.662; 51.913;207.200;123.550;1352.440;396.240;100.924;204.262; 88.392;148.943;   null;288.909; 95.386;150.020;193.138;170.820;192.450;195.026;107.140; 42.814;253.716
2001-10-21 22:35:00;168.656; 52.023;210.000;124.803;1348.160;393.577;   null;201.184; 86.822;149.530;   null;286.443; 95.282;152.400;192.284;171.112;192.490;194.998;106.256; 43.310;251.978
2001-10-21 22:40:00;168.110; 51.113;207.567;123.810;1328.240;396.480;   null;203.458; 85.794;149.680;   null;285.989; 95.217;151.400;193.694;169.490;192.660;196.754;107.748; 43.108;251.984
2001-10-21 22:45:00;169.628; 51.727;210.467;123.603;1341.480;401.067;101.243;202.178; 86.726;151.183;   null;284.366; 92.307;151.440;190.824;170.612;193.504;193.910;107.756; 43.180;249.400
2001-10-21 22:50:00;170.170; 50.803;208.800;123.120;1336.020;393.317;   null;202.886; 86.482;150.480;   null;285.437; 93.424;151.360;192.426;169.514;191.524;193.226;107.590; 43.438;250.954
2001-10-21 22:55:00;170.648; 50.477;208.267;123.997;1337.860;397.727;   null;200.426; 85.488;150.140;   null;287.385; 93.496;151.900;191.006;170.988;193.140;193.338;107.870; 43.114;252.534
2001-10-21 23:00:00;169.992; 51.860;208.667;123.913;1346.960;396.310;100.636;204.132; 87.928;151.463;   null;283.814; 94.791;154.220;191.828;170.236;191.844;193.624;108.424; 42.078;250.798
2001-10-21 23:05:00;168.852; 50.957;208.867;123.270;1345.700;393.560;   null;203.910; 88.356;150.043;   null;286.914; 93.809;153.160;191.186;169.546;193.018;193.218;108.566; 42.882;254.228
2001-10-21 23:10:00;165.882; 51.653;211.033;123.767;1350.880;401.257;   null;202.928; 86.438;149.550;   null;286.248; 95.515;153.240;193.688;170.450;193.390;193.384;108.230; 42.848;249.422
2001-10-21 23:15:00;169.394; 53.017;207.800;123.667;1349.760;397.960;101.078;200.696; 86.714;149.997;   null;285.863; 94.977;153.460;193.028;170.290;191.856;192.590;107.180; 43.262;250.770
2001-10-21 23:20:00;168.752; 53.040;210.200;122.823;1347.500;401.660;   null;201.288; 86.988;149.783;   null;283.692; 94.938;152.300;191.906;168.548;192.886;193.694;109.150; 43.712;253.538
2001-10-21 23:25:00;166.308; 51.053;210.133;122.753;1344.880;396.880;   null;204.104; 87.434;152.223;   null;285.928; 94.107;152.520;192.592;168.904;193.076;193.216;107.644; 43.320;250.746
2001-10-21 23:30:00;170.066; 51.603;212.300;124.090;1341.080;394.907;100.979;203.306; 86.498;150.797;   null;285.960; 95.772;154.200;192.906;169.730;192.786;193.054;107.726; 43.050;251.830
2001-10-21 23:35:00;167.490; 51.527;212.033;125.283;1341.220;394.683;   null;204.376; 87.450;151.310;   null;283.789; 94.880;152.400;191.328;169.846;194.646;193.390;108.026; 43.002;250.438
2001-10-21 23:40:00;168.576; 51.373;210.400;124.243;1345.320;396.950;   null;203.256; 86.186;148.800;   null;284.618; 93.520;150.660;194.104;169.192;192.874;193.730;107.744; 42.780;251.390
2001-10-21 23:45:00;169.680; 51.357;211.133;124.950;1345.020;393.863;101.109;205.396; 87.770;152.223;   null;282.320; 94.984;153.060;192.518;167.154;193.018;193.484;108.282; 42.968;251.960
2001-10-21 23:50:00;167.060; 53.430;212.100;122.783;1330.780;398.500;   null;202.956; 86.120;150.037;   null;285.362; 94.136;153.320;191.782;169.630;193.452;194.052;109.060; 42.920;250.600
2001-10-21 23:55:00;168.358; 52.240;209.600;124.557;1332.520;398.387;   null;202.894; 87.806;150.620;   null;285.348; 94.530;151.920;192.806;167.992;192.908;193.102;107.990; 42.932;248.584
2001-10-22 00:00:00;166.702; 51.527;210.667;123.983;1334.420;393.333;101.319;204.540; 85.474;149.607;   null;288.244; 94.350;154.560;193.392;167.240;194.852;192.582;108.454; 42.716;249.760
2001-10-22 00:05:00;166.852; 51.830;210.100;122.673;1334.280;392.597;   null;201.824; 86.550;150.057;   null;281.045; 94.885;151.340;191.340;171.216;192.706;191.654;107.988; 41.884;250.982
2001-10-22 00:10:00;165.532; 51.010;209.300;124.367;1326.780;393.560;   null;201.624; 85.764;149.037;   null;282.509; 94.999;155.060;191.162;167.814;191.092;193.044;108.372; 42.480;247.774
2001-10-22 00:15:00;165.704; 51.057;208.933;123.477;1318.540;397.597;101.051;203.358; 85.458;150.127;   null;281.551; 95.264;152.020;193.492;170.256;192.310;191.778;107.864; 42.664;251.088
2001-10-22 00:20:00;168.016; 49.407;209.533;125.300;1323.340;396.510;   null;201.428; 86.228;148.980;   null;280.086; 93.743;153.520;191.350;168.572;191.390;193.144;108.316; 42.492;248.134
2001-10-22 00:25:00;167.524; 50.687;209.467;123.910;1326.580;391.643;   null;203.696; 84.640;151.977;   null;280.776; 93.793;149.780;191.146;168.150;192.564;192.372;106.818; 42.610;249.580
2001-10-22 00:30:00;167.802; 51.367;209.433;124.060;1320.420;391.833;101.736;200.556; 85.512;148.957;   null;282.393; 93.098;151.440;191.182;167.882;191.428;192.792;108.322; 42.722;250.166
2001-10-22 00:35:00;165.996; 51.107;209.267;123.910;1321.320;394.647;   null;199.822; 85.506;149.840;   null;280.785; 94.660;152.740;190.312;168.178;192.162;193.164;106.906; 42.866;248.058
2001-10-22 00:40:00;165.280; 51.743;210.767;122.783;1318.420;394.047;   null;203.134; 86.754;148.183;   null;279.839; 93.595;151.520;190.236;169.504;191.326;194.096;106.974; 42.730;250.580
2001-10-22 00:45:00;168.150; 50.777;210.000;124.440;1320.880;393.083;100.620;202.762; 86.444;150.210;   null;280.891; 93.767;151.900;190.978;167.378;189.702;192.024;107.402; 42.224;250.172
2001-10-22 00:50:00;167.538; 50.337;211.033;123.367;1320.080;393.387;   null;204.468; 87.230;150.203;   null;280.043; 94.042;149.780;190.150;168.278;192.274;192.444;107.240; 42.318;247.122
2001-10-22 00:55:00;167.684; 51.097;207.933;122.173;1323.240;397.563;   null;203.736; 86.734;151.440;   null;282.065; 93.207;152.260;189.390;168.360;190.960;191.908;106.806; 42.230;249.190
2001-10-22 01:00:00;164.160; 51.740;211.600;123.397;1323.400;394.093;101.299;203.104; 85.014;149.107;   null;277.023; 93.859;150.720;190.580;168.540;189.456;191.150;107.456; 42.282;248.572
2001-10-22 01:05:00;167.888; 50.873;207.167;122.137;1332.420;389.817;   null;202.702; 86.736;149.667;   null;277.617; 93.814;152.600;190.626;166.888;188.794;191.642;107.878; 43.080;247.616
2001-10-22 01:10:00;169.226; 50.823;209.400;124.953;1338.600;392.960;   null;202.136; 85.086;149.307;   null;280.417; 94.930;151.280;189.960;165.686;189.032;192.368;107.258; 42.884;248.442
2001-10-22 01:15:00;166.206; 50.950;207.933;126.003;1322.880;394.027;100.277;202.486; 85.454;150.960;   null;280.256; 94.295;150.680;188.604;168.132;189.540;193.272;107.640; 42.382;247.582
2001-10-22 01:20:00;167.382; 50.533;211.133;123.747;1324.600;394.220;   null;201.688; 85.554;149.470;   null;281.672; 93.482;153.760;190.396;166.370;192.166;193.242;107.688; 42.296;249.436
2001-10-22 01:25:00;167.912; 51.210;206.100;124.160;1336.240;391.593;   null;204.246; 85.422;149.917;   null;279.066; 93.971;150.820;190.544;168.528;189.980;191.320;106.062; 41.514;249.148
2001-10-22 01:30:00;166.594; 50.483;209.700;122.153;1332.800;394.940;100.518;204.764; 85.368;152.230;   null;281.539; 95.025;150.440;190.044;165.358;188.912;190.962;106.474; 42.134;247.808
2001-10-22 01:35:00;168.758; 50.480;210.933;122.993;1340.400;397.217;   null;203.974; 86.280;151.367;   null;283.002; 94.690;152.660;190.446;166.610;189.782;191.618;106.314; 42.560;251.002
2001-10-22 01:40:00;167.602; 51.977;210.433;123.737;1335.820;393.747;   null;202.182; 85.356;149.323;   null;280.627; 93.411;151.040;189.362;165.676;191.170;193.160;107.524; 42.428;246.946
2001-10-22 01:45:00;168.238; 51.167;208.533;123.330;1334.060;391.170;101.000;201.174; 86.308;149.693;   null;281.044; 93.977;153.200;186.726;168.286;187.668;191.906;107.548; 42.430;246.428
2001-10-22 01:50:00;167.792; 50.627;209.567;122.170;1331.200;394.783;   null;205.438; 85.156;150.253;   null;279.813; 93.600;151.640;190.968;166.248;190.830;192.322;106.056; 42.090;248.518
2001-10-22 01:55:00;170.280; 51.110;209.400;123.413;1324.300;395.243;   null;202.304; 85.214;151.920;   null;282.680; 94.032;151.940;189.618;167.510;187.694;189.452;106.202; 42.046;250.172
2001-10-22 02:00:00;167.756; 51.267;210.200;126.367;1333.180;392.103;100.647;203.750; 87.152;152.673;   null;280.186; 95.335;151.520;187.644;167.240;190.118;190.916;105.512; 42.346;247.592
2001-10-22 02:05:00;168.392; 51.443;208.667;123.033;1329.660;395.757;   null;205.058; 87.454;151.297;   null;280.781; 93.882;150.220;191.302;167.794;191.104;191.258;106.268; 42.592;250.602
2001-10-22 02:10:00;176.460; 51.307;209.033;123.717;1337.520;396.283;   null;201.636; 85.912;148.717;   null;278.315; 92.836;151.400;190.378;166.272;188.182;189.358;107.542; 42.610;249.478
2001-10-22 02:15:00;168.302; 51.207;208.933;123.577;1335.620;394.473;100.128;203.396; 85.906;149.273;   null;281.326; 93.150;153.100;188.238;167.542;189.406;193.236;106.480; 42.226;250.382
2001-10-22 02:20:00;168.622; 51.407;207.267;122.673;1337.720;393.453;   null;202.912; 84.342;150.157;   null;282.593; 92.599;152.480;192.374;168.972;190.720;190.488;107.394; 42.032;248.762
2001-10-22 02:25:00;167.906; 52.430;207.800;124.670;1333.360;394.527;   null;202.654; 85.638;150.097;   null;280.500; 93.842;152.700;190.050;167.906;189.680;190.968;105.938; 42.180;249.566
2001-10-22 02:30:00;169.180; 51.230;207.500;121.943;1327.760;396.100;101.564;203.588; 85.234;151.563;   null;282.882; 94.900;150.980;191.328;169.178;190.232;191.560;106.408; 42.668;248.120
2001-10-22 02:35:00;168.852; 52.223;208.467;125.050;1337.680;396.063;   null;204.838; 86.184;150.923;   null;281.683; 93.934;151.940;188.770;166.770;190.604;190.860;105.944; 42.278;249.116
2001-10-22 02:40:00;168.556; 53.317;206.733;123.967;1333.540;393.097;   null;204.464; 85.940;151.067;   null;283.456; 93.317;151.500;189.934;167.834;191.386;191.468;107.498; 42.880;248.220
2001-10-22 02:45:00;167.976; 50.613;208.133;123.777;1331.200;392.257;100.978;203.972; 86.344;149.747;   null;283.169; 94.190;152.120;188.728;166.664;187.146;190.410;107.286; 41.964;249.496
2001-10-22 02:50:00;167.478; 51.767;204.800;123.707;1338.400;396.580;   null;200.016; 84.526;151.423;   null;284.113; 94.436;153.620;192.884;166.742;189.532;192.518;105.292; 42.326;247.602
2001-10-22 02:55:00;169.046; 50.990;207.133;123.940;1336.800;392.810;   null;203.830; 85.312;147.453;   null;281.637; 93.640;152.740;190.634;166.814;190.122;191.684;108.168; 41.906;247.588
2001-10-22 03:00:00;167.512; 51.223;206.733;122.623;1335.960;394.357;102.401;204.130; 85.832;149.547;   null;280.148; 95.664;152.260;189.986;166.370;189.210;190.632;107.194; 41.904;247.516
2001-10-22 03:05:00;165.646; 50.837;205.167;124.523;1329.420;396.310;   null;203.040; 85.516;151.643;   null;284.466; 93.807;152.260;193.218;168.806;189.252;192.054;106.730; 42.436;246.408
2001-10-22 03:10:00;166.624; 52.010;207.333;125.720;1325.880;395.850;   null;203.868; 85.784;150.060;   null;280.346; 93.998;151.280;190.906;168.480;187.932;192.196;108.292; 42.602;246.570
2001-10-22 03:15:00;168.702; 52.317;207.667;122.957;1321.220;394.730;101.234;202.354; 86.008;152.860;   null;281.960; 94.835;154.160;189.542;168.918;189.360;192.078;108.046; 42.268;249.190
2001-10-22 03:20:00;167.320; 50.383;208.000;124.383;1331.900;395.980;   null;203.746; 86.194;151.883;   null;282.088; 94.472;150.240;190.322;169.458;187.398;192.748;105.610; 42.692;248.942
2001-10-22 03:25:00;168.254; 51.467;208.467;122.680;1333.620;394.717;   null;202.870; 85.194;151.193;   null;282.262; 93.822;151.520;191.076;168.620;189.958;192.164;106.572; 42.286;248.054
2001-10-22 03:30:00;167.614; 51.663;207.467;122.527;1322.320;392.347;101.064;203.086; 84.954;150.054;   null;282.199; 94.780;151.020;188.228;167.338;190.198;192.276;107.414; 42.782;250.140
2001-10-22 03:35:00;168.432; 51.760;205.167;124.877;1327.680;394.440;   null;204.732; 86.164;151.583;   null;282.344; 93.947;152.820;191.456;168.654;191.106;191.270;105.960; 41.996;248.626
2001-10-22 03:40:00;168.188; 52.427;208.700;123.387;1324.640;394.623;   null;204.440; 84.988;150.843;   null;283.827; 95.575;152.920;191.020;168.130;190.118;191.128;106.592; 42.406;249.036
2001-10-22 03:45:00;167.934; 51.457;211.500;123.530;1328.760;393.613;100.963;202.676; 86.418;152.803;   null;283.252; 93.818;152.300;188.280;168.646;189.612;192.568;105.956; 42.288;247.876
2001-10-22 03:50:00;166.622; 50.740;206.467;123.753;1327.960;395.073;   null;205.554; 85.198;151.250;   null;278.163; 94.707;151.640;191.092;167.516;191.016;192.500;106.584; 42.408;249.702
2001-10-22 03:55:00;168.642; 51.177;206.600;124.750;1326.840;398.147;   null;205.600; 86.478;152.957;   null;283.350; 93.781;153.300;190.060;167.754;190.364;190.070;107.934; 41.972;250.580
2001-10-22 04:00:00;168.204; 51.903;206.900;126.427;1328.720;396.574;101.801;203.726; 84.096;149.203;   null;281.418; 96.901;155.140;190.270;167.532;190.176;190.882;108.116; 42.144;247.742
2001-10-22 04:05:00;167.860; 52.270;207.167;123.660;1317.040;396.400;   null;203.326; 85.228;149.680;   null;282.297; 95.315;150.820;190.812;168.664;188.284;192.430;105.732; 41.856;246.840
2001-10-22 04:10:00;167.534; 51.570;208.867;125.050;1330.160;393.207;   null;203.820; 84.632;149.956;   null;282.314; 94.084;152.200;189.626;168.796;188.878;189.847;107.134; 42.130;246.370
2001-10-22 04:15:00;167.590; 52.490;206.533;124.890;1320.520;394.897;101.184;202.980; 85.276;149.820;   null;282.649; 92.976;152.300;189.438;169.418;191.610;194.750;108.460; 41.792;248.402
2001-10-22 04:20:00;167.062; 51.610;207.567;124.613;1328.500;395.553;   null;204.354; 87.236;150.367;   null;283.032; 94.883;149.680;188.930;166.902;191.738;191.382;107.664; 42.416;248.004
2001-10-22 04:25:00;169.758; 52.497;206.067;124.407;1327.520;395.220;   null;203.274; 85.886;149.630;   null;281.075; 94.506;152.940;188.920;168.422;188.514;189.662;107.240; 42.206;248.518
2001-10-22 04:30:00;168.350; 51.533;207.233;124.077;1328.960;391.307;102.273;203.580; 87.058;151.477;   null;280.312; 93.835;151.640;192.084;167.366;191.068;192.082;105.952; 41.722;248.156
2001-10-22 04:35:00;169.720; 51.237;207.233;125.300;1331.540;393.360;   null;202.630; 84.118;149.327;   null;283.333; 93.839;152.860;188.026;168.388;192.798;192.558;106.136; 43.252;249.768
2001-10-22 04:40:00;168.786; 51.650;206.300;121.760;1335.600;398.230;   null;201.940; 85.444;150.887;   null;282.507; 92.759;153.300;190.612;167.852;190.704;190.374;106.240; 42.090;248.534
2001-10-22 04:45:00;168.828; 52.093;206.667;123.710;1328.900;393.280;101.008;206.072; 85.548;148.240;   null;280.947; 95.753;153.000;190.654;168.420;191.006;189.758;107.128; 42.118;247.794
2001-10-22 04:50:00;168.850; 51.150;207.800;124.640;1330.140;394.123;   null;203.964; 85.872;152.513;   null;281.584; 94.663;151.340;190.268;167.644;188.930;190.968;106.774; 41.952;250.516
2001-10-22 04:55:00;169.258; 50.737;207.700;123.943;1322.400;399.857;   null;205.028; 83.508;151.250;   null;281.107; 95.138;152.220;191.176;166.580;189.652;189.526;107.380; 42.176;247.528
2001-10-22 05:00:00;168.996; 50.217;209.333;123.097;1327.860;396.970;101.661;206.696; 84.844;151.950;   null;279.580; 95.895;152.300;190.206;167.618;190.042;191.012;106.874; 42.872;248.780
2001-10-22 05:05:00;166.418; 51.440;206.467;124.450;1330.440;394.270;   null;202.572; 86.676;150.443;   null;278.402; 94.786;151.980;189.516;166.644;193.248;191.202;107.114; 42.384;251.112
2001-10-22 05:10:00;169.186; 51.297;208.533;123.653;1327.660;399.633;   null;204.170; 86.756;150.577;   null;281.775; 94.129;153.820;189.288;168.474;189.376;190.382;107.066; 42.856;248.842
2001-10-22 05:15:00;168.600; 51.757;208.000;125.247;1336.740;397.980;101.711;204.786; 85.228;153.823;   null;280.424; 93.461;152.500;188.576;166.788;188.934;189.654;107.476; 43.002;249.704
2001-10-22 05:20:00;168.924; 51.573;206.433;125.573;1324.000;396.597;   null;205.262; 85.304;149.717;   null;280.266; 94.033;152.260;189.290;170.282;190.440;190.110;107.824; 41.872;249.552
2001-10-22 05:25:00;168.726; 52.157;205.267;124.103;1328.400;397.133;   null;202.366; 87.330;151.343;   null;280.139; 94.468;152.360;188.286;167.960;191.790;188.327;107.140; 42.560;249.266
2001-10-22 05:30:00;170.104; 51.950;206.800;123.200;1330.560;398.680;101.943;202.622; 86.004;153.080;   null;282.698; 94.288;152.320;189.026;166.018;188.992;188.826;107.326; 42.736;249.326
2001-10-22 05:35:00;171.384; 53.223;208.400;125.403;1330.220;392.093;   null;205.386; 85.406;150.013;   null;280.807; 95.778;153.520;190.186;169.132;190.318;190.482;106.874; 42.416;250.106
2001-10-22 05:40:00;166.698; 52.387;204.567;122.507;1319.200;398.183;   null;205.078; 85.668;150.130;   null;282.396; 93.075;153.960;189.506;168.514;191.486;189.942;107.050; 42.330;250.172
2001-10-22 05:45:00;170.496; 50.717;209.000;124.647;   null;397.180;101.541;204.180; 86.090;149.947;   null;281.904; 93.103;153.540;189.432;166.796;189.688;191.216;106.868; 42.698;251.974
2001-10-22 05:50:00;171.748; 51.643;208.267;126.047;   null;400.793;   null;203.504; 84.890;151.073;   null;279.793; 93.657;152.520;190.356;167.834;190.602;189.330;106.966; 42.084;251.748
2001-10-22 05:55:00;171.068; 50.837;207.867;124.313;   null;397.793;   null;201.758; 85.242;153.453;   null;279.590; 94.473;153.100;189.532;167.970;190.914;191.198;107.152; 41.986;251.050
2001-10-22 06:00:00;167.652; 50.967;206.967;123.840;   null;398.980;101.906;202.894; 84.812;150.507;   null;278.415; 94.528;153.760;190.414;167.544;191.638;192.694;107.360; 42.508;248.686
2001-10-22 06:05:00;169.150; 52.443;208.033;123.237;   null;398.077;   null;204.276; 86.024;151.723;   null;277.262; 93.339;153.080;188.908;166.514;192.778;190.912;107.318; 42.384;252.504
2001-10-22 06:10:00;170.492; 52.563;206.167;125.193;   null;396.230;   null;205.970; 87.134;152.100;   null;280.272; 93.524;151.400;188.202;166.876;190.958;189.998;107.512; 42.850;249.714
2001-10-22 06:15:00;170.080; 52.173;207.000;124.167;   null;394.610;101.302;206.244; 85.834;153.623;   null;280.051; 95.310;152.480;189.490;167.196;190.652;192.572;109.150; 43.810;251.554
2001-10-22 06:20:00;167.560; 51.560;207.200;124.867;   null;398.553;   null;208.490; 87.532;151.427;   null;282.587; 95.043;152.380;191.494;167.486;191.766;192.166;108.014; 42.720;250.084
2001-10-22 06:25:00;167.606; 53.183;208.367;123.120;   null;399.950;   null;205.572; 85.844;150.990;   null;280.813; 94.486;151.180;189.248;167.122;189.304;190.890;107.912; 42.424;247.748
2001-10-22 06:30:00;168.076; 52.207;205.000;124.390;   null;395.383;101.413;203.018; 87.590;150.670;   null;279.974; 94.979;154.620;188.700;167.570;190.288;189.812;108.166; 42.980;250.636
2001-10-22 06:35:00;168.472; 52.693;209.000;125.133;   null;401.567;   null;208.120; 85.706;150.700;   null;281.747; 95.324;153.580;187.544;167.732;189.924;191.984;108.526; 42.674;249.476
2001-10-22 06:40:00;168.260; 51.513;207.800;123.730;   null;396.597;   null;204.146; 86.670;150.470;   null;280.751; 94.875;153.620;190.728;167.214;187.884;189.084;108.858; 42.858;249.438
2001-10-22 06:45:00;172.202; 51.427;208.100;125.060;   null;393.900;101.811;205.766; 86.162;151.763;   null;281.368; 94.567;151.060;188.264;166.474;190.702;193.086;107.710; 41.990;249.196
2001-10-22 06:50:00;169.304; 52.710;206.400;123.137;   null;397.043;   null;205.930; 86.038;149.367;   null;275.875; 95.151;153.260;187.406;168.546;191.046;189.894;107.294; 43.346;248.070
2001-10-22 06:55:00;169.838; 51.903;207.433;125.147;   null;398.557;   null;205.514; 85.124;151.577;   null;282.080; 95.775;153.820;190.908;166.884;190.492;190.744;106.774; 42.498;251.584
2001-10-22 07:00:00;169.310; 51.787;207.400;124.747;   null;399.750;102.700;206.004; 84.838;152.607;   null;280.845; 96.450;154.820;187.744;168.420;191.424;191.918;107.280; 42.302;251.260
2001-10-22 07:05:00;169.806; 51.717;206.200;125.887;   null;397.680;   null;204.554; 86.300;153.337;   null;277.806; 94.276;151.500;190.438;166.588;192.360;   null;106.890; 42.932;253.020
2001-10-22 07:10:00;169.896; 52.133;209.067;125.530;   null;395.877;   null;206.584; 87.462;151.163;   null;279.501; 95.932;150.960;188.106;166.578;191.214;190.835;106.804; 42.508;250.754
2001-10-22 07:15:00;170.196; 51.493;210.300;125.670;   null;399.287;102.232;206.642; 86.102;150.220;   null;280.387; 93.901;151.360;191.040;166.862;191.928;190.828;107.624; 43.348;252.110
2001-10-22 07:20:00;169.592; 51.303;204.900;122.257;   null;400.873;   null;205.354; 86.862;151.813;   null;283.470; 95.071;152.420;188.672;168.108;189.846;191.338;106.530; 42.862;251.468
2001-10-22 07:25:00;169.928; 50.990;210.900;125.553;   null;398.783;   null;206.424; 85.638;150.647;   null;282.175; 96.342;153.640;188.296;166.662;191.698;191.838;107.912; 42.682;253.294
2001-10-22 07:30:00;169.630; 50.850;207.733;123.570;   null;399.203;102.525;204.578; 84.574;151.890;   null;279.804; 95.653;153.180;190.500;167.614;191.264;192.490;107.864; 42.576;252.992
2001-10-22 07:35:00;169.880; 51.080;209.167;124.903;   null;399.603;   null;205.036; 86.670;151.813;   null;281.052; 94.220;152.440;188.364;166.592;190.978;192.280;105.088; 42.328;251.342
2001-10-22 07:40:00;168.400; 52.030;210.000;124.743;   null;399.053;   null;204.320; 86.468;150.897;   null;278.679; 96.479;152.360;188.342;166.456;192.794;191.436;108.708; 42.850;249.490
2001-10-22 07:45:00;169.180; 50.860;206.833;124.680;   null;394.673;101.429;204.706; 85.120;152.753;   null;281.067; 95.472;152.080;189.458;169.586;191.216;189.874;106.516; 42.624;251.704
2001-10-22 07:50:00;169.664; 51.627;206.667;124.367;   null;401.980;   null;208.368; 85.400;152.087;   null;282.602; 95.907;153.480;192.144;166.672;191.364;192.668;106.990; 42.788;252.420
2001-10-22 07:55:00;170.498; 52.150;207.800;124.903;   null;399.863;   null;203.996; 86.100;153.587;   null;280.752; 96.239;152.100;191.752;167.804;193.120;192.716;106.728; 42.766;253.296
2001-10-22 08:00:00;171.606; 52.383;210.000;124.267;   null;400.173;102.850;205.038; 86.886;151.796;   null;280.450; 94.961;155.500;190.532;166.628;190.592;192.302;106.806; 42.808;252.714
2001-10-22 08:05:00;170.494; 53.397;206.567;124.977;   null;399.013;   null;205.836; 86.346;154.173;   null;283.091; 94.832;153.920;191.578;169.820;190.510;192.146;106.560; 42.990;250.952
2001-10-22 08:10:00;169.030; 51.780;205.500;124.293;   null;399.137;   null;202.366; 85.252;151.067;   null;282.190; 94.957;152.520;190.936;167.020;190.008;190.815;107.212; 43.334;249.292
2001-10-22 08:15:00;167.976; 51.830;208.567;124.160;   null;394.833;103.059;203.084; 84.258;151.313;   null;281.321; 94.519;152.900;190.842;168.370;192.064;   null;106.798; 43.118;251.572
2001-10-22 08:20:00;167.154; 51.153;208.600;124.307;   null;399.920;   null;204.780; 85.150;151.213;   null;280.847; 94.165;153.900;191.316;168.234;191.202;195.000;106.568; 42.928;251.844
2001-10-22 08:25:00;168.940; 52.377;207.300;124.873;   null;398.553;   null;202.464; 87.052;152.513;   null;279.677; 97.107;154.120;188.872;167.340;191.742;191.500;107.652; 43.078;254.532
2001-10-22 08:30:00;168.904; 51.493;208.233;126.267;   null;398.123;102.578;204.144; 85.888;151.813;   null;283.106; 94.221;153.820;191.654;167.412;190.454;192.422;108.226; 42.254;250.842
2001-10-22 08:35:00;168.430; 52.193;207.433;123.673;   null;398.617;   null;205.746; 85.634;154.110;   null;281.778; 96.135;152.400;188.944;167.098;191.170;191.766;107.216; 42.996;253.026
2001-10-22 08:40:00;168.224; 51.007;208.233;125.630;   null;400.073;   null;204.860; 85.984;151.560;   null;284.085; 93.502;154.420;192.102;169.222;191.256;190.918;106.974; 43.030;250.046
2001-10-22 08:45:00;168.414; 51.523;209.000;123.690;   null;397.376;101.703;202.304; 88.292;154.614;   null;284.306; 93.579;153.300;189.852;168.530;191.728;191.162;108.574; 43.284;252.794
2001-10-22 08:50:00;169.578; 50.033;207.600;123.697;   null;398.877;   null;204.908; 86.724;155.240;   null;281.762; 94.407;154.380;190.766;166.812;190.830;193.080;107.384; 42.822;251.630
2001-10-22 08:55:00;169.444; 51.973;209.100;124.420;   null;397.150;   null;206.066; 85.890;152.803;   null;283.214; 95.604;152.160;190.236;166.702;189.594;190.404;107.368; 43.178;252.764
2001-10-22 09:00:00;166.210; 50.457;209.200;121.880;   null;400.037;102.501;204.034; 87.108;153.117;   null;282.204; 95.865;152.220;190.066;166.768;189.892;192.028;107.736; 43.468;251.804
2001-10-22 09:05:00;167.062; 52.530;208.200;123.303;   null;397.373;   null;204.004; 86.652;153.080;   null;284.779; 93.945;152.400;190.790;166.622;191.798;194.754;107.936; 43.024;252.402
2001-10-22 09:10:00;170.702; 50.347;207.600;125.173;   null;398.287;   null;204.964; 86.816;150.313;   null;281.762; 95.613;152.960;191.270;166.992;191.684;192.686;108.284; 43.464;252.824
2001-10-22 09:15:00;168.986; 51.793;208.067;125.170;   null;400.263;102.296;204.844; 86.404;151.993;   null;281.968; 93.371;151.440;191.344;167.650;190.610;189.070;107.294; 42.926;253.370
2001-10-22 09:20:00;168.550; 50.730;207.867;126.750;   null;398.060;   null;205.008; 84.984;153.754;   null;280.311; 95.130;152.040;191.062;167.664;193.174;191.146;107.928; 43.074;252.346
2001-10-22 09:25:00;167.584; 52.600;206.600;122.950;   null;395.886;   null;206.818; 87.052;152.410;   null;282.899; 95.299;154.980;191.954;168.596;190.880;193.636;107.672; 43.030;252.144
2001-10-22 09:30:00;167.154; 52.187;207.833;123.963;   null;396.634;102.351;206.134; 86.012;154.410;   null;283.071; 94.164;151.740;193.590;168.290;190.954;192.630;107.272; 43.292;251.966
2001-10-22 09:35:00;169.606; 49.920;207.967;124.533;   null;400.883;   null;204.882; 86.852;152.957;   null;282.881; 95.318;153.880;191.404;169.722;191.886;190.032;107.344; 42.760;251.000
2001-10-22 09:40:00;168.880; 51.213;210.433;124.747;   null;400.896;   null;204.372; 85.940;151.917;   null;283.687; 94.432;153.340;192.204;165.788;191.284;190.804;108.134; 42.854;250.646
2001-10-22 09:45:00;169.198; 51.017;207.033;123.507;   null;399.550;101.597;202.480; 85.104;150.587;   null;282.741; 96.176;153.340;190.402;168.308;189.082;192.366;108.052; 43.122;250.926
2001-10-22 09:50:00;168.302; 51.027;207.700;122.373;   null;396.650;   null;206.768; 86.804;153.773;   null;281.651; 95.220;152.540;192.480;168.460;194.478;192.632;106.772; 42.842;253.516
2001-10-22 09:55:00;166.960; 51.780;209.767;124.727;   null;396.540;   null;205.236; 86.266;154.523;   null;280.909; 94.631;151.060;191.290;167.496;190.614;   null;107.930; 42.784;252.916
2001-10-22 10:00:00;169.140; 50.620;208.167;124.910;   null;397.220;102.112;204.614; 86.050;151.740;   null;281.731; 94.548;152.940;189.718;169.422;191.840;189.552;107.490; 42.744;252.342
2001-10-22 10:05:00;168.522; 51.573;208.600;123.520;   null;394.300;   null;205.054; 86.160;152.750;   null;281.195; 95.376;153.940;191.112;166.960;191.234;193.710;108.138; 43.414;249.372
2001-10-22 10:10:00;167.686; 52.543;209.800;126.120;1346.350;396.760;   null;204.922; 85.732;152.393;   null;281.415; 97.543;151.740;191.140;167.918;192.950;   null;107.752; 43.112;250.026
2001-10-22 10:15:00;168.378; 52.537;207.967;126.050;1336.280;395.777;101.438;203.010; 87.068;152.153;   null;283.575; 95.273;152.660;191.498;167.970;192.814;188.538;106.284; 43.020;252.928
2001-10-22 10:20:00;168.162; 51.397;208.067;125.310;1341.740;400.823;   null;205.756; 88.260;152.063;   null;285.075; 94.111;153.900;190.636;169.322;194.856;192.114;107.820; 43.100;255.114
2001-10-22 10:25:00;168.042; 52.260;208.467;123.470;1344.680;394.217;   null;202.644; 86.736;152.930;   null;   null; 95.834;152.760;191.716;166.360;193.220;191.934;109.130; 43.346;252.216
2001-10-22 10:30:00;166.658; 52.443;207.133;125.527;1346.140;395.940;101.970;206.282; 87.918;150.333;   null;275.217; 95.064;152.920;191.210;167.378;193.684;187.203;107.520; 43.382;253.684
2001-10-22 10:35:00;170.972; 50.277;208.600;125.360;1334.920;399.003;   null;204.898; 86.598;152.800;   null;275.773; 94.675;154.900;190.492;169.018;191.844;192.800;107.740; 42.884;251.106
2001-10-22 10:40:00;168.938; 51.060;209.667;124.683;1345.760;400.940;   null;206.034; 87.686;151.396;   null;272.653; 92.584;153.600;191.580;167.428;193.286;190.912;107.196; 42.708;251.934
2001-10-22 10:45:00;170.464; 52.637;208.467;125.537;1346.360;400.747;102.335;204.284; 87.492;153.980;   null;274.228; 94.469;152.280;190.816;168.326;192.914;191.182;106.606; 43.188;250.038
2001-10-22 10:50:00;170.406; 52.593;207.267;124.500;1343.640;400.503;   null;205.164; 85.872;151.647;   null;271.172; 94.744;152.580;191.518;168.024;194.018;192.720;107.316; 43.588;254.044
2001-10-22 10:55:00;169.832; 51.367;207.867;124.487;1346.040;396.937;   null;206.302; 87.102;153.657;   null;268.838; 95.708;154.040;191.802;167.650;194.788;194.060;106.956; 43.728;253.032
2001-10-22 11:00:00;167.566; 51.300;208.233;125.200;1349.380;403.067;101.891;204.804; 87.312;152.684;   null;   null; 95.042;154.420;192.538;170.162;192.368;190.100;107.394; 43.044;255.180
2001-10-22 11:05:00;169.654; 51.343;210.600;126.253;1354.460;400.363;   null;206.112; 86.678;152.140;   null;   null; 96.200;152.620;191.430;168.510;194.442;191.712;108.048; 42.874;251.292
2001-10-22 11:10:00;169.178; 52.063;206.367;124.783;1347.300;403.887;   null;205.602; 88.076;151.910;   null;   null; 96.793;153.220;191.340;169.574;193.206;191.806;106.440; 42.990;254.408
2001-10-22 11:15:00;169.266; 51.577;206.933;124.307;1344.820;400.507;102.797;206.110; 85.998;154.003;   null;   null; 93.993;153.800;188.916;168.348;193.202;191.746;107.594; 43.048;252.104
2001-10-22 11:20:00;168.380; 51.397;209.700;124.740;1342.760;399.977;   null;204.050; 87.500;152.617;   null;   null; 94.260;153.880;189.656;169.562;192.968;190.472;105.962; 43.590;254.478
2001-10-22 11:25:00;169.886; 53.023;207.533;125.827;1351.120;399.507;   null;205.846; 88.596;153.350;   null;   null; 93.150;153.540;190.988;168.094;192.778;193.440;106.016; 43.246;252.898
2001-10-22 11:30:00;168.700; 51.947;208.767;124.623;1343.440;398.937;102.967;208.558; 86.686;151.623;   null;   null; 95.893;152.220;191.788;167.538;193.404;192.504;107.528; 43.828;256.504
2001-10-22 11:35:00;170.158; 52.140;210.200;125.393;1345.480;400.247;   null;204.772; 85.526;154.580;   null;   null; 95.665;153.800;191.832;167.408;193.700;191.686;107.254; 44.062;253.868
2001-10-22 11:40:00;169.928; 51.260;208.300;124.420;1350.080;402.357;   null;205.714; 85.964;155.013;   null;   null; 94.744;152.720;190.234;168.554;194.772;193.052;107.612; 42.844;254.986
2001-10-22 11:45:00;168.508; 54.560;209.700;127.140;1349.420;400.957;103.279;206.306; 86.772;154.610;   null;   null; 96.251;152.860;191.950;167.288;193.756;193.840;108.210; 43.656;254.728
2001-10-22 11:50:00;169.118; 51.640;209.667;125.030;1350.720;399.653;   null;206.280; 87.000;151.770;   null;   null; 97.445;152.320;190.514;166.152;192.472;195.104;106.886; 43.196;253.062
2001-10-22 11:55:00;169.438; 52.353;210.267;124.477;1352.600;402.963;   null;206.968; 86.852;152.037;   null;   null; 95.551;152.300;191.124;168.600;194.062;193.362;106.590; 43.218;252.742
2001-10-22 12:00:00;169.788; 51.423;210.267;123.470;1353.420;402.837;102.657;206.060; 88.512;151.610;   null;   null; 96.507;152.620;192.564;169.170;192.380;192.702;107.216; 43.448;253.746
2001-10-22 12:05:00;169.082; 51.760;209.633;126.817;1352.360;403.883;   null;203.474; 87.804;153.250;   null;   null; 95.117;152.860;191.240;168.176;191.056;190.860;106.318; 43.520;255.432
2001-10-22 12:10:00;170.880; 51.037;209.067;124.977;1347.740;402.080;   null;207.160; 88.248;154.283;   null;   null; 95.691;154.340;192.014;167.514;193.190;191.038;107.298; 43.028;254.338
2001-10-22 12:15:00;170.990; 52.383;212.233;124.887;1350.080;401.420;103.085;205.894; 88.040;153.040;   null;   null; 93.468;154.740;189.700;168.354;193.070;193.670;105.352; 43.424;252.768
2001-10-22 12:20:00;169.888; 51.913;208.567;125.403;1346.280;400.630;   null;205.954; 88.522;153.440;   null;   null; 93.953;153.820;191.708;168.384;192.848;193.260;107.296; 43.748;255.086
2001-10-22 12:25:00;171.124; 50.720;208.433;125.273;1347.640;400.817;   null;205.242; 87.568;152.627;   null;   null; 95.227;152.860;189.232;169.228;192.888;194.964;107.092; 43.120;253.528
2001-10-22 12:30:00;170.944; 52.650;211.000;125.523;1351.640;398.377;102.509;204.160; 87.654;152.057;   null;   null; 94.934;151.960;192.230;171.636;192.086;192.667;106.882; 43.078;254.242
2001-10-22 12:35:00;170.010; 53.310;210.900;126.620;1354.880;402.073;   null;204.580; 86.690;149.763;   null;   null; 94.643;152.920;192.352;165.176;192.718;200.010;107.672; 43.582;254.840
2001-10-22 12:40:00;169.548; 51.673;209.167;127.677;1353.180;401.270;   null;205.618; 86.810;153.707;   null;   null; 95.502;153.680;191.868;167.066;191.374;194.746;108.584; 43.314;255.948
2001-10-22 12:45:00;171.510; 53.083;210.300;125.870;1361.800;400.970;102.658;205.292; 86.824;152.590;   null;   null; 94.490;153.520;190.736;168.530;192.566;194.350;108.430; 43.118;255.518
2001-10-22 12:50:00;169.224; 51.950;209.867;124.253;1352.280;400.140;   null;205.960; 89.238;153.020;   null;   null; 94.528;152.980;192.172;167.744;191.746;195.110;107.782; 44.340;255.770
2001-10-22 12:55:00;170.536; 52.050;208.667;125.577;1352.180;399.833;   null;203.702; 86.276;152.060;   null;   null; 94.218;153.680;189.286;168.276;192.294;192.420;108.240; 43.224;255.084
2001-10-22 13:00:00;169.328; 51.640;207.700;126.000;1354.620;399.027;102.618;207.824; 87.358;151.150;   null;   null; 96.577;153.260;191.532;167.036;193.966;193.900;107.072; 43.362;256.822
2001-10-22 13:05:00;170.290; 50.687;210.000;125.047;1352.520;399.390;   null;207.026; 87.218;153.213;   null;274.838; 95.251;151.440;192.506;170.096;192.478;193.492;107.184; 43.264;254.138
2001-10-22 13:10:00;169.700; 51.730;211.867;124.637;1350.420;400.907;   null;206.418; 87.114;152.620;   null;274.902; 95.938;152.340;191.934;168.546;194.510;194.134;107.766; 42.984;254.660
2001-10-22 13:15:00;171.300; 52.130;209.200;126.803;1349.920;399.660;103.152;205.478; 86.718;152.137;   null;274.534; 94.150;152.700;192.302;170.638;191.824;   null;107.626; 42.948;254.790
2001-10-22 13:20:00;172.110; 53.077;208.933;125.263;1354.180;398.667;   null;206.330; 88.014;153.584;   null;273.651; 95.947;152.800;191.524;168.818;193.068;194.495;108.864; 43.156;254.458
2001-10-22 13:25:00;169.830; 52.950;208.233;126.250;1369.380;402.153;   null;205.492; 86.500;152.297;   null;   null; 95.380;152.420;194.800;168.634;194.806;193.296;106.400; 43.030;253.198
2001-10-22 13:30:00;171.352; 51.060;210.567;124.437;1362.820;401.577;102.214;205.148; 86.624;152.183;   null;   null; 95.435;153.520;191.340;169.414;191.760;194.372;106.836; 43.582;254.684
2001-10-22 13:35:00;169.598; 52.830;209.800;125.517;1349.760;401.353;   null;206.156; 86.476;151.077;   null;   null; 94.491;151.640;191.804;167.024;191.284;196.253;107.792; 42.816;255.026
2001-10-22 13:40:00;169.380; 50.967;209.867;124.907;1365.280;402.433;   null;206.690; 87.222;151.967;   null;   null; 95.557;153.340;189.010;167.770;193.428;   null;107.754; 43.316;253.994
2001-10-22 13:45:00;170.398; 51.370;211.867;123.410;1367.180;400.177;103.008;205.812; 86.898;148.470;   null;   null; 94.738;152.140;191.982;167.560;191.538;194.128;107.394; 43.630;253.588
2001-10-22 13:50:00;169.058; 51.483;211.133;125.300;1361.440;401.893;   null;204.294; 86.980;150.963;   null;   null; 95.337;152.340;192.568;168.186;193.612;193.792;108.550; 42.690;253.770
2001-10-22 13:55:00;168.806; 52.483;209.933;124.507;1359.160;397.397;   null;205.190; 86.348;149.860;   null;   null; 93.413;152.200;192.090;165.648;193.162;193.136;106.232; 43.818;254.248
2001-10-22 14:00:00;171.448; 52.403;210.100;125.987;1369.280;399.773;102.483;205.154; 86.662;151.840;   null;   null; 95.609;152.520;191.504;168.046;194.320;194.320;107.744; 43.214;253.002
2001-10-22 14:05:00;170.004; 51.120;212.067;126.067;1366.440;402.060;   null;206.046; 87.072;153.623;   null;   null; 95.881;155.220;192.276;168.226;192.384;193.942;106.398; 44.214;256.270
2001-10-22 14:10:00;169.650; 51.543;208.267;126.387;1362.100;399.703;   null;203.786; 88.056;152.283;   null;   null; 95.329;151.220;190.330;168.480;192.310;193.058;107.642; 43.292;253.316
2001-10-22 14:15:00;170.786; 52.343;210.233;125.557;1350.260;400.060;101.433;206.288; 88.114;154.200;   null;   null; 94.000;151.980;191.470;168.338;193.384;193.420;107.114; 43.428;254.524
2001-10-22 14:20:00;168.654; 51.740;210.067;125.360;1365.500;399.563;   null;205.120; 87.438;150.140;   null;   null; 94.962;151.820;191.978;168.408;192.530;193.002;107.996; 43.178;253.690
2001-10-22 14:25:00;169.238; 51.983;210.433;123.583;1362.200;398.783;   null;206.146; 88.636;152.270;   null;   null; 97.320;152.420;190.094;168.966;194.474;194.720;107.852; 43.762;252.708
2001-10-22 14:30:00;170.472; 52.997;210.500;125.100;1357.560;396.510;102.748;205.296; 86.660;154.633;   null;   null; 95.400;150.760;191.852;167.840;192.668;193.840;108.012; 42.938;253.676
2001-10-22 14:35:00;169.402; 51.673;211.467;124.787;1361.600;400.774;   null;206.520; 86.450;152.423;   null;   null; 93.828;153.000;191.718;167.900;192.410;195.806;107.372; 43.108;253.078
2001-10-22 14:40:00;169.048; 53.743;207.200;125.330;1358.840;398.030;   null;206.776; 88.284;151.967;   null;   null; 95.796;153.840;192.424;168.576;192.502;194.076;106.046; 43.128;251.046
2001-10-22 14:45:00;171.474; 51.410;208.400;126.587;1361.440;400.580;102.186;205.298; 86.296;152.227;   null;   null; 94.208;151.800;192.798;168.166;193.616;194.784;108.618; 43.814;252.288
2001-10-22 14:50:00;170.100; 51.677;209.733;126.390;1362.140;400.620;   null;203.584; 86.818;150.467;   null;   null; 94.119;153.440;192.102;168.766;192.622;192.588;107.560; 43.482;252.388
2001-10-22 14:55:00;171.920; 52.060;209.867;126.053;1366.900;400.280;   null;204.886; 87.750;153.517;   null;286.713; 94.502;153.760;191.754;167.178;192.988;194.120;107.740; 43.332;253.788
2001-10-22 15:00:00;173.548; 52.937;210.000;127.260;1371.140;402.263;102.326;206.168; 88.160;153.663;   null;285.390; 97.791;153.160;191.048;167.256;195.756;192.842;107.600; 43.268;253.534
2001-10-22 15:05:00;169.884; 52.080;208.200;126.160;1362.500;402.273;   null;206.172; 87.192;155.697;   null;285.834; 93.587;153.380;191.540;167.266;192.646;192.530;107.042; 43.622;253.386
2001-10-22 15:10:00;168.532; 50.573;210.200;125.130;1365.980;400.473;   null;204.210; 86.948;151.133;   null;285.359; 94.712;152.340;192.274;167.542;192.932;192.968;106.396; 43.308;253.902
2001-10-22 15:15:00;171.990; 52.747;209.867;125.260;1362.120;399.924;102.121;205.072; 87.762;151.807;   null;287.405; 96.308;151.680;193.056;167.655;192.968;194.894;107.054; 42.580;253.656
2001-10-22 15:20:00;171.962; 52.217;209.167;126.247;1362.320;402.493;   null;204.834; 86.190;153.803;   null;289.075; 96.599;153.540;191.998;168.026;194.372;194.152;107.494; 43.204;251.672
2001-10-22 15:25:00;170.582; 51.860;212.767;126.923;1372.040;400.677;   null;206.140; 86.944;152.200;   null;288.155; 93.791;152.740;193.444;167.118;194.638;196.702;107.534; 43.258;254.102
2001-10-22 15:30:00;171.154; 51.840;209.233;124.777;1362.000;400.263;102.660;204.246; 88.168;152.537;   null;288.746; 93.025;153.400;192.942;168.478;194.178;194.698;106.734; 43.180;254.710
2001-10-22 15:35:00;170.110; 52.993;209.967;124.903;1365.400;403.760;   null;207.390; 87.326;153.340;   null;288.639; 95.623;151.660;192.528;167.790;192.670;195.914;107.472; 42.988;252.664
2001-10-22 15:40:00;171.310; 51.463;213.067;125.723;1367.980;401.650;   null;205.160; 87.364;151.433;   null;284.921; 94.257;151.740;192.062;168.262;192.534;194.496;106.920; 43.490;253.852
2001-10-22 15:45:00;170.846; 52.097;213.367;125.520;1375.320;403.684;103.544;203.416; 88.198;150.994;   null;285.177; 93.682;153.860;192.666;167.162;193.610;195.252;107.060; 43.356;253.416
2001-10-22 15:50:00;170.232; 52.490;211.967;125.847;1365.220;402.843;   null;204.378; 87.130;151.137;   null;288.406; 94.744;152.960;194.092;166.796;194.300;195.300;108.740; 43.030;252.056
2001-10-22 15:55:00;175.258; 53.117;208.200;126.020;1363.240;403.850;   null;205.422; 87.876;151.250;   null;287.737; 92.876;154.120;193.084;167.136;192.896;197.036;108.224; 43.192;252.558
2001-10-22 16:00:00;170.832; 52.160;210.967;126.977;1353.820;402.643;101.809;205.484; 86.882;152.943;   null;287.992; 95.951;154.260;191.976;167.554;192.046;194.936;107.262; 43.622;255.168
2001-10-22 16:05:00;172.724; 52.577;210.300;125.843;1356.540;403.777;   null;209.222; 85.258;152.023;   null;288.138; 96.752;151.920;191.420;167.814;194.338;193.820;107.312; 44.340;253.992
2001-10-22 16:10:00;171.110; 52.103;214.200;125.870;1357.660;398.413;   null;207.200; 87.456;152.360;   null;284.894; 95.808;151.080;194.390;168.028;192.570;195.134;107.068; 43.576;253.608
2001-10-22 16:15:00;172.566; 52.460;209.867;126.153;1354.140;403.817;101.817;204.784; 86.392;152.650;   null;289.272; 95.640;153.820;193.880;168.114;193.936;196.724;107.804; 42.894;252.964
2001-10-22 16:20:00;170.656; 51.867;208.833;126.503;1358.940;400.790;   null;204.494; 86.908;153.507;232.257;289.834; 94.552;154.300;193.030;168.886;194.312;193.918;107.824; 43.064;255.646
2001-10-22 16:25:00;171.106; 52.167;211.967;124.890;1349.000;401.540;   null;206.116; 86.816;153.333;   null;285.165; 96.070;151.380;192.434;165.978;196.530;194.720;108.308; 43.106;255.222
2001-10-22 16:30:00;170.868; 51.930;210.367;125.073;1355.100;402.047;102.304;208.500; 87.314;153.587;   null;284.560; 94.478;153.320;192.672;171.114;193.494;193.050;108.482; 43.186;254.312
2001-10-22 16:35:00;172.220; 53.023;213.333;125.887;1361.140;400.543;   null;205.800; 86.986;152.350;   null;284.225; 93.290;153.680;194.340;167.812;190.782;195.348;109.086; 43.236;252.134
2001-10-22 16:40:00;169.740; 52.507;207.767;125.650;1355.060;401.403;   null;204.946; 88.816;154.933;   null;288.870; 95.221;153.520;191.662;167.632;192.876;194.438;107.418; 44.148;255.502
2001-10-22 16:45:00;171.536; 52.003;212.000;124.237;1358.120;399.233;101.837;206.758; 88.394;153.420;   null;288.373; 95.566;153.700;194.160;169.118;193.338;194.124;109.048; 43.414;253.340
2001-10-22 16:50:00;170.106; 52.040;211.100;124.517;1359.760;399.470;   null;206.456; 88.454;152.777;   null;290.269; 95.403;151.880;192.354;168.262;194.730;194.576;108.462; 43.200;256.270
2001-10-22 16:55:00;169.956; 51.890;210.233;123.540;1349.500;399.943;   null;207.186; 87.606;151.246;   null;286.942; 95.373;153.280;193.578;168.326;192.652;194.374;107.764; 43.188;254.664
2001-10-22 17:00:00;170.918; 52.003;211.767;126.430;1356.880;399.193;102.470;207.786; 87.438;152.260;   null;287.216; 95.740;154.080;194.166;169.464;192.810;195.300;107.364; 43.826;252.292
2001-10-22 17:05:00;169.416; 52.903;208.433;126.047;1360.060;400.160;   null;206.734; 88.050;154.123;   null;289.062; 96.113;153.020;195.016;170.702;192.804;192.362;107.122; 43.958;255.326
2001-10-22 17:10:00;170.050; 52.617;211.500;124.747;1359.960;400.100;   null;204.552; 88.036;150.147;   null;289.454; 95.980;152.780;193.644;167.748;193.828;191.238;108.232; 43.040;257.230
2001-10-22 17:15:00;170.762; 52.370;212.833;126.343;1362.580;401.240;101.808;208.094; 88.048;153.177;   null;288.056; 95.413;154.740;194.376;169.808;192.112;193.882;107.688; 43.626;254.722
2001-10-22 17:20:00;171.122; 52.633;207.567;127.057;1360.760;402.610;   null;206.412; 86.578;153.900;   null;287.343; 95.612;153.220;191.932;167.646;195.706;196.484;107.680; 42.554;255.582
2001-10-22 17:25:00;170.686; 52.670;210.533;127.300;1360.840;402.070;   null;206.282; 88.376;152.527;   null;287.960; 95.718;153.540;192.022;168.796;191.620;192.866;108.298; 43.168;254.220
2001-10-22 17:30:00;171.124; 52.487;210.500;124.990;1366.660;406.033;104.039;208.618; 88.308;151.017;   null;288.437; 95.446;153.540;193.452;167.492;192.448;195.896;107.482; 44.016;254.630
2001-10-22 17:35:00;171.640; 52.557;211.833;125.810;1363.540;403.597;   null;205.344; 87.760;151.493;   null;289.550; 93.927;155.080;194.060;168.736;191.746;195.096;107.756; 44.194;254.456
2001-10-22 17:40:00;170.806; 52.857;212.800;124.793;1369.480;399.950;   null;205.408; 87.774;152.590;   null;286.652; 94.242;151.380;192.500;170.662;191.396;194.036;107.392; 43.188;254.708
2001-10-22 17:45:00;170.332; 52.927;212.267;124.403;1363.420;402.200;102.598;205.680; 87.698;152.703;   null;287.604; 94.828;155.520;195.406;167.738;194.698;192.748;108.288; 43.592;253.456
2001-10-22 17:50:00;173.120; 51.270;210.500;126.757;1361.460;403.767;   null;207.862; 86.994;153.617;   null;286.727; 95.015;154.860;193.168;169.582;193.276;194.136;108.202; 44.012;257.038
2001-10-22 17:55:00;172.548; 53.267;211.833;127.593;1358.220;401.590;   null;205.972; 88.466;151.647;   null;285.667; 95.395;152.280;195.510;171.892;194.624;193.486;107.638; 43.870;258.020
2001-10-22 18:00:00;171.580; 53.473;212.933;126.230;1352.980;399.293;102.442;204.556; 87.250;151.083;   null;286.486; 96.259;155.120;193.244;170.290;194.512;192.200;107.180; 43.514;254.830
2001-10-22 18:05:00;170.906; 52.137;210.600;125.690;1361.340;401.043;   null;204.226; 87.898;151.940;   null;288.146; 95.950;154.080;193.790;169.884;191.952;194.386;107.068; 44.284;257.682
2001-10-22 18:10:00;172.256; 52.287;211.500;127.253;1352.020;396.167;   null;210.582; 87.282;153.927;   null;290.894; 95.569;156.760;192.682;168.830;191.894;194.468;106.798; 43.572;255.078
2001-10-22 18:15:00;168.862; 51.710;210.400;125.743;1347.960;398.300;102.449;208.650; 87.952;152.397;   null;288.685; 95.950;154.800;193.522;171.802;194.396;194.576;107.736; 43.528;259.082
2001-10-22 18:20:00;169.464; 53.327;211.933;126.163;1352.540;401.830;   null;207.034; 88.360;152.343;   null;287.208; 95.218;152.620;194.526;168.324;192.368;195.308;108.526; 43.984;258.256
2001-10-22 18:25:00;170.792; 52.257;209.400;124.117;1350.680;400.227;   null;206.262; 87.742;153.477;   null;286.549; 94.713;153.680;193.872;170.030;191.788;193.832;107.446; 43.356;256.436
2001-10-22 18:30:00;171.294; 51.113;213.167;125.077;1342.520;398.240;103.025;207.960; 87.810;151.053;   null;287.999; 97.021;155.220;192.408;171.164;194.814;195.808;107.866; 43.970;257.642
2001-10-22 18:35:00;170.298; 52.470;210.533;126.380;1352.480;396.373;   null;208.086; 88.192;153.473;   null;288.949; 96.017;153.500;194.980;169.328;192.500;193.760;108.386; 44.018;256.266
2001-10-22 18:40:00;169.718; 51.680;212.900;127.427;1351.940;399.314;   null;205.598; 87.424;150.844;   null;288.190; 94.833;153.560;192.626;171.268;194.706;195.358;108.992; 44.248;256.560
2001-10-22 18:45:00;170.006; 50.997;211.433;125.917;1351.900;397.127;102.665;206.774; 87.648;154.260;   null;288.389; 96.175;153.960;193.660;170.262;193.954;194.258;108.120; 43.812;256.634
2001-10-22 18:50:00;170.980; 52.197;210.633;125.090;1353.120;400.013;   null;206.826; 87.266;154.057;   null;291.183; 93.947;154.420;194.394;170.060;193.388;   null;107.258; 43.962;255.372
2001-10-22 18:55:00;170.060; 51.493;211.933;123.377;1356.620;399.547;   null;207.480; 86.808;152.414;   null;287.643; 96.668;155.480;193.176;169.898;196.636;197.062;108.460; 44.392;256.340
2001-10-22 19:00:00;170.038; 53.183;211.300;125.600;1351.380;398.617;102.915;205.070; 87.188;154.373;   null;289.264; 96.143;155.200;194.360;170.848;193.570;193.150;106.790; 43.322;257.106
2001-10-22 19:05:00;169.538; 53.440;210.933;125.873;1350.580;401.483;   null;206.882; 87.572;153.710;   null;287.528; 95.886;153.000;194.470;169.264;191.986;193.930;107.752; 44.010;257.096
2001-10-22 19:10:00;171.004; 53.180;209.933;123.503;1350.120;403.263;   null;206.360; 87.650;153.193;   null;287.685; 95.389;155.720;195.054;172.380;193.198;193.253;108.106; 44.302;255.406
2001-10-22 19:15:00;172.326; 52.633;210.633;126.003;1359.720;397.810;102.607;207.026; 88.722;152.190;   null;286.844; 95.138;153.680;194.202;170.940;193.568;195.972;107.042; 43.922;253.674
2001-10-22 19:20:00;172.588; 53.030;210.967;126.980;1353.520;403.130;   null;206.770; 87.048;153.053;   null;288.559; 94.952;154.220;192.636;169.430;191.388;193.872;107.026; 44.382;256.094
2001-10-22 19:25:00;170.160; 51.357;210.467;123.950;1348.380;400.660;   null;205.764; 87.414;152.737;   null;286.918; 94.631;154.340;195.378;169.860;194.204;195.704;107.940; 44.562;254.936
2001-10-22 19:30:00;170.090; 52.573;210.033;126.177;1351.160;399.227;103.726;205.096; 87.752;151.823;   null;289.009; 97.776;154.820;192.388;172.248;194.224;194.220;108.346; 43.690;255.528
2001-10-22 19:35:00;171.564; 52.163;211.600;125.350;1355.880;398.183;   null;203.640; 86.666;151.546;   null;288.358; 95.501;153.740;192.716;171.078;193.706;191.610;108.344; 44.686;256.866
2001-10-22 19:40:00;169.444; 51.387;212.133;124.653;1350.900;399.630;   null;206.542; 87.022;152.637;   null;288.243; 95.430;151.460;191.100;170.272;193.584;195.416;107.708; 44.186;256.424
2001-10-22 19:45:00;172.204; 51.247;211.767;124.637;1351.740;397.773;103.728;206.088; 87.924;153.210;   null;287.277; 96.253;153.340;195.374;169.506;193.160;192.676;107.772; 43.840;257.520
2001-10-22 19:50:00;168.486; 53.093;210.033;124.110;1350.780;400.430;   null;204.144; 87.316;153.317;   null;287.739; 97.502;152.680;195.044;172.644;193.738;192.354;108.192; 44.064;255.160
2001-10-22 19:55:00;170.392; 52.793;212.900;124.313;1348.520;401.997;   null;207.172; 87.428;152.597;   null;287.969; 95.591;153.360;193.430;172.060;194.240;195.668;106.608; 43.246;253.976
2001-10-22 20:00:00;169.390; 50.830;211.867;125.617;1349.360;401.327;103.321;204.422; 86.996;152.543;   null;286.817; 95.207;154.400;192.624;170.320;194.974;192.068;106.946; 43.354;256.908
2001-10-22 20:05:00;171.268; 52.907;208.767;126.013;1353.740;398.667;   null;207.862; 85.914;154.733;   null;286.627; 97.416;155.000;193.646;168.854;193.406;193.246;107.308; 43.046;256.444
2001-10-22 20:10:00;170.562; 52.723;211.333;125.590;1345.340;397.183;   null;205.110; 87.630;152.857;   null;289.338; 95.960;155.280;193.454;168.570;195.716;194.808;107.472; 44.256;254.508
2001-10-22 20:15:00;170.970; 51.387;211.233;126.010;1355.760;401.350;102.569;203.780; 86.802;154.057;   null;285.173; 96.312;155.320;191.658;170.592;193.086;193.896;108.236; 43.902;257.822
2001-10-22 20:20:00;170.552; 53.020;208.300;125.360;1349.800;400.580;   null;206.258; 86.310;152.433;   null;290.289; 95.596;154.940;194.074;169.118;193.454;193.558;107.816; 44.174;257.134
2001-10-22 20:25:00;170.456; 52.720;211.200;125.933;1355.060;399.046;   null;203.524; 87.780;151.673;   null;288.823; 95.016;153.800;192.198;169.906;193.738;195.234;107.826; 44.170;256.848
2001-10-22 20:30:00;169.218; 51.910;208.633;125.603;1353.980;396.443;103.195;204.298; 86.620;152.567;   null;286.805; 95.330;154.380;193.108;171.118;195.822;193.206;108.144; 43.552;255.730
2001-10-22 20:35:00;169.872; 51.673;211.667;126.030;1347.380;399.740;   null;205.760; 86.974;152.310;   null;289.858; 95.337;155.120;194.616;172.014;193.722;195.080;107.470; 44.240;254.754
2001-10-22 20:40:00;168.818; 52.163;210.033;124.680;1355.540;397.393;   null;205.060; 87.780;152.017;   null;289.082; 94.254;154.740;192.598;168.830;196.327;193.764;107.704; 44.350;255.140
2001-10-22 20:45:00;171.778; 51.713;211.367;127.557;1352.220;398.456;101.845;205.188; 87.248;152.460;   null;287.838; 95.724;153.260;192.896;172.448;   null;195.736;108.034; 44.272;256.568
2001-10-22 20:50:00;171.350; 52.627;208.300;125.987;1359.960;398.530;   null;204.210; 86.160;154.870;   null;288.816; 96.481;153.960;193.918;171.740;   null;193.878;108.154; 43.208;255.196
2001-10-22 20:55:00;170.724; 53.410;211.133;124.307;1352.200;401.243;   null;207.490; 87.972;153.313;   null;289.880; 96.877;154.420;193.194;170.072;   null;196.444;107.774; 43.435;256.830
2001-10-22 21:00:00;170.394; 51.830;210.233;127.597;1360.840;401.983;103.161;206.022; 86.594;154.687;   null;286.729; 95.632;154.980;193.084;171.074;   null;196.098;108.814;   null;   null
2001-10-22 21:05:00;170.270; 51.700;212.700;125.150;1355.900;398.594;   null;207.916; 88.156;151.920;   null;291.206; 95.560;153.540;191.622;169.602;   null;193.350;107.572; 43.980;262.320
2001-10-22 21:10:00;170.190; 52.377;210.567;125.673;1356.780;401.870;   null;207.996; 87.590;151.827;   null;291.800; 95.799;153.800;193.652;168.836;   null;194.370;108.818; 43.866;254.154
2001-10-22 21:15:00;169.824; 52.037;210.467;124.097;1348.520;397.070;102.356;205.416; 87.786;152.617;   null;288.965; 95.209;153.780;192.854;170.916;   null;195.578;108.528; 43.214;255.656
2001-10-22 21:20:00;169.062; 52.533;210.300;124.630;1354.880;397.760;   null;203.036; 88.144;151.427;   null;286.860; 95.023;154.380;194.066;170.606;   null;195.744;107.372; 43.948;256.570
2001-10-22 21:25:00;171.114; 52.357;211.600;125.147;1357.260;395.817;   null;204.680; 88.160;151.920;   null;288.768; 95.566;154.560;193.910;169.862;189.370;196.114;107.034; 43.594;258.310
2001-10-22 21:30:00;169.530; 51.830;210.767;124.310;1349.060;397.623;101.663;204.860; 88.614;150.943;   null;288.177; 94.092;154.100;194.062;171.434;194.718;192.447;108.346; 43.538;256.478
2001-10-22 21:35:00;169.730; 52.133;210.500;126.540;1354.320;398.077;   null;205.484; 86.834;154.000;   null;288.938; 94.243;154.240;196.002;170.448;193.402;198.040;106.402; 43.356;256.754
2001-10-22 21:40:00;171.296; 51.680;210.933;125.350;1353.700;397.867;   null;204.324; 86.240;154.183;   null;288.005; 96.207;155.500;193.620;171.690;193.244;194.716;108.466; 43.600;257.138
2001-10-22 21:45:00;169.010; 52.263;209.167;125.270;1360.900;397.260;102.308;205.408; 86.890;151.287;   null;289.593; 93.451;155.120;193.218;171.604;193.692;196.118;107.614; 44.088;258.784
2001-10-22 21:50:00;169.648; 52.200;209.600;124.357;1365.540;398.483;   null;206.886; 87.500;152.073;   null;290.245; 97.638;152.280;193.066;170.958;194.066;193.340;109.246; 44.026;255.034
2001-10-22 21:55:00;170.330; 52.293;211.333;126.040;1355.920;399.630;   null;203.560; 86.822;151.587;   null;289.318; 95.029;154.720;194.632;171.800;191.732;193.978;108.606; 43.852;253.740
2001-10-22 22:00:00;169.626; 50.497;210.667;124.840;1344.420;398.520;101.715;207.036; 86.586;149.283;   null;288.665; 96.235;154.620;190.502;170.616;193.766;195.924;107.784; 43.588;256.564
2001-10-22 22:05:00;170.768; 51.530;210.567;124.790;1353.620;399.210;   null;206.040; 87.304;151.430;   null;287.740; 94.946;153.020;193.614;168.582;194.808;194.998;107.748; 43.850;254.174
2001-10-22 22:10:00;168.910; 51.330;211.333;125.327;1355.800;395.633;   null;206.456; 87.818;151.443;   null;289.169; 95.670;155.420;190.876;172.518;194.368;194.652;106.766; 43.458;257.360
2001-10-22 22:15:00;170.860; 52.700;211.733;124.607;1357.260;397.970;102.416;206.430; 86.700;151.723;   null;289.114; 95.005;155.560;195.334;170.188;194.498;195.392;107.602; 43.630;254.928
2001-10-22 22:20:00;169.664; 52.367;209.633;123.810;1360.680;397.323;   null;206.086; 85.990;151.747;   null;288.003; 95.672;154.720;193.336;170.102;192.650;193.960;109.078; 43.542;254.454
2001-10-22 22:25:00;171.808; 51.740;210.767;125.487;1356.660;397.207;   null;207.688; 87.236;155.820;   null;288.648; 94.839;152.640;195.342;169.510;193.524;194.452;108.214; 43.638;255.720
2001-10-22 22:30:00;169.392; 52.737;211.233;125.933;1352.920;398.280;102.870;207.308; 86.122;153.367;   null;289.766; 94.078;156.160;194.158;169.590;192.786;196.850;108.346; 44.482;256.602
2001-10-22 22:35:00;170.304; 50.440;208.133;125.013;1360.940;397.853;   null;204.570; 87.560;151.437;   null;287.886; 96.099;155.260;193.588;170.374;194.238;194.716;108.528; 43.642;255.730
2001-10-22 22:40:00;172.548; 52.333;208.933;125.747;1356.180;396.353;   null;205.082; 86.686;154.157;   null;288.523; 95.661;154.520;195.886;170.542;193.054;195.364;107.768; 43.088;257.204

