ESOI    ATHN    MXCO    ROME    AATB    LMKS    DRBS    MOSC    NEWK    KIEL    KERG    CALG    OULU    APTY    FSMT    NAIN    PWNK    SOPB    SOPO
2001-04-11 10:15:00;165.904; 51.790;209.767;125.750;1326.640;406.007;102.106;205.726; 86.032;154.193;   null;286.456; 96.524;157.620;191.372;188.312;193.266; 44.320;256.692
2001-04-11 10:20:00;166.946; 50.857;207.467;125.483;1330.980;400.003;   null;204.926; 86.164;154.657;   null;288.639; 96.239;156.140;194.146;190.564;190.668; 43.760;256.084
2001-04-11 10:25:00;168.726; 51.793;207.167;125.860;1333.660;403.630;   null;206.512; 85.836;153.963;   null;288.090; 95.784;156.040;190.240;188.858;193.660; 43.622;257.524
2001-04-11 10:30:00;167.556; 51.997;207.533;124.423;1337.860;405.053;102.630;205.022; 86.850;153.750;   null;285.727; 98.489;155.880;191.112;185.334;190.250; 43.102;255.240
2001-04-11 10:35:00;166.918; 52.443;209.033;125.750;1330.080;400.497;   null;206.998; 87.320;154.043;   null;285.205; 97.180;156.000;191.614;191.292;192.058; 44.016;252.720
2001-04-11 10:40:00;167.010; 51.020;208.133;124.863;1341.320;406.550;   null;207.082; 86.346;152.553;   null;288.197; 96.597;156.680;192.086;192.070;192.986; 44.016;256.916
2001-04-11 10:45:00;167.018; 51.927;208.867;123.930;1330.880;401.577;102.680;206.328; 86.734;154.820;   null;288.510; 97.201;157.080;192.808;191.314;192.840; 43.632;255.196
2001-04-11 10:50:00;166.918; 52.267;208.733;124.827;1330.120;404.784;   null;206.376; 87.878;153.040;   null;287.745; 95.951;157.160;192.212;192.566;192.214; 44.894;256.536
2001-04-11 10:55:00;165.900; 52.147;211.067;125.243;1323.720;402.430;   null;204.868; 87.386;153.670;   null;284.752; 96.839;155.760;191.686;194.612;190.942; 43.934;255.712
2001-04-11 11:00:00;167.936; 50.780;211.600;124.060;1320.660;403.723;102.749;203.678; 86.362;153.513;   null;285.240; 96.846;157.460;192.832;194.652;192.470; 44.112;255.808
2001-04-11 11:05:00;167.096; 51.773;210.667;124.583;1329.880;403.900;   null;206.144; 87.050;154.750;   null;283.114; 96.486;157.000;190.306;191.130;191.374; 43.924;254.682
2001-04-11 11:10:00;166.740; 51.270;209.533;125.367;1335.080;402.260;   null;205.690; 87.130;155.287;   null;287.363; 98.163;155.920;193.108;189.542;191.264; 43.926;254.376
2001-04-11 11:15:00;167.882; 51.543;208.700;127.890;1331.660;404.514;102.617;207.224; 86.232;154.153;   null;286.737; 97.141;156.180;191.580;188.922;191.732; 43.750;253.162
2001-04-11 11:20:00;166.028; 51.667;210.667;125.227;1329.680;401.530;   null;203.294; 87.758;154.597;   null;287.958; 97.339;157.140;190.458;189.834;191.580; 43.344;255.166
2001-04-11 11:25:00;165.820; 51.610;209.167;124.470;1325.960;405.960;   null;205.884; 87.808;154.857;   null;288.271; 98.018;157.760;190.656;190.760;193.110; 44.340;255.672
2001-04-11 11:30:00;163.970; 52.553;207.700;124.530;1335.040;402.040;102.601;206.026; 87.402;154.000;   null;291.442; 97.360;156.540;192.674;188.284;191.658; 43.906;255.204
2001-04-11 11:35:00;167.360; 52.867;209.800;125.703;1325.360;406.477;   null;206.140; 86.718;153.850;   null;286.841; 96.023;155.960;192.006;191.330;192.510; 43.636;254.820
2001-04-11 11:40:00;167.444; 52.060;209.700;124.930;1332.340;401.120;   null;207.460; 87.860;155.200;   null;288.938; 96.733;155.780;188.838;186.794;191.942; 43.864;255.114
2001-04-11 11:45:00;165.440; 50.900;210.367;124.337;1327.720;405.803;102.230;206.020; 88.720;156.117;   null;288.238; 96.702;157.160;192.374;190.334;191.558; 44.094;255.964
2001-04-11 11:50:00;166.274; 51.233;208.533;126.273;1328.880;407.770;   null;207.746; 86.872;154.590;   null;287.436; 97.417;156.020;193.380;188.646;191.748; 44.652;254.110
2001-04-11 11:55:00;166.394; 51.787;208.667;125.430;1337.120;401.690;   null;206.230; 89.134;156.896;   null;291.214; 97.719;157.360;189.532;189.994;194.860; 43.650;255.678
2001-04-11 12:00:00;167.726; 51.207;208.767;125.110;1322.880;402.833;102.135;207.702; 86.792;154.930;   null;289.150; 97.560;156.640;191.424;189.482;190.566; 44.476;256.910
2001-04-11 12:05:00;166.790; 50.787;211.033;126.583;1339.780;403.480;   null;203.570; 87.394;154.960;   null;290.658; 96.904;157.460;193.492;193.332;192.748; 44.180;256.182
2001-04-11 12:10:00;164.854; 51.863;211.333;125.710;1334.320;402.423;   null;205.930; 87.408;154.560;   null;288.870; 95.868;157.480;192.054;191.990;193.694; 44.576;255.970
2001-04-11 12:15:00;166.536; 53.033;208.033;123.597;1336.140;402.283;102.100;204.526; 88.194;152.620;   null;287.434; 97.105;158.140;190.814;191.232;193.530; 44.076;256.418
2001-04-11 12:20:00;164.790; 52.023;211.333;126.077;1328.300;403.690;   null;206.038; 87.094;155.607;   null;290.592; 97.449;157.420;190.252;188.590;192.890; 44.500;256.242
2001-04-11 12:25:00;164.644; 52.490;211.700;124.953;1332.980;406.477;   null;206.914; 87.470;154.140;   null;288.978; 96.893;157.480;194.694;190.618;192.108; 43.970;257.376
2001-04-11 12:30:00;166.518; 51.903;212.833;126.860;1334.840;405.210;102.078;205.552; 88.618;155.230;   null;289.821; 97.062;155.860;192.008;189.432;192.498; 42.722;255.542
2001-04-11 12:35:00;165.888; 52.800;210.267;125.383;1323.840;402.090;   null;207.548; 87.904;155.923;   null;288.380; 98.058;157.380;194.348;191.226;192.506; 44.194;256.102
2001-04-11 12:40:00;165.442; 52.537;208.133;126.203;1332.460;403.157;   null;206.562; 89.002;155.043;   null;288.801; 97.719;156.700;192.754;188.976;192.554; 42.836;256.528
2001-04-11 12:45:00;165.942; 52.353;211.167;123.817;1333.340;406.097;103.491;205.212; 87.312;156.677;   null;289.435; 95.830;156.020;189.652;190.994;193.480; 43.746;255.860
2001-04-11 12:50:00;166.470; 53.150;210.400;124.743;1323.220;406.457;   null;206.204; 87.502;154.637;   null;290.593; 97.270;156.100;193.232;192.928;193.318; 44.530;256.208
2001-04-11 12:55:00;165.430; 50.653;211.367;124.323;1329.100;402.233;   null;205.388; 88.652;155.267;   null;287.853; 96.790;157.240;192.278;189.358;193.310; 43.354;257.794
2001-04-11 13:00:00;165.562; 50.990;212.900;124.960;1324.660;407.973;102.507;205.638; 87.390;153.470;   null;288.660; 97.573;159.180;191.558;192.402;191.828; 43.962;255.524
2001-04-11 13:05:00;166.426; 51.617;213.033;125.953;1329.780;405.233;   null;206.894; 88.150;154.957;   null;288.380; 96.498;157.700;192.970;191.878;193.626; 43.746;255.446
2001-04-11 13:10:00;164.682; 51.713;210.867;125.463;1328.580;403.787;   null;205.912; 88.126;155.756;   null;290.912; 96.653;154.020;192.812;189.634;195.466; 44.124;254.368
2001-04-11 13:15:00;166.916; 52.213;212.100;127.997;1331.740;406.757;102.144;205.432; 87.384;153.977;   null;288.062; 96.310;155.980;192.236;193.378;192.974; 43.796;256.502
2001-04-11 13:20:00;165.486; 52.250;210.900;124.080;1332.240;402.803;   null;206.732; 88.538;155.127;   null;289.400; 96.336;158.760;192.664;192.222;192.652; 44.122;254.762
2001-04-11 13:25:00;168.288; 51.420;210.900;125.397;1328.200;402.287;   null;204.406; 89.394;155.177;   null;287.287; 95.739;157.420;195.178;192.544;194.346; 44.130;253.682
2001-04-11 13:30:00;167.740; 51.930;211.500;126.383;1332.500;405.363;103.058;204.836; 87.966;156.310;   null;290.175; 97.732;157.000;192.800;195.422;191.400; 43.822;258.880
2001-04-11 13:35:00;165.372; 52.860;212.100;125.843;1331.620;403.920;   null;206.808; 87.650;155.213;   null;286.685; 99.544;156.520;192.880;194.362;195.880; 43.556;256.122
2001-04-11 13:40:00;164.640; 51.193;208.133;127.123;1333.320;404.683;   null;206.330; 88.636;154.893;   null;288.660; 98.694;157.140;194.410;192.486;190.572; 44.580;257.294
2001-04-11 13:45:00;165.846; 50.300;211.200;124.197;1329.060;406.040;103.349;204.744; 87.326;155.443;   null;287.880; 97.612;157.380;191.074;192.560;193.206; 45.044;254.956
2001-04-11 13:50:00;166.836; 51.737;210.333;127.467;1329.180;405.463;   null;203.820; 88.676;156.617;   null;287.631; 96.870;157.580;189.754;193.116;192.528; 44.226;254.908
2001-04-11 13:55:00;166.756; 52.743;214.133;126.880;1338.720;402.900;   null;206.596; 88.602;155.397;   null;286.712; 96.915;159.400;192.752;188.618;194.258; 43.372;255.780
2001-04-11 14:00:00;165.720; 52.037;212.600;126.800;1324.400;403.983;102.142;206.168; 88.768;153.917;   null;287.063; 98.400;157.500;193.944;189.088;194.204; 44.168;257.770
2001-04-11 14:05:00;164.762; 51.613;212.833;127.163;1330.180;400.767;   null;205.834; 87.032;156.210;   null;287.315; 96.996;156.240;193.748;192.966;193.792; 43.556;253.584
2001-04-11 14:10:00;165.744; 51.973;209.700;125.820;1323.820;402.503;   null;205.082; 88.736;155.600;   null;285.161; 97.876;155.480;193.614;197.750;193.174; 44.180;255.824
2001-04-11 14:15:00;166.050; 51.877;208.933;126.640;1320.140;404.483;101.680;206.382; 87.728;154.573;   null;284.000; 97.280;157.960;190.656;190.732;192.908; 43.868;253.598
2001-04-11 14:20:00;166.228; 51.107;213.000;125.580;1325.160;403.150;   null;208.506; 88.180;153.393;   null;285.581; 96.207;155.700;191.402;191.262;194.160; 43.518;254.736
2001-04-11 14:25:00;166.802; 51.590;211.067;124.533;1328.040;403.353;   null;208.386; 86.148;152.670;   null;286.358; 97.582;157.440;191.752;194.516;193.528; 44.412;255.186
2001-04-11 14:30:00;165.688; 51.910;210.733;125.177;1323.960;400.390;102.498;206.480; 86.876;157.603;   null;286.715; 96.533;158.300;191.280;190.700;191.494; 43.682;254.208
2001-04-11 14:35:00;165.116; 52.947;213.067;125.547;1322.360;400.477;   null;204.206; 88.602;154.540;   null;286.356; 95.810;158.420;192.200;191.766;192.832; 43.930;254.378
2001-04-11 14:40:00;164.112; 51.897;212.300;124.537;1326.960;401.030;   null;205.400; 87.572;154.343;   null;285.684; 97.460;156.080;190.614;193.476;190.076; 44.006;252.986
2001-04-11 14:45:00;165.878; 51.527;213.867;124.987;1324.900;403.937;102.716;205.000; 88.536;153.550;   null;286.956; 96.943;157.420;190.414;195.940;191.750; 43.352;255.448
2001-04-11 14:50:00;165.166; 52.103;213.233;125.763;1324.380;402.853;   null;206.672; 88.012;154.963;   null;286.285; 97.507;157.380;190.312;195.934;193.084; 43.616;255.130
2001-04-11 14:55:00;167.296; 51.243;210.300;125.073;1328.700;400.810;   null;205.402; 88.462;155.813;   null;287.806; 96.074;157.420;188.136;193.098;194.448; 43.372;249.006
2001-04-11 15:00:00;166.824; 52.097;210.633;124.860;1330.720;404.920;102.800;206.564; 87.294;152.967;   null;288.508; 97.739;157.960;192.620;188.386;195.424; 43.510;253.362
2001-04-11 15:05:00;167.050; 52.570;208.867;124.950;1327.100;400.710;   null;204.254; 88.646;153.023;   null;287.339; 96.396;155.780;191.784;191.408;190.992; 42.820;253.648
2001-04-11 15:10:00;166.734; 51.403;212.033;125.593;1327.200;402.237;   null;205.656; 88.006;150.940;   null;290.422; 96.570;156.880;191.458;190.512;192.640; 43.736;251.714
2001-04-11 15:15:00;164.386; 50.780;211.933;126.433;1324.840;402.593;102.615;206.554; 88.148;151.726;   null;290.210; 97.115;158.620;194.006;191.636;192.502; 43.334;253.390
2001-04-11 15:20:00;165.536; 51.703;209.333;124.137;1325.200;400.720;   null;204.280; 87.914;154.860;   null;287.447; 97.036;156.740;192.626;198.082;193.460; 43.780;251.638
2001-04-11 15:25:00;164.958; 51.317;210.667;125.583;1322.580;402.677;   null;205.180; 88.964;154.207;   null;285.179; 96.300;156.860;193.654;193.434;191.006; 42.788;252.258
2001-04-11 15:30:00;165.812; 53.057;211.367;126.747;1326.200;403.500;101.827;204.104; 89.644;154.603;   null;287.727; 96.103;155.740;194.398;191.410;191.586; 43.244;250.748
2001-04-11 15:35:00;164.762; 51.613;211.567;123.267;1328.240;402.637;   null;204.444; 87.026;156.214;   null;289.607; 97.089;156.200;191.722;193.304;193.076; 43.290;248.462
2001-04-11 15:40:00;165.040; 52.093;211.533;125.490;1330.800;401.873;   null;206.490; 87.426;153.380;   null;290.421; 96.300;157.040;192.470;191.354;193.206; 42.594;247.322
2001-04-11 15:45:00;167.038; 52.237;209.533;125.370;1331.680;403.957;102.473;203.504; 87.710;154.930;   null;288.511; 97.296;155.280;191.624;194.684;193.630; 42.394;249.376
2001-04-11 15:50:00;165.900; 51.853;212.367;125.957;1334.300;402.220;   null;204.148; 87.490;155.260;   null;286.636; 98.780;157.140;191.714;187.314;193.574; 42.688;249.488
2001-04-11 15:55:00;165.248; 52.890;210.000;125.507;1320.400;401.753;   null;205.600; 88.236;155.100;   null;286.809; 96.728;157.260;191.004;195.722;194.764; 42.688;251.106
2001-04-11 16:00:00;163.834; 52.490;212.967;127.247;1323.440;400.377;101.773;205.858; 87.240;153.417;   null;287.202; 96.686;156.960;191.784;189.318;195.126; 43.130;249.342
2001-04-11 16:05:00;165.764; 51.043;210.800;124.957;1323.120;403.323;   null;204.704; 87.202;153.813;   null;287.730; 96.324;156.300;192.402;191.018;191.546; 43.846;251.822
2001-04-11 16:10:00;163.738; 50.633;211.267;126.597;1316.500;406.267;   null;204.092; 88.338;155.003;   null;287.196; 98.699;157.660;193.598;189.528;191.898; 43.134;250.484
2001-04-11 16:15:00;164.692; 52.710;213.567;126.193;1319.440;405.067;102.563;204.214; 89.322;155.557;   null;289.004; 95.828;158.460;190.584;191.998;192.826; 43.552;249.832
2001-04-11 16:20:00;166.004; 52.217;212.533;126.427;1322.800;401.673;   null;206.804; 88.106;155.117;   null;290.459; 96.381;156.760;192.082;194.386;190.442; 43.022;251.666
2001-04-11 16:25:00;166.654; 51.440;210.400;126.123;1312.940;404.153;   null;203.532; 87.684;155.803;   null;285.916; 96.376;155.340;191.072;192.920;194.212; 42.642;249.480
2001-04-11 16:30:00;164.604; 52.673;210.000;124.470;1325.180;405.364;102.441;204.300; 88.972;154.314;   null;287.083; 97.950;155.540;191.410;186.496;190.696; 42.856;248.792
2001-04-11 16:35:00;164.332; 51.943;210.033;124.783;1317.680;401.023;   null;205.902; 86.570;152.737;   null;287.545; 97.921;156.700;191.500;192.338;191.468; 43.264;251.282
2001-04-11 16:40:00;165.388; 51.443;211.433;125.620;1319.780;404.810;   null;205.244; 85.776;154.317;   null;286.125; 96.922;157.180;191.266;188.798;191.382; 43.460;250.996
2001-04-11 16:45:00;166.000; 51.627;211.633;125.820;1323.080;401.540;102.866;205.486; 87.502;153.514;   null;283.888; 96.136;156.340;190.376;188.618;192.330; 42.388;248.156
2001-04-11 16:50:00;164.080; 51.043;210.633;125.820;1321.780;405.097;   null;202.030; 86.194;152.730;   null;286.267; 98.440;158.020;188.728;186.084;191.398; 42.796;249.160
2001-04-11 16:55:00;165.586; 53.117;210.933;126.193;1318.160;404.360;   null;204.988; 87.044;154.917;   null;284.634; 96.521;158.340;191.582;189.324;192.794; 42.956;249.568
2001-04-11 17:00:00;166.210; 52.947;209.400;125.493;1327.560;405.967;102.152;203.904; 87.316;153.740;   null;288.077; 95.928;155.560;192.044;188.916;193.072; 43.244;248.538
2001-04-11 17:05:00;166.544; 53.373;211.833;126.823;1322.000;404.767;   null;204.640; 87.000;154.763;   null;288.145; 96.415;158.220;192.642;187.406;193.098; 42.724;247.324
2001-04-11 17:10:00;164.444; 52.787;210.800;127.940;1329.300;405.597;   null;202.260; 85.748;151.947;   null;286.657; 97.523;156.680;192.106;191.772;192.570; 42.496;246.936
2001-04-11 17:15:00;166.838; 51.200;212.133;126.417;1326.040;408.880;102.982;204.568; 87.318;153.500;   null;288.607; 97.065;156.600;190.318;191.806;191.618; 42.410;248.240
2001-04-11 17:20:00;164.966; 52.180;211.100;127.350;1326.360;411.537;   null;205.458; 86.702;156.213;   null;287.505; 95.685;157.240;192.198;189.152;190.814; 42.568;246.292
2001-04-11 17:25:00;167.182; 52.730;211.800;126.073;1331.500;410.263;   null;205.920; 87.416;152.537;   null;286.697; 95.652;156.980;191.522;193.438;193.580; 42.324;249.274
2001-04-11 17:30:00;168.152; 51.287;210.400;126.860;1326.180;406.010;103.042;204.772; 86.812;155.540;   null;283.172; 95.202;155.640;190.854;189.762;194.434; 42.566;249.578
2001-04-11 17:35:00;165.590; 52.823;207.200;126.403;1328.960;407.837;   null;205.946; 86.892;153.523;   null;284.628; 97.088;154.380;189.370;189.196;191.284; 43.192;248.716
2001-04-11 17:40:00;166.190; 52.687;211.100;126.787;1327.540;405.047;   null;203.298; 85.884;154.997;   null;285.024; 96.621;153.500;191.706;187.544;191.216; 42.114;250.252
2001-04-11 17:45:00;167.664; 51.670;211.267;126.623;1328.100;407.663;102.005;204.626; 84.912;155.230;   null;285.388; 96.966;157.000;193.666;187.592;192.664; 43.098;247.678
2001-04-11 17:50:00;167.822; 52.093;209.933;127.223;1339.420;409.133;   null;203.594; 86.092;150.047;   null;288.154; 96.432;155.300;191.682;186.050;193.742; 42.428;250.972
2001-04-11 17:55:00;166.180; 51.967;209.867;126.623;1334.300;408.910;   null;206.170; 85.410;153.963;   null;286.703; 97.440;155.200;191.382;188.884;193.082; 42.918;251.986
2001-04-11 18:00:00;168.384; 52.047;211.033;127.277;1323.600;410.567;102.609;201.962; 85.440;151.814;   null;287.304; 95.769;156.440;193.320;187.110;191.998; 42.966;248.036
2001-04-11 18:05:00;165.202; 51.430;209.800;125.910;1323.600;411.463;   null;204.658; 85.706;154.417;   null;285.145; 97.350;156.400;190.798;190.002;193.112; 42.600;249.456
2001-04-11 18:10:00;165.616; 51.937;210.633;127.223;1326.620;409.250;   null;204.052; 86.164;154.203;   null;287.167; 94.499;156.700;192.742;194.282;191.594; 43.496;249.968
2001-04-11 18:15:00;165.466; 52.040;211.100;126.950;1330.400;409.663;101.927;202.286; 86.592;152.147;   null;286.956; 95.296;155.160;190.826;186.946;191.950; 42.836;249.708
2001-04-11 18:20:00;165.218; 52.387;207.767;127.653;1331.820;408.207;   null;204.836; 85.878;150.653;   null;285.259; 94.798;153.680;190.288;189.300;191.290; 43.134;247.814
2001-04-11 18:25:00;168.056; 52.757;210.400;126.547;1327.840;405.200;   null;204.768; 85.214;153.813;   null;284.658; 96.223;157.280;191.846;195.648;189.420; 43.030;248.898
2001-04-11 18:30:00;166.598; 52.103;208.233;125.703;1323.700;406.840;102.667;205.376; 86.450;153.740;   null;286.955; 95.896;155.180;192.052;187.072;191.928; 43.204;251.638
2001-04-11 18:35:00;165.790; 52.793;209.667;125.033;1333.240;406.633;   null;203.722; 86.402;154.750;   null;288.688; 95.840;157.480;193.736;187.388;191.790; 42.308;250.178
2001-04-11 18:40:00;165.818; 52.093;209.433;125.160;1332.780;405.233;   null;204.872; 86.420;151.547;   null;288.120; 94.632;154.320;190.108;188.190;189.510; 42.460;248.376
2001-04-11 18:45:00;166.924; 53.487;207.300;126.790;1323.260;402.657;102.267;204.892; 86.400;154.850;   null;286.636; 96.725;156.420;192.154;186.034;191.330; 43.564;250.856
2001-04-11 18:50:00;165.222; 51.377;211.133;125.813;1315.320;407.136;   null;203.868; 86.412;154.403;   null;283.531; 95.076;157.440;190.766;187.992;191.424; 42.938;248.778
2001-04-11 18:55:00;166.564; 53.407;209.667;126.927;1308.380;406.930;   null;204.222; 85.572;154.080;   null;284.906; 95.317;157.580;188.068;187.270;192.866; 42.582;250.892
2001-04-11 19:00:00;166.718; 52.123;208.067;126.287;1309.600;404.487;102.470;203.828; 85.436;152.267;   null;283.313; 97.731;156.720;189.156;188.056;191.450; 42.116;249.042
2001-04-11 19:05:00;164.416; 50.617;207.433;124.570;1305.580;405.717;   null;203.250; 85.340;153.210;   null;283.237; 94.567;155.840;190.226;191.954;188.976; 43.668;251.456
2001-04-11 19:10:00;163.230; 51.667;209.067;124.447;1308.900;405.413;   null;201.990; 85.816;152.743;   null;280.809; 96.268;155.940;189.952;192.302;189.232; 42.316;247.148
2001-04-11 19:15:00;162.366; 52.453;208.067;125.123;1306.480;405.660;101.300;203.918; 83.868;150.827;   null;283.420; 96.338;155.500;191.636;184.782;189.320; 42.062;245.950
2001-04-11 19:20:00;163.498; 50.007;207.633;124.063;1301.260;403.503;   null;202.296; 86.090;151.753;   null;287.593; 95.574;156.460;190.218;185.718;191.312; 42.148;245.606
2001-04-11 19:25:00;162.150; 51.307;204.300;121.483;1289.720;397.923;   null;201.532; 87.468;151.733;   null;284.021; 95.695;156.120;187.242;187.956;189.862; 42.450;246.074
2001-04-11 19:30:00;164.608; 51.500;206.867;124.223;1297.520;399.867;100.747;198.984; 87.634;151.440;   null;286.853; 95.297;153.620;192.764;191.192;189.728; 41.928;245.938
2001-04-11 19:35:00;162.754; 50.820;204.800;123.233;1304.780;398.533;   null;201.046; 86.424;148.073;   null;285.793; 96.198;152.460;192.288;188.262;190.978; 41.642;244.182
2001-04-11 19:40:00;163.574; 50.460;203.833;122.837;1307.520;397.227;   null;201.650; 85.234;151.423;   null;286.783; 94.749;153.700;191.214;187.238;192.546; 42.126;242.266
2001-04-11 19:45:00;162.702; 51.420;207.300;121.630;1306.560;399.087;100.407;201.708; 87.086;150.317;   null;286.536; 93.943;153.740;192.820;191.412;190.878; 41.260;240.102
2001-04-11 19:50:00;165.044; 52.060;205.733;121.980;1304.860;398.350;   null;197.688; 86.360;151.530;   null;286.785; 93.446;154.320;190.604;185.754;190.044; 40.902;239.292
2001-04-11 19:55:00;161.386; 50.100;205.767;126.237;1293.780;398.547;   null;199.314; 83.986;151.077;   null;283.925; 93.344;153.400;190.494;190.140;189.842; 40.870;239.806
2001-04-11 20:00:00;163.108; 51.367;206.400;122.533;1291.040;398.563; 98.509;197.386; 85.512;149.266;   null;284.353; 94.399;153.080;188.640;187.552;189.448; 40.156;237.758
2001-04-11 20:05:00;160.644; 50.957;204.567;122.093;1298.060;391.467;   null;198.832; 84.964;150.943;   null;282.976; 92.412;152.580;190.990;189.034;190.706; 39.968;235.062
2001-04-11 20:10:00;160.442; 49.107;203.067;122.043;1283.120;395.543;   null;196.064; 84.588;149.717;   null;277.814; 92.282;151.080;191.562;188.302;190.444; 40.152;233.664
2001-04-11 20:15:00;162.880; 50.720;205.333;122.443;1287.740;387.113; 97.007;193.744; 84.556;147.300;   null;276.668; 92.078;148.920;187.878;190.888;188.680; 40.042;234.084
2001-04-11 20:20:00;160.698; 50.143;202.900;123.713;1281.380;382.037;   null;194.084; 82.200;147.983;   null;272.259; 92.460;150.120;188.330;181.852;185.436; 39.822;232.906
2001-04-11 20:25:00;159.552; 50.803;202.833;120.957;1279.520;383.513;   null;193.912; 82.338;146.210;   null;272.671; 92.296;146.520;187.714;183.090;186.602; 39.358;233.258
2001-04-11 20:30:00;160.240; 49.997;202.367;121.203;1284.600;381.393; 97.013;195.208; 82.110;146.623;   null;271.484; 89.983;148.040;185.828;186.324;184.392; 39.664;230.104
2001-04-11 20:35:00;160.550; 49.267;201.533;121.173;1283.660;384.093;   null;194.620; 83.880;145.957;   null;277.832; 89.355;148.600;183.764;185.872;183.508; 40.026;230.666
2001-04-11 20:40:00;160.926; 49.907;200.767;120.173;1286.500;383.073;   null;191.012; 82.712;145.094;   null;273.777; 89.480;147.940;185.290;183.526;185.378; 39.884;230.984
2001-04-11 20:45:00;160.402; 50.413;196.900;121.157;1280.340;379.443; 97.349;192.586; 81.866;143.843;   null;273.742; 91.695;148.600;183.916;179.868;182.984; 39.494;232.154
2001-04-11 20:50:00;161.506; 51.187;203.600;120.500;1284.880;378.460;   null;192.882; 82.814;144.917;   null;273.576; 88.752;147.860;184.210;179.356;183.950; 39.422;232.426
2001-04-11 20:55:00;160.738; 51.210;202.267;121.253;1276.240;385.743;   null;191.554; 81.748;144.137;   null;274.634; 89.275;146.080;183.524;182.152;183.364; 40.680;230.018
2001-04-11 21:00:00;160.208; 50.623;201.633;121.557;1283.740;384.370; 97.032;193.016; 83.714;142.403;   null;272.743; 90.307;147.680;183.560;180.914;179.420; 39.756;231.086
2001-04-11 21:05:00;161.150; 50.600;198.267;119.573;1281.960;380.013;   null;190.294; 82.438;143.163;   null;273.964; 90.762;145.480;183.002;182.394;180.452; 40.374;232.004
2001-04-11 21:10:00;162.462; 49.897;200.633;121.713;1288.240;380.383;   null;190.936; 81.980;142.373;   null;272.686; 89.462;147.080;182.160;177.932;179.754; 39.678;230.688
2001-04-11 21:15:00;161.986; 50.247;202.900;119.763;1290.120;380.870; 96.410;192.472; 81.280;143.660;   null;269.336; 88.688;145.220;183.110;182.838;183.200; 40.100;230.954
2001-04-11 21:20:00;160.992; 50.530;201.367;120.760;1296.860;380.883;   null;189.284; 82.166;145.357;   null;271.114; 89.896;146.580;182.984;177.214;182.970; 39.812;231.156
2001-04-11 21:25:00;160.650; 50.933;201.400;120.277;1290.320;383.656;   null;191.720; 81.068;143.810;   null;271.329; 90.677;147.560;182.262;179.792;182.232; 39.374;232.140
2001-04-11 21:30:00;160.870; 49.067;201.167;122.480;1294.980;383.590; 96.116;193.728; 81.418;143.070;   null;272.966; 90.331;147.160;183.718;179.184;178.346; 39.790;234.616
2001-04-11 21:35:00;159.992; 50.107;201.167;121.453;1290.220;382.857;   null;192.840; 81.898;143.883;   null;273.412; 89.812;146.060;183.392;180.746;181.182; 39.368;231.760
2001-04-11 21:40:00;160.800; 50.087;201.267;120.203;1288.620;386.353;   null;190.140; 82.010;144.347;   null;273.178; 88.435;149.440;181.686;181.448;178.888; 39.198;232.240
2001-04-11 21:45:00;159.198; 50.160;201.300;124.560;1285.780;379.453; 96.439;192.808; 81.464;143.587;   null;268.732; 91.682;147.840;179.866;180.588;180.500; 39.572;232.900
2001-04-11 21:50:00;160.698; 50.283;200.567;121.437;1281.960;384.207;   null;192.776; 80.868;144.627;   null;269.328; 92.534;148.640;179.398;177.828;181.196; 39.788;229.874
2001-04-11 21:55:00;160.844; 52.033;199.800;123.093;1286.800;381.790;   null;194.884; 82.270;144.993;   null;267.821; 91.127;148.340;179.834;179.204;177.456; 39.212;229.758
2001-04-11 22:00:00;159.388; 51.143;200.833;123.073;1286.000;382.567; 96.738;191.950; 81.572;144.573;   null;269.842; 91.591;149.560;179.730;173.342;178.916; 39.788;230.850
2001-04-11 22:05:00;160.940; 49.933;199.133;122.227;1287.360;383.650;   null;191.834; 81.680;143.633;   null;269.014; 90.551;148.840;181.068;180.876;180.186; 39.254;231.292
2001-04-11 22:10:00;158.298; 50.380;201.767;119.673;1289.240;384.193;   null;194.696; 80.966;142.053;   null;269.377; 91.881;149.860;179.500;179.266;175.688; 39.386;229.140
2001-04-11 22:15:00;157.540; 50.687;201.333;120.840;1278.600;382.700; 96.076;193.056; 79.684;146.007;   null;264.714; 90.835;148.920;179.618;177.026;177.352; 38.570;228.240
2001-04-11 22:20:00;161.142; 49.743;202.000;122.207;1282.180;382.993;   null;193.258; 80.368;142.830;   null;267.864; 90.853;147.340;178.924;177.500;177.306; 38.782;226.384
2001-04-11 22:25:00;159.256; 49.957;200.900;121.500;1285.980;382.603;   null;192.268; 81.050;142.400;   null;266.904; 90.540;149.820;179.490;182.208;179.910; 39.114;228.388
2001-04-11 22:30:00;158.932; 50.600;199.500;122.133;1279.120;380.210; 96.052;190.938; 79.806;143.267;   null;264.924; 89.871;147.880;180.532;180.128;177.940; 39.034;227.800
2001-04-11 22:35:00;161.978; 48.673;201.667;121.847;1281.320;382.780;   null;192.870; 80.936;144.023;   null;263.383; 92.204;148.100;177.554;175.986;179.052; 39.804;228.190
2001-04-11 22:40:00;159.574; 50.983;198.567;120.820;1288.540;381.453;   null;191.406; 80.384;142.697;   null;268.074; 90.014;149.460;180.156;179.012;177.888; 38.800;226.108
2001-04-11 22:45:00;159.352; 49.970;199.500;120.890;1278.340;384.750; 95.488;191.978; 80.570;145.393;   null;266.774; 92.883;148.720;178.868;179.670;176.882; 39.000;227.700
2001-04-11 22:50:00;158.008; 50.343;198.133;120.507;1286.800;381.327;   null;192.002; 79.842;145.013;   null;266.060; 89.279;147.600;180.224;177.542;180.388; 38.418;228.614
2001-04-11 22:55:00;159.856; 50.533;199.067;119.213;1283.000;379.043;   null;189.784; 80.580;143.690;   null;265.396; 89.847;146.100;178.242;177.780;176.702; 38.688;227.724
2001-04-11 23:00:00;161.700; 50.830;198.833;120.027;1279.240;381.390; 95.482;190.422; 81.710;144.474;   null;268.074; 90.640;145.680;178.006;181.192;175.952; 39.480;226.642
2001-04-11 23:05:00;161.366; 50.547;199.800;120.650;1285.380;376.443;   null;189.900; 79.526;142.530;   null;264.851; 90.432;146.360;179.096;177.370;176.174; 39.078;229.436
2001-04-11 23:10:00;161.170; 48.977;199.767;118.930;1278.560;376.987;   null;189.780; 79.536;142.560;   null;263.366; 88.729;145.320;174.682;174.696;177.120; 38.900;227.260
2001-04-11 23:15:00;162.902; 48.993;200.033;120.137;1274.720;373.593; 95.070;187.968; 80.452;140.617;   null;259.678; 87.631;145.320;174.234;177.844;176.802; 39.060;225.934
2001-04-11 23:20:00;161.826; 51.013;198.600;119.520;1276.900;375.033;   null;189.060; 80.476;142.810;   null;260.764; 88.965;146.200;175.916;174.772;176.728; 39.338;225.204
2001-04-11 23:25:00;161.122; 48.770;196.500;118.627;1275.540;371.430;   null;189.434; 79.516;139.383;   null;260.082; 88.325;142.640;174.356;178.390;173.394; 38.604;228.984
2001-04-11 23:30:00;159.978; 49.843;196.300;119.663;1274.080;375.553; 94.621;188.520; 79.272;140.670;   null;264.953; 89.104;144.760;175.522;175.752;176.462; 38.548;226.694
2001-04-11 23:35:00;158.138; 50.730;198.933;120.090;1266.400;374.020;   null;186.916; 80.568;142.203;   null;265.966; 88.715;144.560;173.044;175.628;177.606; 38.132;226.232
2001-04-11 23:40:00;157.458; 49.980;199.600;119.643;1272.620;373.077;   null;187.380; 79.366;141.360;   null;266.330; 88.990;144.840;177.472;177.204;177.360; 38.446;226.374
2001-04-11 23:45:00;159.990; 49.877;198.900;117.920;1267.540;372.877; 93.745;186.422; 81.610;141.407;   null;264.586; 90.872;142.500;175.912;177.386;179.250; 38.766;224.398
2001-04-11 23:50:00;158.878; 49.613;200.267;120.290;1275.560;372.257;   null;189.948; 79.364;140.077;   null;266.176; 88.190;144.940;175.772;172.878;178.862; 39.036;225.598
2001-04-11 23:55:00;159.460; 50.570;201.800;118.530;1272.140;373.987;   null;187.896; 80.120;139.333;   null;266.889; 88.389;143.900;178.392;174.810;177.314; 38.948;227.408
2001-04-12 00:00:00;158.900; 48.607;199.067;119.007;1270.300;371.687; 93.391;187.218; 79.446;139.223;   null;268.318; 89.713;142.720;175.388;175.516;176.720; 38.590;225.326
2001-04-12 00:05:00;159.344; 49.783;200.633;120.180;1274.200;372.883;   null;189.294; 79.662;138.780;   null;267.725; 87.273;142.860;178.654;170.476;178.662; 38.340;229.174
2001-04-12 00:10:00;158.502; 50.347;197.267;118.797;1261.160;367.950;   null;186.816; 82.146;141.103;   null;266.839; 88.678;144.680;178.464;172.896;175.312; 38.554;227.422
2001-04-12 00:15:00;160.376; 48.430;200.533;117.240;1262.280;373.780; 93.662;188.392; 79.130;138.210;   null;265.040; 88.007;142.640;177.766;178.484;178.776; 38.060;225.460
2001-04-12 00:20:00;161.112; 50.420;198.033;118.970;1257.820;371.683;   null;187.822; 80.250;140.613;   null;266.016; 87.809;141.980;179.620;181.726;179.454; 38.022;225.608
2001-04-12 00:25:00;157.666; 51.443;196.967;117.813;1264.020;373.504;   null;189.598; 80.180;142.973;   null;265.772; 88.457;144.060;178.020;179.318;177.290; 38.712;225.452
2001-04-12 00:30:00;156.808; 50.487;195.167;118.347;1259.560;373.013; 93.080;189.548; 80.830;140.857;   null;269.003; 88.552;142.320;176.404;177.522;178.076; 39.302;226.884
2001-04-12 00:35:00;159.276; 49.137;200.767;118.817;1260.940;370.007;   null;188.506; 80.036;141.847;   null;263.835; 87.365;142.920;177.884;175.036;176.290; 38.146;225.378
2001-04-12 00:40:00;158.496; 48.600;198.133;118.997;1257.260;370.433;   null;187.100; 81.050;141.003;   null;266.136; 88.688;144.640;178.074;179.062;177.416; 38.130;224.552
2001-04-12 00:45:00;157.192; 48.957;199.600;116.877;1249.460;369.160; 93.856;188.108; 79.854;140.297;   null;268.262; 87.180;144.000;177.254;176.548;178.380; 38.548;225.890
2001-04-12 00:50:00;156.400; 49.047;198.133;118.557;1253.440;367.020;   null;189.158; 80.844;140.437;   null;265.056; 89.753;143.480;177.584;174.706;177.430; 38.240;224.558
2001-04-12 00:55:00;157.840; 48.437;199.700;118.830;1255.760;370.277;   null;186.440; 80.274;139.977;   null;267.705; 87.238;144.260;174.970;176.576;176.872; 38.458;227.708
2001-04-12 01:00:00;159.014; 48.300;196.433;117.117;1253.900;369.173; 93.305;187.736; 79.930;141.063;   null;264.288; 89.630;142.780;175.594;175.758;178.712; 38.336;224.898
2001-04-12 01:05:00;157.964; 48.277;196.100;118.040;1254.860;365.293;   null;187.134; 79.998;140.577;   null;263.382; 87.926;142.060;177.818;172.062;177.112; 38.778;224.812
2001-04-12 01:10:00;157.742; 48.790;196.533;118.057;1257.340;371.123;   null;186.880; 79.956;139.757;   null;262.284; 88.132;144.480;175.910;174.812;178.254; 38.298;224.232
2001-04-12 01:15:00;157.892; 49.353;197.933;119.260;1252.180;367.407; 93.714;184.800; 80.498;140.817;   null;262.058; 88.383;141.700;175.824;173.294;175.596; 38.176;224.330
2001-04-12 01:20:00;158.734; 49.700;196.300;117.817;1243.280;366.363;   null;186.978; 80.130;139.113;   null;262.998; 86.840;142.420;176.814;173.674;177.228; 38.618;224.396
2001-04-12 01:25:00;157.226; 48.617;195.700;117.090;1248.040;368.137;   null;186.990; 79.528;140.363;   null;262.215; 86.977;141.260;174.344;174.404;176.982; 38.140;226.356
2001-04-12 01:30:00;158.102; 49.657;198.733;118.460;1248.680;366.817; 92.455;189.118; 80.648;141.863;   null;265.399; 86.679;142.700;175.630;171.692;176.882; 38.048;224.832
2001-04-12 01:35:00;156.190; 49.037;194.833;118.773;1253.640;366.580;   null;186.938; 79.000;138.920;   null;261.954; 87.550;144.060;175.524;172.816;174.762; 38.264;225.226
2001-04-12 01:40:00;156.838; 49.343;196.633;115.660;1245.760;367.907;   null;187.792; 77.730;139.947;   null;258.339; 88.164;141.620;177.030;176.208;174.208; 38.126;222.750
2001-04-12 01:45:00;156.204; 48.733;195.533;118.563;1250.260;368.203; 92.436;189.916; 79.422;138.163;   null;262.858; 87.370;142.580;174.638;174.674;176.174; 38.472;226.052
2001-04-12 01:50:00;158.376; 49.067;196.433;117.387;1255.760;370.670;   null;185.254; 80.244;138.747;   null;260.459; 89.437;143.400;175.070;176.736;175.448; 37.696;222.730
2001-04-12 01:55:00;157.842; 48.813;195.533;117.110;1259.360;366.917;   null;187.768; 80.080;140.480;   null;260.754; 87.823;142.440;175.268;177.294;174.698; 38.080;223.178
2001-04-12 02:00:00;159.294; 48.780;196.300;116.510;1258.880;367.303; 92.330;186.042; 77.922;139.087;   null;263.969; 87.218;143.140;175.444;175.480;176.568; 38.660;225.916
2001-04-12 02:05:00;157.618; 48.387;195.500;116.973;1249.020;366.640;   null;187.548; 78.182;143.390;   null;262.615; 87.343;143.120;176.702;175.850;176.290; 37.974;224.250
2001-04-12 02:10:00;158.228; 50.410;198.000;117.113;1251.980;365.190;   null;187.356; 80.638;139.273;   null;263.587; 86.810;142.640;176.336;175.702;174.810; 38.612;223.628
2001-04-12 02:15:00;157.202; 49.580;196.233;118.247;1259.080;365.603; 92.487;185.208; 79.790;140.167;   null;263.915; 87.978;142.700;178.074;171.032;173.318; 38.492;223.202
2001-04-12 02:20:00;159.864; 49.100;196.833;117.830;1245.260;369.567;   null;187.680; 78.712;140.627;   null;262.665; 87.225;144.020;175.490;174.822;173.868; 37.928;225.130
2001-04-12 02:25:00;157.934; 48.390;196.367;116.190;1257.820;370.803;   null;187.036; 80.016;139.803;   null;263.550; 88.968;141.960;174.566;173.220;174.786; 38.470;225.866
2001-04-12 02:30:00;158.714; 49.990;194.267;117.617;1255.260;372.270; 92.444;188.232; 79.798;139.653;   null;258.690; 87.689;140.440;175.270;174.844;175.044; 38.932;227.370
2001-04-12 02:35:00;159.396; 48.733;195.633;118.320;1252.120;366.387;   null;187.956; 79.902;142.014;   null;264.055; 88.515;144.360;174.784;170.904;174.450; 38.748;224.518
2001-04-12 02:40:00;158.468; 49.393;196.867;117.580;1253.480;369.933;   null;185.968; 79.316;140.593;   null;260.669; 88.505;142.400;175.066;176.132;173.530; 37.890;224.498
2001-04-12 02:45:00;157.214; 50.340;196.367;117.653;1251.000;366.000; 92.859;186.590; 78.552;138.410;   null;264.105; 88.308;142.180;176.592;173.836;173.278; 38.084;225.188
2001-04-12 02:50:00;157.686; 48.973;197.300;118.237;1260.400;367.860;   null;187.582; 79.980;140.037;   null;261.676; 87.559;141.440;174.428;173.564;172.830; 39.148;225.158
2001-04-12 02:55:00;157.750; 48.920;196.467;117.577;1255.160;366.197;   null;187.066; 78.628;139.817;   null;259.177; 88.175;142.460;175.852;173.644;174.926; 38.532;226.316
2001-04-12 03:00:00;158.316; 48.597;192.967;117.687;1249.760;367.283; 92.237;187.384; 77.972;137.523;   null;259.628; 89.145;144.220;174.842;175.738;173.258; 38.032;224.690
2001-04-12 03:05:00;159.082; 47.743;193.300;117.950;1256.640;367.940;   null;188.682; 80.196;139.430;   null;259.385; 87.782;145.100;173.618;172.024;173.166; 37.450;224.452
2001-04-12 03:10:00;158.128; 49.393;194.833;119.253;1264.600;367.200;   null;187.556; 78.616;138.657;   null;260.842; 88.576;144.180;174.334;168.804;173.222; 37.732;224.070
2001-04-12 03:15:00;160.774; 49.263;194.533;118.660;1260.780;365.560; 92.714;189.946; 78.998;139.697;   null;261.989; 87.229;142.000;174.802;177.478;175.680; 38.520;225.234
2001-04-12 03:20:00;157.818; 48.893;195.367;118.173;1260.540;369.493;   null;185.986; 79.104;140.807;   null;259.454; 87.757;141.720;173.926;176.988;172.068; 38.420;225.514
2001-04-12 03:25:00;160.120; 48.177;194.467;118.000;1266.240;367.413;   null;187.500; 78.260;139.710;   null;261.085; 88.631;143.140;173.914;174.854;172.584; 37.688;225.462
2001-04-12 03:30:00;158.254; 49.953;194.800;118.087;1269.000;368.160; 92.538;187.402; 80.340;139.803;   null;260.947; 87.131;143.480;174.416;172.256;173.634; 37.840;225.126
2001-04-12 03:35:00;158.872; 48.950;196.767;117.623;1259.060;367.740;   null;186.722; 78.278;141.230;   null;261.051; 89.647;143.800;175.180;174.120;173.036; 38.318;224.264
2001-04-12 03:40:00;159.606; 49.250;195.733;117.367;1254.640;365.670;   null;188.100; 80.116;143.353;   null;258.205; 86.449;141.400;174.778;172.540;172.352; 38.678;224.690
2001-04-12 03:45:00;158.454; 48.697;194.167;117.717;1262.560;367.720; 93.204;188.132; 79.812;142.757;   null;261.154; 89.002;141.140;172.748;173.084;173.710; 38.396;225.368
2001-04-12 03:50:00;160.194; 48.883;193.633;117.483;1260.360;367.913;   null;187.436; 77.460;141.710;   null;258.310; 87.752;141.800;174.184;175.834;173.572; 37.892;224.708
2001-04-12 03:55:00;160.584; 50.430;194.700;117.510;1261.220;366.030;   null;188.922; 79.042;140.683;   null;261.693; 88.284;141.340;174.864;174.676;172.676; 37.920;222.654
2001-04-12 04:00:00;160.380; 49.513;195.100;117.580;1252.900;366.397; 93.261;186.710; 78.690;142.717;231.914;260.599; 88.693;143.380;173.704;174.038;173.154; 38.052;223.050
2001-04-12 04:05:00;159.992; 49.027;196.900;117.297;1258.200;366.823;   null;189.058; 79.552;142.343;231.836;259.177; 88.841;143.040;174.126;174.214;174.456; 37.846;221.316
2001-04-12 04:10:00;157.874; 49.593;195.500;117.823;1260.640;368.620;   null;189.318; 78.364;140.853;   null;256.976; 86.183;140.800;174.600;170.342;173.202; 37.628;222.426
2001-04-12 04:15:00;161.824; 50.423;194.667;118.440;1263.800;370.690; 93.718;189.808; 79.480;140.627;   null;261.137; 89.328;141.640;175.816;172.360;174.052; 37.778;222.084
2001-04-12 04:20:00;158.716; 50.097;194.200;118.503;1265.740;371.150;   null;187.110; 77.674;139.650;   null;258.537; 90.417;142.840;172.924;170.562;175.030; 38.090;221.788
2001-04-12 04:25:00;158.958; 49.523;196.933;116.517;1266.260;367.660;   null;186.390; 78.358;138.717;   null;259.284; 89.607;143.540;173.110;172.918;172.492; 38.002;223.254
2001-04-12 04:30:00;159.310; 49.397;196.667;117.817;1267.420;370.437; 93.611;186.486; 77.638;142.713;   null;260.860; 88.285;144.380;173.052;173.652;172.942; 38.044;222.260
2001-04-12 04:35:00;160.310; 50.173;195.300;118.300;1265.560;366.180;   null;189.030; 80.926;140.863;   null;259.925; 88.991;143.040;173.738;175.154;172.292; 38.246;223.082
2001-04-12 04:40:00;159.918; 49.680;196.367;117.110;1266.660;368.163;   null;187.888; 78.026;143.427;   null;264.745; 89.162;145.580;173.296;171.452;172.608; 37.656;222.574
2001-04-12 04:45:00;158.882; 49.560;193.867;117.127;1264.900;366.847; 93.591;185.682; 79.288;139.783;   null;262.923; 89.795;143.500;172.288;171.100;173.010; 37.690;224.642
2001-04-12 04:50:00;157.550; 49.257;193.167;117.353;1259.180;367.810;   null;187.372; 79.130;140.567;   null;260.445; 88.028;143.980;173.720;174.692;173.226; 37.656;224.544
2001-04-12 04:55:00;158.826; 49.833;191.767;118.160;1256.000;366.063;   null;190.342; 79.292;141.000;   null;260.531; 87.792;143.680;174.430;171.790;175.066; 38.122;220.670
2001-04-12 05:00:00;157.804; 50.977;196.900;117.853;1255.760;367.570; 93.377;185.510; 78.160;140.690;   null;257.986; 89.843;143.940;174.508;172.244;171.408; 37.670;223.622
2001-04-12 05:05:00;158.910; 49.743;190.867;117.187;1249.040;366.850;   null;186.926; 79.654;140.057;   null;258.334; 89.047;145.620;173.990;172.236;172.108; 36.800;222.860
2001-04-12 05:10:00;157.156; 48.583;194.467;117.903;1260.640;363.897;   null;187.576; 77.664;138.577;   null;261.951; 87.735;141.680;174.650;172.226;170.670; 37.470;222.532
2001-04-12 05:15:00;157.644; 48.330;194.500;115.973;1258.300;368.037; 93.252;186.824; 76.724;140.817;   null;258.663; 88.918;144.200;174.094;177.626;171.846; 37.134;221.146
2001-04-12 05:20:00;157.260; 48.890;194.600;119.047;1264.180;364.980;   null;187.576; 77.416;139.023;   null;256.435; 89.376;141.540;172.868;171.412;171.472; 37.044;221.244
2001-04-12 05:25:00;156.630; 50.430;193.867;119.927;1256.160;369.580;   null;186.776; 79.454;139.070;   null;257.887; 87.206;143.560;172.976;170.072;171.896; 37.048;220.378
2001-04-12 05:30:00;158.794; 49.460;194.167;116.943;1265.880;364.967; 91.527;188.834; 77.672;137.537;   null;255.087; 86.446;143.000;173.984;168.384;174.556; 37.518;223.274
2001-04-12 05:35:00;157.878; 49.447;193.100;116.583;1264.940;364.947;   null;187.848; 77.970;141.107;   null;257.077; 86.889;142.540;172.012;172.652;173.406; 37.828;221.866
2001-04-12 05:40:00;157.862; 49.557;194.467;116.150;1271.800;365.790;   null;189.036; 78.520;139.353;   null;256.337; 88.355;143.200;170.208;173.376;173.512; 37.400;220.304
2001-04-12 05:45:00;158.468; 48.873;192.967;117.487;1262.340;366.757; 92.532;186.668; 78.416;141.637;   null;259.150; 88.403;142.860;173.084;171.416;173.284; 37.568;222.530
2001-04-12 05:50:00;158.654; 49.817;194.700;118.417;1248.440;368.753;   null;187.116; 77.994;139.350;   null;256.717; 87.383;143.480;173.604;168.788;171.474; 38.006;220.602
2001-04-12 05:55:00;158.388; 50.177;192.167;117.587;1261.180;364.647;   null;186.538; 76.528;138.617;   null;256.198; 88.838;143.560;174.494;172.618;173.284; 37.646;222.518
2001-04-12 06:00:00;157.408; 50.177;192.733;116.783;1258.040;364.640; 92.915;188.666; 77.310;140.380;   null;256.599; 88.825;144.240;175.352;172.826;172.948; 37.384;222.166
2001-04-12 06:05:00;156.574; 49.913;194.633;118.007;1260.200;365.297;   null;186.944; 78.422;137.833;   null;256.944; 88.335;143.880;170.594;170.014;171.680; 38.014;224.900
2001-04-12 06:10:00;158.288; 48.427;191.833;115.023;1259.460;368.073;   null;186.454; 77.376;139.863;   null;256.307; 87.139;144.040;173.808;167.990;170.712; 37.424;222.124
2001-04-12 06:15:00;157.376; 48.510;193.333;117.923;1259.680;365.130; 93.223;186.714; 79.518;139.977;   null;255.377; 89.199;142.040;173.708;171.880;171.624; 37.850;222.552
2001-04-12 06:20:00;158.134; 50.077;195.067;116.667;1266.440;367.743;   null;186.476; 77.764;139.783;   null;254.054; 87.929;142.400;173.978;173.446;172.032; 37.412;222.132
2001-04-12 06:25:00;155.136; 48.873;193.367;117.623;1263.160;365.770;   null;188.008; 77.240;139.700;   null;257.532; 89.335;141.360;173.886;171.702;171.834; 37.940;221.832
2001-04-12 06:30:00;159.036; 49.180;193.867;117.050;1246.220;363.736; 92.979;185.378; 79.090;140.970;   null;256.981; 88.381;142.100;172.274;173.708;173.202; 37.482;219.996
2001-04-12 06:35:00;158.620; 49.013;193.900;117.323;1252.840;363.687;   null;185.112; 77.480;139.230;   null;254.901; 88.445;144.520;174.290;171.340;173.066; 37.714;224.574
2001-04-12 06:40:00;156.754; 50.360;195.567;117.370;1261.260;365.690;   null;188.066; 78.408;140.803;   null;260.478; 87.153;143.100;171.966;173.346;172.212; 37.240;224.468
2001-04-12 06:45:00;157.450; 49.413;191.733;118.257;1260.400;364.860; 92.338;187.970; 78.834;139.790;   null;257.054; 89.076;143.020;173.658;173.422;171.882; 37.576;222.724
2001-04-12 06:50:00;158.134; 49.073;193.867;117.700;1261.020;364.700;   null;187.978; 78.904;140.723;   null;256.007; 86.428;142.720;173.762;177.922;172.192; 37.192;221.844
2001-04-12 06:55:00;160.658; 49.663;195.933;117.790;1258.860;368.367;   null;186.180; 77.306;138.487;   null;254.301; 87.977;143.600;172.244;170.468;173.814; 37.756;220.162
2001-04-12 07:00:00;158.916; 48.957;193.900;117.047;1259.620;368.447; 93.136;187.736; 78.370;138.733;   null;255.595; 87.404;143.180;173.504;171.494;171.764; 38.000;221.766
2001-04-12 07:05:00;158.818; 49.730;195.200;117.550;1257.920;365.800;   null;185.580; 77.976;139.240;   null;255.133; 87.137;143.440;172.236;171.204;171.488; 38.206;223.894
2001-04-12 07:10:00;158.306; 49.493;195.700;118.190;1260.960;367.430;   null;187.006; 79.098;138.757;   null;254.343; 87.477;142.680;173.506;175.310;172.386; 37.484;221.244
2001-04-12 07:15:00;158.600; 49.907;193.567;117.630;1259.440;366.037; 92.482;188.608; 78.398;137.543;   null;254.893; 87.349;143.060;172.750;172.542;171.438; 38.422;224.998
2001-04-12 07:20:00;157.384; 49.453;192.600;117.477;1249.900;367.457;   null;187.358; 77.288;140.090;   null;253.457; 86.460;142.120;171.850;174.672;172.862; 37.634;222.800
2001-04-12 07:25:00;158.726; 49.130;193.100;118.113;1258.340;364.900;   null;186.644; 77.984;141.133;   null;255.805; 87.577;144.160;171.204;170.890;173.332; 38.190;222.408
2001-04-12 07:30:00;160.262; 49.423;192.900;118.270;1255.360;370.733; 92.608;188.336; 78.376;140.110;   null;254.865; 87.702;142.080;170.928;167.840;171.410; 37.700;223.072
2001-04-12 07:35:00;160.130; 49.000;196.033;118.000;1252.140;368.847;   null;188.252; 78.556;138.693;   null;253.101; 87.606;141.600;172.014;173.782;171.340; 37.810;222.752
2001-04-12 07:40:00;159.102; 50.067;194.133;118.877;1246.800;369.093;   null;186.404; 77.596;141.044;   null;256.769; 86.597;140.800;172.382;178.356;171.072; 37.966;222.510
2001-04-12 07:45:00;160.246; 50.333;195.933;118.067;1255.660;368.773; 92.772;187.230; 78.672;141.643;   null;252.497; 87.165;144.880;173.144;170.394;173.282; 37.998;226.132
2001-04-12 07:50:00;159.946; 49.157;192.100;117.847;1252.040;374.180;   null;187.748; 78.010;140.420;   null;253.293; 86.744;145.060;173.958;173.030;176.112; 37.818;224.772
2001-04-12 07:55:00;160.858; 49.597;194.267;118.603;1253.700;370.583;   null;190.850; 78.148;140.167;   null;257.043; 88.361;141.920;172.928;175.526;173.500; 37.486;225.208
2001-04-12 08:00:00;158.976; 50.030;193.267;118.703;1251.860;370.346; 93.741;189.372; 79.046;141.027;   null;258.945; 89.067;143.480;171.294;171.218;170.176; 37.718;225.022
2001-04-12 08:05:00;158.778; 49.357;193.533;117.933;1251.000;371.780;   null;191.012; 77.648;140.076;   null;253.177; 88.419;144.080;171.114;175.248;170.404; 38.372;223.692
2001-04-12 08:10:00;158.426; 48.627;194.333;116.913;1259.120;372.616;   null;191.070; 76.710;138.750;   null;257.353; 89.038;142.800;172.354;172.634;172.798; 37.906;224.904
2001-04-12 08:15:00;158.104; 50.010;196.300;117.330;1245.940;369.073; 93.854;193.078; 79.506;138.987;   null;256.994; 88.478;145.880;170.366;172.982;173.148; 37.716;221.860
2001-04-12 08:20:00;158.740; 49.213;192.367;119.193;1256.520;365.933;   null;189.682; 78.234;139.120;   null;255.575; 88.053;143.720;170.244;173.730;173.242; 38.710;224.674
2001-04-12 08:25:00;159.646; 48.947;195.300;119.187;1247.280;370.027;   null;189.420; 78.450;140.033;   null;255.185; 89.392;144.100;173.202;173.792;173.116; 37.376;224.314
2001-04-12 08:30:00;157.266; 48.107;194.733;117.820;1248.460;367.737; 92.703;187.734; 78.862;140.020;   null;255.815; 89.348;145.240;171.394;174.930;171.306; 38.478;223.886
2001-04-12 08:35:00;159.400; 48.760;195.067;119.080;1241.660;366.770;   null;187.840; 78.134;141.273;   null;257.541; 88.370;145.860;173.626;175.010;171.186; 38.492;224.316
2001-04-12 08:40:00;160.286; 48.153;194.033;118.843;1246.640;368.897;   null;186.412; 78.240;140.007;   null;257.097; 88.504;143.920;173.386;170.096;172.582; 38.614;224.788
2001-04-12 08:45:00;158.662; 48.850;192.933;117.270;1249.700;369.687; 92.753;184.832; 78.716;138.870;   null;256.381; 87.575;144.740;170.280;174.800;171.870; 37.756;224.412
2001-04-12 08:50:00;159.064; 49.083;192.700;114.670;1238.040;364.624;   null;187.616; 80.058;137.690;   null;256.875; 88.627;143.860;171.926;170.038;172.956; 38.220;224.218
2001-04-12 08:55:00;159.442; 48.543;193.233;118.317;1240.720;364.887;   null;186.764; 77.782;139.310;   null;256.483; 87.587;142.800;171.708;174.850;173.130; 37.830;224.666
2001-04-12 09:00:00;157.562; 49.387;193.467;116.863;1238.460;364.497; 91.620;187.456; 78.018;139.120;   null;254.880; 88.106;143.400;172.526;169.352;170.272; 37.258;222.894
2001-04-12 09:05:00;158.868; 49.507;195.233;117.880;1251.480;366.153;   null;185.332; 78.186;142.110;   null;255.750; 87.386;142.120;169.080;173.366;172.900; 38.036;222.028
2001-04-12 09:10:00;158.814; 48.357;193.067;117.947;1244.640;366.070;   null;188.996; 77.716;140.106;   null;255.324; 86.095;142.560;171.410;171.844;170.606; 38.002;223.342
2001-04-12 09:15:00;157.384; 48.853;195.833;115.747;1248.060;365.740; 92.080;188.272; 78.594;139.233;   null;256.364; 88.120;143.540;171.840;175.212;173.770; 38.034;224.418
2001-04-12 09:20:00;158.814; 48.330;195.200;119.100;1242.960;363.557;   null;184.990; 78.880;137.500;   null;254.577; 86.625;142.260;171.262;171.246;172.536; 37.866;221.338
2001-04-12 09:25:00;157.334; 47.800;192.933;118.873;1234.820;363.233;   null;188.970; 77.954;139.143;   null;256.246; 86.432;142.180;171.102;174.320;172.848; 38.114;222.414
2001-04-12 09:30:00;158.632; 49.033;192.400;116.650;1235.000;363.353; 92.357;186.202; 79.036;139.893;   null;256.687; 88.136;142.120;170.186;173.012;171.648; 37.858;222.924
2001-04-12 09:35:00;156.612; 49.047;193.567;117.590;1226.100;365.450;   null;186.958; 76.318;138.613;   null;252.981; 86.554;141.600;169.376;172.402;173.858; 37.634;223.992
2001-04-12 09:40:00;158.058; 48.420;194.300;117.747;1231.040;365.000;   null;185.910; 77.254;140.340;   null;254.273; 87.553;140.180;171.846;171.244;174.228; 38.116;222.346
2001-04-12 09:45:00;158.856; 48.460;193.500;118.363;1226.840;366.207; 92.306;187.306; 78.270;141.033;   null;253.645; 87.996;143.620;169.486;173.642;173.040; 39.242;223.882
2001-04-12 09:50:00;155.384; 48.870;191.933;117.823;1238.860;365.923;   null;187.916; 78.010;140.473;   null;254.819; 87.497;141.880;169.446;172.578;172.188; 37.562;224.684
2001-04-12 09:55:00;157.878; 48.423;192.967;117.620;1230.700;366.690;   null;185.978; 78.562;138.700;   null;256.075; 88.069;143.620;170.868;171.094;171.282; 37.742;223.898
2001-04-12 10:00:00;157.978; 47.957;193.967;118.583;1231.620;364.560; 92.382;188.286; 79.648;137.907;   null;254.550; 88.174;143.580;171.194;172.352;170.908; 37.808;223.594
2001-04-12 10:05:00;157.976; 48.600;194.567;116.927;1230.520;371.560;   null;187.070; 78.832;140.477;   null;256.601; 87.382;142.720;171.226;168.804;171.962; 38.454;223.846
2001-04-12 10:10:00;160.246; 49.547;193.533;118.410;1230.820;367.067;   null;185.168; 78.678;140.463;   null;254.990; 86.541;142.900;171.866;171.678;169.794; 38.016;224.298
2001-04-12 10:15:00;158.004; 48.637;193.067;116.967;1234.660;366.093; 91.551;187.176; 77.574;138.623;   null;255.346; 89.115;142.480;171.848;169.946;173.904; 37.754;225.996
2001-04-12 10:20:00;158.482; 48.747;193.267;119.013;1227.380;368.200;   null;185.672; 78.982;137.427;   null;254.058; 87.950;141.960;174.330;174.366;171.152; 38.432;224.582
2001-04-12 10:25:00;158.044; 48.643;195.800;116.963;1227.540;365.397;   null;187.298; 79.078;138.770;   null;257.156; 86.210;141.140;169.346;173.500;173.282; 37.922;225.442
2001-04-12 10:30:00;156.572; 49.583;197.333;115.393;1224.340;365.617; 92.564;184.476; 78.586;138.783;   null;254.922; 86.664;142.260;170.626;172.788;169.112; 38.620;223.162
2001-04-12 10:35:00;157.150; 49.520;194.967;118.487;1222.940;362.463;   null;186.376; 78.746;138.813;   null;256.767; 86.653;140.540;170.684;171.996;172.364; 38.330;224.188
2001-04-12 10:40:00;156.794; 48.860;193.500;115.290;1221.840;363.850;   null;187.690; 77.502;138.157;   null;255.514; 88.792;140.480;172.052;170.194;174.562; 37.784;224.932
2001-04-12 10:45:00;159.158; 49.090;192.933;116.947;1219.280;366.903; 92.998;187.690; 78.600;140.380;   null;256.443; 87.557;142.500;171.270;172.284;174.438; 38.166;223.326
2001-04-12 10:50:00;158.678; 49.187;191.933;117.597;1210.860;366.907;   null;188.432; 78.602;138.610;   null;255.396; 87.312;142.680;172.888;173.558;171.318; 37.576;225.340
2001-04-12 10:55:00;159.058; 48.690;192.167;116.880;1221.080;366.527;   null;188.990; 78.184;140.553;   null;257.101; 85.353;141.080;172.950;174.916;171.724; 38.008;225.310
2001-04-12 11:00:00;157.680; 49.073;195.133;117.680;1224.060;368.630; 92.658;187.100; 79.494;137.643;   null;254.483; 86.238;141.740;173.004;174.392;174.814; 38.148;222.948
2001-04-12 11:05:00;156.710; 47.810;193.333;117.170;1216.480;364.160;   null;187.526; 78.842;138.360;   null;257.468; 85.463;140.280;172.758;170.748;172.926; 37.880;224.278
2001-04-12 11:10:00;157.724; 48.337;193.600;117.457;1222.140;363.296;   null;188.870; 79.524;139.063;   null;257.367; 86.359;140.320;170.834;178.094;173.768; 38.572;224.296
2001-04-12 11:15:00;156.868; 48.963;192.767;117.617;1219.940;372.140; 93.914;188.700; 79.546;139.520;   null;256.302; 85.372;139.680;174.544;173.526;168.554; 37.746;224.850
2001-04-12 11:20:00;158.624; 48.777;194.667;117.260;1215.920;366.970;   null;187.612; 78.292;139.030;   null;257.178; 86.336;140.060;173.108;172.124;173.758; 36.798;221.832
2001-04-12 11:25:00;156.582; 48.383;193.700;116.937;1220.160;369.433;   null;188.550; 77.490;140.810;   null;260.729; 85.088;141.320;172.190;171.002;173.256; 37.318;221.702
2001-04-12 11:30:00;156.974; 48.223;194.100;118.983;1213.560;367.570; 92.890;190.324; 78.622;140.000;   null;256.871; 86.489;137.560;173.440;171.320;174.798; 37.046;220.770
2001-04-12 11:35:00;158.158; 48.523;192.833;118.627;1223.040;369.820;   null;189.174; 80.264;139.887;   null;255.675; 85.499;140.860;172.828;172.998;173.458; 37.950;224.254
2001-04-12 11:40:00;158.210; 48.713;196.567;117.237;1219.500;365.150;   null;186.128; 78.830;141.533;   null;259.104; 87.380;138.840;171.964;169.700;173.642; 37.068;222.290
2001-04-12 11:45:00;156.918; 48.250;193.400;117.527;1215.260;365.390; 93.438;189.496; 79.694;142.503;   null;255.656; 86.059;140.000;171.152;175.480;173.680; 37.988;222.986
2001-04-12 11:50:00;157.486; 48.440;194.533;116.270;1216.940;369.810;   null;187.036; 79.222;138.703;   null;255.872; 84.249;141.060;171.798;172.164;174.516; 37.636;221.656
2001-04-12 11:55:00;157.994; 48.077;194.133;117.303;1216.640;365.280;   null;188.234; 80.174;140.997;   null;258.828; 86.219;138.740;171.322;173.592;174.532; 37.688;222.456
2001-04-12 12:00:00;155.030; 48.110;194.133;118.367;1210.420;368.063; 93.432;189.012; 79.496;139.660;   null;258.673; 85.650;139.400;174.112;178.652;175.340; 37.028;222.312
2001-04-12 12:05:00;157.774; 48.150;192.933;118.990;1215.220;369.417;   null;186.474; 79.870;138.803;   null;256.338; 85.863;139.560;172.090;175.982;172.992; 38.054;221.948
2001-04-12 12:10:00;159.342; 48.430;195.100;116.457;1206.380;365.123;   null;187.036; 78.348;140.410;   null;256.686; 85.397;138.080;172.906;174.778;172.870; 37.610;221.226
2001-04-12 12:15:00;156.494; 47.867;194.867;116.867;1209.820;366.093; 93.186;184.816; 79.362;142.910;   null;259.468; 87.054;141.080;173.540;173.874;173.528; 37.660;221.822
2001-04-12 12:20:00;157.542; 49.097;191.600;117.950;1208.020;366.070;   null;187.192; 79.080;141.057;   null;259.468; 84.913;142.520;172.984;174.302;172.922; 37.096;223.908
2001-04-12 12:25:00;156.552; 48.550;193.600;115.683;1208.360;368.123;   null;187.356; 78.494;142.420;   null;257.223; 87.921;142.680;173.182;177.072;172.180; 37.116;219.434
2001-04-12 12:30:00;158.266; 47.747;193.267;116.003;1209.060;364.160; 93.707;185.720; 79.502;142.370;   null;256.834; 85.046;139.660;174.434;174.396;171.958; 37.306;221.876
2001-04-12 12:35:00;157.386; 47.113;195.600;117.567;1209.580;364.190;   null;187.230; 79.770;140.673;   null;261.556; 86.529;141.960;173.248;173.962;173.580; 38.068;223.402
2001-04-12 12:40:00;157.670; 48.570;193.033;116.573;1204.980;368.003;   null;188.278; 79.198;140.467;   null;258.574; 87.229;140.860;173.484;177.108;173.652; 37.986;221.768
2001-04-12 12:45:00;156.980; 48.083;193.767;117.967;1209.300;364.413; 93.122;186.396; 80.190;139.210;   null;257.203; 87.286;140.400;174.026;172.622;174.880; 37.402;221.614
2001-04-12 12:50:00;155.822; 49.097;194.567;116.433;1212.420;367.853;   null;188.174; 78.768;140.110;   null;258.788; 86.112;140.860;171.038;174.728;174.520; 37.414;223.526
2001-04-12 12:55:00;156.174; 49.313;194.867;116.340;1204.480;363.660;   null;184.424; 79.320;140.617;   null;259.491; 86.806;141.920;173.450;174.512;174.818; 37.558;222.376
2001-04-12 13:00:00;155.188; 48.527;194.700;116.640;1209.960;366.790; 93.070;183.520; 77.732;140.147;   null;259.368; 86.652;140.080;172.496;175.456;173.632; 37.688;221.510
2001-04-12 13:05:00;156.374; 46.913;195.433;118.213;1213.780;362.760;   null;183.598; 78.832;138.110;   null;260.305; 87.094;140.960;174.312;174.414;174.048; 37.998;220.202
2001-04-12 13:10:00;155.752; 48.227;194.267;116.030;1206.080;366.063;   null;186.190; 79.398;140.670;   null;260.405; 88.073;140.340;172.952;177.620;172.882; 37.838;221.698
2001-04-12 13:15:00;157.064; 47.940;194.033;116.830;1215.660;364.130; 93.263;187.376; 78.648;140.273;   null;259.101; 86.601;140.120;175.018;175.886;174.888; 38.250;221.596
2001-04-12 13:20:00;157.224; 48.333;193.900;116.670;1212.420;363.097;   null;186.538; 79.108;139.363;   null;259.436; 86.449;140.700;173.090;176.648;174.302; 37.734;221.320
2001-04-12 13:25:00;154.934; 48.500;195.900;116.523;1212.280;363.277;   null;182.686; 79.820;141.590;   null;260.248; 87.289;143.040;173.704;176.726;176.258; 37.748;223.264
2001-04-12 13:30:00;157.192; 47.747;193.600;116.567;1215.120;362.213; 93.796;186.570; 79.522;141.073;   null;258.064; 85.501;140.280;174.970;175.264;175.948; 37.814;223.082
2001-04-12 13:35:00;156.440; 48.947;195.133;116.520;1216.140;364.080;   null;183.536; 79.088;140.277;   null;258.255; 86.337;139.140;172.656;174.760;172.552; 38.438;222.998
2001-04-12 13:40:00;156.040; 48.460;196.067;116.703;1209.060;362.176;   null;184.004; 80.280;141.650;   null;258.067; 86.520;139.740;171.974;173.946;175.084; 38.418;223.442
2001-04-12 13:45:00;155.018; 48.347;195.033;115.807;1208.360;363.600; 93.645;184.896; 78.766;140.660;   null;259.914; 85.947;140.720;175.526;175.284;174.280; 37.752;220.170
2001-04-12 13:50:00;156.484; 48.517;194.967;117.340;1209.920;361.583;   null;183.792; 79.708;141.387;   null;256.619; 87.734;140.920;173.486;177.064;174.968; 37.836;222.996
2001-04-12 13:55:00;155.766; 47.740;197.667;115.447;1213.780;361.990;   null;183.454; 80.890;140.507;   null;258.033; 85.797;140.880;176.428;172.094;174.452; 38.194;225.032
2001-04-12 14:00:00;155.362; 47.677;197.200;116.760;1216.820;362.947; 93.000;183.906; 79.606;141.040;   null;262.237; 87.023;139.040;172.964;171.498;175.558; 38.070;226.592
2001-04-12 14:05:00;155.302; 48.497;195.067;116.650;1207.460;361.537;   null;184.336; 78.768;141.500;   null;256.232; 85.727;138.120;173.010;173.340;175.318; 37.966;225.826
2001-04-12 14:10:00;156.674; 48.007;195.667;116.097;1206.760;363.770;   null;184.358; 78.212;141.980;   null;258.178; 86.285;139.900;174.824;170.002;174.718; 38.884;223.878
2001-04-12 14:15:00;155.594; 47.603;198.000;117.017;1207.780;361.543; 93.430;180.080; 79.776;141.593;   null;258.612; 86.645;139.520;175.096;174.004;175.110; 38.922;224.330
2001-04-12 14:20:00;154.806; 47.457;197.367;114.120;1208.840;360.817;   null;180.292; 79.822;140.623;   null;258.412; 86.954;139.880;172.026;174.438;173.730; 37.644;224.258
2001-04-12 14:25:00;156.842; 47.530;195.033;117.760;1214.700;361.880;   null;182.958; 79.388;143.383;   null;259.479; 87.362;138.500;175.122;173.992;176.288; 38.514;225.886
2001-04-12 14:30:00;156.676; 49.030;192.767;115.607;1215.940;362.090; 92.840;181.208; 80.418;142.160;   null;257.258; 87.683;140.200;176.010;173.906;172.812; 38.226;227.042
2001-04-12 14:35:00;155.558; 47.960;196.100;115.920;1215.300;361.327;   null;183.210; 78.810;140.390;   null;260.099; 85.703;139.680;175.466;176.412;175.268; 38.738;224.106
2001-04-12 14:40:00;154.906; 47.547;195.533;115.173;1210.240;362.083;   null;181.526; 77.956;141.117;   null;260.223; 86.858;138.780;174.486;173.292;175.150; 38.376;225.728
2001-04-12 14:45:00;155.188; 47.507;196.767;117.583;1217.600;359.553; 92.652;182.712; 80.424;139.460;   null;262.895; 87.788;139.220;172.856;174.384;177.026; 38.244;225.300
2001-04-12 14:50:00;155.612; 48.550;198.233;115.377;1214.760;360.000;   null;181.364; 79.926;138.860;   null;259.832; 85.886;139.780;173.382;178.302;174.496; 38.492;226.648
2001-04-12 14:55:00;155.448; 47.030;196.733;115.747;1219.840;360.193;   null;184.004; 80.606;139.920;   null;258.445; 87.579;139.360;173.796;174.784;174.592; 38.730;227.260
2001-04-12 15:00:00;156.702; 47.370;198.800;116.750;1215.460;360.650; 92.879;182.828; 79.598;137.723;   null;263.269; 87.968;140.080;174.590;174.268;173.522; 38.548;225.134
2001-04-12 15:05:00;156.218; 47.960;194.833;115.083;1219.840;356.050;   null;184.160; 79.558;138.710;   null;262.671; 86.647;139.280;174.022;174.404;176.478; 38.928;227.446
2001-04-12 15:10:00;155.308; 48.123;196.967;115.510;1214.340;357.447;   null;183.024; 79.726;139.177;   null;259.022; 86.892;140.480;173.706;175.994;173.156; 39.366;228.260
2001-04-12 15:15:00;156.124; 46.517;198.100;114.567;1223.840;359.227; 93.297;182.794; 78.732;136.770;   null;261.656; 86.641;140.060;170.854;172.584;175.242; 38.920;229.706
2001-04-12 15:20:00;157.104; 48.070;195.633;115.473;1221.220;356.127;   null;182.692; 79.476;135.667;   null;262.943; 86.435;141.480;174.726;177.354;175.038; 39.058;228.708
2001-04-12 15:25:00;156.828; 47.817;196.400;114.890;1218.280;358.613;   null;185.526; 79.354;139.903;   null;262.719; 85.994;140.580;173.862;170.050;175.100; 39.412;229.626
2001-04-12 15:30:00;154.264; 48.307;197.833;114.257;1218.480;356.160; 92.790;182.810; 79.708;137.230;   null;264.613; 84.593;140.360;175.248;171.410;175.504; 38.698;230.764
2001-04-12 15:35:00;157.834; 47.627;199.500;114.683;1224.340;356.393;   null;182.736; 80.028;138.810;   null;261.656; 85.982;141.040;177.234;174.972;173.888; 39.928;234.136
2001-04-12 15:40:00;156.630; 48.050;198.567;115.963;1226.000;354.693;   null;181.886; 79.760;138.070;   null;263.689; 85.584;141.460;174.968;174.082;173.822; 39.306;232.304
2001-04-12 15:45:00;154.464; 48.293;197.500;114.413;1220.420;355.563; 91.821;181.374; 80.118;138.113;   null;262.727; 86.422;141.220;175.530;174.630;173.592; 40.042;230.302
2001-04-12 15:50:00;155.636; 48.153;195.667;115.257;1221.520;354.703;   null;182.968; 78.324;139.233;   null;263.198; 86.002;142.880;175.276;177.084;174.468; 39.428;232.740
2001-04-12 15:55:00;154.842; 47.423;200.033;114.360;1220.580;357.010;   null;180.940; 79.010;137.474;   null;262.105; 84.173;142.060;176.484;175.058;175.278; 39.918;230.896
2001-04-12 16:00:00;155.746; 47.180;199.400;114.757;1214.660;356.897; 91.633;181.700; 80.096;139.003;   null;264.896; 87.074;143.200;174.982;176.582;174.232; 40.120;232.576
2001-04-12 16:05:00;155.482; 47.790;197.167;115.203;1216.820;358.363;   null;181.418; 79.704;137.923;   null;263.503; 85.724;141.860;176.632;175.064;176.296; 39.976;233.756
2001-04-12 16:10:00;154.720; 48.167;199.600;114.253;1212.380;356.503;   null;182.750; 80.252;138.373;   null;261.581; 87.257;141.420;173.972;174.752;175.352; 39.190;231.944
2001-04-12 16:15:00;157.558; 47.557;198.733;114.510;1216.840;354.613; 91.796;183.702; 80.296;139.647;   null;263.835; 87.262;142.820;176.386;171.526;175.712; 38.932;230.778
2001-04-12 16:20:00;156.318; 48.197;197.600;113.867;1222.520;357.903;   null;181.208; 78.972;138.910;   null;262.874; 85.329;143.540;174.482;172.028;177.018; 39.474;232.254
2001-04-12 16:25:00;157.060; 48.173;198.133;115.687;1211.060;360.760;   null;182.512; 79.910;140.557;   null;261.853; 87.154;143.560;175.922;173.400;176.136; 39.118;232.292
2001-04-12 16:30:00;156.296; 48.327;197.033;116.080;1216.560;358.513; 91.495;181.964; 80.756;137.917;   null;261.490; 86.381;141.840;174.872;171.398;178.500; 39.192;232.940
2001-04-12 16:35:00;156.570; 47.703;196.733;115.253;1216.240;357.817;   null;182.782; 80.446;139.417;   null;263.642; 87.071;142.440;174.032;173.248;175.942; 39.526;232.698
2001-04-12 16:40:00;155.352; 48.500;197.267;118.170;1217.080;359.400;   null;185.262; 80.096;139.287;   null;262.855; 88.952;144.000;174.228;174.830;177.098; 39.246;232.782
2001-04-12 16:45:00;157.878; 47.250;198.233;114.147;1213.120;360.357; 91.069;182.704; 79.462;137.213;   null;262.027; 86.377;141.280;173.938;171.794;175.036; 39.424;230.050
2001-04-12 16:50:00;154.740; 48.690;196.600;115.980;1212.080;360.517;   null;185.546; 79.574;138.250;   null;259.850; 87.434;142.820;173.848;176.310;176.020; 39.152;230.354
2001-04-12 16:55:00;157.460; 48.750;197.900;114.030;1214.260;358.540;   null;185.682; 80.742;138.233;   null;262.100; 88.106;143.240;173.962;177.678;175.814; 38.806;228.470
2001-04-12 17:00:00;155.892; 48.883;198.867;116.017;1212.100;357.677; 91.770;185.526; 79.758;138.793;   null;262.827; 86.707;143.980;174.058;174.862;177.034; 39.202;228.640
2001-04-12 17:05:00;157.662; 49.040;196.400;114.840;1214.300;362.177;   null;185.258; 79.624;137.863;   null;256.786; 87.300;143.500;176.116;178.570;178.042; 39.102;229.652
2001-04-12 17:10:00;157.080; 46.587;200.167;115.697;1212.180;360.620;   null;184.426; 79.290;137.653;   null;260.686; 88.295;142.540;174.186;175.840;177.514; 39.164;228.714
2001-04-12 17:15:00;156.062; 48.867;200.000;116.580;1213.140;359.043; 93.036;187.056; 79.502;139.057;   null;262.497; 87.122;143.520;173.068;174.398;175.978; 38.964;230.636
2001-04-12 17:20:00;156.614; 48.060;196.667;115.220;1218.940;359.307;   null;184.354; 80.822;137.200;   null;260.049; 88.532;143.080;173.628;179.136;176.090; 38.426;228.310
2001-04-12 17:25:00;155.150; 47.843;196.533;113.700;1208.240;357.837;   null;184.740; 79.532;137.217;   null;261.222; 88.342;142.000;172.780;172.844;174.900; 38.674;229.870
2001-04-12 17:30:00;157.982; 48.070;196.867;116.583;1211.440;357.663; 90.825;184.648; 79.228;137.737;   null;259.472; 88.314;143.880;174.218;174.044;176.522; 38.762;229.898
2001-04-12 17:35:00;157.442; 48.860;199.400;114.590;1213.240;357.083;   null;183.568; 80.644;138.247;   null;260.793; 88.438;143.640;173.404;174.132;175.960; 38.202;227.076
2001-04-12 17:40:00;154.454; 47.070;198.267;114.733;1226.740;360.050;   null;184.502; 79.934;137.727;   null;261.487; 88.558;141.880;173.374;177.502;175.988; 39.160;228.954
2001-04-12 17:45:00;156.880; 48.393;200.500;114.953;1216.740;360.170; 91.188;185.958; 79.432;142.123;   null;261.328; 86.119;141.060;173.422;174.366;174.818; 38.934;228.194
2001-04-12 17:50:00;155.380; 48.077;197.667;114.370;1216.800;360.037;   null;184.754; 80.266;138.540;   null;263.077; 88.269;143.980;176.044;175.028;174.512; 38.554;226.458
2001-04-12 17:55:00;157.518; 48.623;198.000;117.783;1220.420;358.050;   null;184.272; 80.480;140.297;   null;257.798; 88.509;142.860;177.446;177.548;174.548; 38.972;227.208
2001-04-12 18:00:00;156.148; 49.370;198.367;115.083;1207.740;361.913; 91.119;185.042; 81.110;138.440;   null;260.182; 88.322;143.880;173.522;176.540;176.352; 38.528;229.050
2001-04-12 18:05:00;156.012; 48.737;197.867;116.997;1216.220;362.293;   null;185.976; 80.334;140.574;   null;261.079; 86.558;140.900;173.166;174.566;175.528; 39.108;229.930
2001-04-12 18:10:00;155.520; 48.553;195.433;116.777;1209.780;360.180;   null;185.066; 81.224;137.953;   null;263.550; 87.992;143.340;172.316;175.944;176.884; 38.936;229.846
2001-04-12 18:15:00;155.318; 48.837;198.167;117.560;1211.620;364.343; 92.121;184.816; 81.678;139.497;   null;261.844; 87.084;144.920;174.476;179.654;176.692; 38.962;230.594
2001-04-12 18:20:00;155.926; 49.530;197.133;116.767;1206.700;362.057;   null;185.236; 80.196;138.260;   null;261.244; 87.675;143.100;173.924;174.576;177.528; 39.316;231.434
2001-04-12 18:25:00;155.042; 49.757;199.167;114.420;1212.540;363.517;   null;183.986; 81.070;140.933;   null;261.317; 86.671;143.140;175.740;172.918;177.332; 39.266;230.442
2001-04-12 18:30:00;156.888; 48.053;197.533;117.737;1211.260;361.550; 91.056;184.216; 80.580;139.637;   null;260.304; 88.139;140.560;174.318;177.080;175.132; 39.154;230.728
2001-04-12 18:35:00;156.678; 48.113;196.600;115.750;1209.000;362.570;   null;184.164; 80.326;140.040;   null;262.014; 86.590;141.240;175.730;177.002;177.338; 39.422;229.528
2001-04-12 18:40:00;157.684; 48.883;197.500;114.670;1211.560;365.130;   null;185.840; 78.532;139.733;   null;262.776; 88.439;142.160;175.336;177.310;179.018; 39.316;230.900
2001-04-12 18:45:00;157.378; 47.637;197.733;114.880;1210.180;358.813; 92.975;185.568; 80.576;139.913;   null;262.453; 89.434;140.980;175.826;173.282;175.814; 39.122;230.924
2001-04-12 18:50:00;156.144; 47.627;197.833;116.633;1216.400;362.493;   null;186.326; 81.142;140.884;   null;262.684; 87.644;144.000;175.094;176.280;177.454; 38.888;229.802
2001-04-12 18:55:00;155.976; 48.733;197.000;114.533;1207.720;364.047;   null;183.880; 79.124;139.857;   null;261.770; 88.842;143.100;175.828;178.208;174.302; 39.718;227.516
2001-04-12 19:00:00;156.382; 48.310;198.433;115.860;1215.980;362.217; 92.223;184.252; 79.544;137.440;   null;263.411; 88.654;140.660;175.026;175.952;175.716; 39.408;228.428
2001-04-12 19:05:00;157.968; 49.260;196.933;115.213;1213.740;365.293;   null;184.306; 80.482;138.690;   null;262.885; 89.093;141.420;174.450;174.854;175.690; 38.418;228.498
2001-04-12 19:10:00;157.194; 47.540;198.700;116.460;1208.200;360.803;   null;184.610; 80.672;139.480;   null;262.426; 87.118;141.560;172.614;174.278;176.284; 38.432;225.702
2001-04-12 19:15:00;158.736; 49.013;198.600;115.190;1215.680;364.537; 92.381;184.024; 80.150;139.777;   null;261.540; 88.610;141.260;171.346;174.802;177.226; 39.402;227.312
2001-04-12 19:20:00;157.796; 48.167;196.733;117.233;1218.160;364.170;   null;186.164; 79.466;139.104;   null;263.154; 87.127;142.620;174.070;177.848;176.444; 39.018;227.758
2001-04-12 19:25:00;155.768; 48.873;199.067;115.553;1216.640;364.177;   null;185.746; 78.974;138.750;   null;263.546; 87.881;142.260;177.264;176.884;177.134; 39.192;228.144
2001-04-12 19:30:00;156.216; 47.420;197.033;114.853;1209.520;361.457; 91.778;184.942; 78.928;139.043;   null;264.466; 86.682;142.040;173.434;175.234;174.662; 38.586;227.056
2001-04-12 19:35:00;156.922; 48.177;194.767;113.860;1215.840;359.867;   null;182.240; 79.978;137.720;   null;264.535; 85.896;141.780;174.770;177.886;176.030; 39.338;227.682
2001-04-12 19:40:00;156.654; 49.243;194.033;113.283;1212.040;363.973;   null;186.800; 79.716;141.573;   null;260.993; 87.111;141.720;175.370;175.426;176.310; 38.704;227.758
2001-04-12 19:45:00;157.828; 48.347;197.400;115.263;1212.740;363.150; 91.722;183.972; 79.158;139.376;   null;263.453; 86.155;142.140;176.162;172.730;175.602; 38.774;228.398
2001-04-12 19:50:00;155.514; 47.667;197.400;114.387;1216.620;363.527;   null;185.034; 79.502;138.340;   null;263.621; 86.640;142.500;175.634;175.342;174.692; 39.388;231.248
2001-04-12 19:55:00;158.112; 47.557;197.767;116.483;1218.700;363.937;   null;184.364; 79.046;139.310;   null;263.748; 86.185;139.960;173.420;177.612;177.174; 38.144;228.502
2001-04-12 20:00:00;156.740; 47.800;197.167;114.843;1219.480;361.350; 92.520;184.968; 79.286;139.703;   null;261.983; 87.076;142.040;173.154;171.752;177.642; 39.002;229.882
2001-04-12 20:05:00;156.258; 47.870;199.767;116.847;1216.740;361.757;   null;183.284; 79.488;140.130;   null;264.276; 86.046;141.420;173.516;172.958;175.490; 39.078;230.198
2001-04-12 20:10:00;156.638; 48.227;195.167;115.577;1224.120;362.910;   null;183.284; 79.986;139.707;   null;263.854; 89.299;140.640;176.060;174.490;177.224; 39.116;230.296
2001-04-12 20:15:00;156.490; 47.047;194.467;116.390;1215.740;360.780; 91.847;183.836; 79.320;139.747;   null;266.080; 84.947;140.580;176.722;174.034;175.172; 38.592;230.218
2001-04-12 20:20:00;157.438; 48.823;198.867;113.267;1211.060;358.803;   null;185.142; 79.334;139.023;   null;266.146; 86.690;142.320;175.562;172.966;176.806; 38.730;228.920
2001-04-12 20:25:00;157.278; 47.923;198.067;114.967;1219.120;360.383;   null;183.604; 78.700;138.727;   null;262.746; 88.246;141.360;177.554;174.610;174.810; 40.128;231.804
2001-04-12 20:30:00;156.168; 48.890;194.367;113.950;1218.120;362.464; 92.023;182.204; 79.578;139.666;   null;267.458; 86.442;142.240;175.842;176.790;174.220; 39.160;229.632
2001-04-12 20:35:00;155.546; 48.687;198.767;115.243;1219.260;363.923;   null;182.230; 79.784;139.176;   null;265.857; 87.412;139.540;175.584;172.856;175.816; 39.646;230.888
2001-04-12 20:40:00;155.822; 48.213;197.533;115.600;1225.860;360.103;   null;183.672; 79.994;141.077;   null;265.137; 85.798;141.700;175.360;174.734;175.830; 38.764;228.646
2001-04-12 20:45:00;157.660; 48.253;196.333;115.590;1223.140;361.377; 91.230;183.450; 78.486;138.740;   null;264.290; 86.804;142.420;175.488;175.368;177.296; 39.288;229.964
2001-04-12 20:50:00;157.012; 47.423;197.100;116.203;1221.220;358.363;   null;184.188; 79.506;137.693;   null;267.295; 86.863;141.020;176.698;176.084;174.752; 39.008;230.664
2001-04-12 20:55:00;156.168; 48.177;196.767;117.213;1220.040;359.630;   null;181.994; 80.280;138.107;   null;267.133; 84.973;143.640;176.226;170.942;177.326; 38.760;229.856
2001-04-12 21:00:00;156.966; 46.987;198.200;116.783;1226.100;359.917; 92.199;182.590; 80.530;137.004;   null;266.284; 87.485;141.880;174.316;174.362;174.852; 39.414;229.570
2001-04-12 21:05:00;155.552; 48.947;198.200;114.643;1222.860;356.033;   null;183.720; 79.476;138.817;   null;263.741; 86.631;142.320;177.136;177.778;173.406; 39.748;229.706
2001-04-12 21:10:00;155.996; 48.447;197.700;115.367;1229.840;359.873;   null;183.230; 78.812;137.387;   null;264.556; 85.365;140.720;176.280;174.358;173.054; 39.518;231.336
2001-04-12 21:15:00;155.668; 48.370;197.833;115.737;1224.820;357.450; 91.721;184.164; 79.446;136.013;   null;264.785; 86.128;140.240;177.430;175.686;173.060; 39.944;228.816

