DATETIME,ESOI,ATHN,MXCO,ROME,AATB,LMKS,DRBS,MOSC,NEWK,KIEL,KERG,CALG,OULU,APTY,FSMT,NAIN,PWNK,SOPB,SOPO
2001-04-11 10:15:00,165.904,51.79,209.767,125.75,1326.64,406.007,102.106,205.726,86.032,154.193,231.875,286.456,96.524,157.62,191.372,188.312,193.266,44.32,256.692
2001-04-11 10:20:00,166.946,50.857,207.467,125.483,1330.98,400.003,102.38451666666666,204.926,86.164,154.657,231.875,288.639,96.239,156.14,194.146,190.564,190.668,43.76,256.084
2001-04-11 10:25:00,168.726,51.793,207.167,125.86,1333.66,403.63,102.51373749999993,206.512,85.836,153.963,231.875,288.09,95.784,156.04,190.24,188.858,193.66,43.622,257.524
2001-04-11 10:30:00,167.556,51.997,207.533,124.423,1337.86,405.053,102.63,205.022,86.85,153.75,231.875,285.727,98.489,155.88,191.112,185.334,190.25,43.102,255.24
2001-04-11 10:35:00,166.918,52.443,209.033,125.75,1330.08,400.497,102.32604208333329,206.998,87.32,154.043,231.875,285.205,97.18,156.0,191.614,191.292,192.058,44.016,252.72
2001-04-11 10:40:00,167.01,51.02,208.133,124.863,1341.32,406.55,102.50189624999996,207.082,86.346,152.553,231.875,288.197,96.597,156.68,192.086,192.07,192.986,44.016,256.916
2001-04-11 10:45:00,167.018,51.927,208.867,123.93,1330.88,401.577,102.68,206.328,86.734,154.82,231.875,288.51,97.201,157.08,192.808,191.314,192.84,43.632,255.196
2001-04-11 10:50:00,166.918,52.267,208.733,124.827,1330.12,404.784,102.46025249999997,206.376,87.878,153.04,231.875,287.745,95.951,157.16,192.212,192.566,192.214,44.894,256.536
2001-04-11 10:55:00,165.9,52.147,211.067,125.243,1323.72,402.43,102.47450166666653,204.868,87.386,153.67,231.875,284.752,96.839,155.76,191.686,194.612,190.942,43.934,255.712
2001-04-11 11:00:00,167.936,50.78,211.6,124.06,1320.66,403.723,102.749,203.678,86.362,153.513,231.875,285.24,96.846,157.46,192.832,194.652,192.47,44.112,255.808
2001-04-11 11:05:00,167.096,51.773,210.667,124.583,1329.88,403.9,102.62733916666657,206.144,87.05,154.75,231.875,283.114,96.486,157.0,190.306,191.13,191.374,43.924,254.682
2001-04-11 11:10:00,166.74,51.27,209.533,125.367,1335.08,402.26,102.4856754166668,205.69,87.13,155.287,231.875,287.363,98.163,155.92,193.108,189.542,191.264,43.926,254.376
2001-04-11 11:15:00,167.882,51.543,208.7,127.89,1331.66,404.514,102.617,207.224,86.232,154.153,231.875,286.737,97.141,156.18,191.58,188.922,191.732,43.75,253.162
2001-04-11 11:20:00,166.028,51.667,210.667,125.227,1329.68,401.53,102.53829333333331,203.294,87.758,154.597,231.875,287.958,97.339,157.14,190.458,189.834,191.58,43.344,255.166
2001-04-11 11:25:00,165.82,51.61,209.167,124.47,1325.96,405.96,102.48391249999999,205.884,87.808,154.857,231.875,288.271,98.018,157.76,190.656,190.76,193.11,44.34,255.672
2001-04-11 11:30:00,163.97,52.553,207.7,124.53,1335.04,402.04,102.601,206.026,87.402,154.0,231.875,291.442,97.36,156.54,192.674,188.284,191.658,43.906,255.204
2001-04-11 11:35:00,167.36,52.867,209.8,125.703,1325.36,406.477,102.32267875,206.14,86.718,153.85,231.875,286.841,96.023,155.96,192.006,191.33,192.51,43.636,254.82
2001-04-11 11:40:00,167.444,52.06,209.7,124.93,1332.34,401.12,102.51219708333323,207.46,87.86,155.2,231.875,288.938,96.733,155.78,188.838,186.794,191.942,43.864,255.114
2001-04-11 11:45:00,165.44,50.9,210.367,124.337,1327.72,405.803,102.23,206.02,88.72,156.117,231.875,288.238,96.702,157.16,192.374,190.334,191.558,44.094,255.964
2001-04-11 11:50:00,166.274,51.233,208.533,126.273,1328.88,407.77,102.39572166666682,207.746,86.872,154.59,231.875,287.436,97.417,156.02,193.38,188.646,191.748,44.652,254.11
2001-04-11 11:55:00,166.394,51.787,208.667,125.43,1337.12,401.69,102.64516375000002,206.23,89.134,156.896,231.875,291.214,97.719,157.36,189.532,189.994,194.86,43.65,255.678
2001-04-11 12:00:00,167.726,51.207,208.767,125.11,1322.88,402.833,102.135,207.702,86.792,154.93,231.875,289.15,97.56,156.64,191.424,189.482,190.566,44.476,256.91
2001-04-11 12:05:00,166.79,50.787,211.033,126.583,1339.78,403.48,102.52017833333329,203.57,87.394,154.96,231.875,290.658,96.904,157.46,193.492,193.332,192.748,44.18,256.182
2001-04-11 12:10:00,164.854,51.863,211.333,125.71,1334.32,402.423,102.43535041666662,205.93,87.408,154.56,231.875,288.87,95.868,157.48,192.054,191.99,193.694,44.576,255.97
2001-04-11 12:15:00,166.536,53.033,208.033,123.597,1336.14,402.283,102.1,204.526,88.194,152.62,231.875,287.434,97.105,158.14,190.814,191.232,193.53,44.076,256.418
2001-04-11 12:20:00,164.79,52.023,211.333,126.077,1328.3,403.69,102.53412500000005,206.038,87.094,155.607,231.875,290.592,97.449,157.42,190.252,188.59,192.89,44.5,256.242
2001-04-11 12:25:00,164.644,52.49,211.7,124.953,1332.98,406.477,102.48392291666661,206.914,87.47,154.14,231.875,288.978,96.893,157.48,194.694,190.618,192.108,43.97,257.376
2001-04-11 12:30:00,166.518,51.903,212.833,126.86,1334.84,405.21,102.078,205.552,88.618,155.23,231.875,289.821,97.062,155.86,192.008,189.432,192.498,42.722,255.542
2001-04-11 12:35:00,165.888,52.8,210.267,125.383,1323.84,402.09,102.4321108333333,207.548,87.904,155.923,231.875,288.38,98.058,157.38,194.348,191.226,192.506,44.194,256.102
2001-04-11 12:40:00,165.442,52.537,208.133,126.203,1332.46,403.157,102.33970041666673,206.562,89.002,155.043,231.875,288.801,97.719,156.7,192.754,188.976,192.554,42.836,256.528
2001-04-11 12:45:00,165.942,52.353,211.167,123.817,1333.34,406.097,103.491,205.212,87.312,156.677,231.875,289.435,95.83,156.02,189.652,190.994,193.48,43.746,255.86
2001-04-11 12:50:00,166.47,53.15,210.4,124.743,1323.22,406.457,102.45863833333318,206.204,87.502,154.637,231.875,290.593,97.27,156.1,193.232,192.928,193.318,44.53,256.208
2001-04-11 12:55:00,165.43,50.653,211.367,124.323,1329.1,402.233,102.61105208333332,205.388,88.652,155.267,231.875,287.853,96.79,157.24,192.278,189.358,193.31,43.354,257.794
2001-04-11 13:00:00,165.562,50.99,212.9,124.96,1324.66,407.973,102.507,205.638,87.39,153.47,231.875,288.66,97.573,159.18,191.558,192.402,191.828,43.962,255.524
2001-04-11 13:05:00,166.426,51.617,213.033,125.953,1329.78,405.233,102.47138833333345,206.894,88.15,154.957,231.875,288.38,96.498,157.7,192.97,191.878,193.626,43.746,255.446
2001-04-11 13:10:00,164.682,51.713,210.867,125.463,1328.58,403.787,102.09971125000024,205.912,88.126,155.756,231.875,290.912,96.653,154.02,192.812,189.634,195.466,44.124,254.368
2001-04-11 13:15:00,166.916,52.213,212.1,127.997,1331.74,406.757,102.144,205.432,87.384,153.977,231.875,288.062,96.31,155.98,192.236,193.378,192.974,43.796,256.502
2001-04-11 13:20:00,165.486,52.25,210.9,124.08,1332.24,402.803,102.61567708333321,206.732,88.538,155.127,231.875,289.4,96.336,158.76,192.664,192.222,192.652,44.122,254.762
2001-04-11 13:25:00,168.288,51.42,210.9,125.397,1328.2,402.287,102.56584916666661,204.406,89.394,155.177,231.875,287.287,95.739,157.42,195.178,192.544,194.346,44.13,253.682
2001-04-11 13:30:00,167.74,51.93,211.5,126.383,1332.5,405.363,103.058,204.836,87.966,156.31,231.875,290.175,97.732,157.0,192.8,195.422,191.4,43.822,258.88
2001-04-11 13:35:00,165.372,52.86,212.1,125.843,1331.62,403.92,102.43115,206.808,87.65,155.213,231.875,286.685,99.544,156.52,192.88,194.362,195.88,43.556,256.122
2001-04-11 13:40:00,164.64,51.193,208.133,127.123,1333.32,404.683,102.34643791666667,206.33,88.636,154.893,231.875,288.66,98.694,157.14,194.41,192.486,190.572,44.58,257.294
2001-04-11 13:45:00,165.846,50.3,211.2,124.197,1329.06,406.04,103.349,204.744,87.326,155.443,231.875,287.88,97.612,157.38,191.074,192.56,193.206,45.044,254.956
2001-04-11 13:50:00,166.836,51.737,210.333,127.467,1329.18,405.463,102.58945458333334,203.82,88.676,156.617,231.875,287.631,96.87,157.58,189.754,193.116,192.528,44.226,254.908
2001-04-11 13:55:00,166.756,52.743,214.133,126.88,1338.72,402.9,102.2089983333333,206.596,88.602,155.397,231.875,286.712,96.915,159.4,192.752,188.618,194.258,43.372,255.78
2001-04-11 14:00:00,165.72,52.037,212.6,126.8,1324.4,403.983,102.142,206.168,88.768,153.917,231.875,287.063,98.4,157.5,193.944,189.088,194.204,44.168,257.77
2001-04-11 14:05:00,164.762,51.613,212.833,127.163,1330.18,400.767,102.40883541666668,205.834,87.032,156.21,231.875,287.315,96.996,156.24,193.748,192.966,193.792,43.556,253.584
2001-04-11 14:10:00,165.744,51.973,209.7,125.82,1323.82,402.503,102.52290083333328,205.082,88.736,155.6,231.875,285.161,97.876,155.48,193.614,197.75,193.174,44.18,255.824
2001-04-11 14:15:00,166.05,51.877,208.933,126.64,1320.14,404.483,101.68,206.382,87.728,154.573,231.875,284.0,97.28,157.96,190.656,190.732,192.908,43.868,253.598
2001-04-11 14:20:00,166.228,51.107,213.0,125.58,1325.16,403.15,102.49925000000013,208.506,88.18,153.393,231.875,285.581,96.207,155.7,191.402,191.262,194.16,43.518,254.736
2001-04-11 14:25:00,166.802,51.59,211.067,124.533,1328.04,403.353,102.58969874999995,208.386,86.148,152.67,231.875,286.358,97.582,157.44,191.752,194.516,193.528,44.412,255.186
2001-04-11 14:30:00,165.688,51.91,210.733,125.177,1323.96,400.39,102.498,206.48,86.876,157.603,231.875,286.715,96.533,158.3,191.28,190.7,191.494,43.682,254.208
2001-04-11 14:35:00,165.116,52.947,213.067,125.547,1322.36,400.477,102.26285499999996,204.206,88.602,154.54,231.875,286.356,95.81,158.42,192.2,191.766,192.832,43.93,254.378
2001-04-11 14:40:00,164.112,51.897,212.3,124.537,1326.96,401.03,102.53058666666662,205.4,87.572,154.343,231.875,285.684,97.46,156.08,190.614,193.476,190.076,44.006,252.986
2001-04-11 14:45:00,165.878,51.527,213.867,124.987,1324.9,403.937,102.716,205.0,88.536,153.55,231.875,286.956,96.943,157.42,190.414,195.94,191.75,43.352,255.448
2001-04-11 14:50:00,165.166,52.103,213.233,125.763,1324.38,402.853,102.52728249999997,206.672,88.012,154.963,231.875,286.285,97.507,157.38,190.312,195.934,193.084,43.616,255.13
2001-04-11 14:55:00,167.296,51.243,210.3,125.073,1328.7,400.81,102.59155125000011,205.402,88.462,155.813,231.875,287.806,96.074,157.42,188.136,193.098,194.448,43.372,249.006
2001-04-11 15:00:00,166.824,52.097,210.633,124.86,1330.72,404.92,102.8,206.564,87.294,152.967,231.875,288.508,97.739,157.96,192.62,188.386,195.424,43.51,253.362
2001-04-11 15:05:00,167.05,52.57,208.867,124.95,1327.1,400.71,102.36520916666665,204.254,88.646,153.023,231.875,287.339,96.396,155.78,191.784,191.408,190.992,42.82,253.648
2001-04-11 15:10:00,166.734,51.403,212.033,125.593,1327.2,402.237,102.3880025000001,205.656,88.006,150.94,231.875,290.422,96.57,156.88,191.458,190.512,192.64,43.736,251.714
2001-04-11 15:15:00,164.386,50.78,211.933,126.433,1324.84,402.593,102.615,206.554,88.148,151.726,231.875,290.21,97.115,158.62,194.006,191.636,192.502,43.334,253.39
2001-04-11 15:20:00,165.536,51.703,209.333,124.137,1325.2,400.72,102.57628041666659,204.28,87.914,154.86,231.875,287.447,97.036,156.74,192.626,198.082,193.46,43.78,251.638
2001-04-11 15:25:00,164.958,51.317,210.667,125.583,1322.58,402.677,102.50828916666659,205.18,88.964,154.207,231.875,285.179,96.3,156.86,193.654,193.434,191.006,42.788,252.258
2001-04-11 15:30:00,165.812,53.057,211.367,126.747,1326.2,403.5,101.827,204.104,89.644,154.603,231.875,287.727,96.103,155.74,194.398,191.41,191.586,43.244,250.748
2001-04-11 15:35:00,164.762,51.613,211.567,123.267,1328.24,402.637,102.79375666666654,204.444,87.026,156.214,231.875,289.607,97.089,156.2,191.722,193.304,193.076,43.29,248.462
2001-04-11 15:40:00,165.04,52.093,211.533,125.49,1330.8,401.873,102.45830375000006,206.49,87.426,153.38,231.875,290.421,96.3,157.04,192.47,191.354,193.206,42.594,247.322
2001-04-11 15:45:00,167.038,52.237,209.533,125.37,1331.68,403.957,102.473,203.504,87.71,154.93,231.875,288.511,97.296,155.28,191.624,194.684,193.63,42.394,249.376
2001-04-11 15:50:00,165.9,51.853,212.367,125.957,1334.3,402.22,102.39533583333339,204.148,87.49,155.26,231.875,286.636,98.78,157.14,191.714,187.314,193.574,42.688,249.488
2001-04-11 15:55:00,165.248,52.89,210.0,125.507,1320.4,401.753,102.36149958333334,205.6,88.236,155.1,231.875,286.809,96.728,157.26,191.004,195.722,194.764,42.688,251.106
2001-04-11 16:00:00,163.834,52.49,212.967,127.247,1323.44,400.377,101.773,205.858,87.24,153.417,231.875,287.202,96.686,156.96,191.784,189.318,195.126,43.13,249.342
2001-04-11 16:05:00,165.764,51.043,210.8,124.957,1323.12,403.323,102.55343708333335,204.704,87.202,153.813,231.875,287.73,96.324,156.3,192.402,191.018,191.546,43.846,251.822
2001-04-11 16:10:00,163.738,50.633,211.267,126.597,1316.5,406.267,102.26018125000002,204.092,88.338,155.003,231.875,287.196,98.699,157.66,193.598,189.528,191.898,43.134,250.484
2001-04-11 16:15:00,164.692,52.71,213.567,126.193,1319.44,405.067,102.563,204.214,89.322,155.557,231.875,289.004,95.828,158.46,190.584,191.998,192.826,43.552,249.832
2001-04-11 16:20:00,166.004,52.217,212.533,126.427,1322.8,401.673,102.41839124999996,206.804,88.106,155.117,231.875,290.459,96.381,156.76,192.082,194.386,190.442,43.022,251.666
2001-04-11 16:25:00,166.654,51.44,210.4,126.123,1312.94,404.153,102.55405416666677,203.532,87.684,155.803,231.875,285.916,96.376,155.34,191.072,192.92,194.212,42.642,249.48
2001-04-11 16:30:00,164.604,52.673,210.0,124.47,1325.18,405.364,102.441,204.3,88.972,154.314,231.875,287.083,97.95,155.54,191.41,186.496,190.696,42.856,248.792
2001-04-11 16:35:00,164.332,51.943,210.033,124.783,1317.68,401.023,102.46193375000004,205.902,86.57,152.737,231.875,287.545,97.921,156.7,191.5,192.338,191.468,43.264,251.282
2001-04-11 16:40:00,165.388,51.443,211.433,125.62,1319.78,404.81,102.4442558333335,205.244,85.776,154.317,231.875,286.125,96.922,157.18,191.266,188.798,191.382,43.46,250.996
2001-04-11 16:45:00,166.0,51.627,211.633,125.82,1323.08,401.54,102.866,205.486,87.502,153.514,231.875,283.888,96.136,156.34,190.376,188.618,192.33,42.388,248.156
2001-04-11 16:50:00,164.08,51.043,210.633,125.82,1321.78,405.097,102.44667625,202.03,86.194,152.73,231.875,286.267,98.44,158.02,188.728,186.084,191.398,42.796,249.16
2001-04-11 16:55:00,165.586,53.117,210.933,126.193,1318.16,404.36,102.2074520833333,204.988,87.044,154.917,231.875,284.634,96.521,158.34,191.582,189.324,192.794,42.956,249.568
2001-04-11 17:00:00,166.21,52.947,209.4,125.493,1327.56,405.967,102.152,203.904,87.316,153.74,231.875,288.077,95.928,155.56,192.044,188.916,193.072,43.244,248.538
2001-04-11 17:05:00,166.544,53.373,211.833,126.823,1322.0,404.767,102.14134499999992,204.64,87.0,154.763,231.875,288.145,96.415,158.22,192.642,187.406,193.098,42.724,247.324
2001-04-11 17:10:00,164.444,52.787,210.8,127.94,1329.3,405.597,102.11571124999988,202.26,85.748,151.947,231.875,286.657,97.523,156.68,192.106,191.772,192.57,42.496,246.936
2001-04-11 17:15:00,166.838,51.2,212.133,126.417,1326.04,408.88,102.982,204.568,87.318,153.5,231.875,288.607,97.065,156.6,190.318,191.806,191.618,42.41,248.24
2001-04-11 17:20:00,164.966,52.18,211.1,127.35,1326.36,411.537,102.2312941666667,205.458,86.702,156.213,231.875,287.505,95.685,157.24,192.198,189.152,190.814,42.568,246.292
2001-04-11 17:25:00,167.182,52.73,211.8,126.073,1331.5,410.263,102.36027250000001,205.92,87.416,152.537,231.875,286.697,95.652,156.98,191.522,193.438,193.58,42.324,249.274
2001-04-11 17:30:00,168.152,51.287,210.4,126.86,1326.18,406.01,103.042,204.772,86.812,155.54,231.875,283.172,95.202,155.64,190.854,189.762,194.434,42.566,249.578
2001-04-11 17:35:00,165.59,52.823,207.2,126.403,1328.96,407.837,102.10166000000001,205.946,86.892,153.523,231.875,284.628,97.088,154.38,189.37,189.196,191.284,43.192,248.716
2001-04-11 17:40:00,166.19,52.687,211.1,126.787,1327.54,405.047,101.71138416666678,203.298,85.884,154.997,231.875,285.024,96.621,153.5,191.706,187.544,191.216,42.114,250.252
2001-04-11 17:45:00,167.664,51.67,211.267,126.623,1328.1,407.663,102.005,204.626,84.912,155.23,231.875,285.388,96.966,157.0,193.666,187.592,192.664,43.098,247.678
2001-04-11 17:50:00,167.822,52.093,209.933,127.223,1339.42,409.133,102.21392166666668,203.594,86.092,150.047,231.875,288.154,96.432,155.3,191.682,186.05,193.742,42.428,250.972
2001-04-11 17:55:00,166.18,51.967,209.867,126.623,1334.3,408.91,102.16836291666678,206.17,85.41,153.963,231.875,286.703,97.44,155.2,191.382,188.884,193.082,42.918,251.986
2001-04-11 18:00:00,168.384,52.047,211.033,127.277,1323.6,410.567,102.609,201.962,85.44,151.814,231.875,287.304,95.769,156.44,193.32,187.11,191.998,42.966,248.036
2001-04-11 18:05:00,165.202,51.43,209.8,125.91,1323.6,411.463,102.49842958333335,204.658,85.706,154.417,231.875,285.145,97.35,156.4,190.798,190.002,193.112,42.6,249.456
2001-04-11 18:10:00,165.616,51.937,210.633,127.223,1326.62,409.25,102.09687249999992,204.052,86.164,154.203,231.875,287.167,94.499,156.7,192.742,194.282,191.594,43.496,249.968
2001-04-11 18:15:00,165.466,52.04,211.1,126.95,1330.4,409.663,101.927,202.286,86.592,152.147,231.875,286.956,95.296,155.16,190.826,186.946,191.95,42.836,249.708
2001-04-11 18:20:00,165.218,52.387,207.767,127.653,1331.82,408.207,101.51344125000001,204.836,85.878,150.653,231.875,285.259,94.798,153.68,190.288,189.3,191.29,43.134,247.814
2001-04-11 18:25:00,168.056,52.757,210.4,126.547,1327.84,405.2,102.30361333333327,204.768,85.214,153.813,231.875,284.658,96.223,157.28,191.846,195.648,189.42,43.03,248.898
2001-04-11 18:30:00,166.598,52.103,208.233,125.703,1323.7,406.84,102.667,205.376,86.45,153.74,231.875,286.955,95.896,155.18,192.052,187.072,191.928,43.204,251.638
2001-04-11 18:35:00,165.79,52.793,209.667,125.033,1333.24,406.633,102.40977958333328,203.722,86.402,154.75,231.875,288.688,95.84,157.48,193.736,187.388,191.79,42.308,250.178
2001-04-11 18:40:00,165.818,52.093,209.433,125.16,1332.78,405.233,101.95050166666661,204.872,86.42,151.547,231.875,288.12,94.632,154.32,190.108,188.19,189.51,42.46,248.376
2001-04-11 18:45:00,166.924,53.487,207.3,126.79,1323.26,402.657,102.267,204.892,86.4,154.85,231.875,286.636,96.725,156.42,192.154,186.034,191.33,43.564,250.856
2001-04-11 18:50:00,165.222,51.377,211.133,125.813,1315.32,407.136,102.40003000000006,203.868,86.412,154.403,231.875,283.531,95.076,157.44,190.766,187.992,191.424,42.938,248.778
2001-04-11 18:55:00,166.564,53.407,209.667,126.927,1308.38,406.93,101.99613625000003,204.222,85.572,154.08,231.875,284.906,95.317,157.58,188.068,187.27,192.866,42.582,250.892
2001-04-11 19:00:00,166.718,52.123,208.067,126.287,1309.6,404.487,102.47,203.828,85.436,152.267,231.875,283.313,97.731,156.72,189.156,188.056,191.45,42.116,249.042
2001-04-11 19:05:00,164.416,50.617,207.433,124.57,1305.58,405.717,101.91335333333328,203.25,85.34,153.21,231.875,283.237,94.567,155.84,190.226,191.954,188.976,43.668,251.456
2001-04-11 19:10:00,163.23,51.667,209.067,124.447,1308.9,405.413,101.62185958333322,201.99,85.816,152.743,231.875,280.809,96.268,155.94,189.952,192.302,189.232,42.316,247.148
2001-04-11 19:15:00,162.366,52.453,208.067,125.123,1306.48,405.66,101.3,203.918,83.868,150.827,231.875,283.42,96.338,155.5,191.636,184.782,189.32,42.062,245.95
2001-04-11 19:20:00,163.498,50.007,207.633,124.063,1301.26,403.503,101.7756895833332,202.296,86.09,151.753,231.875,287.593,95.574,156.46,190.218,185.718,191.312,42.148,245.606
2001-04-11 19:25:00,162.15,51.307,204.3,121.483,1289.72,397.923,100.74859874999986,201.532,87.468,151.733,231.875,284.021,95.695,156.12,187.242,187.956,189.862,42.45,246.074
2001-04-11 19:30:00,164.608,51.5,206.867,124.223,1297.52,399.867,100.747,198.984,87.634,151.44,231.875,286.853,95.297,153.62,192.764,191.192,189.728,41.928,245.938
2001-04-11 19:35:00,162.754,50.82,204.8,123.233,1304.78,398.533,99.93982874999996,201.046,86.424,148.073,231.875,285.793,96.198,152.46,192.288,188.262,190.978,41.642,244.182
2001-04-11 19:40:00,163.574,50.46,203.833,122.837,1307.52,397.227,100.42340041666661,201.65,85.234,151.423,231.875,286.783,94.749,153.7,191.214,187.238,192.546,42.126,242.266
2001-04-11 19:45:00,162.702,51.42,207.3,121.63,1306.56,399.087,100.407,201.708,87.086,150.317,231.875,286.536,93.943,153.74,192.82,191.412,190.878,41.26,240.102
2001-04-11 19:50:00,165.044,52.06,205.733,121.98,1304.86,398.35,99.85026541666647,197.688,86.36,151.53,231.875,286.785,93.446,154.32,190.604,185.754,190.044,40.902,239.292
2001-04-11 19:55:00,161.386,50.1,205.767,126.237,1293.78,398.547,99.63077041666656,199.314,83.986,151.077,231.875,283.925,93.344,153.4,190.494,190.14,189.842,40.87,239.806
2001-04-11 20:00:00,163.108,51.367,206.4,122.533,1291.04,398.563,98.509,197.386,85.512,149.266,231.875,284.353,94.399,153.08,188.64,187.552,189.448,40.156,237.758
2001-04-11 20:05:00,160.644,50.957,204.567,122.093,1298.06,391.467,98.85718333333328,198.832,84.964,150.943,231.875,282.976,92.412,152.58,190.99,189.034,190.706,39.968,235.062
2001-04-11 20:10:00,160.442,49.107,203.067,122.043,1283.12,395.543,98.0700633333333,196.064,84.588,149.717,231.875,277.814,92.282,151.08,191.562,188.302,190.444,40.152,233.664
2001-04-11 20:15:00,162.88,50.72,205.333,122.443,1287.74,387.113,97.007,193.744,84.556,147.3,231.875,276.668,92.078,148.92,187.878,190.888,188.68,40.042,234.084
2001-04-11 20:20:00,160.698,50.143,202.9,123.713,1281.38,382.037,97.18567812499994,194.084,82.2,147.983,231.875,272.259,92.46,150.12,188.33,181.852,185.436,39.822,232.906
2001-04-11 20:25:00,159.552,50.803,202.833,120.957,1279.52,383.513,96.92011687499995,193.912,82.338,146.21,231.875,272.671,92.296,146.52,187.714,183.09,186.602,39.358,233.258
2001-04-11 20:30:00,160.24,49.997,202.367,121.203,1284.6,381.393,97.013,195.208,82.11,146.623,231.875,271.484,89.983,148.04,185.828,186.324,184.392,39.664,230.104
2001-04-11 20:35:00,160.55,49.267,201.533,121.173,1283.66,384.093,97.10838083333327,194.62,83.88,145.957,231.875,277.832,89.355,148.6,183.764,185.872,183.508,40.026,230.666
2001-04-11 20:40:00,160.926,49.907,200.767,120.173,1286.5,383.073,96.7703820833332,191.012,82.712,145.094,231.875,273.777,89.48,147.94,185.29,183.526,185.378,39.884,230.984
2001-04-11 20:45:00,160.402,50.413,196.9,121.157,1280.34,379.443,97.349,192.586,81.866,143.843,231.875,273.742,91.695,148.6,183.916,179.868,182.984,39.494,232.154
2001-04-11 20:50:00,161.506,51.187,203.6,120.5,1284.88,378.46,96.77894208333319,192.882,82.814,144.917,231.875,273.576,88.752,147.86,184.21,179.356,183.95,39.422,232.426
2001-04-11 20:55:00,160.738,51.21,202.267,121.253,1276.24,385.743,96.70653624999994,191.554,81.748,144.137,231.875,274.634,89.275,146.08,183.524,182.152,183.364,40.68,230.018
2001-04-11 21:00:00,160.208,50.623,201.633,121.557,1283.74,384.37,97.032,193.016,83.714,142.403,231.875,272.743,90.307,147.68,183.56,180.914,179.42,39.756,231.086
2001-04-11 21:05:00,161.15,50.6,198.267,119.573,1281.96,380.013,96.32210916666666,190.294,82.438,143.163,231.875,273.964,90.762,145.48,183.002,182.394,180.452,40.374,232.004
2001-04-11 21:10:00,162.462,49.897,200.633,121.713,1288.24,380.383,96.54855166666658,190.936,81.98,142.373,231.875,272.686,89.462,147.08,182.16,177.932,179.754,39.678,230.688
2001-04-11 21:15:00,161.986,50.247,202.9,119.763,1290.12,380.87,96.41,192.472,81.28,143.66,231.875,269.336,88.688,145.22,183.11,182.838,183.2,40.1,230.954
2001-04-11 21:20:00,160.992,50.53,201.367,120.76,1296.86,380.883,96.4260566666665,189.284,82.166,145.357,231.875,271.114,89.896,146.58,182.984,177.214,182.97,39.812,231.156
2001-04-11 21:25:00,160.65,50.933,201.4,120.277,1290.32,383.656,96.5207808333332,191.72,81.068,143.81,231.875,271.329,90.677,147.56,182.262,179.792,182.232,39.374,232.14
2001-04-11 21:30:00,160.87,49.067,201.167,122.48,1294.98,383.59,96.116,193.728,81.418,143.07,231.875,272.966,90.331,147.16,183.718,179.184,178.346,39.79,234.616
2001-04-11 21:35:00,159.992,50.107,201.167,121.453,1290.22,382.857,96.70601833333312,192.84,81.898,143.883,231.875,273.412,89.812,146.06,183.392,180.746,181.182,39.368,231.76
2001-04-11 21:40:00,160.8,50.087,201.267,120.203,1288.62,386.353,96.48583249999989,190.14,82.01,144.347,231.875,273.178,88.435,149.44,181.686,181.448,178.888,39.198,232.24
2001-04-11 21:45:00,159.198,50.16,201.3,124.56,1285.78,379.453,96.439,192.808,81.464,143.587,231.875,268.732,91.682,147.84,179.866,180.588,180.5,39.572,232.9
2001-04-11 21:50:00,160.698,50.283,200.567,121.437,1281.96,384.207,96.5223135416667,192.776,80.868,144.627,231.875,269.328,92.534,148.64,179.398,177.828,181.196,39.788,229.874
2001-04-11 21:55:00,160.844,52.033,199.8,123.093,1286.8,381.79,96.42319749999987,194.884,82.27,144.993,231.875,267.821,91.127,148.34,179.834,179.204,177.456,39.212,229.758
2001-04-11 22:00:00,159.388,51.143,200.833,123.073,1286.0,382.567,96.738,191.95,81.572,144.573,231.875,269.842,91.591,149.56,179.73,173.342,178.916,39.788,230.85
2001-04-11 22:05:00,160.94,49.933,199.133,122.227,1287.36,383.65,96.54428416666657,191.834,81.68,143.633,231.875,269.014,90.551,148.84,181.068,180.876,180.186,39.254,231.292
2001-04-11 22:10:00,158.298,50.38,201.767,119.673,1289.24,384.193,96.05125187500005,194.696,80.966,142.053,231.875,269.377,91.881,149.86,179.5,179.266,175.688,39.386,229.14
2001-04-11 22:15:00,157.54,50.687,201.333,120.84,1278.6,382.7,96.076,193.056,79.684,146.007,231.875,264.714,90.835,148.92,179.618,177.026,177.352,38.57,228.24
2001-04-11 22:20:00,161.142,49.743,202.0,122.207,1282.18,382.993,95.74944375000008,193.258,80.368,142.83,231.875,267.864,90.853,147.34,178.924,177.5,177.306,38.782,226.384
2001-04-11 22:25:00,159.256,49.957,200.9,121.5,1285.98,382.603,96.20858708333337,192.268,81.05,142.4,231.875,266.904,90.54,149.82,179.49,182.208,179.91,39.114,228.388
2001-04-11 22:30:00,158.932,50.6,199.5,122.133,1279.12,380.21,96.052,190.938,79.806,143.267,231.875,264.924,89.871,147.88,180.532,180.128,177.94,39.034,227.8
2001-04-11 22:35:00,161.978,48.673,201.667,121.847,1281.32,382.78,96.0194691666667,192.87,80.936,144.023,231.875,263.383,92.204,148.1,177.554,175.986,179.052,39.804,228.19
2001-04-11 22:40:00,159.574,50.983,198.567,120.82,1288.54,381.453,95.8761620833332,191.406,80.384,142.697,231.875,268.074,90.014,149.46,180.156,179.012,177.888,38.8,226.108
2001-04-11 22:45:00,159.352,49.97,199.5,120.89,1278.34,384.75,95.488,191.978,80.57,145.393,231.875,266.774,92.883,148.72,178.868,179.67,176.882,39.0,227.7
2001-04-11 22:50:00,158.008,50.343,198.133,120.507,1286.8,381.327,96.02186124999982,192.002,79.842,145.013,231.875,266.06,89.279,147.6,180.224,177.542,180.388,38.418,228.614
2001-04-11 22:55:00,159.856,50.533,199.067,119.213,1283.0,379.043,95.1821925,189.784,80.58,143.69,231.875,265.396,89.847,146.1,178.242,177.78,176.702,38.688,227.724
2001-04-11 23:00:00,161.7,50.83,198.833,120.027,1279.24,381.39,95.482,190.422,81.71,144.474,231.875,268.074,90.64,145.68,178.006,181.192,175.952,39.48,226.642
2001-04-11 23:05:00,161.366,50.547,199.8,120.65,1285.38,376.443,95.45853583333336,189.9,79.526,142.53,231.875,264.851,90.432,146.36,179.096,177.37,176.174,39.078,229.436
2001-04-11 23:10:00,161.17,48.977,199.767,118.93,1278.56,376.987,94.63845666666671,189.78,79.536,142.56,231.875,263.366,88.729,145.32,174.682,174.696,177.12,38.9,227.26
2001-04-11 23:15:00,162.902,48.993,200.033,120.137,1274.72,373.593,95.07,187.968,80.452,140.617,231.875,259.678,87.631,145.32,174.234,177.844,176.802,39.06,225.934
2001-04-11 23:20:00,161.826,51.013,198.6,119.52,1276.9,375.033,94.7892283333335,189.06,80.476,142.81,231.875,260.764,88.965,146.2,175.916,174.772,176.728,39.338,225.204
2001-04-11 23:25:00,161.122,48.77,196.5,118.627,1275.54,371.43,93.20672124999996,189.434,79.516,139.383,231.875,260.082,88.325,142.64,174.356,178.39,173.394,38.604,228.984
2001-04-11 23:30:00,159.978,49.843,196.3,119.663,1274.08,375.553,94.621,188.52,79.272,140.67,231.875,264.953,89.104,144.76,175.522,175.752,176.462,38.548,226.694
2001-04-11 23:35:00,158.138,50.73,198.933,120.09,1266.4,374.02,94.25619,186.916,80.568,142.203,231.875,265.966,88.715,144.56,173.044,175.628,177.606,38.132,226.232
2001-04-11 23:40:00,157.458,49.98,199.6,119.643,1272.62,373.077,94.25044041666668,187.38,79.366,141.36,231.875,266.33,88.99,144.84,177.472,177.204,177.36,38.446,226.374
2001-04-11 23:45:00,159.99,49.877,198.9,117.92,1267.54,372.877,93.745,186.422,81.61,141.407,231.875,264.586,90.872,142.5,175.912,177.386,179.25,38.766,224.398
2001-04-11 23:50:00,158.878,49.613,200.267,120.29,1275.56,372.257,94.32865750000008,189.948,79.364,140.077,231.875,266.176,88.19,144.94,175.772,172.878,178.862,39.036,225.598
2001-04-11 23:55:00,159.46,50.57,201.8,118.53,1272.14,373.987,93.71469000000008,187.896,80.12,139.333,231.875,266.889,88.389,143.9,178.392,174.81,177.314,38.948,227.408
2001-04-12 00:00:00,158.9,48.607,199.067,119.007,1270.3,371.687,93.391,187.218,79.446,139.223,231.875,268.318,89.713,142.72,175.388,175.516,176.72,38.59,225.326
2001-04-12 00:05:00,159.344,49.783,200.633,120.18,1274.2,372.883,94.09409500000001,189.294,79.662,138.78,231.875,267.725,87.273,142.86,178.654,170.476,178.662,38.34,229.174
2001-04-12 00:10:00,158.502,50.347,197.267,118.797,1261.16,367.95,93.20667541666666,186.816,82.146,141.103,231.875,266.839,88.678,144.68,178.464,172.896,175.312,38.554,227.422
2001-04-12 00:15:00,160.376,48.43,200.533,117.24,1262.28,373.78,93.662,188.392,79.13,138.21,231.875,265.04,88.007,142.64,177.766,178.484,178.776,38.06,225.46
2001-04-12 00:20:00,161.112,50.42,198.033,118.97,1257.82,371.683,93.82079249999997,187.822,80.25,140.613,231.875,266.016,87.809,141.98,179.62,181.726,179.454,38.022,225.608
2001-04-12 00:25:00,157.666,51.443,196.967,117.813,1264.02,373.504,93.6953720833333,189.598,80.18,142.973,231.875,265.772,88.457,144.06,178.02,179.318,177.29,38.712,225.452
2001-04-12 00:30:00,156.808,50.487,195.167,118.347,1259.56,373.013,93.08,189.548,80.83,140.857,231.875,269.003,88.552,142.32,176.404,177.522,178.076,39.302,226.884
2001-04-12 00:35:00,159.276,49.137,200.767,118.817,1260.94,370.007,93.42281958333324,188.506,80.036,141.847,231.875,263.835,87.365,142.92,177.884,175.036,176.29,38.146,225.378
2001-04-12 00:40:00,158.496,48.6,198.133,118.997,1257.26,370.433,93.59074791666666,187.1,81.05,141.003,231.875,266.136,88.688,144.64,178.074,179.062,177.416,38.13,224.552
2001-04-12 00:45:00,157.192,48.957,199.6,116.877,1249.46,369.16,93.856,188.108,79.854,140.297,231.875,268.262,87.18,144.0,177.254,176.548,178.38,38.548,225.89
2001-04-12 00:50:00,156.4,49.047,198.133,118.557,1253.44,367.02,93.13824958333338,189.158,80.844,140.437,231.875,265.056,89.753,143.48,177.584,174.706,177.43,38.24,224.558
2001-04-12 00:55:00,157.84,48.437,199.7,118.83,1255.76,370.277,92.98456750000007,186.44,80.274,139.977,231.875,267.705,87.238,144.26,174.97,176.576,176.872,38.458,227.708
2001-04-12 01:00:00,159.014,48.3,196.433,117.117,1253.9,369.173,93.305,187.736,79.93,141.063,231.875,264.288,89.63,142.78,175.594,175.758,178.712,38.336,224.898
2001-04-12 01:05:00,157.964,48.277,196.1,118.04,1254.86,365.293,92.88968375000005,187.134,79.998,140.577,231.875,263.382,87.926,142.06,177.818,172.062,177.112,38.778,224.812
2001-04-12 01:10:00,157.742,48.79,196.533,118.057,1257.34,371.123,93.18227416666664,186.88,79.956,139.757,231.875,262.284,88.132,144.48,175.91,174.812,178.254,38.298,224.232
2001-04-12 01:15:00,157.892,49.353,197.933,119.26,1252.18,367.407,93.714,184.8,80.498,140.817,231.875,262.058,88.383,141.7,175.824,173.294,175.596,38.176,224.33
2001-04-12 01:20:00,158.734,49.7,196.3,117.817,1243.28,366.363,92.72791500000005,186.978,80.13,139.113,231.875,262.998,86.84,142.42,176.814,173.674,177.228,38.618,224.396
2001-04-12 01:25:00,157.226,48.617,195.7,117.09,1248.04,368.137,92.96262833333336,186.99,79.528,140.363,231.875,262.215,86.977,141.26,174.344,174.404,176.982,38.14,226.356
2001-04-12 01:30:00,158.102,49.657,198.733,118.46,1248.68,366.817,92.455,189.118,80.648,141.863,231.875,265.399,86.679,142.7,175.63,171.692,176.882,38.048,224.832
2001-04-12 01:35:00,156.19,49.037,194.833,118.773,1253.64,366.58,92.64982833333333,186.938,79.0,138.92,231.875,261.954,87.55,144.06,175.524,172.816,174.762,38.264,225.226
2001-04-12 01:40:00,156.838,49.343,196.633,115.66,1245.76,367.907,92.8630679166667,187.792,77.73,139.947,231.875,258.339,88.164,141.62,177.03,176.208,174.208,38.126,222.75
2001-04-12 01:45:00,156.204,48.733,195.533,118.563,1250.26,368.203,92.436,189.916,79.422,138.163,231.875,262.858,87.37,142.58,174.638,174.674,176.174,38.472,226.052
2001-04-12 01:50:00,158.376,49.067,196.433,117.387,1255.76,370.67,93.26073541666665,185.254,80.244,138.747,231.875,260.459,89.437,143.4,175.07,176.736,175.448,37.696,222.73
2001-04-12 01:55:00,157.842,48.813,195.533,117.11,1259.36,366.917,93.06144083333332,187.768,80.08,140.48,231.875,260.754,87.823,142.44,175.268,177.294,174.698,38.08,223.178
2001-04-12 02:00:00,159.294,48.78,196.3,116.51,1258.88,367.303,92.33,186.042,77.922,139.087,231.875,263.969,87.218,143.14,175.444,175.48,176.568,38.66,225.916
2001-04-12 02:05:00,157.618,48.387,195.5,116.973,1249.02,366.64,93.10842333333318,187.548,78.182,143.39,231.875,262.615,87.343,143.12,176.702,175.85,176.29,37.974,224.25
2001-04-12 02:10:00,158.228,50.41,198.0,117.113,1251.98,365.19,92.74656333333328,187.356,80.638,139.273,231.875,263.587,86.81,142.64,176.336,175.702,174.81,38.612,223.628
2001-04-12 02:15:00,157.202,49.58,196.233,118.247,1259.08,365.603,92.487,185.208,79.79,140.167,231.875,263.915,87.978,142.7,178.074,171.032,173.318,38.492,223.202
2001-04-12 02:20:00,159.864,49.1,196.833,117.83,1245.26,369.567,93.19015125,187.68,78.712,140.627,231.875,262.665,87.225,144.02,175.49,174.822,173.868,37.928,225.13
2001-04-12 02:25:00,157.934,48.39,196.367,116.19,1257.82,370.803,93.01901083333333,187.036,80.016,139.803,231.875,263.55,88.968,141.96,174.566,173.22,174.786,38.47,225.866
2001-04-12 02:30:00,158.714,49.99,194.267,117.617,1255.26,372.27,92.444,188.232,79.798,139.653,231.875,258.69,87.689,140.44,175.27,174.844,175.044,38.932,227.37
2001-04-12 02:35:00,159.396,48.733,195.633,118.32,1252.12,366.387,92.84020416666674,187.956,79.902,142.014,231.875,264.055,88.515,144.36,174.784,170.904,174.45,38.748,224.518
2001-04-12 02:40:00,158.468,49.393,196.867,117.58,1253.48,369.933,93.35827166666667,185.968,79.316,140.593,231.875,260.669,88.505,142.4,175.066,176.132,173.53,37.89,224.498
2001-04-12 02:45:00,157.214,50.34,196.367,117.653,1251.0,366.0,92.859,186.59,78.552,138.41,231.875,264.105,88.308,142.18,176.592,173.836,173.278,38.084,225.188
2001-04-12 02:50:00,157.686,48.973,197.3,118.237,1260.4,367.86,92.82817958333341,187.582,79.98,140.037,231.875,261.676,87.559,141.44,174.428,173.564,172.83,39.148,225.158
2001-04-12 02:55:00,157.75,48.92,196.467,117.577,1255.16,366.197,92.57174791666662,187.066,78.628,139.817,231.875,259.177,88.175,142.46,175.852,173.644,174.926,38.532,226.316
2001-04-12 03:00:00,158.316,48.597,192.967,117.687,1249.76,367.283,92.237,187.384,77.972,137.523,231.875,259.628,89.145,144.22,174.842,175.738,173.258,38.032,224.69
2001-04-12 03:05:00,159.082,47.743,193.3,117.95,1256.64,367.94,92.90784041666666,188.682,80.196,139.43,231.875,259.385,87.782,145.1,173.618,172.024,173.166,37.45,224.452
2001-04-12 03:10:00,158.128,49.393,194.833,119.253,1264.6,367.2,92.6010870833333,187.556,78.616,138.657,231.875,260.842,88.576,144.18,174.334,168.804,173.222,37.732,224.07
2001-04-12 03:15:00,160.774,49.263,194.533,118.66,1260.78,365.56,92.714,189.946,78.998,139.697,231.875,261.989,87.229,142.0,174.802,177.478,175.68,38.52,225.234
2001-04-12 03:20:00,157.818,48.893,195.367,118.173,1260.54,369.493,93.08252416666669,185.986,79.104,140.807,231.875,259.454,87.757,141.72,173.926,176.988,172.068,38.42,225.514
2001-04-12 03:25:00,160.12,48.177,194.467,118.0,1266.24,367.413,92.78839708333336,187.5,78.26,139.71,231.875,261.085,88.631,143.14,173.914,174.854,172.584,37.688,225.462
2001-04-12 03:30:00,158.254,49.953,194.8,118.087,1269.0,368.16,92.538,187.402,80.34,139.803,231.875,260.947,87.131,143.48,174.416,172.256,173.634,37.84,225.126
2001-04-12 03:35:00,158.872,48.95,196.767,117.623,1259.06,367.74,93.21908625000002,186.722,78.278,141.23,231.875,261.051,89.647,143.8,175.18,174.12,173.036,38.318,224.264
2001-04-12 03:40:00,159.606,49.25,195.733,117.367,1254.64,365.67,93.06505041666675,188.1,80.116,143.353,231.875,258.205,86.449,141.4,174.778,172.54,172.352,38.678,224.69
2001-04-12 03:45:00,158.454,48.697,194.167,117.717,1262.56,367.72,93.204,188.132,79.812,142.757,231.875,261.154,89.002,141.14,172.748,173.084,173.71,38.396,225.368
2001-04-12 03:50:00,160.194,48.883,193.633,117.483,1260.36,367.913,92.97962708333333,187.436,77.46,141.71,231.875,258.31,87.752,141.8,174.184,175.834,173.572,37.892,224.708
2001-04-12 03:55:00,160.584,50.43,194.7,117.51,1261.22,366.03,93.12246958333338,188.922,79.042,140.683,231.875,261.693,88.284,141.34,174.864,174.676,172.676,37.92,222.654
2001-04-12 04:00:00,160.38,49.513,195.1,117.58,1252.9,366.397,93.261,186.71,78.69,142.717,231.914,260.599,88.693,143.38,173.704,174.038,173.154,38.052,223.05
2001-04-12 04:05:00,159.992,49.027,196.9,117.297,1258.2,366.823,93.20553458333336,189.058,79.552,142.343,231.836,259.177,88.841,143.04,174.126,174.214,174.456,37.846,221.316
2001-04-12 04:10:00,157.874,49.593,195.5,117.823,1260.64,368.62,93.05685958333333,189.318,78.364,140.853,231.875,256.976,86.183,140.8,174.6,170.342,173.202,37.628,222.426
2001-04-12 04:15:00,161.824,50.423,194.667,118.44,1263.8,370.69,93.718,189.808,79.48,140.627,231.875,261.137,89.328,141.64,175.816,172.36,174.052,37.778,222.084
2001-04-12 04:20:00,158.716,50.097,194.2,118.503,1265.74,371.15,93.10144291666673,187.11,77.674,139.65,231.875,258.537,90.417,142.84,172.924,170.562,175.03,38.09,221.788
2001-04-12 04:25:00,158.958,49.523,196.933,116.517,1266.26,367.66,92.90517291666674,186.39,78.358,138.717,231.875,259.284,89.607,143.54,173.11,172.918,172.492,38.002,223.254
2001-04-12 04:30:00,159.31,49.397,196.667,117.817,1267.42,370.437,93.611,186.486,77.638,142.713,231.875,260.86,88.285,144.38,173.052,173.652,172.942,38.044,222.26
2001-04-12 04:35:00,160.31,50.173,195.3,118.3,1265.56,366.18,93.10069250000008,189.03,80.926,140.863,231.875,259.925,88.991,143.04,173.738,175.154,172.292,38.246,223.082
2001-04-12 04:40:00,159.918,49.68,196.367,117.11,1266.66,368.163,93.35401041666655,187.888,78.026,143.427,231.875,264.745,89.162,145.58,173.296,171.452,172.608,37.656,222.574
2001-04-12 04:45:00,158.882,49.56,193.867,117.127,1264.9,366.847,93.591,185.682,79.288,139.783,231.875,262.923,89.795,143.5,172.288,171.1,173.01,37.69,224.642
2001-04-12 04:50:00,157.55,49.257,193.167,117.353,1259.18,367.81,93.01045666666656,187.372,79.13,140.567,231.875,260.445,88.028,143.98,173.72,174.692,173.226,37.656,224.544
2001-04-12 04:55:00,158.826,49.833,191.767,118.16,1256.0,366.063,92.89103083333337,190.342,79.292,141.0,231.875,260.531,87.792,143.68,174.43,171.79,175.066,38.122,220.67
2001-04-12 05:00:00,157.804,50.977,196.9,117.853,1255.76,367.57,93.377,185.51,78.16,140.69,231.875,257.986,89.843,143.94,174.508,172.244,171.408,37.67,223.622
2001-04-12 05:05:00,158.91,49.743,190.867,117.187,1249.04,366.85,93.07813000000007,186.926,79.654,140.057,231.875,258.334,89.047,145.62,173.99,172.236,172.108,36.8,222.86
2001-04-12 05:10:00,157.156,48.583,194.467,117.903,1260.64,363.897,92.55379458333334,187.576,77.664,138.577,231.875,261.951,87.735,141.68,174.65,172.226,170.67,37.47,222.532
2001-04-12 05:15:00,157.644,48.33,194.5,115.973,1258.3,368.037,93.252,186.824,76.724,140.817,231.875,258.663,88.918,144.2,174.094,177.626,171.846,37.134,221.146
2001-04-12 05:20:00,157.26,48.89,194.6,119.047,1264.18,364.98,92.64485125000009,187.576,77.416,139.023,231.875,256.435,89.376,141.54,172.868,171.412,171.472,37.044,221.244
2001-04-12 05:25:00,156.63,50.43,193.867,119.927,1256.16,369.58,93.40647541666665,186.776,79.454,139.07,231.875,257.887,87.206,143.56,172.976,170.072,171.896,37.048,220.378
2001-04-12 05:30:00,158.794,49.46,194.167,116.943,1265.88,364.967,91.527,188.834,77.672,137.537,231.875,255.087,86.446,143.0,173.984,168.384,174.556,37.518,223.274
2001-04-12 05:35:00,157.878,49.447,193.1,116.583,1264.94,364.947,92.84027958333334,187.848,77.97,141.107,231.875,257.077,86.889,142.54,172.012,172.652,173.406,37.828,221.866
2001-04-12 05:40:00,157.862,49.557,194.467,116.15,1271.8,365.79,92.80475749999997,189.036,78.52,139.353,231.875,256.337,88.355,143.2,170.208,173.376,173.512,37.4,220.304
2001-04-12 05:45:00,158.468,48.873,192.967,117.487,1262.34,366.757,92.532,186.668,78.416,141.637,231.875,259.15,88.403,142.86,173.084,171.416,173.284,37.568,222.53
2001-04-12 05:50:00,158.654,49.817,194.7,118.417,1248.44,368.753,92.63843375000002,187.116,77.994,139.35,231.875,256.717,87.383,143.48,173.604,168.788,171.474,38.006,220.602
2001-04-12 05:55:00,158.388,50.177,192.167,117.587,1261.18,364.647,92.4460754166667,186.538,76.528,138.617,231.875,256.198,88.838,143.56,174.494,172.618,173.284,37.646,222.518
2001-04-12 06:00:00,157.408,50.177,192.733,116.783,1258.04,364.64,92.915,188.666,77.31,140.38,231.875,256.599,88.825,144.24,175.352,172.826,172.948,37.384,222.166
2001-04-12 06:05:00,156.574,49.913,194.633,118.007,1260.2,365.297,92.32634916666657,186.944,78.422,137.833,231.875,256.944,88.335,143.88,170.594,170.014,171.68,38.014,224.9
2001-04-12 06:10:00,158.288,48.427,191.833,115.023,1259.46,368.073,92.53194249999997,186.454,77.376,139.863,231.875,256.307,87.139,144.04,173.808,167.99,170.712,37.424,222.124
2001-04-12 06:15:00,157.376,48.51,193.333,117.923,1259.68,365.13,93.223,186.714,79.518,139.977,231.875,255.377,89.199,142.04,173.708,171.88,171.624,37.85,222.552
2001-04-12 06:20:00,158.134,50.077,195.067,116.667,1266.44,367.743,92.77340625,186.476,77.764,139.783,231.875,254.054,87.929,142.4,173.978,173.446,172.032,37.412,222.132
2001-04-12 06:25:00,155.136,48.873,193.367,117.623,1263.16,365.77,92.77109375000008,188.008,77.24,139.7,231.875,257.532,89.335,141.36,173.886,171.702,171.834,37.94,221.832
2001-04-12 06:30:00,159.036,49.18,193.867,117.05,1246.22,363.736,92.979,185.378,79.09,140.97,231.875,256.981,88.381,142.1,172.274,173.708,173.202,37.482,219.996
2001-04-12 06:35:00,158.62,49.013,193.9,117.323,1252.84,363.687,92.3662854166667,185.112,77.48,139.23,231.875,254.901,88.445,144.52,174.29,171.34,173.066,37.714,224.574
2001-04-12 06:40:00,156.754,50.36,195.567,117.37,1261.26,365.69,92.84492000000002,188.066,78.408,140.803,231.875,260.478,87.153,143.1,171.966,173.346,172.212,37.24,224.468
2001-04-12 06:45:00,157.45,49.413,191.733,118.257,1260.4,364.86,92.338,187.97,78.834,139.79,231.875,257.054,89.076,143.02,173.658,173.422,171.882,37.576,222.724
2001-04-12 06:50:00,158.134,49.073,193.867,117.7,1261.02,364.7,92.95001916666668,187.978,78.904,140.723,231.875,256.007,86.428,142.72,173.762,177.922,172.192,37.192,221.844
2001-04-12 06:55:00,160.658,49.663,195.933,117.79,1258.86,368.367,92.63195958333328,186.18,77.306,138.487,231.875,254.301,87.977,143.6,172.244,170.468,173.814,37.756,220.162
2001-04-12 07:00:00,158.916,48.957,193.9,117.047,1259.62,368.447,93.136,187.736,78.37,138.733,231.875,255.595,87.404,143.18,173.504,171.494,171.764,38.0,221.766
2001-04-12 07:05:00,158.818,49.73,195.2,117.55,1257.92,365.8,92.42778499999997,185.58,77.976,139.24,231.875,255.133,87.137,143.44,172.236,171.204,171.488,38.206,223.894
2001-04-12 07:10:00,158.306,49.493,195.7,118.19,1260.96,367.43,92.85731708333327,187.006,79.098,138.757,231.875,254.343,87.477,142.68,173.506,175.31,172.386,37.484,221.244
2001-04-12 07:15:00,158.6,49.907,193.567,117.63,1259.44,366.037,92.482,188.608,78.398,137.543,231.875,254.893,87.349,143.06,172.75,172.542,171.438,38.422,224.998
2001-04-12 07:20:00,157.384,49.453,192.6,117.477,1249.9,367.457,92.65844958333331,187.358,77.288,140.09,231.875,253.457,86.46,142.12,171.85,174.672,172.862,37.634,222.8
2001-04-12 07:25:00,158.726,49.13,193.1,118.113,1258.34,364.9,92.68080124999999,186.644,77.984,141.133,231.875,255.805,87.577,144.16,171.204,170.89,173.332,38.19,222.408
2001-04-12 07:30:00,160.262,49.423,192.9,118.27,1255.36,370.733,92.608,188.336,78.376,140.11,231.875,254.865,87.702,142.08,170.928,167.84,171.41,37.7,223.072
2001-04-12 07:35:00,160.13,49.0,196.033,118.0,1252.14,368.847,92.84269916666666,188.252,78.556,138.693,231.875,253.101,87.606,141.6,172.014,173.782,171.34,37.81,222.752
2001-04-12 07:40:00,159.102,50.067,194.133,118.877,1246.8,369.093,93.09528916666672,186.404,77.596,141.044,231.875,256.769,86.597,140.8,172.382,178.356,171.072,37.966,222.51
2001-04-12 07:45:00,160.246,50.333,195.933,118.067,1255.66,368.773,92.772,187.23,78.672,141.643,231.875,252.497,87.165,144.88,173.144,170.394,173.282,37.998,226.132
2001-04-12 07:50:00,159.946,49.157,192.1,117.847,1252.04,374.18,93.3546166666667,187.748,78.01,140.42,231.875,253.293,86.744,145.06,173.958,173.03,176.112,37.818,224.772
2001-04-12 07:55:00,160.858,49.597,194.267,118.603,1253.7,370.583,93.15680916666668,190.85,78.148,140.167,231.875,257.043,88.361,141.92,172.928,175.526,173.5,37.486,225.208
2001-04-12 08:00:00,158.976,50.03,193.267,118.703,1251.86,370.346,93.741,189.372,79.046,141.027,231.875,258.945,89.067,143.48,171.294,171.218,170.176,37.718,225.022
2001-04-12 08:05:00,158.778,49.357,193.533,117.933,1251.0,371.78,93.02260916666668,191.012,77.648,140.076,231.875,253.177,88.419,144.08,171.114,175.248,170.404,38.372,223.692
2001-04-12 08:10:00,158.426,48.627,194.333,116.913,1259.12,372.616,93.11321208333325,191.07,76.71,138.75,231.875,257.353,89.038,142.8,172.354,172.634,172.798,37.906,224.904
2001-04-12 08:15:00,158.104,50.01,196.3,117.33,1245.94,369.073,93.854,193.078,79.506,138.987,231.875,256.994,88.478,145.88,170.366,172.982,173.148,37.716,221.86
2001-04-12 08:20:00,158.74,49.213,192.367,119.193,1256.52,365.933,92.54219375000007,189.682,78.234,139.12,231.875,255.575,88.053,143.72,170.244,173.73,173.242,38.71,224.674
2001-04-12 08:25:00,159.646,48.947,195.3,119.187,1247.28,370.027,93.1360200000001,189.42,78.45,140.033,231.875,255.185,89.392,144.1,173.202,173.792,173.116,37.376,224.314
2001-04-12 08:30:00,157.266,48.107,194.733,117.82,1248.46,367.737,92.703,187.734,78.862,140.02,231.875,255.815,89.348,145.24,171.394,174.93,171.306,38.478,223.886
2001-04-12 08:35:00,159.4,48.76,195.067,119.08,1241.66,366.77,92.9870454166667,187.84,78.134,141.273,231.875,257.541,88.37,145.86,173.626,175.01,171.186,38.492,224.316
2001-04-12 08:40:00,160.286,48.153,194.033,118.843,1246.64,368.897,92.85507208333334,186.412,78.24,140.007,231.875,257.097,88.504,143.92,173.386,170.096,172.582,38.614,224.788
2001-04-12 08:45:00,158.662,48.85,192.933,117.27,1249.7,369.687,92.753,184.832,78.716,138.87,231.875,256.381,87.575,144.74,170.28,174.8,171.87,37.756,224.412
2001-04-12 08:50:00,159.064,49.083,192.7,114.67,1238.04,364.624,92.24142583333328,187.616,80.058,137.69,231.875,256.875,88.627,143.86,171.926,170.038,172.956,38.22,224.218
2001-04-12 08:55:00,159.442,48.543,193.233,118.317,1240.72,364.887,92.39254250000003,186.764,77.782,139.31,231.875,256.483,87.587,142.8,171.708,174.85,173.13,37.83,224.666
2001-04-12 09:00:00,157.562,49.387,193.467,116.863,1238.46,364.497,91.62,187.456,78.018,139.12,231.875,254.88,88.106,143.4,172.526,169.352,170.272,37.258,222.894
2001-04-12 09:05:00,158.868,49.507,195.233,117.88,1251.48,366.153,92.908335,185.332,78.186,142.11,231.875,255.75,87.386,142.12,169.08,173.366,172.9,38.036,222.028
2001-04-12 09:10:00,158.814,48.357,193.067,117.947,1244.64,366.07,92.63605958333332,188.996,77.716,140.106,231.875,255.324,86.095,142.56,171.41,171.844,170.606,38.002,223.342
2001-04-12 09:15:00,157.384,48.853,195.833,115.747,1248.06,365.74,92.08,188.272,78.594,139.233,231.875,256.364,88.12,143.54,171.84,175.212,173.77,38.034,224.418
2001-04-12 09:20:00,158.814,48.33,195.2,119.1,1242.96,363.557,92.68300104166667,184.99,78.88,137.5,231.875,254.577,86.625,142.26,171.262,171.246,172.536,37.866,221.338
2001-04-12 09:25:00,157.334,47.8,192.933,118.873,1234.82,363.233,92.5468379166666,188.97,77.954,139.143,231.875,256.246,86.432,142.18,171.102,174.32,172.848,38.114,222.414
2001-04-12 09:30:00,158.632,49.033,192.4,116.65,1235.0,363.353,92.357,186.202,79.036,139.893,231.875,256.687,88.136,142.12,170.186,173.012,171.648,37.858,222.924
2001-04-12 09:35:00,156.612,49.047,193.567,117.59,1226.1,365.45,92.37202499999995,186.958,76.318,138.613,231.875,252.981,86.554,141.6,169.376,172.402,173.858,37.634,223.992
2001-04-12 09:40:00,158.058,48.42,194.3,117.747,1231.04,365.0,92.80468791666667,185.91,77.254,140.34,231.875,254.273,87.553,140.18,171.846,171.244,174.228,38.116,222.346
2001-04-12 09:45:00,158.856,48.46,193.5,118.363,1226.84,366.207,92.306,187.306,78.27,141.033,231.875,253.645,87.996,143.62,169.486,173.642,173.04,39.242,223.882
2001-04-12 09:50:00,155.384,48.87,191.933,117.823,1238.86,365.923,92.6141625,187.916,78.01,140.473,231.875,254.819,87.497,141.88,169.446,172.578,172.188,37.562,224.684
2001-04-12 09:55:00,157.878,48.423,192.967,117.62,1230.7,366.69,92.54020291666667,185.978,78.562,138.7,231.875,256.075,88.069,143.62,170.868,171.094,171.282,37.742,223.898
2001-04-12 10:00:00,157.978,47.957,193.967,118.583,1231.62,364.56,92.382,188.286,79.648,137.907,231.875,254.55,88.174,143.58,171.194,172.352,170.908,37.808,223.594
2001-04-12 10:05:00,157.976,48.6,194.567,116.927,1230.52,371.56,92.87409458333333,187.07,78.832,140.477,231.875,256.601,87.382,142.72,171.226,168.804,171.962,38.454,223.846
2001-04-12 10:10:00,160.246,49.547,193.533,118.41,1230.82,367.067,92.78922166666663,185.168,78.678,140.463,231.875,254.99,86.541,142.9,171.866,171.678,169.794,38.016,224.298
2001-04-12 10:15:00,158.004,48.637,193.067,116.967,1234.66,366.093,91.551,187.176,77.574,138.623,231.875,255.346,89.115,142.48,171.848,169.946,173.904,37.754,225.996
2001-04-12 10:20:00,158.482,48.747,193.267,119.013,1227.38,368.2,92.62837937499984,185.672,78.982,137.427,231.875,254.058,87.95,141.96,174.33,174.366,171.152,38.432,224.582
2001-04-12 10:25:00,158.044,48.643,195.8,116.963,1227.54,365.397,92.67178749999994,187.298,79.078,138.77,231.875,257.156,86.21,141.14,169.346,173.5,173.282,37.922,225.442
2001-04-12 10:30:00,156.572,49.583,197.333,115.393,1224.34,365.617,92.564,184.476,78.586,138.783,231.875,254.922,86.664,142.26,170.626,172.788,169.112,38.62,223.162
2001-04-12 10:35:00,157.15,49.52,194.967,118.487,1222.94,362.463,92.72170874999996,186.376,78.746,138.813,231.875,256.767,86.653,140.54,170.684,171.996,172.364,38.33,224.188
2001-04-12 10:40:00,156.794,48.86,193.5,115.29,1221.84,363.85,92.22555583333319,187.69,77.502,138.157,231.875,255.514,88.792,140.48,172.052,170.194,174.562,37.784,224.932
2001-04-12 10:45:00,159.158,49.09,192.933,116.947,1219.28,366.903,92.998,187.69,78.6,140.38,231.875,256.443,87.557,142.5,171.27,172.284,174.438,38.166,223.326
2001-04-12 10:50:00,158.678,49.187,191.933,117.597,1210.86,366.907,92.59327083333334,188.432,78.602,138.61,231.875,255.396,87.312,142.68,172.888,173.558,171.318,37.576,225.34
2001-04-12 10:55:00,159.058,48.69,192.167,116.88,1221.08,366.527,93.02499250000007,188.99,78.184,140.553,231.875,257.101,85.353,141.08,172.95,174.916,171.724,38.008,225.31
2001-04-12 11:00:00,157.68,49.073,195.133,117.68,1224.06,368.63,92.658,187.1,79.494,137.643,231.875,254.483,86.238,141.74,173.004,174.392,174.814,38.148,222.948
2001-04-12 11:05:00,156.71,47.81,193.333,117.17,1216.48,364.16,92.90381374999994,187.526,78.842,138.36,231.875,257.468,85.463,140.28,172.758,170.748,172.926,37.88,224.278
2001-04-12 11:10:00,157.724,48.337,193.6,117.457,1222.14,363.296,92.86361750000002,188.87,79.524,139.063,231.875,257.367,86.359,140.32,170.834,178.094,173.768,38.572,224.296
2001-04-12 11:15:00,156.868,48.963,192.767,117.617,1219.94,372.14,93.914,188.7,79.546,139.52,231.875,256.302,85.372,139.68,174.544,173.526,168.554,37.746,224.85
2001-04-12 11:20:00,158.624,48.777,194.667,117.26,1215.92,366.97,92.92529958333334,187.612,78.292,139.03,231.875,257.178,86.336,140.06,173.108,172.124,173.758,36.798,221.832
2001-04-12 11:25:00,156.582,48.383,193.7,116.937,1220.16,369.433,93.2253470833333,188.55,77.49,140.81,231.875,260.729,85.088,141.32,172.19,171.002,173.256,37.318,221.702
2001-04-12 11:30:00,156.974,48.223,194.1,118.983,1213.56,367.57,92.89,190.324,78.622,140.0,231.875,256.871,86.489,137.56,173.44,171.32,174.798,37.046,220.77
2001-04-12 11:35:00,158.158,48.523,192.833,118.627,1223.04,369.82,93.21637499999997,189.174,80.264,139.887,231.875,255.675,85.499,140.86,172.828,172.998,173.458,37.95,224.254
2001-04-12 11:40:00,158.21,48.713,196.567,117.237,1219.5,365.15,92.86876625,186.128,78.83,141.533,231.875,259.104,87.38,138.84,171.964,169.7,173.642,37.068,222.29
2001-04-12 11:45:00,156.918,48.25,193.4,117.527,1215.26,365.39,93.438,189.496,79.694,142.503,231.875,255.656,86.059,140.0,171.152,175.48,173.68,37.988,222.986
2001-04-12 11:50:00,157.486,48.44,194.533,116.27,1216.94,369.81,93.15545374999994,187.036,79.222,138.703,231.875,255.872,84.249,141.06,171.798,172.164,174.516,37.636,221.656
2001-04-12 11:55:00,157.994,48.077,194.133,117.303,1216.64,365.28,93.26278375000005,188.234,80.174,140.997,231.875,258.828,86.219,138.74,171.322,173.592,174.532,37.688,222.456
2001-04-12 12:00:00,155.03,48.11,194.133,118.367,1210.42,368.063,93.432,189.012,79.496,139.66,231.875,258.673,85.65,139.4,174.112,178.652,175.34,37.028,222.312
2001-04-12 12:05:00,157.774,48.15,192.933,118.99,1215.22,369.417,93.22365749999986,186.474,79.87,138.803,231.875,256.338,85.863,139.56,172.09,175.982,172.992,38.054,221.948
2001-04-12 12:10:00,159.342,48.43,195.1,116.457,1206.38,365.123,93.31641750000003,187.036,78.348,140.41,231.875,256.686,85.397,138.08,172.906,174.778,172.87,37.61,221.226
2001-04-12 12:15:00,156.494,47.867,194.867,116.867,1209.82,366.093,93.186,184.816,79.362,142.91,231.875,259.468,87.054,141.08,173.54,173.874,173.528,37.66,221.822
2001-04-12 12:20:00,157.542,49.097,191.6,117.95,1208.02,366.07,93.10906541666658,187.192,79.08,141.057,231.875,259.468,84.913,142.52,172.984,174.302,172.922,37.096,223.908
2001-04-12 12:25:00,156.552,48.55,193.6,115.683,1208.36,368.123,93.08039083333333,187.356,78.494,142.42,231.875,257.223,87.921,142.68,173.182,177.072,172.18,37.116,219.434
2001-04-12 12:30:00,158.266,47.747,193.267,116.003,1209.06,364.16,93.707,185.72,79.502,142.37,231.875,256.834,85.046,139.66,174.434,174.396,171.958,37.306,221.876
2001-04-12 12:35:00,157.386,47.113,195.6,117.567,1209.58,364.19,93.10749916666666,187.23,79.77,140.673,231.875,261.556,86.529,141.96,173.248,173.962,173.58,38.068,223.402
2001-04-12 12:40:00,157.67,48.57,193.033,116.573,1204.98,368.003,93.15260041666662,188.278,79.198,140.467,231.875,258.574,87.229,140.86,173.484,177.108,173.652,37.986,221.768
2001-04-12 12:45:00,156.98,48.083,193.767,117.967,1209.3,364.413,93.122,186.396,80.19,139.21,231.875,257.203,87.286,140.4,174.026,172.622,174.88,37.402,221.614
2001-04-12 12:50:00,155.822,49.097,194.567,116.433,1212.42,367.853,93.03056208333334,188.174,78.768,140.11,231.875,258.788,86.112,140.86,171.038,174.728,174.52,37.414,223.526
2001-04-12 12:55:00,156.174,49.313,194.867,116.34,1204.48,363.66,93.12416416666656,184.424,79.32,140.617,231.875,259.491,86.806,141.92,173.45,174.512,174.818,37.558,222.376
2001-04-12 13:00:00,155.188,48.527,194.7,116.64,1209.96,366.79,93.07,183.52,77.732,140.147,231.875,259.368,86.652,140.08,172.496,175.456,173.632,37.688,221.51
2001-04-12 13:05:00,156.374,46.913,195.433,118.213,1213.78,362.76,92.88872499999994,183.598,78.832,138.11,231.875,260.305,87.094,140.96,174.312,174.414,174.048,37.998,220.202
2001-04-12 13:10:00,155.752,48.227,194.267,116.03,1206.08,366.063,93.17288125,186.19,79.398,140.67,231.875,260.405,88.073,140.34,172.952,177.62,172.882,37.838,221.698
2001-04-12 13:15:00,157.064,47.94,194.033,116.83,1215.66,364.13,93.263,187.376,78.648,140.273,231.875,259.101,86.601,140.12,175.018,175.886,174.888,38.25,221.596
2001-04-12 13:20:00,157.224,48.333,193.9,116.67,1212.42,363.097,92.98819333333327,186.538,79.108,139.363,231.875,259.436,86.449,140.7,173.09,176.648,174.302,37.734,221.32
2001-04-12 13:25:00,154.934,48.5,195.9,116.523,1212.28,363.277,93.10117916666671,182.686,79.82,141.59,231.875,260.248,87.289,143.04,173.704,176.726,176.258,37.748,223.264
2001-04-12 13:30:00,157.192,47.747,193.6,116.567,1215.12,362.213,93.796,186.57,79.522,141.073,231.875,258.064,85.501,140.28,174.97,175.264,175.948,37.814,223.082
2001-04-12 13:35:00,156.44,48.947,195.133,116.52,1216.14,364.08,93.0633495833334,183.536,79.088,140.277,231.875,258.255,86.337,139.14,172.656,174.76,172.552,38.438,222.998
2001-04-12 13:40:00,156.04,48.46,196.067,116.703,1209.06,362.176,93.15336208333338,184.004,80.28,141.65,231.875,258.067,86.52,139.74,171.974,173.946,175.084,38.418,223.442
2001-04-12 13:45:00,155.018,48.347,195.033,115.807,1208.36,363.6,93.645,184.896,78.766,140.66,231.875,259.914,85.947,140.72,175.526,175.284,174.28,37.752,220.17
2001-04-12 13:50:00,156.484,48.517,194.967,117.34,1209.92,361.583,93.10804708333328,183.792,79.708,141.387,231.875,256.619,87.734,140.92,173.486,177.064,174.968,37.836,222.996
2001-04-12 13:55:00,155.766,47.74,197.667,115.447,1213.78,361.99,93.02335458333327,183.454,80.89,140.507,231.875,258.033,85.797,140.88,176.428,172.094,174.452,38.194,225.032
2001-04-12 14:00:00,155.362,47.677,197.2,116.76,1216.82,362.947,93.0,183.906,79.606,141.04,231.875,262.237,87.023,139.04,172.964,171.498,175.558,38.07,226.592
2001-04-12 14:05:00,155.302,48.497,195.067,116.65,1207.46,361.537,93.08814958333323,184.336,78.768,141.5,231.875,256.232,85.727,138.12,173.01,173.34,175.318,37.966,225.826
2001-04-12 14:10:00,156.674,48.007,195.667,116.097,1206.76,363.77,92.97213124999999,184.358,78.212,141.98,231.875,258.178,86.285,139.9,174.824,170.002,174.718,38.884,223.878
2001-04-12 14:15:00,155.594,47.603,198.0,117.017,1207.78,361.543,93.43,180.08,79.776,141.593,231.875,258.612,86.645,139.52,175.096,174.004,175.11,38.922,224.33
2001-04-12 14:20:00,154.806,47.457,197.367,114.12,1208.84,360.817,93.05684333333336,180.292,79.822,140.623,231.875,258.412,86.954,139.88,172.026,174.438,173.73,37.644,224.258
2001-04-12 14:25:00,156.842,47.53,195.033,117.76,1214.7,361.88,93.03353125000001,182.958,79.388,143.383,231.875,259.479,87.362,138.5,175.122,173.992,176.288,38.514,225.886
2001-04-12 14:30:00,156.676,49.03,192.767,115.607,1215.94,362.09,92.84,181.208,80.418,142.16,231.875,257.258,87.683,140.2,176.01,173.906,172.812,38.226,227.042
2001-04-12 14:35:00,155.558,47.96,196.1,115.92,1215.3,361.327,93.0603129166666,183.21,78.81,140.39,231.875,260.099,85.703,139.68,175.466,176.412,175.268,38.738,224.106
2001-04-12 14:40:00,154.906,47.547,195.533,115.173,1210.24,362.083,92.89433749999998,181.526,77.956,141.117,231.875,260.223,86.858,138.78,174.486,173.292,175.15,38.376,225.728
2001-04-12 14:45:00,155.188,47.507,196.767,117.583,1217.6,359.553,92.652,182.712,80.424,139.46,231.875,262.895,87.788,139.22,172.856,174.384,177.026,38.244,225.3
2001-04-12 14:50:00,155.612,48.55,198.233,115.377,1214.76,360.0,92.35966500000006,181.364,79.926,138.86,231.875,259.832,85.886,139.78,173.382,178.302,174.496,38.492,226.648
2001-04-12 14:55:00,155.448,47.03,196.733,115.747,1219.84,360.193,92.31029500000005,184.004,80.606,139.92,231.875,258.445,87.579,139.36,173.796,174.784,174.592,38.73,227.26
2001-04-12 15:00:00,156.702,47.37,198.8,116.75,1215.46,360.65,92.879,182.828,79.598,137.723,231.875,263.269,87.968,140.08,174.59,174.268,173.522,38.548,225.134
2001-04-12 15:05:00,156.218,47.96,194.833,115.083,1219.84,356.05,92.27704583333326,184.16,79.558,138.71,231.875,262.671,86.647,139.28,174.022,174.404,176.478,38.928,227.446
2001-04-12 15:10:00,155.308,48.123,196.967,115.51,1214.34,357.447,91.77093375000008,183.024,79.726,139.177,231.875,259.022,86.892,140.48,173.706,175.994,173.156,39.366,228.26
2001-04-12 15:15:00,156.124,46.517,198.1,114.567,1223.84,359.227,93.297,182.794,78.732,136.77,231.875,261.656,86.641,140.06,170.854,172.584,175.242,38.92,229.706
2001-04-12 15:20:00,157.104,48.07,195.633,115.473,1221.22,356.127,91.79302229166655,182.692,79.476,135.667,231.875,262.943,86.435,141.48,174.726,177.354,175.038,39.058,228.708
2001-04-12 15:25:00,156.828,47.817,196.4,114.89,1218.28,358.613,92.00527999999994,185.526,79.354,139.903,231.875,262.719,85.994,140.58,173.862,170.05,175.1,39.412,229.626
2001-04-12 15:30:00,154.264,48.307,197.833,114.257,1218.48,356.16,92.79,182.81,79.708,137.23,231.875,264.613,84.593,140.36,175.248,171.41,175.504,38.698,230.764
2001-04-12 15:35:00,157.834,47.627,199.5,114.683,1224.34,356.393,91.7268854166666,182.736,80.028,138.81,231.875,261.656,85.982,141.04,177.234,174.972,173.888,39.928,234.136
2001-04-12 15:40:00,156.63,48.05,198.567,115.963,1226.0,354.693,91.81030874999992,181.886,79.76,138.07,231.875,263.689,85.584,141.46,174.968,174.082,173.822,39.306,232.304
2001-04-12 15:45:00,154.464,48.293,197.5,114.413,1220.42,355.563,91.821,181.374,80.118,138.113,231.875,262.727,86.422,141.22,175.53,174.63,173.592,40.042,230.302
2001-04-12 15:50:00,155.636,48.153,195.667,115.257,1221.52,354.703,91.74171249999993,182.968,78.324,139.233,231.875,263.198,86.002,142.88,175.276,177.084,174.468,39.428,232.74
2001-04-12 15:55:00,154.842,47.423,200.033,114.36,1220.58,357.01,91.86560624999993,180.94,79.01,137.474,231.875,262.105,84.173,142.06,176.484,175.058,175.278,39.918,230.896
2001-04-12 16:00:00,155.746,47.18,199.4,114.757,1214.66,356.897,91.633,181.7,80.096,139.003,231.875,264.896,87.074,143.2,174.982,176.582,174.232,40.12,232.576
2001-04-12 16:05:00,155.482,47.79,197.167,115.203,1216.82,358.363,91.8006779166665,181.418,79.704,137.923,231.875,263.503,85.724,141.86,176.632,175.064,176.296,39.976,233.756
2001-04-12 16:10:00,154.72,48.167,199.6,114.253,1212.38,356.503,91.7797875,182.75,80.252,138.373,231.875,261.581,87.257,141.42,173.972,174.752,175.352,39.19,231.944
2001-04-12 16:15:00,157.558,47.557,198.733,114.51,1216.84,354.613,91.796,183.702,80.296,139.647,231.875,263.835,87.262,142.82,176.386,171.526,175.712,38.932,230.778
2001-04-12 16:20:00,156.318,48.197,197.6,113.867,1222.52,357.903,91.82489374999989,181.208,78.972,138.91,231.875,262.874,85.329,143.54,174.482,172.028,177.018,39.474,232.254
2001-04-12 16:25:00,157.06,48.173,198.133,115.687,1211.06,360.76,92.10547833333334,182.512,79.91,140.557,231.875,261.853,87.154,143.56,175.922,173.4,176.136,39.118,232.292
2001-04-12 16:30:00,156.296,48.327,197.033,116.08,1216.56,358.513,91.495,181.964,80.756,137.917,231.875,261.49,86.381,141.84,174.872,171.398,178.5,39.192,232.94
2001-04-12 16:35:00,156.57,47.703,196.733,115.253,1216.24,357.817,91.88254749999992,182.782,80.446,139.417,231.875,263.642,87.071,142.44,174.032,173.248,175.942,39.526,232.698
2001-04-12 16:40:00,155.352,48.5,197.267,118.17,1217.08,359.4,92.02316583333337,185.262,80.096,139.287,231.875,262.855,88.952,144.0,174.228,174.83,177.098,39.246,232.782
2001-04-12 16:45:00,157.878,47.25,198.233,114.147,1213.12,360.357,91.069,182.704,79.462,137.213,231.875,262.027,86.377,141.28,173.938,171.794,175.036,39.424,230.05
2001-04-12 16:50:00,154.74,48.69,196.6,115.98,1212.08,360.517,91.66629791666675,185.546,79.574,138.25,231.875,259.85,87.434,142.82,173.848,176.31,176.02,39.152,230.354
2001-04-12 16:55:00,157.46,48.75,197.9,114.03,1214.26,358.54,91.76046958333337,185.682,80.742,138.233,231.875,262.1,88.106,143.24,173.962,177.678,175.814,38.806,228.47
2001-04-12 17:00:00,155.892,48.883,198.867,116.017,1212.1,357.677,91.77,185.526,79.758,138.793,231.875,262.827,86.707,143.98,174.058,174.862,177.034,39.202,228.64
2001-04-12 17:05:00,157.662,49.04,196.4,114.84,1214.3,362.177,91.52696291666665,185.258,79.624,137.863,231.875,256.786,87.3,143.5,176.116,178.57,178.042,39.102,229.652
2001-04-12 17:10:00,157.08,46.587,200.167,115.697,1212.18,360.62,91.55792625000016,184.426,79.29,137.653,231.875,260.686,88.295,142.54,174.186,175.84,177.514,39.164,228.714
2001-04-12 17:15:00,156.062,48.867,200.0,116.58,1213.14,359.043,93.036,187.056,79.502,139.057,231.875,262.497,87.122,143.52,173.068,174.398,175.978,38.964,230.636
2001-04-12 17:20:00,156.614,48.06,196.667,115.22,1218.94,359.307,91.65837312500013,184.354,80.822,137.2,231.875,260.049,88.532,143.08,173.628,179.136,176.09,38.426,228.31
2001-04-12 17:25:00,155.15,47.843,196.533,113.7,1208.24,357.837,92.04054208333329,184.74,79.532,137.217,231.875,261.222,88.342,142.0,172.78,172.844,174.9,38.674,229.87
2001-04-12 17:30:00,157.982,48.07,196.867,116.583,1211.44,357.663,90.825,184.648,79.228,137.737,231.875,259.472,88.314,143.88,174.218,174.044,176.522,38.762,229.898
2001-04-12 17:35:00,157.442,48.86,199.4,114.59,1213.24,357.083,91.94953250000006,183.568,80.644,138.247,231.875,260.793,88.438,143.64,173.404,174.132,175.96,38.202,227.076
2001-04-12 17:40:00,154.454,47.07,198.267,114.733,1226.74,360.05,91.93295125000003,184.502,79.934,137.727,231.875,261.487,88.558,141.88,173.374,177.502,175.988,39.16,228.954
2001-04-12 17:45:00,156.88,48.393,200.5,114.953,1216.74,360.17,91.188,185.958,79.432,142.123,231.875,261.328,86.119,141.06,173.422,174.366,174.818,38.934,228.194
2001-04-12 17:50:00,155.38,48.077,197.667,114.37,1216.8,360.037,92.10976166666678,184.754,80.266,138.54,231.875,263.077,88.269,143.98,176.044,175.028,174.512,38.554,226.458
2001-04-12 17:55:00,157.518,48.623,198.0,117.783,1220.42,358.05,92.31754416666665,184.272,80.48,140.297,231.875,257.798,88.509,142.86,177.446,177.548,174.548,38.972,227.208
2001-04-12 18:00:00,156.148,49.37,198.367,115.083,1207.74,361.913,91.119,185.042,81.11,138.44,231.875,260.182,88.322,143.88,173.522,176.54,176.352,38.528,229.05
2001-04-12 18:05:00,156.012,48.737,197.867,116.997,1216.22,362.293,92.28535770833328,185.976,80.334,140.574,231.875,261.079,86.558,140.9,173.166,174.566,175.528,39.108,229.93
2001-04-12 18:10:00,155.52,48.553,195.433,116.777,1209.78,360.18,92.07289125000001,185.066,81.224,137.953,231.875,263.55,87.992,143.34,172.316,175.944,176.884,38.936,229.846
2001-04-12 18:15:00,155.318,48.837,198.167,117.56,1211.62,364.343,92.121,184.816,81.678,139.497,231.875,261.844,87.084,144.92,174.476,179.654,176.692,38.962,230.594
2001-04-12 18:20:00,155.926,49.53,197.133,116.767,1206.7,362.057,91.80113583333339,185.236,80.196,138.26,231.875,261.244,87.675,143.1,173.924,174.576,177.528,39.316,231.434
2001-04-12 18:25:00,155.042,49.757,199.167,114.42,1212.54,363.517,92.07163458333332,183.986,81.07,140.933,231.875,261.317,86.671,143.14,175.74,172.918,177.332,39.266,230.442
2001-04-12 18:30:00,156.888,48.053,197.533,117.737,1211.26,361.55,91.056,184.216,80.58,139.637,231.875,260.304,88.139,140.56,174.318,177.08,175.132,39.154,230.728
2001-04-12 18:35:00,156.678,48.113,196.6,115.75,1209.0,362.57,91.93955375000004,184.164,80.326,140.04,231.875,262.014,86.59,141.24,175.73,177.002,177.338,39.422,229.528
2001-04-12 18:40:00,157.684,48.883,197.5,114.67,1211.56,365.13,92.07054208333338,185.84,78.532,139.733,231.875,262.776,88.439,142.16,175.336,177.31,179.018,39.316,230.9
2001-04-12 18:45:00,157.378,47.637,197.733,114.88,1210.18,358.813,92.975,185.568,80.576,139.913,231.875,262.453,89.434,140.98,175.826,173.282,175.814,39.122,230.924
2001-04-12 18:50:00,156.144,47.627,197.833,116.633,1216.4,362.493,92.36000708333339,186.326,81.142,140.884,231.875,262.684,87.644,144.0,175.094,176.28,177.454,38.888,229.802
2001-04-12 18:55:00,155.976,48.733,197.0,114.533,1207.72,364.047,92.14146166666674,183.88,79.124,139.857,231.875,261.77,88.842,143.1,175.828,178.208,174.302,39.718,227.516
2001-04-12 19:00:00,156.382,48.31,198.433,115.86,1215.98,362.217,92.223,184.252,79.544,137.44,231.875,263.411,88.654,140.66,175.026,175.952,175.716,39.408,228.428
2001-04-12 19:05:00,157.968,49.26,196.933,115.213,1213.74,365.293,91.99857708333325,184.306,80.482,138.69,231.875,262.885,89.093,141.42,174.45,174.854,175.69,38.418,228.498
2001-04-12 19:10:00,157.194,47.54,198.7,116.46,1208.2,360.803,92.59771458333341,184.61,80.672,139.48,231.875,262.426,87.118,141.56,172.614,174.278,176.284,38.432,225.702
2001-04-12 19:15:00,158.736,49.013,198.6,115.19,1215.68,364.537,92.381,184.024,80.15,139.777,231.875,261.54,88.61,141.26,171.346,174.802,177.226,39.402,227.312
2001-04-12 19:20:00,157.796,48.167,196.733,117.233,1218.16,364.17,92.11017333333334,186.164,79.466,139.104,231.875,263.154,87.127,142.62,174.07,177.848,176.444,39.018,227.758
2001-04-12 19:25:00,155.768,48.873,199.067,115.553,1216.64,364.177,92.01480958333332,185.746,78.974,138.75,231.875,263.546,87.881,142.26,177.264,176.884,177.134,39.192,228.144
2001-04-12 19:30:00,156.216,47.42,197.033,114.853,1209.52,361.457,91.778,184.942,78.928,139.043,231.875,264.466,86.682,142.04,173.434,175.234,174.662,38.586,227.056
2001-04-12 19:35:00,156.922,48.177,194.767,113.86,1215.84,359.867,91.83927333333322,182.24,79.978,137.72,231.875,264.535,85.896,141.78,174.77,177.886,176.03,39.338,227.682
2001-04-12 19:40:00,156.654,49.243,194.033,113.283,1212.04,363.973,92.38098791666661,186.8,79.716,141.573,231.875,260.993,87.111,141.72,175.37,175.426,176.31,38.704,227.758
2001-04-12 19:45:00,157.828,48.347,197.4,115.263,1212.74,363.15,91.722,183.972,79.158,139.376,231.875,263.453,86.155,142.14,176.162,172.73,175.602,38.774,228.398
2001-04-12 19:50:00,155.514,47.667,197.4,114.387,1216.62,363.527,91.86237083333326,185.034,79.502,138.34,231.875,263.621,86.64,142.5,175.634,175.342,174.692,39.388,231.248
2001-04-12 19:55:00,158.112,47.557,197.767,116.483,1218.7,363.937,92.28134999999993,184.364,79.046,139.31,231.875,263.748,86.185,139.96,173.42,177.612,177.174,38.144,228.502
2001-04-12 20:00:00,156.74,47.8,197.167,114.843,1219.48,361.35,92.52,184.968,79.286,139.703,231.875,261.983,87.076,142.04,173.154,171.752,177.642,39.002,229.882
2001-04-12 20:05:00,156.258,47.87,199.767,116.847,1216.74,361.757,92.13805583333333,183.284,79.488,140.13,231.875,264.276,86.046,141.42,173.516,172.958,175.49,39.078,230.198
2001-04-12 20:10:00,156.638,48.227,195.167,115.577,1224.12,362.91,92.171765,183.284,79.986,139.707,231.875,263.854,89.299,140.64,176.06,174.49,177.224,39.116,230.296
2001-04-12 20:15:00,156.49,47.047,194.467,116.39,1215.74,360.78,91.847,183.836,79.32,139.747,231.875,266.08,84.947,140.58,176.722,174.034,175.172,38.592,230.218
2001-04-12 20:20:00,157.438,48.823,198.867,113.267,1211.06,358.803,91.86772791666662,185.142,79.334,139.023,231.875,266.146,86.69,142.32,175.562,172.966,176.806,38.73,228.92
2001-04-12 20:25:00,157.278,47.923,198.067,114.967,1219.12,360.383,91.85178083333327,183.604,78.7,138.727,231.875,262.746,88.246,141.36,177.554,174.61,174.81,40.128,231.804
2001-04-12 20:30:00,156.168,48.89,194.367,113.95,1218.12,362.464,92.023,182.204,79.578,139.666,231.875,267.458,86.442,142.24,175.842,176.79,174.22,39.16,229.632
2001-04-12 20:35:00,155.546,48.687,198.767,115.243,1219.26,363.923,92.27902541666661,182.23,79.784,139.176,231.875,265.857,87.412,139.54,175.584,172.856,175.816,39.646,230.888
2001-04-12 20:40:00,155.822,48.213,197.533,115.6,1225.86,360.103,92.11103666666668,183.672,79.994,141.077,231.875,265.137,85.798,141.7,175.36,174.734,175.83,38.764,228.646
2001-04-12 20:45:00,157.66,48.253,196.333,115.59,1223.14,361.377,91.23,183.45,78.486,138.74,231.875,264.29,86.804,142.42,175.488,175.368,177.296,39.288,229.964
2001-04-12 20:50:00,157.012,47.423,197.1,116.203,1221.22,358.363,91.97798083333329,184.188,79.506,137.693,231.875,267.295,86.863,141.02,176.698,176.084,174.752,39.008,230.664
2001-04-12 20:55:00,156.168,48.177,196.767,117.213,1220.04,359.63,92.00268708333346,181.994,80.28,138.107,231.875,267.133,84.973,143.64,176.226,170.942,177.326,38.76,229.856
2001-04-12 21:00:00,156.966,46.987,198.2,116.783,1226.1,359.917,92.199,182.59,80.53,137.004,231.875,266.284,87.485,141.88,174.316,174.362,174.852,39.414,229.57
2001-04-12 21:05:00,155.552,48.947,198.2,114.643,1222.86,356.033,91.81821791666653,183.72,79.476,138.817,231.875,263.741,86.631,142.32,177.136,177.778,173.406,39.748,229.706
2001-04-12 21:10:00,155.996,48.447,197.7,115.367,1229.84,359.873,91.95128833333337,183.23,78.812,137.387,231.875,264.556,85.365,140.72,176.28,174.358,173.054,39.518,231.336
2001-04-12 21:15:00,155.668,48.37,197.833,115.737,1224.82,357.45,91.721,184.164,79.446,136.013,231.875,264.785,86.128,140.24,177.43,175.686,173.06,39.944,228.816
