DATETIME,ESOI,ATHN,MXCO,ROME,AATB,LMKS,DRBS,NEWK,KIEL,CALG,OULU,APTY,FSMT,INVK,NAIN,PWNK,THUL
2006-12-14 09:10:00,177.682,56.743,217.867,152.5,1404.74,445.15,,96.39,169.766,318.672,107.038,173.32,209.514,187.722,212.522,205.684,119.622
2006-12-14 09:15:00,177.902,56.753,221.767,151.633,1407.84,445.144,110.397,97.166,170.583,315.481,107.101,173.4,209.414,188.572,209.154,208.576,120.386
2006-12-14 09:20:00,178.888,55.0,219.767,151.167,1413.46,445.7,,96.648,168.82,314.83,104.843,172.6,209.012,189.382,208.212,209.084,120.45
2006-12-14 09:25:00,178.152,55.65,220.8,152.723,1409.18,447.727,,97.046,170.83,318.62,104.149,172.8,209.026,189.522,212.078,208.074,120.392
2006-12-14 09:30:00,178.448,55.753,220.267,153.527,1404.18,448.66,109.211,96.648,169.857,317.281,106.332,172.36,208.064,187.644,210.732,210.542,120.32
2006-12-14 09:35:00,178.146,56.2,219.7,152.103,1407.72,446.297,,95.926,168.067,319.096,106.756,172.4,210.158,187.842,211.744,208.148,120.01
2006-12-14 09:40:00,179.916,56.083,218.967,151.83,1406.26,445.02,,96.364,170.367,320.558,106.609,173.72,209.546,186.168,208.986,207.874,120.858
2006-12-14 09:45:00,178.898,55.31,221.167,151.413,1400.78,447.43,110.059,94.952,169.43,317.702,106.508,170.94,210.99,188.624,211.8,207.482,118.42
2006-12-14 09:50:00,180.29,55.56,219.567,151.29,1410.78,443.75,,97.03,170.21,317.598,106.998,174.98,207.24,188.544,213.212,208.59,120.962
2006-12-14 09:55:00,178.33,56.403,219.9,153.07,1400.36,446.407,,95.448,171.87,316.394,106.911,174.82,208.324,188.934,212.002,210.556,119.404
2006-12-14 10:00:00,180.072,55.937,218.9,154.4,1404.04,446.287,111.202,96.644,169.37,316.149,105.899,172.84,209.85,189.94,210.188,209.214,120.452
2006-12-14 10:05:00,179.444,55.347,220.0,151.527,1406.82,445.403,,96.184,170.69,320.293,105.754,173.8,208.528,189.922,209.108,208.93,120.194
2006-12-14 10:10:00,178.266,55.49,219.033,153.093,1394.56,447.917,,97.584,167.94,319.468,106.027,174.18,210.204,188.498,211.072,209.874,119.484
2006-12-14 10:15:00,179.274,55.0,220.733,152.827,1399.64,446.474,110.169,97.432,170.15,321.527,106.856,172.58,210.096,189.944,210.56,208.334,119.87
2006-12-14 10:20:00,181.678,55.997,219.8,152.257,1403.6,449.153,,97.044,170.313,316.109,107.283,174.7,208.404,188.212,210.22,208.556,121.084
2006-12-14 10:25:00,178.632,55.187,217.833,152.097,1406.82,445.39,,95.278,169.3,315.481,105.441,174.06,208.862,188.736,209.444,209.394,120.47
2006-12-14 10:30:00,179.702,55.907,218.767,153.693,1401.88,441.547,110.741,96.206,169.963,320.2,105.894,173.12,208.048,187.552,210.916,208.822,121.244
2006-12-14 10:35:00,178.416,56.297,219.633,151.493,1410.22,447.47,,97.58,169.8,317.705,108.128,173.7,211.294,188.936,209.51,209.902,119.704
2006-12-14 10:40:00,178.564,55.723,217.533,153.393,1402.52,444.687,,95.638,170.9,317.078,106.222,175.16,208.338,191.48,212.05,208.682,119.876
2006-12-14 10:45:00,178.734,54.887,217.8,151.74,1388.26,445.32,110.577,97.44,167.203,320.145,108.221,173.78,209.814,187.234,210.714,210.694,120.846
2006-12-14 10:50:00,179.796,55.623,219.933,150.34,1397.48,447.317,,96.834,168.653,320.072,106.872,173.64,209.08,188.556,211.158,208.376,119.408
2006-12-14 10:55:00,177.954,55.633,221.233,151.87,1397.5,447.663,,96.822,171.46,318.66,106.237,174.42,209.542,189.082,209.96,209.32,120.602
2006-12-14 11:00:00,178.89,55.52,219.8,150.34,1393.02,443.913,110.696,94.732,169.757,315.636,106.845,171.98,211.144,189.71,210.24,211.938,119.534
2006-12-14 11:05:00,178.266,56.18,221.733,151.513,1395.98,443.87,,97.23,170.56,318.357,105.209,171.94,210.11,187.898,211.45,209.222,119.892
2006-12-14 11:10:00,176.472,55.18,220.833,151.527,1397.4,445.763,,95.964,170.477,318.019,107.725,172.92,207.506,189.35,208.212,207.018,121.152
2006-12-14 11:15:00,178.238,55.933,221.2,151.737,1395.8,444.223,109.814,96.916,167.463,318.234,107.389,174.06,209.848,189.162,209.988,209.866,120.574
2006-12-14 11:20:00,179.15,54.94,220.133,152.357,1398.48,443.987,,96.57,167.777,318.54,106.253,173.08,209.714,185.936,210.916,211.0,119.53
2006-12-14 11:25:00,180.834,55.353,219.133,151.87,1396.56,444.134,,95.616,170.65,321.4,105.345,173.36,209.824,187.56,209.916,207.928,120.006
2006-12-14 11:30:00,179.796,55.547,219.033,154.71,1390.48,445.157,110.097,96.41,168.433,317.636,106.917,173.72,210.796,187.794,209.134,206.84,120.652
2006-12-14 11:35:00,177.988,56.67,217.5,152.43,1398.98,447.687,,95.842,168.993,319.389,107.604,174.76,210.306,190.44,211.208,209.928,119.7
2006-12-14 11:40:00,180.796,55.543,221.4,152.75,1381.22,442.217,,96.538,168.407,317.251,108.104,174.1,210.356,190.408,212.85,211.244,120.536
2006-12-14 11:45:00,180.894,56.993,217.3,152.183,1394.98,447.49,110.759,96.162,167.097,319.033,106.835,172.92,208.708,188.646,211.746,209.772,119.726
2006-12-14 11:50:00,178.512,56.017,219.033,152.727,1390.14,445.27,,94.318,168.917,317.71,108.427,174.66,210.382,188.656,211.314,212.022,120.758
2006-12-14 11:55:00,178.56,55.433,220.367,151.773,1386.06,441.957,,96.894,170.797,318.589,106.576,172.42,210.048,186.784,213.138,209.908,121.082
2006-12-14 12:00:00,179.51,56.113,221.933,153.557,1376.2,441.526,110.819,96.514,169.653,320.078,107.117,173.5,211.476,188.896,210.838,209.382,118.924
2006-12-14 12:05:00,179.464,54.947,218.833,152.997,1389.98,443.447,,95.738,170.997,320.005,105.429,173.28,210.698,187.594,213.79,210.1,120.058
2006-12-14 12:10:00,176.888,55.887,221.4,151.313,1406.6,441.32,,96.658,170.0,318.852,107.118,173.08,211.572,190.47,210.408,206.2,118.876
2006-12-14 12:15:00,178.02,55.767,221.733,152.3,1401.02,440.32,110.318,97.662,174.05,319.499,106.913,172.52,209.604,188.168,209.532,207.794,120.576
2006-12-14 12:20:00,178.626,55.483,221.333,151.617,1383.82,446.16,,96.334,170.36,317.206,108.085,172.66,209.096,189.628,211.064,208.292,120.054
2006-12-14 12:25:00,180.488,55.877,220.067,153.107,1380.9,447.49,,96.166,168.507,318.315,108.397,173.2,211.328,186.744,211.924,209.14,120.63
2006-12-14 12:30:00,178.398,56.447,218.167,150.713,1390.16,445.42,111.513,98.17,167.91,321.408,107.737,176.74,209.936,187.026,211.834,207.316,119.752
2006-12-14 12:35:00,177.966,55.16,220.067,151.54,1385.96,442.654,,96.19,169.087,317.93,106.839,173.04,209.244,188.864,212.126,209.326,120.532
2006-12-14 12:40:00,178.338,56.29,220.3,153.417,1392.2,442.83,,97.98,167.173,320.33,108.615,174.26,210.804,186.832,212.92,207.718,120.31
2006-12-14 12:45:00,178.548,57.093,221.533,152.297,1393.64,442.687,109.915,98.89,170.377,319.887,106.655,172.2,209.508,187.956,211.776,209.402,120.902
2006-12-14 12:50:00,178.46,56.247,222.0,151.477,1386.12,445.583,,97.632,169.936,318.038,107.688,170.86,210.502,190.11,211.066,208.232,120.408
2006-12-14 12:55:00,178.034,55.8,220.4,152.133,1393.14,447.037,,96.554,168.467,321.335,106.842,174.7,210.382,188.786,213.786,208.246,121.122
2006-12-14 13:00:00,178.032,55.32,223.433,155.307,1396.16,449.383,110.912,96.332,170.27,320.385,106.926,173.06,209.376,186.822,212.434,211.06,119.718
2006-12-14 13:05:00,177.896,55.967,221.933,153.937,1391.02,443.363,,96.862,169.247,320.014,107.123,173.78,210.136,188.142,208.884,209.67,120.692
2006-12-14 13:10:00,180.888,56.077,222.633,153.173,1392.64,446.127,,97.394,167.867,316.373,106.907,172.1,211.846,188.578,211.782,208.972,120.888
2006-12-14 13:15:00,176.768,55.953,221.967,151.883,1393.52,442.137,109.643,96.85,170.057,317.824,108.1,174.44,210.358,187.566,210.796,210.398,120.802
2006-12-14 13:20:00,178.756,54.707,223.9,151.347,1392.26,447.903,,97.1,168.837,319.384,107.312,172.72,208.848,188.166,209.448,206.986,122.23
2006-12-14 13:25:00,178.68,55.94,220.633,154.3,1394.06,441.677,,97.218,168.807,320.496,106.809,173.4,209.136,188.558,210.664,209.98,120.05
2006-12-14 13:30:00,176.554,55.003,221.9,151.567,1395.16,442.05,110.991,98.478,166.767,320.081,107.047,174.42,211.758,189.416,212.358,211.282,121.616
2006-12-14 13:35:00,179.854,56.377,221.333,150.09,1386.72,440.61,,97.094,168.857,319.957,107.404,172.66,208.798,190.124,210.518,211.184,119.93
2006-12-14 13:40:00,178.3,55.833,220.667,153.15,1390.54,442.303,,97.656,168.443,319.263,107.709,174.12,207.62,191.082,209.218,208.422,122.052
2006-12-14 13:45:00,178.374,56.143,220.633,152.687,1391.28,442.9,109.97,97.87,168.937,320.005,105.868,174.12,211.086,191.338,210.694,209.868,120.538
2006-12-14 13:50:00,178.8,56.16,221.967,149.883,1381.16,444.663,,96.714,167.783,319.913,105.81,174.1,210.566,189.984,212.928,208.27,121.19
2006-12-14 13:55:00,178.932,54.947,221.633,151.89,1395.06,444.32,,98.772,169.813,318.97,107.493,173.42,212.168,189.196,211.522,211.172,119.974
2006-12-14 14:00:00,179.688,56.543,221.567,153.85,1388.76,442.203,110.754,99.872,168.75,320.844,108.744,173.3,212.97,191.476,212.334,210.384,121.434
2006-12-14 14:05:00,179.53,56.413,219.467,150.263,1388.6,446.963,,97.716,170.184,321.371,107.101,174.42,210.35,189.03,211.728,209.65,119.692
2006-12-14 14:10:00,178.47,55.403,223.333,153.0,1390.84,443.583,,98.012,168.403,322.07,108.332,172.68,211.044,189.126,212.568,212.654,120.672
2006-12-14 14:15:00,179.8,56.61,224.067,150.32,1378.08,444.393,110.055,97.412,169.446,320.954,107.693,173.24,214.148,189.116,212.318,211.316,120.998
2006-12-14 14:20:00,175.788,55.383,223.4,151.74,1389.34,441.443,,97.546,170.367,321.915,105.595,172.1,210.798,188.99,212.918,211.362,120.836
2006-12-14 14:25:00,177.596,56.697,223.433,151.513,1375.4,442.533,,99.538,165.86,322.691,106.607,174.6,211.286,188.106,214.506,211.124,120.422
2006-12-14 14:30:00,176.916,55.207,222.267,152.24,1387.34,443.08,110.106,97.406,170.14,323.619,106.93,173.0,212.27,189.092,212.568,210.396,121.046
2006-12-14 14:35:00,179.882,55.85,222.933,150.343,1384.86,440.517,,95.974,170.13,323.112,106.297,176.16,213.876,189.41,213.982,211.876,121.312
2006-12-14 14:40:00,177.762,55.297,223.967,150.727,1386.26,443.953,,98.416,171.637,320.866,106.843,173.44,210.354,190.506,212.822,210.922,120.69
2006-12-14 14:45:00,178.812,55.32,218.933,153.007,1382.14,440.067,110.995,98.872,167.78,320.865,105.918,173.68,212.344,189.24,213.26,213.038,120.296
2006-12-14 14:50:00,178.452,55.54,219.8,151.497,1387.64,443.76,,98.42,170.61,323.117,105.94,172.96,213.636,188.976,214.472,210.576,120.51
2006-12-14 14:55:00,178.648,54.593,223.633,154.07,1391.0,447.187,,97.762,170.557,324.423,106.557,173.96,212.63,191.468,212.22,212.34,121.568
2006-12-14 15:00:00,178.53,55.58,223.7,151.077,1392.3,444.597,110.541,100.152,168.5,322.858,106.583,173.44,213.81,189.702,213.404,211.566,120.438
2006-12-14 15:05:00,177.68,56.157,224.5,153.28,1391.16,444.663,,99.478,170.817,321.459,105.663,173.98,213.668,188.354,211.532,213.926,121.692
2006-12-14 15:10:00,179.458,54.763,222.4,150.763,1387.1,444.63,,96.608,171.353,323.727,107.202,171.3,213.448,191.488,213.98,213.926,119.982
2006-12-14 15:15:00,176.442,56.413,221.7,153.743,1391.04,439.7,109.99,97.0,168.03,326.079,106.213,174.68,212.072,190.818,213.474,213.766,120.79
2006-12-14 15:20:00,178.488,55.287,222.333,153.197,1384.58,440.81,,96.818,169.667,325.07,106.247,172.76,211.986,190.016,213.518,213.084,121.262
2006-12-14 15:25:00,178.116,54.61,223.367,153.24,1389.38,441.92,,98.132,168.27,321.165,105.728,173.26,213.646,189.372,213.514,214.426,119.823
2006-12-14 15:30:00,177.896,54.707,222.233,150.24,1397.64,439.367,110.629,97.086,168.883,320.995,106.426,175.3,214.572,191.696,213.214,212.974,120.3
2006-12-14 15:35:00,178.856,56.117,222.9,151.157,1400.66,443.1,,98.298,169.757,323.782,106.423,173.58,214.078,191.894,213.152,213.878,121.85
2006-12-14 15:40:00,177.652,55.69,220.633,151.18,1394.88,443.197,,96.138,169.547,324.581,107.243,174.84,212.366,190.062,213.606,212.562,122.086
2006-12-14 15:45:00,177.178,55.053,223.867,153.183,1396.72,442.29,110.043,99.372,168.493,324.113,105.667,172.52,213.636,191.488,214.576,212.844,122.168
2006-12-14 15:50:00,180.314,55.447,220.5,152.063,1397.02,446.663,,99.47,168.273,321.885,106.724,173.48,212.25,189.214,213.316,211.486,121.78
2006-12-14 15:55:00,179.034,56.183,221.1,152.793,1394.3,444.0,,98.202,170.38,322.776,107.736,173.5,212.51,189.316,211.86,212.026,120.506
2006-12-14 16:00:00,177.592,54.837,219.8,152.363,1390.0,444.283,109.901,98.702,169.62,326.085,107.521,174.66,212.358,188.988,212.664,210.48,120.458
2006-12-14 16:05:00,177.676,54.77,222.133,150.323,1384.46,442.847,,96.778,167.483,320.48,106.482,172.14,212.952,189.056,212.392,211.504,121.204
2006-12-14 16:10:00,176.47,56.443,222.6,151.793,1382.38,442.133,,99.228,168.353,323.229,106.523,172.34,212.242,191.092,211.026,210.432,122.434
2006-12-14 16:15:00,180.778,54.743,225.033,149.533,1391.48,443.633,110.328,97.612,168.783,325.168,106.041,172.46,210.396,189.774,212.892,213.738,120.416
2006-12-14 16:20:00,177.254,55.24,223.533,153.047,1376.8,442.483,,98.462,168.52,322.59,106.586,174.62,211.16,190.776,212.922,211.118,119.404
2006-12-14 16:25:00,177.132,55.83,223.333,153.403,1371.42,444.24,,96.242,166.97,322.215,105.28,170.08,211.976,192.274,212.89,213.308,122.158
2006-12-14 16:30:00,178.478,54.873,221.7,152.157,1375.42,442.404,110.3,99.278,166.93,321.356,106.772,173.5,210.956,189.872,212.276,211.764,119.772
2006-12-14 16:35:00,176.968,54.097,222.867,153.857,1380.5,442.983,,95.714,168.047,322.951,106.415,172.34,211.246,188.992,212.942,212.784,119.102
2006-12-14 16:40:00,176.878,54.38,225.1,150.753,1375.18,441.347,,98.466,167.377,322.715,106.552,170.58,212.454,189.866,213.898,211.522,119.608
2006-12-14 16:45:00,178.116,53.89,220.3,151.957,1373.72,441.327,110.393,98.19,170.573,322.089,105.721,172.34,210.886,187.484,214.206,210.238,120.826
2006-12-14 16:50:00,177.584,53.717,223.1,152.29,1372.62,441.247,,97.782,169.27,322.121,106.08,174.16,211.194,186.192,214.056,212.166,120.87
2006-12-14 16:55:00,177.44,53.433,218.733,149.417,1365.22,440.683,,96.366,168.867,319.933,106.497,172.66,214.444,188.336,216.062,212.214,119.746
2006-12-14 17:00:00,177.52,54.94,223.4,150.933,1364.9,437.217,109.133,98.994,168.437,321.246,106.683,171.22,211.094,189.002,213.23,212.948,119.3
2006-12-14 17:05:00,176.612,54.547,220.7,149.293,1370.28,435.243,,99.07,167.873,324.529,106.913,172.2,212.856,188.402,212.356,212.024,119.094
2006-12-14 17:10:00,175.388,54.063,221.2,150.073,1364.76,435.323,,97.838,168.247,319.387,106.895,174.06,209.342,189.346,214.184,211.584,118.88
2006-12-14 17:15:00,174.042,53.493,219.533,147.7,1365.48,431.54,109.421,98.004,167.893,318.856,105.468,173.22,209.562,188.282,214.904,212.516,119.878
2006-12-14 17:20:00,175.088,53.543,222.567,149.037,1362.2,441.603,,97.264,169.897,320.652,106.35,171.64,209.38,187.512,209.82,211.566,119.158
2006-12-14 17:25:00,174.412,52.74,221.333,148.26,1356.24,434.42,,98.376,167.51,322.574,106.545,171.1,209.474,188.344,212.342,210.656,120.544
2006-12-14 17:30:00,176.05,54.337,220.833,149.187,1361.2,435.506,109.043,97.838,168.587,318.981,106.975,170.54,213.172,188.626,212.936,212.838,120.068
2006-12-14 17:35:00,177.176,54.687,218.067,149.577,1362.3,437.547,,97.656,167.877,324.261,106.509,170.86,211.54,187.526,212.99,209.99,119.86
2006-12-14 17:40:00,175.842,54.14,220.5,147.873,1355.52,434.917,,97.99,170.55,322.321,106.123,170.02,210.948,188.908,211.048,211.846,120.562
2006-12-14 17:45:00,174.788,54.603,221.967,150.8,1360.52,435.183,110.234,97.38,170.397,319.514,105.797,171.36,211.372,187.594,212.85,210.922,120.85
2006-12-14 17:50:00,175.344,55.387,219.533,148.093,1366.42,434.157,,98.464,167.49,320.06,103.414,171.02,210.02,187.896,210.052,214.864,119.158
2006-12-14 17:55:00,177.94,53.617,220.367,147.48,1358.68,432.69,,96.414,166.04,321.153,104.963,169.14,210.31,186.968,212.754,210.126,119.456
2006-12-14 18:00:00,174.89,53.457,220.0,148.937,1356.04,436.963,109.333,98.13,166.077,319.683,106.672,167.84,210.812,188.288,213.21,212.496,119.872
2006-12-14 18:05:00,177.656,54.847,220.7,149.853,1340.92,432.157,,94.928,166.987,318.339,104.805,171.96,209.444,187.43,211.082,211.902,119.172
2006-12-14 18:10:00,177.024,54.253,223.167,151.603,1342.68,433.803,,96.634,165.9,317.931,102.678,169.54,209.236,184.462,210.734,209.698,118.754
2006-12-14 18:15:00,174.274,53.303,217.2,150.173,1337.5,430.3,108.73,96.682,168.023,320.01,104.69,169.16,206.804,183.71,208.94,207.42,119.212
2006-12-14 18:20:00,174.13,53.753,218.833,149.09,1341.8,431.51,,97.636,168.197,317.821,104.426,169.5,208.71,183.056,208.66,209.116,117.302
2006-12-14 18:25:00,173.974,53.203,217.467,147.82,1339.58,426.337,,96.89,164.687,316.059,104.434,166.26,206.268,183.428,209.7,209.068,119.024
2006-12-14 18:30:00,175.286,54.447,219.433,147.97,1334.64,428.83,108.823,98.07,163.507,315.37,104.048,166.52,205.258,185.618,210.746,210.006,118.738
2006-12-14 18:35:00,172.768,53.9,218.3,147.773,1334.2,425.217,,96.6,164.15,313.885,102.81,166.4,205.45,183.598,209.662,210.47,118.166
2006-12-14 18:40:00,173.384,52.92,220.467,148.27,1325.46,422.27,,95.608,162.793,310.058,102.78,165.98,208.98,182.49,209.25,208.154,116.268
2006-12-14 18:45:00,174.524,53.047,218.733,149.36,1324.38,425.323,106.926,95.366,164.36,315.308,102.044,165.7,206.658,182.918,208.112,207.86,116.168
2006-12-14 18:50:00,172.158,54.05,216.433,148.3,1325.24,420.62,,96.978,162.65,311.516,103.262,165.92,204.182,182.77,211.518,205.31,117.7
2006-12-14 18:55:00,171.416,53.757,220.433,148.48,1333.46,421.94,,96.22,164.003,315.381,103.435,168.8,207.618,178.858,210.842,206.132,117.026
2006-12-14 19:00:00,173.4,53.073,219.233,146.743,1330.54,423.703,107.449,96.736,163.997,313.213,104.838,165.98,205.812,180.16,209.208,206.458,117.91
2006-12-14 19:05:00,173.304,54.41,215.9,147.083,1330.18,417.23,,95.976,163.847,314.303,103.098,166.14,204.26,181.94,207.0,205.624,117.382
2006-12-14 19:10:00,172.984,54.383,217.333,145.507,1332.64,422.973,,98.694,161.55,313.393,102.831,165.34,203.1,179.55,207.878,206.396,116.868
2006-12-14 19:15:00,175.488,54.877,219.8,147.22,1325.34,423.403,106.08,95.976,163.633,310.089,101.489,167.7,205.85,181.758,209.314,208.87,116.964
2006-12-14 19:20:00,173.992,53.427,218.833,147.297,1326.8,418.743,,96.02,164.867,309.518,103.073,164.8,205.656,183.636,209.732,208.302,117.306
2006-12-14 19:25:00,172.66,53.423,216.367,146.5,1331.96,418.717,,95.222,162.587,309.918,101.454,164.88,205.262,183.192,209.298,206.016,114.56
2006-12-14 19:30:00,172.278,52.55,215.6,144.677,1325.32,416.037,107.439,95.328,159.69,312.354,101.853,163.96,203.154,180.336,209.392,208.682,116.652
2006-12-14 19:35:00,171.274,52.207,217.167,146.573,1323.36,420.17,,96.922,162.614,314.618,101.983,165.7,205.934,182.69,210.276,205.442,115.544
2006-12-14 19:40:00,173.624,52.83,219.167,144.97,1326.26,418.027,,95.864,159.057,312.867,101.166,165.64,206.348,181.178,208.624,206.068,115.918
2006-12-14 19:45:00,172.364,53.77,218.133,145.427,1321.96,416.96,105.938,97.022,159.623,310.982,101.798,166.54,204.138,182.016,207.986,205.416,116.632
2006-12-14 19:50:00,174.496,54.233,215.9,145.813,1331.28,416.667,,94.048,163.173,312.402,98.897,163.66,202.238,178.326,207.602,209.538,115.718
2006-12-14 19:55:00,172.884,53.983,216.933,147.497,1328.44,416.377,,94.992,160.93,313.98,101.837,163.38,202.708,179.674,205.322,208.59,115.014
2006-12-14 20:00:00,172.92,53.35,215.833,144.177,1326.42,416.487,106.036,93.416,160.093,309.617,100.712,162.96,202.676,181.032,207.374,205.014,115.604
2006-12-14 20:05:00,172.968,53.81,216.433,145.353,1329.42,415.37,,95.91,162.406,311.283,100.588,164.26,202.616,182.268,205.352,207.0,115.434
2006-12-14 20:10:00,173.234,54.663,213.967,144.77,1328.68,420.013,,93.594,163.493,311.49,100.798,166.52,202.286,182.108,204.382,206.8,114.636
2006-12-14 20:15:00,172.13,51.937,218.0,146.437,1328.12,419.653,104.902,94.528,160.7,314.34,100.817,162.68,202.664,181.764,207.13,205.916,115.592
2006-12-14 20:20:00,172.928,53.773,216.1,144.977,1329.44,415.5,,94.106,158.623,313.604,100.757,164.96,204.266,179.164,205.616,206.146,114.128
2006-12-14 20:25:00,172.74,52.387,213.8,146.873,1329.82,415.337,,94.896,159.2,310.61,102.035,165.74,201.42,181.644,205.196,205.262,114.79
2006-12-14 20:30:00,173.286,53.417,216.0,145.71,1332.18,416.967,106.347,92.134,160.98,307.806,100.095,164.26,204.106,179.912,204.924,203.274,113.128
2006-12-14 20:35:00,171.426,54.49,217.0,145.783,1323.52,413.913,,93.946,160.443,307.409,101.545,161.92,203.564,179.862,204.422,202.16,112.856
2006-12-14 20:40:00,174.706,52.56,216.033,145.217,1327.58,417.15,,94.902,161.233,307.688,100.103,162.04,203.4,179.244,202.198,202.688,113.128
2006-12-14 20:45:00,171.616,53.66,216.2,145.773,1326.54,419.217,105.191,94.344,159.2,306.967,99.12,163.4,201.982,178.98,202.822,199.774,112.442
2006-12-14 20:50:00,171.894,53.76,215.633,146.37,1332.44,418.27,,93.61,161.273,307.914,99.997,161.8,201.07,180.468,200.878,202.75,113.326
2006-12-14 20:55:00,171.892,53.933,214.533,147.33,1319.76,415.71,,92.922,159.76,306.047,100.257,161.94,200.886,178.978,199.926,198.116,113.076
2006-12-14 21:00:00,173.488,54.463,213.3,147.207,1326.32,414.163,104.467,93.944,161.423,306.073,99.838,163.1,198.01,176.166,202.562,201.146,113.03
2006-12-14 21:05:00,171.476,53.797,214.933,147.387,1331.2,417.92,,92.984,162.99,306.931,101.235,165.08,198.952,176.834,202.098,200.97,112.398
2006-12-14 21:10:00,171.984,54.587,214.333,146.817,1329.16,418.674,,93.76,161.573,305.78,100.19,163.68,198.028,177.286,200.984,198.28,112.988
2006-12-14 21:15:00,172.49,54.253,217.067,147.237,1322.52,421.797,105.725,92.81,163.367,305.725,100.795,164.2,200.362,177.558,201.792,201.182,112.364
2006-12-14 21:20:00,174.048,54.097,213.233,149.373,1330.74,420.707,,93.762,159.117,304.27,99.968,163.4,199.428,178.076,201.044,201.182,112.27
2006-12-14 21:25:00,170.644,54.627,214.1,149.103,1341.0,422.383,,95.164,161.633,305.917,101.7,162.92,200.5,177.17,204.138,201.468,113.388
2006-12-14 21:30:00,173.14,54.243,214.233,148.26,1335.34,424.076,105.087,92.598,159.707,303.976,100.0,164.78,200.994,177.462,203.286,200.752,114.464
2006-12-14 21:35:00,171.138,54.207,212.9,144.877,1334.18,422.833,,91.95,163.447,300.846,99.761,164.62,201.494,178.16,202.848,200.092,113.3
2006-12-14 21:40:00,173.736,53.513,216.5,146.917,1334.7,425.55,,92.704,163.277,303.661,101.355,164.1,201.208,177.95,200.32,199.224,114.442
2006-12-14 21:45:00,173.526,53.907,214.3,148.613,1335.28,423.723,106.12,92.616,161.713,304.22,99.55,164.14,200.952,180.122,202.582,201.134,113.914
2006-12-14 21:50:00,173.77,53.537,215.767,146.957,1334.32,425.147,,92.55,161.014,303.435,99.361,165.52,198.488,180.052,199.808,199.986,111.87
2006-12-14 21:55:00,171.272,54.6,214.033,146.873,1346.08,421.343,,93.162,160.82,303.877,101.0,163.4,197.628,179.682,200.878,200.784,112.388
2006-12-14 22:00:00,174.148,53.56,214.6,147.613,1343.74,422.647,105.883,94.112,161.197,302.851,99.915,164.74,197.3,178.266,202.144,201.724,112.662
2006-12-14 22:05:00,172.6,53.997,214.7,147.983,1339.62,422.263,,93.202,160.59,302.598,100.977,164.1,200.338,178.582,199.732,200.616,112.648
2006-12-14 22:10:00,173.522,54.057,214.2,146.24,1326.64,424.357,,92.012,161.11,302.878,101.689,164.0,196.856,178.708,198.858,198.966,112.024
2006-12-14 22:15:00,174.172,53.987,214.4,146.19,1328.64,424.157,107.181,92.33,162.49,300.275,99.866,162.7,196.022,177.94,199.042,197.428,112.632
2006-12-14 22:20:00,172.416,53.46,213.933,146.953,1325.96,422.61,,93.464,162.31,300.733,100.871,162.88,196.712,178.914,198.322,199.384,113.282
2006-12-14 22:25:00,174.484,54.38,213.833,145.877,1324.32,427.52,,93.026,161.233,297.431,101.387,164.5,198.2,180.168,199.032,197.59,113.13
2006-12-14 22:30:00,169.458,54.043,212.333,146.78,1329.78,425.39,105.74,90.948,160.73,301.33,101.108,164.3,198.104,179.964,196.66,199.184,112.848
2006-12-14 22:35:00,173.342,53.11,215.367,148.507,1334.62,424.44,,93.28,160.207,301.667,99.669,163.48,197.95,178.202,197.544,196.836,113.35
2006-12-14 22:40:00,171.316,55.29,217.633,148.46,1340.84,426.087,,93.234,160.303,296.904,101.148,163.76,194.458,179.932,196.714,198.688,113.054
2006-12-14 22:45:00,172.786,51.957,214.933,148.027,1338.26,426.143,105.716,94.25,160.627,297.801,100.65,162.66,196.93,177.748,199.902,198.06,113.432
2006-12-14 22:50:00,173.39,53.523,214.133,145.827,1343.0,421.04,,93.13,160.827,296.965,99.751,164.56,198.604,179.446,197.82,196.234,112.692
2006-12-14 22:55:00,172.628,53.867,212.567,146.317,1336.34,417.863,,92.188,161.21,301.149,99.323,162.68,198.586,180.02,198.512,198.576,112.356
2006-12-14 23:00:00,172.476,54.113,214.467,143.753,1321.9,415.6,104.966,91.866,160.117,295.454,100.606,163.42,196.556,178.012,198.542,195.386,112.15
2006-12-14 23:05:00,172.384,53.793,211.967,145.197,1328.4,414.757,,92.632,160.977,296.221,99.079,161.12,199.308,177.878,196.888,195.384,112.488
2006-12-14 23:10:00,170.874,53.25,213.933,145.903,1329.18,417.297,,90.554,160.173,295.638,99.506,161.58,195.61,181.268,197.71,196.79,112.524
2006-12-14 23:15:00,170.824,53.213,212.6,145.883,1320.08,420.173,105.503,89.59,160.187,290.434,100.31,164.02,195.954,180.526,195.034,193.532,112.322
2006-12-14 23:20:00,170.256,53.187,210.767,145.603,1337.7,417.653,,90.352,162.67,292.682,99.341,163.02,196.042,179.47,195.702,193.22,113.46
2006-12-14 23:25:00,172.798,53.533,209.133,143.98,1337.06,419.843,,89.824,162.22,288.49,100.323,164.22,194.948,175.136,194.49,191.392,111.558
2006-12-14 23:30:00,173.804,51.533,210.9,147.597,1331.82,422.31,105.921,89.78,160.163,291.081,100.002,162.64,194.048,176.68,196.408,191.678,112.164
2006-12-14 23:35:00,170.69,53.593,211.233,144.9,1336.74,423.937,,90.594,160.557,290.075,99.552,160.3,196.692,175.158,193.658,190.988,110.604
2006-12-14 23:40:00,174.308,53.48,212.0,147.193,1335.94,421.22,,90.912,162.477,288.21,99.814,160.62,192.908,177.712,194.674,192.15,112.044
2006-12-14 23:45:00,173.482,55.447,211.333,146.37,1334.04,421.813,104.255,89.674,161.177,293.672,99.027,160.96,194.202,178.63,192.764,190.952,112.446
2006-12-14 23:50:00,172.17,52.903,213.333,145.64,1342.92,418.933,,91.292,159.06,291.006,98.661,161.24,194.876,174.776,195.476,189.736,112.186
2006-12-14 23:55:00,172.488,53.463,212.033,149.553,1336.16,420.447,,90.288,158.163,291.774,99.306,158.94,193.502,174.816,192.384,192.92,111.14
2006-12-15 00:00:00,173.428,52.317,211.1,147.45,1336.32,421.343,104.786,87.58,159.417,291.071,98.665,162.02,194.216,178.312,193.162,191.412,112.574
2006-12-15 00:05:00,171.4,53.29,211.1,147.227,1339.0,423.413,,90.414,159.04,290.279,99.489,160.96,193.844,176.564,193.318,193.176,111.882
2006-12-15 00:10:00,174.766,52.767,211.3,147.31,1340.54,417.28,,88.642,161.61,292.205,99.157,159.82,194.03,175.862,193.676,192.628,111.654
2006-12-15 00:15:00,172.664,54.047,211.833,146.967,1334.0,417.137,104.412,89.27,158.517,291.746,98.324,160.96,196.44,175.734,192.952,190.68,112.61
2006-12-15 00:20:00,171.936,54.447,207.8,146.91,1335.44,417.16,,89.314,158.86,290.803,98.32,162.22,193.68,174.69,193.05,190.304,110.842
2006-12-15 00:25:00,173.458,53.873,207.9,148.723,1337.98,418.087,,88.292,159.083,294.642,97.374,159.64,193.688,175.808,195.116,191.458,110.626
2006-12-15 00:30:00,173.004,53.38,208.233,145.93,1334.68,420.037,104.996,90.34,156.557,289.433,97.861,160.78,194.374,177.286,194.456,191.908,110.778
2006-12-15 00:35:00,173.874,54.04,211.333,147.71,1333.04,416.6,,90.412,156.373,292.722,96.567,159.72,195.26,177.596,193.942,191.438,112.082
2006-12-15 00:40:00,172.614,54.137,207.333,146.153,1332.92,414.957,,90.842,156.597,289.196,97.589,160.08,195.696,175.102,193.704,190.862,111.814
2006-12-15 00:45:00,174.006,54.07,206.7,143.783,1333.58,420.667,104.695,88.56,156.766,286.77,97.917,160.54,194.842,176.554,194.112,191.706,111.692
2006-12-15 00:50:00,173.392,54.643,209.133,145.687,1331.44,418.767,,90.068,159.147,287.076,97.101,160.26,194.224,175.488,192.258,189.406,111.21
2006-12-15 00:55:00,175.168,53.783,210.967,148.617,1345.78,417.753,,90.232,157.957,287.658,96.116,158.8,193.13,174.146,193.932,192.014,110.306
2006-12-15 01:00:00,176.062,54.187,209.4,146.573,1338.52,419.21,103.776,88.952,158.55,293.254,97.551,159.28,191.016,176.344,189.57,189.746,110.59
2006-12-15 01:05:00,175.634,52.807,209.5,146.317,1334.74,419.147,,88.096,156.797,295.095,97.655,160.52,191.53,175.506,193.736,191.74,111.51
2006-12-15 01:10:00,174.706,54.797,209.467,146.967,1332.08,419.253,,87.28,158.357,292.736,98.094,160.36,190.316,176.102,191.152,189.41,112.25
2006-12-15 01:15:00,175.524,53.097,206.7,146.44,1338.78,415.767,104.205,87.846,156.073,291.771,99.226,160.58,190.042,175.756,192.794,191.462,110.284
2006-12-15 01:20:00,172.272,53.93,205.833,145.703,1348.54,418.91,,89.326,156.65,292.947,97.753,160.74,192.266,176.812,192.492,189.602,112.004
2006-12-15 01:25:00,176.748,54.363,207.9,148.05,1336.54,419.003,,89.116,157.023,291.376,97.998,159.76,193.522,173.792,194.758,188.072,111.98
2006-12-15 01:30:00,172.202,53.577,208.033,146.663,1330.9,419.223,103.33,88.03,159.037,292.911,98.715,159.26,191.174,175.148,192.982,190.758,111.748
2006-12-15 01:35:00,175.738,53.587,210.2,146.163,1344.86,420.32,,91.01,157.193,293.065,98.251,161.04,192.994,176.438,192.812,190.614,111.5
2006-12-15 01:40:00,171.626,54.687,209.2,145.883,1349.16,420.927,,88.872,156.787,290.318,99.458,159.7,190.638,176.102,193.634,190.592,113.278
2006-12-15 01:45:00,174.872,54.523,206.167,145.217,1347.08,420.66,104.623,88.892,157.54,289.835,97.367,160.42,192.282,175.7,192.328,190.614,111.12
2006-12-15 01:50:00,171.538,53.557,209.333,145.85,1357.66,417.55,,89.1,159.53,292.725,97.713,160.02,191.622,176.13,193.038,187.964,112.44
2006-12-15 01:55:00,172.536,53.13,209.2,147.747,1352.52,417.28,,88.4,158.167,295.819,99.243,160.28,191.692,175.93,192.306,188.164,111.886
2006-12-15 02:00:00,172.674,52.78,207.8,148.137,1353.0,418.493,104.739,87.604,158.57,293.402,97.654,160.34,190.434,175.486,191.012,189.416,110.336
2006-12-15 02:05:00,171.468,54.62,207.567,146.753,1356.7,417.323,,89.986,160.077,290.965,99.798,160.66,189.954,177.08,192.38,188.682,110.828
2006-12-15 02:10:00,174.88,52.927,211.033,146.44,1359.0,418.19,,89.266,157.643,290.782,99.772,161.1,191.718,174.47,190.39,190.09,111.016
2006-12-15 02:15:00,171.458,54.553,209.067,146.07,1346.94,420.733,105.56,90.206,159.257,294.331,99.879,162.18,191.246,174.41,190.758,191.824,111.226
2006-12-15 02:20:00,173.318,52.893,210.633,146.5,1344.4,422.91,,88.072,157.02,292.12,100.668,160.88,189.56,172.654,192.712,190.916,111.0
2006-12-15 02:25:00,174.09,53.27,209.867,146.893,1350.08,421.497,,88.598,158.703,292.286,99.561,161.84,191.838,173.278,192.492,192.226,110.874
2006-12-15 02:30:00,173.426,53.563,206.533,147.183,1338.32,425.21,104.944,87.522,160.133,293.562,99.883,160.86,191.856,175.202,193.208,191.39,110.732
2006-12-15 02:35:00,175.058,53.22,210.8,147.493,1345.16,420.987,,88.698,159.223,294.823,98.695,161.02,194.41,173.844,191.21,190.108,111.094
2006-12-15 02:40:00,175.464,53.853,208.167,145.527,1344.66,421.527,,88.232,158.97,291.75,99.319,160.86,190.668,173.812,191.386,189.258,110.942
2006-12-15 02:45:00,174.454,52.663,207.9,147.17,1341.02,423.467,104.531,87.226,159.167,293.977,99.406,161.16,191.93,173.666,192.652,189.558,111.01
2006-12-15 02:50:00,174.314,52.773,210.2,145.68,1346.48,423.707,,87.386,157.863,290.673,98.617,162.68,191.408,175.034,192.2,190.738,111.086
2006-12-15 02:55:00,174.882,52.557,208.9,146.013,1346.26,418.57,,90.28,156.497,292.653,99.959,163.18,192.166,175.668,193.724,190.874,111.584
2006-12-15 03:00:00,172.206,54.573,208.4,145.687,1351.38,420.267,105.043,88.006,159.227,292.297,100.334,162.18,193.578,173.822,193.87,191.952,111.89
2006-12-15 03:05:00,173.468,54.537,206.533,145.687,1341.88,421.974,,88.44,158.953,289.149,100.294,163.9,191.948,175.516,193.0,190.338,111.688
2006-12-15 03:10:00,174.852,53.293,208.433,146.5,1347.44,420.737,,88.988,157.827,290.583,100.12,162.36,192.54,173.136,189.498,189.598,112.348
2006-12-15 03:15:00,173.57,53.42,207.1,146.827,1341.76,421.676,104.782,88.276,158.076,293.165,100.561,164.5,191.692,172.41,191.89,188.99,111.892
2006-12-15 03:20:00,174.288,53.357,206.6,145.793,1345.98,420.09,,89.716,160.01,291.148,100.268,160.7,192.01,174.158,192.86,190.128,111.342
2006-12-15 03:25:00,171.212,53.323,209.667,146.303,1337.44,422.497,,89.134,158.413,292.075,100.19,161.44,191.89,174.038,192.19,190.224,111.796
2006-12-15 03:30:00,173.136,54.42,210.2,143.663,1346.04,418.783,103.835,89.53,158.31,291.766,99.264,161.92,192.982,173.036,192.28,191.936,111.43
2006-12-15 03:35:00,173.724,54.403,209.367,145.853,1335.52,417.21,,89.878,157.387,291.663,98.375,159.3,192.174,173.352,192.972,192.01,113.05
2006-12-15 03:40:00,172.576,53.89,208.3,144.77,1345.96,414.687,,87.746,158.243,292.008,99.784,160.94,192.966,172.93,192.946,191.072,112.474
2006-12-15 03:45:00,174.088,53.46,209.1,143.997,1337.4,414.567,104.215,87.232,155.337,291.149,98.174,159.28,193.156,174.728,193.59,190.968,110.75
2006-12-15 03:50:00,175.144,54.047,209.3,144.337,1338.38,416.827,,88.702,156.403,289.383,98.845,159.8,190.808,173.184,191.576,192.558,112.828
2006-12-15 03:55:00,174.344,55.2,208.633,143.277,1339.62,415.933,,90.32,154.847,292.006,97.409,158.56,192.632,173.63,194.706,189.342,111.256
2006-12-15 04:00:00,172.704,54.393,208.8,146.253,1345.1,415.753,103.324,89.176,158.437,289.746,99.24,161.2,194.558,174.752,193.332,188.19,111.45
2006-12-15 04:05:00,171.828,54.437,208.7,145.343,1338.92,419.81,,91.204,159.32,292.019,100.287,161.52,193.532,174.288,192.006,192.136,111.61
2006-12-15 04:10:00,171.462,53.857,208.233,143.553,1338.2,420.797,,89.17,157.937,292.264,101.146,161.48,191.338,178.234,192.376,189.984,111.9
2006-12-15 04:15:00,173.486,52.987,210.233,145.99,1343.7,417.893,106.032,89.25,159.167,291.304,99.942,161.32,192.942,174.726,192.882,189.564,110.912
2006-12-15 04:20:00,172.988,54.173,212.2,143.973,1338.66,420.19,,88.382,156.677,289.594,99.036,162.5,193.526,177.116,192.066,191.102,111.694
2006-12-15 04:25:00,174.434,53.05,210.567,145.43,1339.52,416.587,,89.716,158.03,291.694,98.8,161.92,193.814,174.23,193.818,191.328,112.03
2006-12-15 04:30:00,172.216,53.327,209.533,145.27,1341.06,421.297,104.663,90.246,159.31,291.035,99.56,164.54,192.696,174.476,193.98,191.57,112.968
2006-12-15 04:35:00,173.348,53.27,212.733,143.343,1338.58,419.55,,88.252,160.35,291.105,99.758,160.54,193.47,174.496,193.552,190.346,111.386
2006-12-15 04:40:00,172.11,53.537,212.467,144.793,1338.78,419.027,,90.892,157.737,290.101,99.044,160.24,192.46,172.954,194.642,191.412,112.308
2006-12-15 04:45:00,174.582,53.523,211.8,146.64,1347.8,419.503,105.524,91.104,161.487,293.517,99.538,162.96,192.898,175.292,196.06,192.712,111.114
2006-12-15 04:50:00,172.986,54.79,210.333,143.54,1345.58,419.067,,90.696,158.707,291.651,99.023,160.6,193.624,174.958,197.756,192.526,112.644
2006-12-15 04:55:00,173.15,53.147,209.6,144.723,1352.06,420.257,,91.3,158.773,291.07,99.236,160.5,192.996,174.252,195.7,191.932,112.482
2006-12-15 05:00:00,173.488,52.55,212.333,147.493,1351.5,417.13,106.184,90.15,157.37,289.647,100.56,161.64,193.092,174.59,196.504,193.316,113.026
2006-12-15 05:05:00,173.856,54.463,208.8,142.703,1355.2,417.62,,89.54,159.463,291.405,100.36,162.14,193.738,173.542,196.226,195.846,112.904
2006-12-15 05:10:00,173.444,53.687,209.933,146.057,1357.56,417.783,,89.234,160.174,290.888,99.691,162.02,192.098,175.96,195.254,195.02,112.378
2006-12-15 05:15:00,175.128,52.943,209.967,144.89,1357.56,416.757,104.728,90.982,158.623,295.09,101.148,161.6,192.388,173.982,197.868,194.034,111.392
2006-12-15 05:20:00,174.712,53.897,211.5,146.237,1352.6,417.923,,91.236,159.693,290.963,98.224,163.78,192.506,173.642,195.534,192.898,113.974
2006-12-15 05:25:00,173.422,54.1,212.467,146.333,1345.16,420.363,,91.888,160.197,291.066,102.107,162.44,191.966,174.62,196.884,192.158,113.832
2006-12-15 05:30:00,174.758,53.42,211.1,146.857,1337.2,420.523,105.709,91.828,158.107,288.989,101.04,162.06,192.878,175.992,197.956,192.638,112.57
2006-12-15 05:35:00,175.034,54.363,212.833,144.923,1345.34,419.74,,92.28,157.877,290.519,99.899,161.98,195.624,174.258,196.78,194.354,113.364
2006-12-15 05:40:00,175.816,54.0,211.033,143.583,1341.5,417.983,,91.146,157.807,290.554,100.64,162.44,194.982,176.038,198.252,194.474,113.51
2006-12-15 05:45:00,171.636,52.58,212.1,144.64,1350.66,421.69,105.023,90.434,161.41,291.508,99.326,162.28,193.59,174.804,198.894,195.818,112.538
2006-12-15 05:50:00,173.66,55.45,212.067,144.763,1353.08,417.817,,91.16,157.783,290.033,99.453,164.34,193.382,173.916,198.462,194.51,113.752
2006-12-15 05:55:00,173.916,53.953,211.9,144.473,1343.06,425.717,,90.73,158.503,291.296,98.273,162.96,195.204,174.868,197.51,198.182,112.056
2006-12-15 06:00:00,173.444,54.15,213.167,144.32,1346.92,422.863,104.261,91.578,159.483,289.935,100.438,161.46,195.952,175.406,197.464,193.652,113.232
2006-12-15 06:05:00,171.488,52.713,211.8,145.85,1345.76,420.41,,91.386,158.713,290.418,100.324,161.86,195.366,175.498,196.806,195.446,111.644
2006-12-15 06:10:00,172.978,56.19,212.467,143.827,1352.96,424.467,,92.02,159.117,290.037,100.907,162.74,194.608,178.062,195.572,195.564,113.042
2006-12-15 06:15:00,175.324,52.323,212.733,148.443,1352.24,420.417,105.391,91.02,160.137,292.066,98.994,163.78,194.946,174.698,197.0,196.882,111.428
2006-12-15 06:20:00,172.658,54.557,213.0,144.637,1344.42,421.083,,91.038,159.783,293.295,99.792,162.56,195.038,177.546,197.506,194.878,112.086
2006-12-15 06:25:00,175.302,55.42,212.067,145.747,1346.52,422.007,,90.812,161.133,293.604,99.489,161.26,197.998,178.04,196.512,197.28,111.676
2006-12-15 06:30:00,175.318,53.273,211.967,145.84,1346.3,421.093,105.267,91.028,157.86,292.878,100.254,161.26,196.65,175.056,196.932,194.508,113.878
2006-12-15 06:35:00,175.074,54.803,211.6,145.843,1345.88,420.16,,90.57,160.033,293.982,99.565,160.08,196.114,174.756,197.086,193.958,113.162
2006-12-15 06:40:00,175.286,52.567,210.367,144.42,1350.66,420.093,,90.334,158.42,291.945,100.325,160.08,194.828,173.372,196.0,193.804,112.346
2006-12-15 06:45:00,174.992,55.577,209.2,146.62,1347.46,418.733,104.347,92.194,157.56,293.681,97.687,162.88,193.736,176.208,196.192,194.102,112.282
2006-12-15 06:50:00,176.224,53.263,211.933,145.573,1344.56,420.313,,91.044,157.664,293.551,100.019,164.78,195.872,175.376,194.728,191.972,112.462
2006-12-15 06:55:00,174.232,53.13,209.267,145.507,1351.64,419.1,,90.87,159.52,293.336,100.071,161.5,194.372,176.044,197.07,193.452,113.23
2006-12-15 07:00:00,175.532,54.09,209.3,146.493,1346.44,419.967,104.664,90.82,162.887,295.832,99.07,162.14,195.198,174.656,196.828,194.642,112.494
2006-12-15 07:05:00,172.558,54.043,211.367,145.21,1352.82,417.607,,92.614,157.033,293.235,99.026,161.92,195.32,175.724,198.648,193.784,111.58
2006-12-15 07:10:00,175.638,54.733,210.633,144.513,1350.58,418.11,,88.452,157.64,291.383,100.804,161.04,193.098,176.42,196.994,192.98,111.404
2006-12-15 07:15:00,172.838,53.893,209.1,144.3,1349.42,420.667,105.153,91.786,156.13,293.326,99.604,161.54,195.652,175.166,195.6,194.604,113.13
2006-12-15 07:20:00,176.138,55.137,212.533,146.303,1353.42,420.247,,90.978,157.87,293.596,99.245,161.38,196.94,174.428,197.67,196.392,111.93
2006-12-15 07:25:00,173.0,54.42,210.533,145.94,1350.22,423.224,,90.162,158.597,294.838,99.594,162.74,194.524,175.766,196.234,190.832,111.896
2006-12-15 07:30:00,175.508,54.02,210.867,145.767,1358.74,420.403,104.852,91.704,159.68,296.196,99.392,161.44,194.994,173.956,196.738,193.828,112.924
2006-12-15 07:35:00,173.768,54.93,210.267,145.927,1355.2,423.497,,90.256,158.883,295.36,99.924,160.76,193.586,175.362,195.394,194.23,111.024
2006-12-15 07:40:00,174.128,54.083,209.433,145.957,1355.74,420.9,,90.342,157.793,293.995,99.804,160.18,194.306,175.01,195.63,194.384,113.542
2006-12-15 07:45:00,173.642,54.857,209.733,147.98,1352.56,422.01,104.576,90.092,156.027,297.294,98.885,162.94,193.54,175.78,196.554,194.7,112.586
2006-12-15 07:50:00,175.8,54.843,212.867,146.123,1356.68,422.957,,89.634,157.46,297.989,98.96,160.86,195.49,176.69,197.09,195.422,113.03
2006-12-15 07:55:00,173.972,54.437,211.233,146.833,1353.16,424.087,,91.2,157.667,295.777,99.359,160.96,196.054,178.674,195.394,194.354,113.18
2006-12-15 08:00:00,174.804,54.717,210.167,147.283,1347.76,426.583,105.132,91.296,158.61,292.658,100.843,160.62,195.698,177.436,197.424,194.0,112.686
2006-12-15 08:05:00,174.132,53.187,208.967,147.633,1346.1,423.247,,90.762,158.253,294.227,100.814,161.54,195.712,175.966,196.898,195.006,112.038
2006-12-15 08:10:00,175.9,55.817,210.2,147.253,1344.9,427.92,,90.188,157.423,292.573,98.025,162.6,195.478,175.816,198.42,195.062,114.046
2006-12-15 08:15:00,173.874,54.61,209.433,145.46,1352.2,428.31,105.29,92.178,157.657,298.638,98.918,161.92,196.726,176.904,198.298,196.244,113.138
2006-12-15 08:20:00,176.802,54.51,210.9,148.297,1343.2,423.873,,91.158,158.25,296.433,98.456,162.2,195.812,175.574,196.156,196.314,113.304
2006-12-15 08:25:00,176.14,52.873,211.867,147.873,1342.3,424.58,,90.83,157.93,298.356,99.505,159.64,195.276,175.366,198.334,192.772,112.164
2006-12-15 08:30:00,173.51,55.707,212.067,147.927,1344.26,429.21,104.994,89.766,158.413,294.033,100.059,161.28,194.826,174.54,196.948,196.896,112.66
2006-12-15 08:35:00,176.32,53.267,211.267,146.193,1346.8,430.113,,89.728,162.547,298.321,99.319,162.34,195.478,175.704,197.002,195.282,111.418
2006-12-15 08:40:00,173.912,54.937,209.167,145.263,1352.9,430.16,,91.37,158.637,298.296,97.551,160.88,195.908,174.892,198.558,195.444,112.104
2006-12-15 08:45:00,172.05,54.063,210.1,147.1,1350.82,427.644,106.545,87.936,158.45,297.172,98.493,161.52,196.934,177.976,198.404,194.734,113.088
2006-12-15 08:50:00,176.336,53.477,212.533,148.58,1348.7,425.54,,89.712,158.52,297.089,99.765,160.64,194.626,177.65,196.588,195.142,112.462
2006-12-15 08:55:00,175.05,54.88,211.333,148.113,1351.82,427.09,,89.644,161.153,295.641,99.86,162.92,198.074,177.274,195.074,196.128,113.378
2006-12-15 09:00:00,175.11,54.23,214.067,145.01,1356.02,428.0,105.683,91.276,159.617,294.117,99.707,161.26,195.37,176.286,196.338,194.604,113.262
2006-12-15 09:05:00,174.12,54.043,209.633,146.477,1342.3,426.637,,91.094,159.84,295.998,99.915,160.7,194.562,176.816,196.122,195.078,113.354
2006-12-15 09:10:00,173.518,54.027,211.533,145.267,1346.34,429.41,,90.496,159.71,298.447,98.641,162.64,196.926,176.678,197.308,196.746,113.164
2006-12-15 09:15:00,172.978,54.86,209.5,145.913,1349.62,426.983,105.558,90.756,159.573,299.729,99.71,159.82,196.76,176.188,196.694,196.406,113.202
2006-12-15 09:20:00,172.802,53.387,210.667,147.59,1337.32,425.473,,90.624,160.16,295.079,98.588,162.22,197.16,177.566,196.784,197.05,112.56
2006-12-15 09:25:00,174.938,53.59,211.967,146.617,1343.84,429.403,,91.322,159.253,298.463,98.247,162.2,195.734,176.534,196.568,195.5,113.674
2006-12-15 09:30:00,173.17,54.063,210.5,146.647,1343.86,425.163,106.227,89.222,159.21,299.444,98.66,163.04,196.324,176.802,197.092,196.226,112.488
2006-12-15 09:35:00,175.374,53.863,209.8,144.427,1343.06,423.833,,90.338,161.117,297.472,99.673,160.16,195.638,178.042,197.854,194.388,114.322
2006-12-15 09:40:00,171.656,54.29,209.5,145.54,1340.82,429.397,,91.26,161.18,297.401,98.921,161.4,196.168,177.418,197.648,196.808,112.218
2006-12-15 09:45:00,173.574,54.367,213.2,144.493,1340.16,422.743,105.373,91.222,159.043,299.615,99.322,162.14,197.228,176.366,198.066,196.638,113.358
2006-12-15 09:50:00,171.446,54.253,207.7,144.22,1337.94,425.577,,90.002,159.723,298.87,99.219,162.02,197.91,175.656,197.472,197.262,112.434
2006-12-15 09:55:00,173.152,54.597,211.067,146.537,1336.0,425.827,,91.45,159.613,301.81,99.181,161.98,197.15,177.176,196.144,196.862,112.828
2006-12-15 10:00:00,174.43,53.803,211.9,147.44,1340.62,429.96,107.351,92.536,161.977,297.761,98.939,161.28,197.678,177.188,197.626,195.852,113.936
2006-12-15 10:05:00,172.81,54.203,210.333,148.083,1339.12,427.693,,91.774,159.517,298.602,101.021,162.76,196.628,175.656,195.918,195.21,113.616
2006-12-15 10:10:00,174.158,53.053,210.367,146.953,1341.02,428.07,,91.644,159.403,298.094,100.027,161.26,196.638,177.15,198.306,194.6,113.48
2006-12-15 10:15:00,172.45,53.657,210.733,145.323,1343.4,429.1,105.987,90.926,159.553,300.569,99.579,162.22,198.068,178.144,197.262,197.672,112.232
2006-12-15 10:20:00,171.256,53.607,210.7,145.463,1342.18,424.783,,91.232,159.297,297.193,98.657,161.22,198.316,177.904,197.232,196.792,114.048
2006-12-15 10:25:00,175.006,54.61,212.033,146.85,1338.84,426.407,,91.716,162.09,297.384,98.439,162.18,196.082,175.454,198.072,194.946,112.188
2006-12-15 10:30:00,172.356,52.617,209.967,147.687,1335.6,427.387,105.091,91.828,162.137,297.196,98.398,162.56,196.814,180.376,198.542,197.12,113.674
2006-12-15 10:35:00,173.124,52.82,210.9,147.437,1336.32,424.0,,90.708,159.987,298.99,99.723,162.28,199.582,177.058,198.156,196.528,111.606
2006-12-15 10:40:00,174.208,52.87,211.967,147.353,1337.76,425.927,,90.82,160.19,298.282,99.972,161.78,196.752,177.996,195.432,196.024,114.686
2006-12-15 10:45:00,173.516,54.243,212.967,149.24,1338.22,423.67,105.373,91.152,161.07,299.774,97.061,163.32,198.512,178.902,195.16,196.402,112.456
2006-12-15 10:50:00,172.972,53.623,211.0,146.847,1360.62,426.837,,89.866,159.6,294.924,100.644,161.04,197.106,178.676,196.278,198.996,112.846
2006-12-15 10:55:00,172.226,53.293,212.7,144.713,1348.88,423.63,,90.82,158.907,299.273,99.613,162.18,196.244,177.768,198.196,197.33,111.978
2006-12-15 11:00:00,172.382,53.653,212.8,145.69,1340.42,425.703,107.077,91.922,160.72,299.483,100.779,160.18,197.264,179.886,198.362,196.284,112.312
2006-12-15 11:05:00,173.24,53.883,211.6,147.12,1348.22,429.704,,91.17,158.717,302.939,99.711,161.38,199.15,179.474,198.778,198.302,113.334
2006-12-15 11:10:00,172.558,54.793,211.033,146.2,1349.9,425.383,,90.754,160.247,300.023,98.902,161.44,198.136,178.482,200.56,195.588,113.298
2006-12-15 11:15:00,174.148,51.98,210.333,147.59,1338.28,427.463,106.693,90.784,161.197,299.804,99.99,162.64,200.936,176.604,196.61,195.274,112.384
2006-12-15 11:20:00,171.966,53.837,210.5,147.26,1352.5,426.417,,91.202,161.127,297.135,99.343,162.88,195.356,177.39,199.108,197.554,112.058
2006-12-15 11:25:00,172.576,54.687,210.233,147.803,1348.72,424.477,,91.046,162.407,299.558,99.146,161.82,198.874,177.052,198.062,197.124,112.016
2006-12-15 11:30:00,173.742,53.517,211.233,146.917,1342.34,424.794,105.299,91.946,158.79,295.762,100.646,164.72,199.232,178.362,199.808,199.15,113.776
2006-12-15 11:35:00,171.148,54.013,211.2,146.263,1344.82,423.087,,90.428,160.017,299.393,100.376,160.86,196.054,177.552,198.724,199.746,113.952
2006-12-15 11:40:00,172.642,53.883,212.267,148.193,1336.16,425.877,,91.626,160.51,298.47,99.024,161.76,197.106,178.494,198.686,196.29,112.948
2006-12-15 11:45:00,174.32,53.277,213.533,146.807,1337.56,425.963,106.516,92.556,159.46,299.41,100.339,161.88,197.802,178.812,194.438,197.628,113.746
2006-12-15 11:50:00,174.452,53.923,213.867,147.677,1341.2,423.787,,91.876,158.8,296.644,99.568,164.08,196.26,178.352,198.504,196.442,112.968
2006-12-15 11:55:00,172.616,54.167,209.1,146.047,1336.32,425.723,,93.45,161.29,298.019,99.082,163.5,197.13,179.328,197.394,195.41,112.52
2006-12-15 12:00:00,174.612,54.017,212.733,145.243,1339.96,427.743,105.841,92.358,162.103,295.84,100.054,163.32,197.658,179.532,198.612,196.754,112.38
2006-12-15 12:05:00,170.654,54.25,212.0,146.193,1327.98,426.383,,92.374,160.577,299.199,98.652,163.58,197.206,179.056,199.58,197.002,112.586
2006-12-15 12:10:00,172.318,53.707,214.2,142.587,1332.28,423.56,,91.504,162.983,298.041,100.622,162.82,198.004,179.758,199.598,195.234,111.972
2006-12-15 12:15:00,171.84,54.0,213.333,144.527,1332.2,429.497,105.861,90.998,161.46,297.588,100.629,162.26,198.324,180.8,196.926,196.266,112.826
2006-12-15 12:20:00,171.15,54.39,212.067,145.583,1336.18,424.607,,92.208,160.497,298.953,99.855,162.54,196.13,177.67,197.49,196.678,113.674
2006-12-15 12:25:00,173.476,54.187,211.867,146.01,1331.4,425.64,,92.036,159.087,299.87,98.875,161.82,198.274,179.75,198.812,197.518,112.958
2006-12-15 12:30:00,171.646,53.543,211.8,145.827,1327.66,424.437,105.747,91.974,162.29,299.892,100.487,161.96,197.086,178.516,197.944,196.788,112.804
2006-12-15 12:35:00,172.354,55.187,212.1,145.69,1340.82,422.78,,91.888,158.61,297.15,100.511,163.78,197.0,176.928,197.49,195.962,114.328
2006-12-15 12:40:00,171.414,54.21,211.133,148.147,1330.66,425.763,,90.928,159.073,297.576,101.21,162.0,197.854,179.328,197.224,196.126,113.852
2006-12-15 12:45:00,172.788,52.857,211.733,145.783,1337.54,423.77,105.972,91.814,159.067,299.955,98.229,162.28,197.084,181.206,199.686,196.544,114.294
2006-12-15 12:50:00,174.602,53.103,214.667,146.26,1339.02,421.683,,92.728,160.653,299.58,99.063,162.8,196.672,178.326,196.444,196.86,114.218
2006-12-15 12:55:00,171.976,53.947,212.267,146.5,1335.68,426.353,,92.758,159.52,299.875,99.856,162.62,199.17,177.108,198.89,195.584,113.566
2006-12-15 13:00:00,171.338,54.107,212.8,144.953,1331.02,422.283,106.748,91.402,158.937,299.634,100.821,162.16,197.832,178.378,197.26,197.478,112.884
2006-12-15 13:05:00,173.432,54.893,211.933,146.84,1348.22,428.043,,92.654,162.47,299.393,99.138,163.68,199.252,178.56,197.658,197.49,113.49
2006-12-15 13:10:00,172.496,54.137,214.167,146.6,1336.7,425.347,,91.46,161.163,299.023,101.007,164.42,199.216,176.61,198.35,196.912,112.078
2006-12-15 13:15:00,174.302,54.173,211.433,147.287,1334.16,421.526,105.334,92.344,159.117,301.828,99.378,163.68,199.12,177.93,196.91,197.488,113.63
2006-12-15 13:20:00,173.086,55.107,210.7,147.72,1333.96,421.757,,92.124,162.007,300.169,100.694,162.96,197.74,176.312,198.452,198.018,113.286
2006-12-15 13:25:00,174.152,53.627,211.833,144.647,1342.16,424.41,,93.514,161.687,301.815,99.696,163.54,196.166,178.688,200.842,198.734,113.778
2006-12-15 13:30:00,175.648,53.323,211.7,145.933,1343.86,426.353,105.472,91.976,163.827,299.944,101.101,163.36,197.564,179.502,198.544,197.544,114.238
2006-12-15 13:35:00,172.47,54.79,216.0,146.04,1342.46,424.31,,93.87,157.893,299.405,100.212,165.72,198.094,178.168,198.742,198.668,113.618
2006-12-15 13:40:00,172.732,52.817,211.6,147.98,1343.82,424.94,,90.086,160.71,298.185,99.819,162.64,196.968,178.368,199.716,198.09,113.522
2006-12-15 13:45:00,172.956,52.583,213.9,146.763,1340.92,425.317,106.926,92.05,158.93,301.147,99.348,164.04,196.172,178.822,200.328,197.524,114.97
2006-12-15 13:50:00,173.174,54.753,215.667,144.983,1342.44,425.193,,92.53,161.226,299.785,100.27,163.14,197.702,180.124,198.382,198.508,113.062
2006-12-15 13:55:00,174.2,54.14,214.7,144.96,1342.32,423.213,,92.7,160.72,299.036,101.69,162.98,197.084,180.548,196.938,197.818,113.128
2006-12-15 14:00:00,174.414,53.62,212.067,146.483,1355.24,419.637,105.954,89.64,160.22,301.441,99.875,164.32,198.02,179.562,201.746,196.574,113.348
2006-12-15 14:05:00,172.218,54.317,212.7,147.42,1343.38,423.557,,91.988,161.837,300.153,100.913,163.56,197.278,178.966,197.894,198.79,114.734
2006-12-15 14:10:00,174.25,54.473,215.533,148.297,1336.78,421.517,,90.83,160.09,299.961,100.647,163.6,196.608,178.724,199.22,198.258,113.62
2006-12-15 14:15:00,172.964,53.793,213.033,146.233,1349.56,426.8,105.341,92.36,163.11,301.275,101.022,163.22,198.23,181.456,200.962,198.068,112.592
2006-12-15 14:20:00,173.934,55.16,212.133,145.997,1339.16,423.49,,92.64,164.187,300.586,100.396,163.84,197.932,178.128,200.918,198.27,113.678
2006-12-15 14:25:00,174.252,53.297,213.5,145.77,1341.2,424.94,,92.286,161.113,303.346,98.786,164.24,199.614,177.634,200.726,198.28,112.358
2006-12-15 14:30:00,174.112,53.243,212.6,146.017,1351.28,427.02,106.16,93.514,160.947,301.688,99.597,163.74,197.314,177.83,198.532,198.714,113.392
2006-12-15 14:35:00,172.714,55.133,215.0,147.23,1349.06,426.937,,91.634,158.91,302.015,100.152,163.68,199.468,179.714,197.588,199.11,114.796
2006-12-15 14:40:00,174.184,53.573,213.267,146.623,1344.66,423.1,,92.276,162.267,302.691,100.704,162.8,198.026,178.802,200.068,198.08,113.814
2006-12-15 14:45:00,174.712,54.73,213.367,145.997,1342.86,421.56,105.312,92.594,161.197,301.079,99.317,163.5,199.22,179.892,199.732,197.29,112.53
2006-12-15 14:50:00,172.82,53.777,213.633,146.57,1336.24,420.44,,91.828,161.533,302.525,102.387,163.64,198.426,181.698,200.436,198.746,112.938
2006-12-15 14:55:00,171.394,53.973,213.967,146.613,1343.56,426.26,,91.266,160.413,302.665,101.773,163.76,198.71,179.988,198.958,200.242,112.406
2006-12-15 15:00:00,175.658,53.113,213.2,147.18,1343.84,425.217,105.947,93.414,162.617,303.628,101.22,163.9,196.114,179.246,201.436,199.206,113.23
2006-12-15 15:05:00,173.244,52.82,213.067,146.787,1350.18,425.237,,93.704,160.293,302.269,100.267,162.88,201.128,178.09,201.05,198.378,114.646
2006-12-15 15:10:00,172.362,54.457,215.967,144.167,1354.74,426.86,,91.652,161.213,305.118,100.57,163.28,199.434,181.158,201.366,198.56,113.5
2006-12-15 15:15:00,172.718,53.34,212.667,146.393,1343.24,425.68,105.779,90.25,160.273,300.452,99.833,163.36,197.48,177.648,198.592,198.052,114.766
2006-12-15 15:20:00,169.908,52.393,214.867,146.577,1362.36,422.55,,91.782,161.433,302.529,100.656,163.02,198.844,178.022,201.852,197.626,113.546
2006-12-15 15:25:00,172.94,52.903,214.433,145.323,1345.02,429.317,,92.428,158.41,303.798,100.547,166.1,198.83,177.338,198.436,201.46,113.104
2006-12-15 15:30:00,173.1,55.05,210.3,144.727,1354.32,424.073,105.058,91.592,161.493,302.958,101.362,163.92,199.2,179.77,200.252,198.024,113.202
2006-12-15 15:35:00,173.32,54.317,213.667,145.34,1342.22,421.277,,93.312,161.58,303.737,101.723,162.82,198.598,176.958,200.066,200.3,114.36
2006-12-15 15:40:00,173.408,52.697,213.033,145.817,1352.28,422.99,,91.072,159.177,303.287,100.961,162.98,199.406,179.984,198.352,198.724,114.88
2006-12-15 15:45:00,173.288,53.45,212.967,145.713,1355.78,423.783,105.857,92.168,161.987,302.083,100.671,163.42,198.674,180.19,201.148,198.544,114.748
2006-12-15 15:50:00,172.792,53.047,213.6,144.6,1350.8,426.577,,90.688,162.203,304.376,99.872,163.56,198.326,177.802,200.736,198.706,113.806
2006-12-15 15:55:00,173.266,53.127,213.467,148.243,1342.88,424.347,,90.924,164.73,305.865,101.951,164.2,197.904,179.99,200.744,201.642,114.654
2006-12-15 16:00:00,173.446,53.307,210.533,145.493,1352.38,421.797,105.691,90.24,161.203,304.22,102.753,163.7,201.456,179.96,198.5,200.24,113.306
2006-12-15 16:05:00,171.416,53.343,213.5,143.883,1358.3,423.443,,91.822,162.757,303.716,101.348,163.26,200.304,179.08,198.84,199.634,114.164
2006-12-15 16:10:00,174.932,53.197,211.767,147.18,1348.7,424.017,,92.06,160.71,303.36,102.152,163.46,197.802,180.138,197.502,200.592,114.662
2006-12-15 16:15:00,171.56,53.197,214.033,146.633,1353.34,423.617,105.555,90.006,163.527,304.013,100.788,162.08,198.826,178.124,198.408,199.394,112.906
2006-12-15 16:20:00,173.736,52.42,213.933,145.207,1355.52,424.547,,91.902,159.41,302.557,101.823,162.76,201.956,179.378,200.15,200.256,114.008
2006-12-15 16:25:00,173.692,54.097,211.933,145.96,1356.9,421.043,,92.474,161.147,303.021,100.332,163.82,199.424,181.19,199.256,199.612,115.166
2006-12-15 16:30:00,171.896,53.493,213.767,146.77,1344.6,419.36,106.197,93.646,162.587,305.908,100.727,163.64,199.746,178.614,198.872,198.002,115.186
2006-12-15 16:35:00,170.384,53.763,210.733,146.433,1348.14,425.043,,91.132,160.913,303.943,100.664,163.24,199.964,177.92,198.0,197.138,115.388
2006-12-15 16:40:00,172.892,53.567,212.5,146.983,1338.42,423.437,,92.908,160.333,302.756,102.627,163.7,201.866,177.462,200.5,200.26,114.882
2006-12-15 16:45:00,171.66,53.277,215.067,144.03,1347.12,425.937,106.561,92.99,161.24,306.732,101.291,163.82,198.67,179.968,199.376,198.358,113.22
2006-12-15 16:50:00,174.138,55.07,215.767,147.78,1346.88,424.553,,91.608,158.73,306.044,100.807,161.82,198.856,179.688,202.404,197.168,113.506
2006-12-15 16:55:00,173.904,55.017,212.5,145.293,1357.98,421.23,,91.526,160.667,302.287,101.002,162.32,200.3,180.512,201.398,197.816,113.916
2006-12-15 17:00:00,174.262,54.04,210.0,144.747,1354.74,425.66,106.18,92.924,159.057,302.531,101.78,162.76,200.514,180.562,199.806,200.136,115.002
2006-12-15 17:05:00,174.534,54.43,212.267,144.71,1352.04,420.8,,92.99,161.077,305.298,100.479,162.88,199.974,180.448,199.182,196.168,115.698
2006-12-15 17:10:00,171.634,52.587,210.533,146.14,1354.7,426.353,,92.238,160.46,304.085,100.365,162.72,202.06,179.81,200.178,198.11,114.682
2006-12-15 17:15:00,171.646,55.49,215.767,144.063,1354.8,422.273,106.23,93.076,159.773,304.992,100.325,164.5,201.484,179.302,201.586,199.168,114.29
2006-12-15 17:20:00,170.81,54.037,213.1,144.587,1362.66,427.65,,92.17,161.787,304.724,100.129,163.78,199.956,179.446,199.166,198.668,114.158
2006-12-15 17:25:00,174.504,54.15,210.467,147.36,1365.7,425.223,,91.952,161.127,303.206,100.392,161.44,201.752,179.286,199.232,200.028,115.01
2006-12-15 17:30:00,173.924,55.723,212.533,144.403,1353.56,425.543,106.536,91.678,160.66,303.238,100.338,162.72,202.348,181.128,199.554,199.846,114.872
2006-12-15 17:35:00,172.838,53.833,212.667,145.8,1357.8,421.063,,91.27,161.13,304.135,101.872,162.84,199.688,180.75,200.562,199.864,114.338
2006-12-15 17:40:00,173.848,55.147,211.8,147.887,1349.08,424.99,,90.316,162.25,304.738,100.412,162.52,202.196,181.67,198.824,198.228,115.154
2006-12-15 17:45:00,172.984,53.313,213.6,144.057,1366.76,426.633,105.795,90.834,158.793,302.996,100.586,161.8,,179.86,201.708,199.834,114.724
2006-12-15 17:50:00,173.612,52.163,212.633,148.077,1358.86,424.964,,93.134,160.497,301.362,101.259,161.78,200.577,180.748,199.49,200.222,116.206
2006-12-15 17:55:00,172.792,54.45,214.733,145.983,1362.92,423.997,,92.482,161.877,304.385,101.221,162.7,199.05,180.86,201.11,198.708,115.248
2006-12-15 18:00:00,176.366,54.0,212.467,147.11,1360.84,423.36,106.135,92.308,161.26,303.868,101.314,161.84,200.794,180.742,199.96,199.722,114.506
2006-12-15 18:05:00,173.858,54.23,210.567,145.413,1358.14,426.35,,91.884,160.76,302.917,101.391,161.52,197.678,182.86,201.354,198.542,115.09
2006-12-15 18:10:00,173.634,54.21,213.533,145.793,1352.42,424.513,,91.376,160.537,302.511,102.145,163.22,198.692,179.932,202.458,197.758,115.086
2006-12-15 18:15:00,174.734,53.33,216.267,146.78,1355.52,423.53,105.577,92.406,159.67,305.592,99.589,162.48,198.966,180.896,198.326,198.232,114.578
2006-12-15 18:20:00,173.866,55.677,213.2,144.493,1353.6,425.456,,91.846,162.85,302.977,100.696,163.26,198.554,182.756,199.36,199.164,114.592
2006-12-15 18:25:00,173.692,53.703,215.0,146.24,1355.14,426.473,,89.734,164.487,305.193,100.92,160.52,200.234,181.456,200.082,198.894,114.98
2006-12-15 18:30:00,172.354,54.09,213.1,145.883,1355.62,426.733,107.086,90.68,162.037,306.012,101.08,162.3,201.05,179.534,204.492,200.322,113.746
2006-12-15 18:35:00,174.456,55.067,211.767,145.767,1352.9,428.163,,91.784,162.187,302.163,100.061,164.06,200.05,179.116,202.368,199.288,114.358
2006-12-15 18:40:00,173.674,54.11,212.633,146.547,1359.34,429.563,,92.422,162.47,305.498,100.353,162.1,201.116,181.038,201.202,198.752,113.342
2006-12-15 18:45:00,174.192,54.72,210.567,147.083,1355.58,423.16,106.896,92.18,161.77,304.049,100.405,162.68,199.77,180.436,201.992,198.056,115.222
2006-12-15 18:50:00,173.578,54.0,215.933,146.347,1352.08,425.873,,92.676,164.05,302.849,100.042,163.5,198.56,180.802,202.034,202.612,114.586
2006-12-15 18:55:00,174.19,52.987,212.8,146.577,1364.98,425.507,,93.328,161.02,308.703,100.691,162.38,200.78,177.966,200.182,198.824,115.092
2006-12-15 19:00:00,172.8,53.26,213.733,146.857,1350.4,425.153,105.914,92.48,160.52,305.944,101.695,163.0,198.784,180.426,200.95,200.626,115.548
2006-12-15 19:05:00,173.946,53.45,213.233,145.167,1352.26,426.48,,93.3,162.097,303.836,101.817,163.14,200.406,179.52,203.882,199.168,115.472
2006-12-15 19:10:00,171.52,52.92,214.233,145.867,1360.86,426.307,,91.19,160.023,303.51,100.896,162.1,199.836,181.56,204.198,199.708,115.122
2006-12-15 19:15:00,173.77,55.07,212.533,147.987,1352.38,427.957,107.308,93.926,162.677,306.249,100.34,163.14,200.014,178.86,199.312,202.218,115.116
2006-12-15 19:20:00,173.904,52.703,213.633,145.437,1358.04,428.783,,92.15,161.817,305.071,98.575,163.1,200.91,182.1,203.0,200.326,115.106
2006-12-15 19:25:00,172.568,53.717,215.0,147.467,1349.58,426.516,,92.348,160.807,305.514,101.478,164.74,200.654,180.88,203.108,200.246,114.622
2006-12-15 19:30:00,173.488,54.47,212.3,146.75,1362.08,426.147,107.045,93.668,163.31,307.516,99.593,164.52,200.426,183.312,201.742,201.444,116.146
2006-12-15 19:35:00,174.04,54.643,213.567,145.53,1360.32,421.51,,91.656,159.97,306.529,100.312,162.44,200.154,182.706,201.804,201.506,115.084
2006-12-15 19:40:00,172.954,53.223,212.833,146.043,1361.18,428.87,,91.6,161.683,307.74,100.202,163.4,198.226,183.784,201.422,200.284,114.356
2006-12-15 19:45:00,174.316,54.04,212.7,146.107,1364.68,427.4,107.0,92.744,161.187,307.131,100.52,162.8,201.064,181.424,199.056,199.496,115.07
2006-12-15 19:50:00,170.922,53.827,211.8,144.95,1359.44,429.317,,92.674,161.387,305.325,100.018,162.48,198.712,180.44,201.02,197.76,114.866
2006-12-15 19:55:00,173.97,54.53,213.167,146.27,1355.0,425.473,,92.752,161.187,303.874,101.347,164.56,199.608,181.534,200.694,200.32,114.894
2006-12-15 20:00:00,173.114,53.76,215.267,145.997,1361.88,425.2,106.054,92.288,161.057,306.679,100.758,162.74,201.166,182.022,199.358,201.28,114.832
2006-12-15 20:05:00,174.052,53.837,212.567,146.627,1356.86,427.64,,93.266,161.847,309.074,100.679,164.58,201.1,182.038,198.77,200.432,115.956
2006-12-15 20:10:00,173.612,53.923,215.6,143.867,1369.62,425.523,,92.722,162.717,304.928,99.224,162.3,200.968,180.8,200.1,200.604,115.148
