ESOI    ATHN    MXCO    ROME    AATB    LMKS    DRBS    NEWK    KIEL    CALG    OULU    APTY    FSMT    INVK    NAIN    PWNK    THUL
2006-12-14 09:10:00;177.682; 56.743;217.867;152.500;1404.740;445.150;   null; 96.390;169.766;318.672;107.038;173.320;209.514;187.722;212.522;205.684;119.622
2006-12-14 09:15:00;177.902; 56.753;221.767;151.633;1407.840;445.144;110.397; 97.166;170.583;315.481;107.101;173.400;209.414;188.572;209.154;208.576;120.386
2006-12-14 09:20:00;178.888; 55.000;219.767;151.167;1413.460;445.700;   null; 96.648;168.820;314.830;104.843;172.600;209.012;189.382;208.212;209.084;120.450
2006-12-14 09:25:00;178.152; 55.650;220.800;152.723;1409.180;447.727;   null; 97.046;170.830;318.620;104.149;172.800;209.026;189.522;212.078;208.074;120.392
2006-12-14 09:30:00;178.448; 55.753;220.267;153.527;1404.180;448.660;109.211; 96.648;169.857;317.281;106.332;172.360;208.064;187.644;210.732;210.542;120.320
2006-12-14 09:35:00;178.146; 56.200;219.700;152.103;1407.720;446.297;   null; 95.926;168.067;319.096;106.756;172.400;210.158;187.842;211.744;208.148;120.010
2006-12-14 09:40:00;179.916; 56.083;218.967;151.830;1406.260;445.020;   null; 96.364;170.367;320.558;106.609;173.720;209.546;186.168;208.986;207.874;120.858
2006-12-14 09:45:00;178.898; 55.310;221.167;151.413;1400.780;447.430;110.059; 94.952;169.430;317.702;106.508;170.940;210.990;188.624;211.800;207.482;118.420
2006-12-14 09:50:00;180.290; 55.560;219.567;151.290;1410.780;443.750;   null; 97.030;170.210;317.598;106.998;174.980;207.240;188.544;213.212;208.590;120.962
2006-12-14 09:55:00;178.330; 56.403;219.900;153.070;1400.360;446.407;   null; 95.448;171.870;316.394;106.911;174.820;208.324;188.934;212.002;210.556;119.404
2006-12-14 10:00:00;180.072; 55.937;218.900;154.400;1404.040;446.287;111.202; 96.644;169.370;316.149;105.899;172.840;209.850;189.940;210.188;209.214;120.452
2006-12-14 10:05:00;179.444; 55.347;220.000;151.527;1406.820;445.403;   null; 96.184;170.690;320.293;105.754;173.800;208.528;189.922;209.108;208.930;120.194
2006-12-14 10:10:00;178.266; 55.490;219.033;153.093;1394.560;447.917;   null; 97.584;167.940;319.468;106.027;174.180;210.204;188.498;211.072;209.874;119.484
2006-12-14 10:15:00;179.274; 55.000;220.733;152.827;1399.640;446.474;110.169; 97.432;170.150;321.527;106.856;172.580;210.096;189.944;210.560;208.334;119.870
2006-12-14 10:20:00;181.678; 55.997;219.800;152.257;1403.600;449.153;   null; 97.044;170.313;316.109;107.283;174.700;208.404;188.212;210.220;208.556;121.084
2006-12-14 10:25:00;178.632; 55.187;217.833;152.097;1406.820;445.390;   null; 95.278;169.300;315.481;105.441;174.060;208.862;188.736;209.444;209.394;120.470
2006-12-14 10:30:00;179.702; 55.907;218.767;153.693;1401.880;441.547;110.741; 96.206;169.963;320.200;105.894;173.120;208.048;187.552;210.916;208.822;121.244
2006-12-14 10:35:00;178.416; 56.297;219.633;151.493;1410.220;447.470;   null; 97.580;169.800;317.705;108.128;173.700;211.294;188.936;209.510;209.902;119.704
2006-12-14 10:40:00;178.564; 55.723;217.533;153.393;1402.520;444.687;   null; 95.638;170.900;317.078;106.222;175.160;208.338;191.480;212.050;208.682;119.876
2006-12-14 10:45:00;178.734; 54.887;217.800;151.740;1388.260;445.320;110.577; 97.440;167.203;320.145;108.221;173.780;209.814;187.234;210.714;210.694;120.846
2006-12-14 10:50:00;179.796; 55.623;219.933;150.340;1397.480;447.317;   null; 96.834;168.653;320.072;106.872;173.640;209.080;188.556;211.158;208.376;119.408
2006-12-14 10:55:00;177.954; 55.633;221.233;151.870;1397.500;447.663;   null; 96.822;171.460;318.660;106.237;174.420;209.542;189.082;209.960;209.320;120.602
2006-12-14 11:00:00;178.890; 55.520;219.800;150.340;1393.020;443.913;110.696; 94.732;169.757;315.636;106.845;171.980;211.144;189.710;210.240;211.938;119.534
2006-12-14 11:05:00;178.266; 56.180;221.733;151.513;1395.980;443.870;   null; 97.230;170.560;318.357;105.209;171.940;210.110;187.898;211.450;209.222;119.892
2006-12-14 11:10:00;176.472; 55.180;220.833;151.527;1397.400;445.763;   null; 95.964;170.477;318.019;107.725;172.920;207.506;189.350;208.212;207.018;121.152
2006-12-14 11:15:00;178.238; 55.933;221.200;151.737;1395.800;444.223;109.814; 96.916;167.463;318.234;107.389;174.060;209.848;189.162;209.988;209.866;120.574
2006-12-14 11:20:00;179.150; 54.940;220.133;152.357;1398.480;443.987;   null; 96.570;167.777;318.540;106.253;173.080;209.714;185.936;210.916;211.000;119.530
2006-12-14 11:25:00;180.834; 55.353;219.133;151.870;1396.560;444.134;   null; 95.616;170.650;321.400;105.345;173.360;209.824;187.560;209.916;207.928;120.006
2006-12-14 11:30:00;179.796; 55.547;219.033;154.710;1390.480;445.157;110.097; 96.410;168.433;317.636;106.917;173.720;210.796;187.794;209.134;206.840;120.652
2006-12-14 11:35:00;177.988; 56.670;217.500;152.430;1398.980;447.687;   null; 95.842;168.993;319.389;107.604;174.760;210.306;190.440;211.208;209.928;119.700
2006-12-14 11:40:00;180.796; 55.543;221.400;152.750;1381.220;442.217;   null; 96.538;168.407;317.251;108.104;174.100;210.356;190.408;212.850;211.244;120.536
2006-12-14 11:45:00;180.894; 56.993;217.300;152.183;1394.980;447.490;110.759; 96.162;167.097;319.033;106.835;172.920;208.708;188.646;211.746;209.772;119.726
2006-12-14 11:50:00;178.512; 56.017;219.033;152.727;1390.140;445.270;   null; 94.318;168.917;317.710;108.427;174.660;210.382;188.656;211.314;212.022;120.758
2006-12-14 11:55:00;178.560; 55.433;220.367;151.773;1386.060;441.957;   null; 96.894;170.797;318.589;106.576;172.420;210.048;186.784;213.138;209.908;121.082
2006-12-14 12:00:00;179.510; 56.113;221.933;153.557;1376.200;441.526;110.819; 96.514;169.653;320.078;107.117;173.500;211.476;188.896;210.838;209.382;118.924
2006-12-14 12:05:00;179.464; 54.947;218.833;152.997;1389.980;443.447;   null; 95.738;170.997;320.005;105.429;173.280;210.698;187.594;213.790;210.100;120.058
2006-12-14 12:10:00;176.888; 55.887;221.400;151.313;1406.600;441.320;   null; 96.658;170.000;318.852;107.118;173.080;211.572;190.470;210.408;206.200;118.876
2006-12-14 12:15:00;178.020; 55.767;221.733;152.300;1401.020;440.320;110.318; 97.662;174.050;319.499;106.913;172.520;209.604;188.168;209.532;207.794;120.576
2006-12-14 12:20:00;178.626; 55.483;221.333;151.617;1383.820;446.160;   null; 96.334;170.360;317.206;108.085;172.660;209.096;189.628;211.064;208.292;120.054
2006-12-14 12:25:00;180.488; 55.877;220.067;153.107;1380.900;447.490;   null; 96.166;168.507;318.315;108.397;173.200;211.328;186.744;211.924;209.140;120.630
2006-12-14 12:30:00;178.398; 56.447;218.167;150.713;1390.160;445.420;111.513; 98.170;167.910;321.408;107.737;176.740;209.936;187.026;211.834;207.316;119.752
2006-12-14 12:35:00;177.966; 55.160;220.067;151.540;1385.960;442.654;   null; 96.190;169.087;317.930;106.839;173.040;209.244;188.864;212.126;209.326;120.532
2006-12-14 12:40:00;178.338; 56.290;220.300;153.417;1392.200;442.830;   null; 97.980;167.173;320.330;108.615;174.260;210.804;186.832;212.920;207.718;120.310
2006-12-14 12:45:00;178.548; 57.093;221.533;152.297;1393.640;442.687;109.915; 98.890;170.377;319.887;106.655;172.200;209.508;187.956;211.776;209.402;120.902
2006-12-14 12:50:00;178.460; 56.247;222.000;151.477;1386.120;445.583;   null; 97.632;169.936;318.038;107.688;170.860;210.502;190.110;211.066;208.232;120.408
2006-12-14 12:55:00;178.034; 55.800;220.400;152.133;1393.140;447.037;   null; 96.554;168.467;321.335;106.842;174.700;210.382;188.786;213.786;208.246;121.122
2006-12-14 13:00:00;178.032; 55.320;223.433;155.307;1396.160;449.383;110.912; 96.332;170.270;320.385;106.926;173.060;209.376;186.822;212.434;211.060;119.718
2006-12-14 13:05:00;177.896; 55.967;221.933;153.937;1391.020;443.363;   null; 96.862;169.247;320.014;107.123;173.780;210.136;188.142;208.884;209.670;120.692
2006-12-14 13:10:00;180.888; 56.077;222.633;153.173;1392.640;446.127;   null; 97.394;167.867;316.373;106.907;172.100;211.846;188.578;211.782;208.972;120.888
2006-12-14 13:15:00;176.768; 55.953;221.967;151.883;1393.520;442.137;109.643; 96.850;170.057;317.824;108.100;174.440;210.358;187.566;210.796;210.398;120.802
2006-12-14 13:20:00;178.756; 54.707;223.900;151.347;1392.260;447.903;   null; 97.100;168.837;319.384;107.312;172.720;208.848;188.166;209.448;206.986;122.230
2006-12-14 13:25:00;178.680; 55.940;220.633;154.300;1394.060;441.677;   null; 97.218;168.807;320.496;106.809;173.400;209.136;188.558;210.664;209.980;120.050
2006-12-14 13:30:00;176.554; 55.003;221.900;151.567;1395.160;442.050;110.991; 98.478;166.767;320.081;107.047;174.420;211.758;189.416;212.358;211.282;121.616
2006-12-14 13:35:00;179.854; 56.377;221.333;150.090;1386.720;440.610;   null; 97.094;168.857;319.957;107.404;172.660;208.798;190.124;210.518;211.184;119.930
2006-12-14 13:40:00;178.300; 55.833;220.667;153.150;1390.540;442.303;   null; 97.656;168.443;319.263;107.709;174.120;207.620;191.082;209.218;208.422;122.052
2006-12-14 13:45:00;178.374; 56.143;220.633;152.687;1391.280;442.900;109.970; 97.870;168.937;320.005;105.868;174.120;211.086;191.338;210.694;209.868;120.538
2006-12-14 13:50:00;178.800; 56.160;221.967;149.883;1381.160;444.663;   null; 96.714;167.783;319.913;105.810;174.100;210.566;189.984;212.928;208.270;121.190
2006-12-14 13:55:00;178.932; 54.947;221.633;151.890;1395.060;444.320;   null; 98.772;169.813;318.970;107.493;173.420;212.168;189.196;211.522;211.172;119.974
2006-12-14 14:00:00;179.688; 56.543;221.567;153.850;1388.760;442.203;110.754; 99.872;168.750;320.844;108.744;173.300;212.970;191.476;212.334;210.384;121.434
2006-12-14 14:05:00;179.530; 56.413;219.467;150.263;1388.600;446.963;   null; 97.716;170.184;321.371;107.101;174.420;210.350;189.030;211.728;209.650;119.692
2006-12-14 14:10:00;178.470; 55.403;223.333;153.000;1390.840;443.583;   null; 98.012;168.403;322.070;108.332;172.680;211.044;189.126;212.568;212.654;120.672
2006-12-14 14:15:00;179.800; 56.610;224.067;150.320;1378.080;444.393;110.055; 97.412;169.446;320.954;107.693;173.240;214.148;189.116;212.318;211.316;120.998
2006-12-14 14:20:00;175.788; 55.383;223.400;151.740;1389.340;441.443;   null; 97.546;170.367;321.915;105.595;172.100;210.798;188.990;212.918;211.362;120.836
2006-12-14 14:25:00;177.596; 56.697;223.433;151.513;1375.400;442.533;   null; 99.538;165.860;322.691;106.607;174.600;211.286;188.106;214.506;211.124;120.422
2006-12-14 14:30:00;176.916; 55.207;222.267;152.240;1387.340;443.080;110.106; 97.406;170.140;323.619;106.930;173.000;212.270;189.092;212.568;210.396;121.046
2006-12-14 14:35:00;179.882; 55.850;222.933;150.343;1384.860;440.517;   null; 95.974;170.130;323.112;106.297;176.160;213.876;189.410;213.982;211.876;121.312
2006-12-14 14:40:00;177.762; 55.297;223.967;150.727;1386.260;443.953;   null; 98.416;171.637;320.866;106.843;173.440;210.354;190.506;212.822;210.922;120.690
2006-12-14 14:45:00;178.812; 55.320;218.933;153.007;1382.140;440.067;110.995; 98.872;167.780;320.865;105.918;173.680;212.344;189.240;213.260;213.038;120.296
2006-12-14 14:50:00;178.452; 55.540;219.800;151.497;1387.640;443.760;   null; 98.420;170.610;323.117;105.940;172.960;213.636;188.976;214.472;210.576;120.510
2006-12-14 14:55:00;178.648; 54.593;223.633;154.070;1391.000;447.187;   null; 97.762;170.557;324.423;106.557;173.960;212.630;191.468;212.220;212.340;121.568
2006-12-14 15:00:00;178.530; 55.580;223.700;151.077;1392.300;444.597;110.541;100.152;168.500;322.858;106.583;173.440;213.810;189.702;213.404;211.566;120.438
2006-12-14 15:05:00;177.680; 56.157;224.500;153.280;1391.160;444.663;   null; 99.478;170.817;321.459;105.663;173.980;213.668;188.354;211.532;213.926;121.692
2006-12-14 15:10:00;179.458; 54.763;222.400;150.763;1387.100;444.630;   null; 96.608;171.353;323.727;107.202;171.300;213.448;191.488;213.980;213.926;119.982
2006-12-14 15:15:00;176.442; 56.413;221.700;153.743;1391.040;439.700;109.990; 97.000;168.030;326.079;106.213;174.680;212.072;190.818;213.474;213.766;120.790
2006-12-14 15:20:00;178.488; 55.287;222.333;153.197;1384.580;440.810;   null; 96.818;169.667;325.070;106.247;172.760;211.986;190.016;213.518;213.084;121.262
2006-12-14 15:25:00;178.116; 54.610;223.367;153.240;1389.380;441.920;   null; 98.132;168.270;321.165;105.728;173.260;213.646;189.372;213.514;214.426;119.823
2006-12-14 15:30:00;177.896; 54.707;222.233;150.240;1397.640;439.367;110.629; 97.086;168.883;320.995;106.426;175.300;214.572;191.696;213.214;212.974;120.300
2006-12-14 15:35:00;178.856; 56.117;222.900;151.157;1400.660;443.100;   null; 98.298;169.757;323.782;106.423;173.580;214.078;191.894;213.152;213.878;121.850
2006-12-14 15:40:00;177.652; 55.690;220.633;151.180;1394.880;443.197;   null; 96.138;169.547;324.581;107.243;174.840;212.366;190.062;213.606;212.562;122.086
2006-12-14 15:45:00;177.178; 55.053;223.867;153.183;1396.720;442.290;110.043; 99.372;168.493;324.113;105.667;172.520;213.636;191.488;214.576;212.844;122.168
2006-12-14 15:50:00;180.314; 55.447;220.500;152.063;1397.020;446.663;   null; 99.470;168.273;321.885;106.724;173.480;212.250;189.214;213.316;211.486;121.780
2006-12-14 15:55:00;179.034; 56.183;221.100;152.793;1394.300;444.000;   null; 98.202;170.380;322.776;107.736;173.500;212.510;189.316;211.860;212.026;120.506
2006-12-14 16:00:00;177.592; 54.837;219.800;152.363;1390.000;444.283;109.901; 98.702;169.620;326.085;107.521;174.660;212.358;188.988;212.664;210.480;120.458
2006-12-14 16:05:00;177.676; 54.770;222.133;150.323;1384.460;442.847;   null; 96.778;167.483;320.480;106.482;172.140;212.952;189.056;212.392;211.504;121.204
2006-12-14 16:10:00;176.470; 56.443;222.600;151.793;1382.380;442.133;   null; 99.228;168.353;323.229;106.523;172.340;212.242;191.092;211.026;210.432;122.434
2006-12-14 16:15:00;180.778; 54.743;225.033;149.533;1391.480;443.633;110.328; 97.612;168.783;325.168;106.041;172.460;210.396;189.774;212.892;213.738;120.416
2006-12-14 16:20:00;177.254; 55.240;223.533;153.047;1376.800;442.483;   null; 98.462;168.520;322.590;106.586;174.620;211.160;190.776;212.922;211.118;119.404
2006-12-14 16:25:00;177.132; 55.830;223.333;153.403;1371.420;444.240;   null; 96.242;166.970;322.215;105.280;170.080;211.976;192.274;212.890;213.308;122.158
2006-12-14 16:30:00;178.478; 54.873;221.700;152.157;1375.420;442.404;110.300; 99.278;166.930;321.356;106.772;173.500;210.956;189.872;212.276;211.764;119.772
2006-12-14 16:35:00;176.968; 54.097;222.867;153.857;1380.500;442.983;   null; 95.714;168.047;322.951;106.415;172.340;211.246;188.992;212.942;212.784;119.102
2006-12-14 16:40:00;176.878; 54.380;225.100;150.753;1375.180;441.347;   null; 98.466;167.377;322.715;106.552;170.580;212.454;189.866;213.898;211.522;119.608
2006-12-14 16:45:00;178.116; 53.890;220.300;151.957;1373.720;441.327;110.393; 98.190;170.573;322.089;105.721;172.340;210.886;187.484;214.206;210.238;120.826
2006-12-14 16:50:00;177.584; 53.717;223.100;152.290;1372.620;441.247;   null; 97.782;169.270;322.121;106.080;174.160;211.194;186.192;214.056;212.166;120.870
2006-12-14 16:55:00;177.440; 53.433;218.733;149.417;1365.220;440.683;   null; 96.366;168.867;319.933;106.497;172.660;214.444;188.336;216.062;212.214;119.746
2006-12-14 17:00:00;177.520; 54.940;223.400;150.933;1364.900;437.217;109.133; 98.994;168.437;321.246;106.683;171.220;211.094;189.002;213.230;212.948;119.300
2006-12-14 17:05:00;176.612; 54.547;220.700;149.293;1370.280;435.243;   null; 99.070;167.873;324.529;106.913;172.200;212.856;188.402;212.356;212.024;119.094
2006-12-14 17:10:00;175.388; 54.063;221.200;150.073;1364.760;435.323;   null; 97.838;168.247;319.387;106.895;174.060;209.342;189.346;214.184;211.584;118.880
2006-12-14 17:15:00;174.042; 53.493;219.533;147.700;1365.480;431.540;109.421; 98.004;167.893;318.856;105.468;173.220;209.562;188.282;214.904;212.516;119.878
2006-12-14 17:20:00;175.088; 53.543;222.567;149.037;1362.200;441.603;   null; 97.264;169.897;320.652;106.350;171.640;209.380;187.512;209.820;211.566;119.158
2006-12-14 17:25:00;174.412; 52.740;221.333;148.260;1356.240;434.420;   null; 98.376;167.510;322.574;106.545;171.100;209.474;188.344;212.342;210.656;120.544
2006-12-14 17:30:00;176.050; 54.337;220.833;149.187;1361.200;435.506;109.043; 97.838;168.587;318.981;106.975;170.540;213.172;188.626;212.936;212.838;120.068
2006-12-14 17:35:00;177.176; 54.687;218.067;149.577;1362.300;437.547;   null; 97.656;167.877;324.261;106.509;170.860;211.540;187.526;212.990;209.990;119.860
2006-12-14 17:40:00;175.842; 54.140;220.500;147.873;1355.520;434.917;   null; 97.990;170.550;322.321;106.123;170.020;210.948;188.908;211.048;211.846;120.562
2006-12-14 17:45:00;174.788; 54.603;221.967;150.800;1360.520;435.183;110.234; 97.380;170.397;319.514;105.797;171.360;211.372;187.594;212.850;210.922;120.850
2006-12-14 17:50:00;175.344; 55.387;219.533;148.093;1366.420;434.157;   null; 98.464;167.490;320.060;103.414;171.020;210.020;187.896;210.052;214.864;119.158
2006-12-14 17:55:00;177.940; 53.617;220.367;147.480;1358.680;432.690;   null; 96.414;166.040;321.153;104.963;169.140;210.310;186.968;212.754;210.126;119.456
2006-12-14 18:00:00;174.890; 53.457;220.000;148.937;1356.040;436.963;109.333; 98.130;166.077;319.683;106.672;167.840;210.812;188.288;213.210;212.496;119.872
2006-12-14 18:05:00;177.656; 54.847;220.700;149.853;1340.920;432.157;   null; 94.928;166.987;318.339;104.805;171.960;209.444;187.430;211.082;211.902;119.172
2006-12-14 18:10:00;177.024; 54.253;223.167;151.603;1342.680;433.803;   null; 96.634;165.900;317.931;102.678;169.540;209.236;184.462;210.734;209.698;118.754
2006-12-14 18:15:00;174.274; 53.303;217.200;150.173;1337.500;430.300;108.730; 96.682;168.023;320.010;104.690;169.160;206.804;183.710;208.940;207.420;119.212
2006-12-14 18:20:00;174.130; 53.753;218.833;149.090;1341.800;431.510;   null; 97.636;168.197;317.821;104.426;169.500;208.710;183.056;208.660;209.116;117.302
2006-12-14 18:25:00;173.974; 53.203;217.467;147.820;1339.580;426.337;   null; 96.890;164.687;316.059;104.434;166.260;206.268;183.428;209.700;209.068;119.024
2006-12-14 18:30:00;175.286; 54.447;219.433;147.970;1334.640;428.830;108.823; 98.070;163.507;315.370;104.048;166.520;205.258;185.618;210.746;210.006;118.738
2006-12-14 18:35:00;172.768; 53.900;218.300;147.773;1334.200;425.217;   null; 96.600;164.150;313.885;102.810;166.400;205.450;183.598;209.662;210.470;118.166
2006-12-14 18:40:00;173.384; 52.920;220.467;148.270;1325.460;422.270;   null; 95.608;162.793;310.058;102.780;165.980;208.980;182.490;209.250;208.154;116.268
2006-12-14 18:45:00;174.524; 53.047;218.733;149.360;1324.380;425.323;106.926; 95.366;164.360;315.308;102.044;165.700;206.658;182.918;208.112;207.860;116.168
2006-12-14 18:50:00;172.158; 54.050;216.433;148.300;1325.240;420.620;   null; 96.978;162.650;311.516;103.262;165.920;204.182;182.770;211.518;205.310;117.700
2006-12-14 18:55:00;171.416; 53.757;220.433;148.480;1333.460;421.940;   null; 96.220;164.003;315.381;103.435;168.800;207.618;178.858;210.842;206.132;117.026
2006-12-14 19:00:00;173.400; 53.073;219.233;146.743;1330.540;423.703;107.449; 96.736;163.997;313.213;104.838;165.980;205.812;180.160;209.208;206.458;117.910
2006-12-14 19:05:00;173.304; 54.410;215.900;147.083;1330.180;417.230;   null; 95.976;163.847;314.303;103.098;166.140;204.260;181.940;207.000;205.624;117.382
2006-12-14 19:10:00;172.984; 54.383;217.333;145.507;1332.640;422.973;   null; 98.694;161.550;313.393;102.831;165.340;203.100;179.550;207.878;206.396;116.868
2006-12-14 19:15:00;175.488; 54.877;219.800;147.220;1325.340;423.403;106.080; 95.976;163.633;310.089;101.489;167.700;205.850;181.758;209.314;208.870;116.964
2006-12-14 19:20:00;173.992; 53.427;218.833;147.297;1326.800;418.743;   null; 96.020;164.867;309.518;103.073;164.800;205.656;183.636;209.732;208.302;117.306
2006-12-14 19:25:00;172.660; 53.423;216.367;146.500;1331.960;418.717;   null; 95.222;162.587;309.918;101.454;164.880;205.262;183.192;209.298;206.016;114.560
2006-12-14 19:30:00;172.278; 52.550;215.600;144.677;1325.320;416.037;107.439; 95.328;159.690;312.354;101.853;163.960;203.154;180.336;209.392;208.682;116.652
2006-12-14 19:35:00;171.274; 52.207;217.167;146.573;1323.360;420.170;   null; 96.922;162.614;314.618;101.983;165.700;205.934;182.690;210.276;205.442;115.544
2006-12-14 19:40:00;173.624; 52.830;219.167;144.970;1326.260;418.027;   null; 95.864;159.057;312.867;101.166;165.640;206.348;181.178;208.624;206.068;115.918
2006-12-14 19:45:00;172.364; 53.770;218.133;145.427;1321.960;416.960;105.938; 97.022;159.623;310.982;101.798;166.540;204.138;182.016;207.986;205.416;116.632
2006-12-14 19:50:00;174.496; 54.233;215.900;145.813;1331.280;416.667;   null; 94.048;163.173;312.402; 98.897;163.660;202.238;178.326;207.602;209.538;115.718
2006-12-14 19:55:00;172.884; 53.983;216.933;147.497;1328.440;416.377;   null; 94.992;160.930;313.980;101.837;163.380;202.708;179.674;205.322;208.590;115.014
2006-12-14 20:00:00;172.920; 53.350;215.833;144.177;1326.420;416.487;106.036; 93.416;160.093;309.617;100.712;162.960;202.676;181.032;207.374;205.014;115.604
2006-12-14 20:05:00;172.968; 53.810;216.433;145.353;1329.420;415.370;   null; 95.910;162.406;311.283;100.588;164.260;202.616;182.268;205.352;207.000;115.434
2006-12-14 20:10:00;173.234; 54.663;213.967;144.770;1328.680;420.013;   null; 93.594;163.493;311.490;100.798;166.520;202.286;182.108;204.382;206.800;114.636
2006-12-14 20:15:00;172.130; 51.937;218.000;146.437;1328.120;419.653;104.902; 94.528;160.700;314.340;100.817;162.680;202.664;181.764;207.130;205.916;115.592
2006-12-14 20:20:00;172.928; 53.773;216.100;144.977;1329.440;415.500;   null; 94.106;158.623;313.604;100.757;164.960;204.266;179.164;205.616;206.146;114.128
2006-12-14 20:25:00;172.740; 52.387;213.800;146.873;1329.820;415.337;   null; 94.896;159.200;310.610;102.035;165.740;201.420;181.644;205.196;205.262;114.790
2006-12-14 20:30:00;173.286; 53.417;216.000;145.710;1332.180;416.967;106.347; 92.134;160.980;307.806;100.095;164.260;204.106;179.912;204.924;203.274;113.128
2006-12-14 20:35:00;171.426; 54.490;217.000;145.783;1323.520;413.913;   null; 93.946;160.443;307.409;101.545;161.920;203.564;179.862;204.422;202.160;112.856
2006-12-14 20:40:00;174.706; 52.560;216.033;145.217;1327.580;417.150;   null; 94.902;161.233;307.688;100.103;162.040;203.400;179.244;202.198;202.688;113.128
2006-12-14 20:45:00;171.616; 53.660;216.200;145.773;1326.540;419.217;105.191; 94.344;159.200;306.967; 99.120;163.400;201.982;178.980;202.822;199.774;112.442
2006-12-14 20:50:00;171.894; 53.760;215.633;146.370;1332.440;418.270;   null; 93.610;161.273;307.914; 99.997;161.800;201.070;180.468;200.878;202.750;113.326
2006-12-14 20:55:00;171.892; 53.933;214.533;147.330;1319.760;415.710;   null; 92.922;159.760;306.047;100.257;161.940;200.886;178.978;199.926;198.116;113.076
2006-12-14 21:00:00;173.488; 54.463;213.300;147.207;1326.320;414.163;104.467; 93.944;161.423;306.073; 99.838;163.100;198.010;176.166;202.562;201.146;113.030
2006-12-14 21:05:00;171.476; 53.797;214.933;147.387;1331.200;417.920;   null; 92.984;162.990;306.931;101.235;165.080;198.952;176.834;202.098;200.970;112.398
2006-12-14 21:10:00;171.984; 54.587;214.333;146.817;1329.160;418.674;   null; 93.760;161.573;305.780;100.190;163.680;198.028;177.286;200.984;198.280;112.988
2006-12-14 21:15:00;172.490; 54.253;217.067;147.237;1322.520;421.797;105.725; 92.810;163.367;305.725;100.795;164.200;200.362;177.558;201.792;201.182;112.364
2006-12-14 21:20:00;174.048; 54.097;213.233;149.373;1330.740;420.707;   null; 93.762;159.117;304.270; 99.968;163.400;199.428;178.076;201.044;201.182;112.270
2006-12-14 21:25:00;170.644; 54.627;214.100;149.103;1341.000;422.383;   null; 95.164;161.633;305.917;101.700;162.920;200.500;177.170;204.138;201.468;113.388
2006-12-14 21:30:00;173.140; 54.243;214.233;148.260;1335.340;424.076;105.087; 92.598;159.707;303.976;100.000;164.780;200.994;177.462;203.286;200.752;114.464
2006-12-14 21:35:00;171.138; 54.207;212.900;144.877;1334.180;422.833;   null; 91.950;163.447;300.846; 99.761;164.620;201.494;178.160;202.848;200.092;113.300
2006-12-14 21:40:00;173.736; 53.513;216.500;146.917;1334.700;425.550;   null; 92.704;163.277;303.661;101.355;164.100;201.208;177.950;200.320;199.224;114.442
2006-12-14 21:45:00;173.526; 53.907;214.300;148.613;1335.280;423.723;106.120; 92.616;161.713;304.220; 99.550;164.140;200.952;180.122;202.582;201.134;113.914
2006-12-14 21:50:00;173.770; 53.537;215.767;146.957;1334.320;425.147;   null; 92.550;161.014;303.435; 99.361;165.520;198.488;180.052;199.808;199.986;111.870
2006-12-14 21:55:00;171.272; 54.600;214.033;146.873;1346.080;421.343;   null; 93.162;160.820;303.877;101.000;163.400;197.628;179.682;200.878;200.784;112.388
2006-12-14 22:00:00;174.148; 53.560;214.600;147.613;1343.740;422.647;105.883; 94.112;161.197;302.851; 99.915;164.740;197.300;178.266;202.144;201.724;112.662
2006-12-14 22:05:00;172.600; 53.997;214.700;147.983;1339.620;422.263;   null; 93.202;160.590;302.598;100.977;164.100;200.338;178.582;199.732;200.616;112.648
2006-12-14 22:10:00;173.522; 54.057;214.200;146.240;1326.640;424.357;   null; 92.012;161.110;302.878;101.689;164.000;196.856;178.708;198.858;198.966;112.024
2006-12-14 22:15:00;174.172; 53.987;214.400;146.190;1328.640;424.157;107.181; 92.330;162.490;300.275; 99.866;162.700;196.022;177.940;199.042;197.428;112.632
2006-12-14 22:20:00;172.416; 53.460;213.933;146.953;1325.960;422.610;   null; 93.464;162.310;300.733;100.871;162.880;196.712;178.914;198.322;199.384;113.282
2006-12-14 22:25:00;174.484; 54.380;213.833;145.877;1324.320;427.520;   null; 93.026;161.233;297.431;101.387;164.500;198.200;180.168;199.032;197.590;113.130
2006-12-14 22:30:00;169.458; 54.043;212.333;146.780;1329.780;425.390;105.740; 90.948;160.730;301.330;101.108;164.300;198.104;179.964;196.660;199.184;112.848
2006-12-14 22:35:00;173.342; 53.110;215.367;148.507;1334.620;424.440;   null; 93.280;160.207;301.667; 99.669;163.480;197.950;178.202;197.544;196.836;113.350
2006-12-14 22:40:00;171.316; 55.290;217.633;148.460;1340.840;426.087;   null; 93.234;160.303;296.904;101.148;163.760;194.458;179.932;196.714;198.688;113.054
2006-12-14 22:45:00;172.786; 51.957;214.933;148.027;1338.260;426.143;105.716; 94.250;160.627;297.801;100.650;162.660;196.930;177.748;199.902;198.060;113.432
2006-12-14 22:50:00;173.390; 53.523;214.133;145.827;1343.000;421.040;   null; 93.130;160.827;296.965; 99.751;164.560;198.604;179.446;197.820;196.234;112.692
2006-12-14 22:55:00;172.628; 53.867;212.567;146.317;1336.340;417.863;   null; 92.188;161.210;301.149; 99.323;162.680;198.586;180.020;198.512;198.576;112.356
2006-12-14 23:00:00;172.476; 54.113;214.467;143.753;1321.900;415.600;104.966; 91.866;160.117;295.454;100.606;163.420;196.556;178.012;198.542;195.386;112.150
2006-12-14 23:05:00;172.384; 53.793;211.967;145.197;1328.400;414.757;   null; 92.632;160.977;296.221; 99.079;161.120;199.308;177.878;196.888;195.384;112.488
2006-12-14 23:10:00;170.874; 53.250;213.933;145.903;1329.180;417.297;   null; 90.554;160.173;295.638; 99.506;161.580;195.610;181.268;197.710;196.790;112.524
2006-12-14 23:15:00;170.824; 53.213;212.600;145.883;1320.080;420.173;105.503; 89.590;160.187;290.434;100.310;164.020;195.954;180.526;195.034;193.532;112.322
2006-12-14 23:20:00;170.256; 53.187;210.767;145.603;1337.700;417.653;   null; 90.352;162.670;292.682; 99.341;163.020;196.042;179.470;195.702;193.220;113.460
2006-12-14 23:25:00;172.798; 53.533;209.133;143.980;1337.060;419.843;   null; 89.824;162.220;288.490;100.323;164.220;194.948;175.136;194.490;191.392;111.558
2006-12-14 23:30:00;173.804; 51.533;210.900;147.597;1331.820;422.310;105.921; 89.780;160.163;291.081;100.002;162.640;194.048;176.680;196.408;191.678;112.164
2006-12-14 23:35:00;170.690; 53.593;211.233;144.900;1336.740;423.937;   null; 90.594;160.557;290.075; 99.552;160.300;196.692;175.158;193.658;190.988;110.604
2006-12-14 23:40:00;174.308; 53.480;212.000;147.193;1335.940;421.220;   null; 90.912;162.477;288.210; 99.814;160.620;192.908;177.712;194.674;192.150;112.044
2006-12-14 23:45:00;173.482; 55.447;211.333;146.370;1334.040;421.813;104.255; 89.674;161.177;293.672; 99.027;160.960;194.202;178.630;192.764;190.952;112.446
2006-12-14 23:50:00;172.170; 52.903;213.333;145.640;1342.920;418.933;   null; 91.292;159.060;291.006; 98.661;161.240;194.876;174.776;195.476;189.736;112.186
2006-12-14 23:55:00;172.488; 53.463;212.033;149.553;1336.160;420.447;   null; 90.288;158.163;291.774; 99.306;158.940;193.502;174.816;192.384;192.920;111.140
2006-12-15 00:00:00;173.428; 52.317;211.100;147.450;1336.320;421.343;104.786; 87.580;159.417;291.071; 98.665;162.020;194.216;178.312;193.162;191.412;112.574
2006-12-15 00:05:00;171.400; 53.290;211.100;147.227;1339.000;423.413;   null; 90.414;159.040;290.279; 99.489;160.960;193.844;176.564;193.318;193.176;111.882
2006-12-15 00:10:00;174.766; 52.767;211.300;147.310;1340.540;417.280;   null; 88.642;161.610;292.205; 99.157;159.820;194.030;175.862;193.676;192.628;111.654
2006-12-15 00:15:00;172.664; 54.047;211.833;146.967;1334.000;417.137;104.412; 89.270;158.517;291.746; 98.324;160.960;196.440;175.734;192.952;190.680;112.610
2006-12-15 00:20:00;171.936; 54.447;207.800;146.910;1335.440;417.160;   null; 89.314;158.860;290.803; 98.320;162.220;193.680;174.690;193.050;190.304;110.842
2006-12-15 00:25:00;173.458; 53.873;207.900;148.723;1337.980;418.087;   null; 88.292;159.083;294.642; 97.374;159.640;193.688;175.808;195.116;191.458;110.626
2006-12-15 00:30:00;173.004; 53.380;208.233;145.930;1334.680;420.037;104.996; 90.340;156.557;289.433; 97.861;160.780;194.374;177.286;194.456;191.908;110.778
2006-12-15 00:35:00;173.874; 54.040;211.333;147.710;1333.040;416.600;   null; 90.412;156.373;292.722; 96.567;159.720;195.260;177.596;193.942;191.438;112.082
2006-12-15 00:40:00;172.614; 54.137;207.333;146.153;1332.920;414.957;   null; 90.842;156.597;289.196; 97.589;160.080;195.696;175.102;193.704;190.862;111.814
2006-12-15 00:45:00;174.006; 54.070;206.700;143.783;1333.580;420.667;104.695; 88.560;156.766;286.770; 97.917;160.540;194.842;176.554;194.112;191.706;111.692
2006-12-15 00:50:00;173.392; 54.643;209.133;145.687;1331.440;418.767;   null; 90.068;159.147;287.076; 97.101;160.260;194.224;175.488;192.258;189.406;111.210
2006-12-15 00:55:00;175.168; 53.783;210.967;148.617;1345.780;417.753;   null; 90.232;157.957;287.658; 96.116;158.800;193.130;174.146;193.932;192.014;110.306
2006-12-15 01:00:00;176.062; 54.187;209.400;146.573;1338.520;419.210;103.776; 88.952;158.550;293.254; 97.551;159.280;191.016;176.344;189.570;189.746;110.590
2006-12-15 01:05:00;175.634; 52.807;209.500;146.317;1334.740;419.147;   null; 88.096;156.797;295.095; 97.655;160.520;191.530;175.506;193.736;191.740;111.510
2006-12-15 01:10:00;174.706; 54.797;209.467;146.967;1332.080;419.253;   null; 87.280;158.357;292.736; 98.094;160.360;190.316;176.102;191.152;189.410;112.250
2006-12-15 01:15:00;175.524; 53.097;206.700;146.440;1338.780;415.767;104.205; 87.846;156.073;291.771; 99.226;160.580;190.042;175.756;192.794;191.462;110.284
2006-12-15 01:20:00;172.272; 53.930;205.833;145.703;1348.540;418.910;   null; 89.326;156.650;292.947; 97.753;160.740;192.266;176.812;192.492;189.602;112.004
2006-12-15 01:25:00;176.748; 54.363;207.900;148.050;1336.540;419.003;   null; 89.116;157.023;291.376; 97.998;159.760;193.522;173.792;194.758;188.072;111.980
2006-12-15 01:30:00;172.202; 53.577;208.033;146.663;1330.900;419.223;103.330; 88.030;159.037;292.911; 98.715;159.260;191.174;175.148;192.982;190.758;111.748
2006-12-15 01:35:00;175.738; 53.587;210.200;146.163;1344.860;420.320;   null; 91.010;157.193;293.065; 98.251;161.040;192.994;176.438;192.812;190.614;111.500
2006-12-15 01:40:00;171.626; 54.687;209.200;145.883;1349.160;420.927;   null; 88.872;156.787;290.318; 99.458;159.700;190.638;176.102;193.634;190.592;113.278
2006-12-15 01:45:00;174.872; 54.523;206.167;145.217;1347.080;420.660;104.623; 88.892;157.540;289.835; 97.367;160.420;192.282;175.700;192.328;190.614;111.120
2006-12-15 01:50:00;171.538; 53.557;209.333;145.850;1357.660;417.550;   null; 89.100;159.530;292.725; 97.713;160.020;191.622;176.130;193.038;187.964;112.440
2006-12-15 01:55:00;172.536; 53.130;209.200;147.747;1352.520;417.280;   null; 88.400;158.167;295.819; 99.243;160.280;191.692;175.930;192.306;188.164;111.886
2006-12-15 02:00:00;172.674; 52.780;207.800;148.137;1353.000;418.493;104.739; 87.604;158.570;293.402; 97.654;160.340;190.434;175.486;191.012;189.416;110.336
2006-12-15 02:05:00;171.468; 54.620;207.567;146.753;1356.700;417.323;   null; 89.986;160.077;290.965; 99.798;160.660;189.954;177.080;192.380;188.682;110.828
2006-12-15 02:10:00;174.880; 52.927;211.033;146.440;1359.000;418.190;   null; 89.266;157.643;290.782; 99.772;161.100;191.718;174.470;190.390;190.090;111.016
2006-12-15 02:15:00;171.458; 54.553;209.067;146.070;1346.940;420.733;105.560; 90.206;159.257;294.331; 99.879;162.180;191.246;174.410;190.758;191.824;111.226
2006-12-15 02:20:00;173.318; 52.893;210.633;146.500;1344.400;422.910;   null; 88.072;157.020;292.120;100.668;160.880;189.560;172.654;192.712;190.916;111.000
2006-12-15 02:25:00;174.090; 53.270;209.867;146.893;1350.080;421.497;   null; 88.598;158.703;292.286; 99.561;161.840;191.838;173.278;192.492;192.226;110.874
2006-12-15 02:30:00;173.426; 53.563;206.533;147.183;1338.320;425.210;104.944; 87.522;160.133;293.562; 99.883;160.860;191.856;175.202;193.208;191.390;110.732
2006-12-15 02:35:00;175.058; 53.220;210.800;147.493;1345.160;420.987;   null; 88.698;159.223;294.823; 98.695;161.020;194.410;173.844;191.210;190.108;111.094
2006-12-15 02:40:00;175.464; 53.853;208.167;145.527;1344.660;421.527;   null; 88.232;158.970;291.750; 99.319;160.860;190.668;173.812;191.386;189.258;110.942
2006-12-15 02:45:00;174.454; 52.663;207.900;147.170;1341.020;423.467;104.531; 87.226;159.167;293.977; 99.406;161.160;191.930;173.666;192.652;189.558;111.010
2006-12-15 02:50:00;174.314; 52.773;210.200;145.680;1346.480;423.707;   null; 87.386;157.863;290.673; 98.617;162.680;191.408;175.034;192.200;190.738;111.086
2006-12-15 02:55:00;174.882; 52.557;208.900;146.013;1346.260;418.570;   null; 90.280;156.497;292.653; 99.959;163.180;192.166;175.668;193.724;190.874;111.584
2006-12-15 03:00:00;172.206; 54.573;208.400;145.687;1351.380;420.267;105.043; 88.006;159.227;292.297;100.334;162.180;193.578;173.822;193.870;191.952;111.890
2006-12-15 03:05:00;173.468; 54.537;206.533;145.687;1341.880;421.974;   null; 88.440;158.953;289.149;100.294;163.900;191.948;175.516;193.000;190.338;111.688
2006-12-15 03:10:00;174.852; 53.293;208.433;146.500;1347.440;420.737;   null; 88.988;157.827;290.583;100.120;162.360;192.540;173.136;189.498;189.598;112.348
2006-12-15 03:15:00;173.570; 53.420;207.100;146.827;1341.760;421.676;104.782; 88.276;158.076;293.165;100.561;164.500;191.692;172.410;191.890;188.990;111.892
2006-12-15 03:20:00;174.288; 53.357;206.600;145.793;1345.980;420.090;   null; 89.716;160.010;291.148;100.268;160.700;192.010;174.158;192.860;190.128;111.342
2006-12-15 03:25:00;171.212; 53.323;209.667;146.303;1337.440;422.497;   null; 89.134;158.413;292.075;100.190;161.440;191.890;174.038;192.190;190.224;111.796
2006-12-15 03:30:00;173.136; 54.420;210.200;143.663;1346.040;418.783;103.835; 89.530;158.310;291.766; 99.264;161.920;192.982;173.036;192.280;191.936;111.430
2006-12-15 03:35:00;173.724; 54.403;209.367;145.853;1335.520;417.210;   null; 89.878;157.387;291.663; 98.375;159.300;192.174;173.352;192.972;192.010;113.050
2006-12-15 03:40:00;172.576; 53.890;208.300;144.770;1345.960;414.687;   null; 87.746;158.243;292.008; 99.784;160.940;192.966;172.930;192.946;191.072;112.474
2006-12-15 03:45:00;174.088; 53.460;209.100;143.997;1337.400;414.567;104.215; 87.232;155.337;291.149; 98.174;159.280;193.156;174.728;193.590;190.968;110.750
2006-12-15 03:50:00;175.144; 54.047;209.300;144.337;1338.380;416.827;   null; 88.702;156.403;289.383; 98.845;159.800;190.808;173.184;191.576;192.558;112.828
2006-12-15 03:55:00;174.344; 55.200;208.633;143.277;1339.620;415.933;   null; 90.320;154.847;292.006; 97.409;158.560;192.632;173.630;194.706;189.342;111.256
2006-12-15 04:00:00;172.704; 54.393;208.800;146.253;1345.100;415.753;103.324; 89.176;158.437;289.746; 99.240;161.200;194.558;174.752;193.332;188.190;111.450
2006-12-15 04:05:00;171.828; 54.437;208.700;145.343;1338.920;419.810;   null; 91.204;159.320;292.019;100.287;161.520;193.532;174.288;192.006;192.136;111.610
2006-12-15 04:10:00;171.462; 53.857;208.233;143.553;1338.200;420.797;   null; 89.170;157.937;292.264;101.146;161.480;191.338;178.234;192.376;189.984;111.900
2006-12-15 04:15:00;173.486; 52.987;210.233;145.990;1343.700;417.893;106.032; 89.250;159.167;291.304; 99.942;161.320;192.942;174.726;192.882;189.564;110.912
2006-12-15 04:20:00;172.988; 54.173;212.200;143.973;1338.660;420.190;   null; 88.382;156.677;289.594; 99.036;162.500;193.526;177.116;192.066;191.102;111.694
2006-12-15 04:25:00;174.434; 53.050;210.567;145.430;1339.520;416.587;   null; 89.716;158.030;291.694; 98.800;161.920;193.814;174.230;193.818;191.328;112.030
2006-12-15 04:30:00;172.216; 53.327;209.533;145.270;1341.060;421.297;104.663; 90.246;159.310;291.035; 99.560;164.540;192.696;174.476;193.980;191.570;112.968
2006-12-15 04:35:00;173.348; 53.270;212.733;143.343;1338.580;419.550;   null; 88.252;160.350;291.105; 99.758;160.540;193.470;174.496;193.552;190.346;111.386
2006-12-15 04:40:00;172.110; 53.537;212.467;144.793;1338.780;419.027;   null; 90.892;157.737;290.101; 99.044;160.240;192.460;172.954;194.642;191.412;112.308
2006-12-15 04:45:00;174.582; 53.523;211.800;146.640;1347.800;419.503;105.524; 91.104;161.487;293.517; 99.538;162.960;192.898;175.292;196.060;192.712;111.114
2006-12-15 04:50:00;172.986; 54.790;210.333;143.540;1345.580;419.067;   null; 90.696;158.707;291.651; 99.023;160.600;193.624;174.958;197.756;192.526;112.644
2006-12-15 04:55:00;173.150; 53.147;209.600;144.723;1352.060;420.257;   null; 91.300;158.773;291.070; 99.236;160.500;192.996;174.252;195.700;191.932;112.482
2006-12-15 05:00:00;173.488; 52.550;212.333;147.493;1351.500;417.130;106.184; 90.150;157.370;289.647;100.560;161.640;193.092;174.590;196.504;193.316;113.026
2006-12-15 05:05:00;173.856; 54.463;208.800;142.703;1355.200;417.620;   null; 89.540;159.463;291.405;100.360;162.140;193.738;173.542;196.226;195.846;112.904
2006-12-15 05:10:00;173.444; 53.687;209.933;146.057;1357.560;417.783;   null; 89.234;160.174;290.888; 99.691;162.020;192.098;175.960;195.254;195.020;112.378
2006-12-15 05:15:00;175.128; 52.943;209.967;144.890;1357.560;416.757;104.728; 90.982;158.623;295.090;101.148;161.600;192.388;173.982;197.868;194.034;111.392
2006-12-15 05:20:00;174.712; 53.897;211.500;146.237;1352.600;417.923;   null; 91.236;159.693;290.963; 98.224;163.780;192.506;173.642;195.534;192.898;113.974
2006-12-15 05:25:00;173.422; 54.100;212.467;146.333;1345.160;420.363;   null; 91.888;160.197;291.066;102.107;162.440;191.966;174.620;196.884;192.158;113.832
2006-12-15 05:30:00;174.758; 53.420;211.100;146.857;1337.200;420.523;105.709; 91.828;158.107;288.989;101.040;162.060;192.878;175.992;197.956;192.638;112.570
2006-12-15 05:35:00;175.034; 54.363;212.833;144.923;1345.340;419.740;   null; 92.280;157.877;290.519; 99.899;161.980;195.624;174.258;196.780;194.354;113.364
2006-12-15 05:40:00;175.816; 54.000;211.033;143.583;1341.500;417.983;   null; 91.146;157.807;290.554;100.640;162.440;194.982;176.038;198.252;194.474;113.510
2006-12-15 05:45:00;171.636; 52.580;212.100;144.640;1350.660;421.690;105.023; 90.434;161.410;291.508; 99.326;162.280;193.590;174.804;198.894;195.818;112.538
2006-12-15 05:50:00;173.660; 55.450;212.067;144.763;1353.080;417.817;   null; 91.160;157.783;290.033; 99.453;164.340;193.382;173.916;198.462;194.510;113.752
2006-12-15 05:55:00;173.916; 53.953;211.900;144.473;1343.060;425.717;   null; 90.730;158.503;291.296; 98.273;162.960;195.204;174.868;197.510;198.182;112.056
2006-12-15 06:00:00;173.444; 54.150;213.167;144.320;1346.920;422.863;104.261; 91.578;159.483;289.935;100.438;161.460;195.952;175.406;197.464;193.652;113.232
2006-12-15 06:05:00;171.488; 52.713;211.800;145.850;1345.760;420.410;   null; 91.386;158.713;290.418;100.324;161.860;195.366;175.498;196.806;195.446;111.644
2006-12-15 06:10:00;172.978; 56.190;212.467;143.827;1352.960;424.467;   null; 92.020;159.117;290.037;100.907;162.740;194.608;178.062;195.572;195.564;113.042
2006-12-15 06:15:00;175.324; 52.323;212.733;148.443;1352.240;420.417;105.391; 91.020;160.137;292.066; 98.994;163.780;194.946;174.698;197.000;196.882;111.428
2006-12-15 06:20:00;172.658; 54.557;213.000;144.637;1344.420;421.083;   null; 91.038;159.783;293.295; 99.792;162.560;195.038;177.546;197.506;194.878;112.086
2006-12-15 06:25:00;175.302; 55.420;212.067;145.747;1346.520;422.007;   null; 90.812;161.133;293.604; 99.489;161.260;197.998;178.040;196.512;197.280;111.676
2006-12-15 06:30:00;175.318; 53.273;211.967;145.840;1346.300;421.093;105.267; 91.028;157.860;292.878;100.254;161.260;196.650;175.056;196.932;194.508;113.878
2006-12-15 06:35:00;175.074; 54.803;211.600;145.843;1345.880;420.160;   null; 90.570;160.033;293.982; 99.565;160.080;196.114;174.756;197.086;193.958;113.162
2006-12-15 06:40:00;175.286; 52.567;210.367;144.420;1350.660;420.093;   null; 90.334;158.420;291.945;100.325;160.080;194.828;173.372;196.000;193.804;112.346
2006-12-15 06:45:00;174.992; 55.577;209.200;146.620;1347.460;418.733;104.347; 92.194;157.560;293.681; 97.687;162.880;193.736;176.208;196.192;194.102;112.282
2006-12-15 06:50:00;176.224; 53.263;211.933;145.573;1344.560;420.313;   null; 91.044;157.664;293.551;100.019;164.780;195.872;175.376;194.728;191.972;112.462
2006-12-15 06:55:00;174.232; 53.130;209.267;145.507;1351.640;419.100;   null; 90.870;159.520;293.336;100.071;161.500;194.372;176.044;197.070;193.452;113.230
2006-12-15 07:00:00;175.532; 54.090;209.300;146.493;1346.440;419.967;104.664; 90.820;162.887;295.832; 99.070;162.140;195.198;174.656;196.828;194.642;112.494
2006-12-15 07:05:00;172.558; 54.043;211.367;145.210;1352.820;417.607;   null; 92.614;157.033;293.235; 99.026;161.920;195.320;175.724;198.648;193.784;111.580
2006-12-15 07:10:00;175.638; 54.733;210.633;144.513;1350.580;418.110;   null; 88.452;157.640;291.383;100.804;161.040;193.098;176.420;196.994;192.980;111.404
2006-12-15 07:15:00;172.838; 53.893;209.100;144.300;1349.420;420.667;105.153; 91.786;156.130;293.326; 99.604;161.540;195.652;175.166;195.600;194.604;113.130
2006-12-15 07:20:00;176.138; 55.137;212.533;146.303;1353.420;420.247;   null; 90.978;157.870;293.596; 99.245;161.380;196.940;174.428;197.670;196.392;111.930
2006-12-15 07:25:00;173.000; 54.420;210.533;145.940;1350.220;423.224;   null; 90.162;158.597;294.838; 99.594;162.740;194.524;175.766;196.234;190.832;111.896
2006-12-15 07:30:00;175.508; 54.020;210.867;145.767;1358.740;420.403;104.852; 91.704;159.680;296.196; 99.392;161.440;194.994;173.956;196.738;193.828;112.924
2006-12-15 07:35:00;173.768; 54.930;210.267;145.927;1355.200;423.497;   null; 90.256;158.883;295.360; 99.924;160.760;193.586;175.362;195.394;194.230;111.024
2006-12-15 07:40:00;174.128; 54.083;209.433;145.957;1355.740;420.900;   null; 90.342;157.793;293.995; 99.804;160.180;194.306;175.010;195.630;194.384;113.542
2006-12-15 07:45:00;173.642; 54.857;209.733;147.980;1352.560;422.010;104.576; 90.092;156.027;297.294; 98.885;162.940;193.540;175.780;196.554;194.700;112.586
2006-12-15 07:50:00;175.800; 54.843;212.867;146.123;1356.680;422.957;   null; 89.634;157.460;297.989; 98.960;160.860;195.490;176.690;197.090;195.422;113.030
2006-12-15 07:55:00;173.972; 54.437;211.233;146.833;1353.160;424.087;   null; 91.200;157.667;295.777; 99.359;160.960;196.054;178.674;195.394;194.354;113.180
2006-12-15 08:00:00;174.804; 54.717;210.167;147.283;1347.760;426.583;105.132; 91.296;158.610;292.658;100.843;160.620;195.698;177.436;197.424;194.000;112.686
2006-12-15 08:05:00;174.132; 53.187;208.967;147.633;1346.100;423.247;   null; 90.762;158.253;294.227;100.814;161.540;195.712;175.966;196.898;195.006;112.038
2006-12-15 08:10:00;175.900; 55.817;210.200;147.253;1344.900;427.920;   null; 90.188;157.423;292.573; 98.025;162.600;195.478;175.816;198.420;195.062;114.046
2006-12-15 08:15:00;173.874; 54.610;209.433;145.460;1352.200;428.310;105.290; 92.178;157.657;298.638; 98.918;161.920;196.726;176.904;198.298;196.244;113.138
2006-12-15 08:20:00;176.802; 54.510;210.900;148.297;1343.200;423.873;   null; 91.158;158.250;296.433; 98.456;162.200;195.812;175.574;196.156;196.314;113.304
2006-12-15 08:25:00;176.140; 52.873;211.867;147.873;1342.300;424.580;   null; 90.830;157.930;298.356; 99.505;159.640;195.276;175.366;198.334;192.772;112.164
2006-12-15 08:30:00;173.510; 55.707;212.067;147.927;1344.260;429.210;104.994; 89.766;158.413;294.033;100.059;161.280;194.826;174.540;196.948;196.896;112.660
2006-12-15 08:35:00;176.320; 53.267;211.267;146.193;1346.800;430.113;   null; 89.728;162.547;298.321; 99.319;162.340;195.478;175.704;197.002;195.282;111.418
2006-12-15 08:40:00;173.912; 54.937;209.167;145.263;1352.900;430.160;   null; 91.370;158.637;298.296; 97.551;160.880;195.908;174.892;198.558;195.444;112.104
2006-12-15 08:45:00;172.050; 54.063;210.100;147.100;1350.820;427.644;106.545; 87.936;158.450;297.172; 98.493;161.520;196.934;177.976;198.404;194.734;113.088
2006-12-15 08:50:00;176.336; 53.477;212.533;148.580;1348.700;425.540;   null; 89.712;158.520;297.089; 99.765;160.640;194.626;177.650;196.588;195.142;112.462
2006-12-15 08:55:00;175.050; 54.880;211.333;148.113;1351.820;427.090;   null; 89.644;161.153;295.641; 99.860;162.920;198.074;177.274;195.074;196.128;113.378
2006-12-15 09:00:00;175.110; 54.230;214.067;145.010;1356.020;428.000;105.683; 91.276;159.617;294.117; 99.707;161.260;195.370;176.286;196.338;194.604;113.262
2006-12-15 09:05:00;174.120; 54.043;209.633;146.477;1342.300;426.637;   null; 91.094;159.840;295.998; 99.915;160.700;194.562;176.816;196.122;195.078;113.354
2006-12-15 09:10:00;173.518; 54.027;211.533;145.267;1346.340;429.410;   null; 90.496;159.710;298.447; 98.641;162.640;196.926;176.678;197.308;196.746;113.164
2006-12-15 09:15:00;172.978; 54.860;209.500;145.913;1349.620;426.983;105.558; 90.756;159.573;299.729; 99.710;159.820;196.760;176.188;196.694;196.406;113.202
2006-12-15 09:20:00;172.802; 53.387;210.667;147.590;1337.320;425.473;   null; 90.624;160.160;295.079; 98.588;162.220;197.160;177.566;196.784;197.050;112.560
2006-12-15 09:25:00;174.938; 53.590;211.967;146.617;1343.840;429.403;   null; 91.322;159.253;298.463; 98.247;162.200;195.734;176.534;196.568;195.500;113.674
2006-12-15 09:30:00;173.170; 54.063;210.500;146.647;1343.860;425.163;106.227; 89.222;159.210;299.444; 98.660;163.040;196.324;176.802;197.092;196.226;112.488
2006-12-15 09:35:00;175.374; 53.863;209.800;144.427;1343.060;423.833;   null; 90.338;161.117;297.472; 99.673;160.160;195.638;178.042;197.854;194.388;114.322
2006-12-15 09:40:00;171.656; 54.290;209.500;145.540;1340.820;429.397;   null; 91.260;161.180;297.401; 98.921;161.400;196.168;177.418;197.648;196.808;112.218
2006-12-15 09:45:00;173.574; 54.367;213.200;144.493;1340.160;422.743;105.373; 91.222;159.043;299.615; 99.322;162.140;197.228;176.366;198.066;196.638;113.358
2006-12-15 09:50:00;171.446; 54.253;207.700;144.220;1337.940;425.577;   null; 90.002;159.723;298.870; 99.219;162.020;197.910;175.656;197.472;197.262;112.434
2006-12-15 09:55:00;173.152; 54.597;211.067;146.537;1336.000;425.827;   null; 91.450;159.613;301.810; 99.181;161.980;197.150;177.176;196.144;196.862;112.828
2006-12-15 10:00:00;174.430; 53.803;211.900;147.440;1340.620;429.960;107.351; 92.536;161.977;297.761; 98.939;161.280;197.678;177.188;197.626;195.852;113.936
2006-12-15 10:05:00;172.810; 54.203;210.333;148.083;1339.120;427.693;   null; 91.774;159.517;298.602;101.021;162.760;196.628;175.656;195.918;195.210;113.616
2006-12-15 10:10:00;174.158; 53.053;210.367;146.953;1341.020;428.070;   null; 91.644;159.403;298.094;100.027;161.260;196.638;177.150;198.306;194.600;113.480
2006-12-15 10:15:00;172.450; 53.657;210.733;145.323;1343.400;429.100;105.987; 90.926;159.553;300.569; 99.579;162.220;198.068;178.144;197.262;197.672;112.232
2006-12-15 10:20:00;171.256; 53.607;210.700;145.463;1342.180;424.783;   null; 91.232;159.297;297.193; 98.657;161.220;198.316;177.904;197.232;196.792;114.048
2006-12-15 10:25:00;175.006; 54.610;212.033;146.850;1338.840;426.407;   null; 91.716;162.090;297.384; 98.439;162.180;196.082;175.454;198.072;194.946;112.188
2006-12-15 10:30:00;172.356; 52.617;209.967;147.687;1335.600;427.387;105.091; 91.828;162.137;297.196; 98.398;162.560;196.814;180.376;198.542;197.120;113.674
2006-12-15 10:35:00;173.124; 52.820;210.900;147.437;1336.320;424.000;   null; 90.708;159.987;298.990; 99.723;162.280;199.582;177.058;198.156;196.528;111.606
2006-12-15 10:40:00;174.208; 52.870;211.967;147.353;1337.760;425.927;   null; 90.820;160.190;298.282; 99.972;161.780;196.752;177.996;195.432;196.024;114.686
2006-12-15 10:45:00;173.516; 54.243;212.967;149.240;1338.220;423.670;105.373; 91.152;161.070;299.774; 97.061;163.320;198.512;178.902;195.160;196.402;112.456
2006-12-15 10:50:00;172.972; 53.623;211.000;146.847;1360.620;426.837;   null; 89.866;159.600;294.924;100.644;161.040;197.106;178.676;196.278;198.996;112.846
2006-12-15 10:55:00;172.226; 53.293;212.700;144.713;1348.880;423.630;   null; 90.820;158.907;299.273; 99.613;162.180;196.244;177.768;198.196;197.330;111.978
2006-12-15 11:00:00;172.382; 53.653;212.800;145.690;1340.420;425.703;107.077; 91.922;160.720;299.483;100.779;160.180;197.264;179.886;198.362;196.284;112.312
2006-12-15 11:05:00;173.240; 53.883;211.600;147.120;1348.220;429.704;   null; 91.170;158.717;302.939; 99.711;161.380;199.150;179.474;198.778;198.302;113.334
2006-12-15 11:10:00;172.558; 54.793;211.033;146.200;1349.900;425.383;   null; 90.754;160.247;300.023; 98.902;161.440;198.136;178.482;200.560;195.588;113.298
2006-12-15 11:15:00;174.148; 51.980;210.333;147.590;1338.280;427.463;106.693; 90.784;161.197;299.804; 99.990;162.640;200.936;176.604;196.610;195.274;112.384
2006-12-15 11:20:00;171.966; 53.837;210.500;147.260;1352.500;426.417;   null; 91.202;161.127;297.135; 99.343;162.880;195.356;177.390;199.108;197.554;112.058
2006-12-15 11:25:00;172.576; 54.687;210.233;147.803;1348.720;424.477;   null; 91.046;162.407;299.558; 99.146;161.820;198.874;177.052;198.062;197.124;112.016
2006-12-15 11:30:00;173.742; 53.517;211.233;146.917;1342.340;424.794;105.299; 91.946;158.790;295.762;100.646;164.720;199.232;178.362;199.808;199.150;113.776
2006-12-15 11:35:00;171.148; 54.013;211.200;146.263;1344.820;423.087;   null; 90.428;160.017;299.393;100.376;160.860;196.054;177.552;198.724;199.746;113.952
2006-12-15 11:40:00;172.642; 53.883;212.267;148.193;1336.160;425.877;   null; 91.626;160.510;298.470; 99.024;161.760;197.106;178.494;198.686;196.290;112.948
2006-12-15 11:45:00;174.320; 53.277;213.533;146.807;1337.560;425.963;106.516; 92.556;159.460;299.410;100.339;161.880;197.802;178.812;194.438;197.628;113.746
2006-12-15 11:50:00;174.452; 53.923;213.867;147.677;1341.200;423.787;   null; 91.876;158.800;296.644; 99.568;164.080;196.260;178.352;198.504;196.442;112.968
2006-12-15 11:55:00;172.616; 54.167;209.100;146.047;1336.320;425.723;   null; 93.450;161.290;298.019; 99.082;163.500;197.130;179.328;197.394;195.410;112.520
2006-12-15 12:00:00;174.612; 54.017;212.733;145.243;1339.960;427.743;105.841; 92.358;162.103;295.840;100.054;163.320;197.658;179.532;198.612;196.754;112.380
2006-12-15 12:05:00;170.654; 54.250;212.000;146.193;1327.980;426.383;   null; 92.374;160.577;299.199; 98.652;163.580;197.206;179.056;199.580;197.002;112.586
2006-12-15 12:10:00;172.318; 53.707;214.200;142.587;1332.280;423.560;   null; 91.504;162.983;298.041;100.622;162.820;198.004;179.758;199.598;195.234;111.972
2006-12-15 12:15:00;171.840; 54.000;213.333;144.527;1332.200;429.497;105.861; 90.998;161.460;297.588;100.629;162.260;198.324;180.800;196.926;196.266;112.826
2006-12-15 12:20:00;171.150; 54.390;212.067;145.583;1336.180;424.607;   null; 92.208;160.497;298.953; 99.855;162.540;196.130;177.670;197.490;196.678;113.674
2006-12-15 12:25:00;173.476; 54.187;211.867;146.010;1331.400;425.640;   null; 92.036;159.087;299.870; 98.875;161.820;198.274;179.750;198.812;197.518;112.958
2006-12-15 12:30:00;171.646; 53.543;211.800;145.827;1327.660;424.437;105.747; 91.974;162.290;299.892;100.487;161.960;197.086;178.516;197.944;196.788;112.804
2006-12-15 12:35:00;172.354; 55.187;212.100;145.690;1340.820;422.780;   null; 91.888;158.610;297.150;100.511;163.780;197.000;176.928;197.490;195.962;114.328
2006-12-15 12:40:00;171.414; 54.210;211.133;148.147;1330.660;425.763;   null; 90.928;159.073;297.576;101.210;162.000;197.854;179.328;197.224;196.126;113.852
2006-12-15 12:45:00;172.788; 52.857;211.733;145.783;1337.540;423.770;105.972; 91.814;159.067;299.955; 98.229;162.280;197.084;181.206;199.686;196.544;114.294
2006-12-15 12:50:00;174.602; 53.103;214.667;146.260;1339.020;421.683;   null; 92.728;160.653;299.580; 99.063;162.800;196.672;178.326;196.444;196.860;114.218
2006-12-15 12:55:00;171.976; 53.947;212.267;146.500;1335.680;426.353;   null; 92.758;159.520;299.875; 99.856;162.620;199.170;177.108;198.890;195.584;113.566
2006-12-15 13:00:00;171.338; 54.107;212.800;144.953;1331.020;422.283;106.748; 91.402;158.937;299.634;100.821;162.160;197.832;178.378;197.260;197.478;112.884
2006-12-15 13:05:00;173.432; 54.893;211.933;146.840;1348.220;428.043;   null; 92.654;162.470;299.393; 99.138;163.680;199.252;178.560;197.658;197.490;113.490
2006-12-15 13:10:00;172.496; 54.137;214.167;146.600;1336.700;425.347;   null; 91.460;161.163;299.023;101.007;164.420;199.216;176.610;198.350;196.912;112.078
2006-12-15 13:15:00;174.302; 54.173;211.433;147.287;1334.160;421.526;105.334; 92.344;159.117;301.828; 99.378;163.680;199.120;177.930;196.910;197.488;113.630
2006-12-15 13:20:00;173.086; 55.107;210.700;147.720;1333.960;421.757;   null; 92.124;162.007;300.169;100.694;162.960;197.740;176.312;198.452;198.018;113.286
2006-12-15 13:25:00;174.152; 53.627;211.833;144.647;1342.160;424.410;   null; 93.514;161.687;301.815; 99.696;163.540;196.166;178.688;200.842;198.734;113.778
2006-12-15 13:30:00;175.648; 53.323;211.700;145.933;1343.860;426.353;105.472; 91.976;163.827;299.944;101.101;163.360;197.564;179.502;198.544;197.544;114.238
2006-12-15 13:35:00;172.470; 54.790;216.000;146.040;1342.460;424.310;   null; 93.870;157.893;299.405;100.212;165.720;198.094;178.168;198.742;198.668;113.618
2006-12-15 13:40:00;172.732; 52.817;211.600;147.980;1343.820;424.940;   null; 90.086;160.710;298.185; 99.819;162.640;196.968;178.368;199.716;198.090;113.522
2006-12-15 13:45:00;172.956; 52.583;213.900;146.763;1340.920;425.317;106.926; 92.050;158.930;301.147; 99.348;164.040;196.172;178.822;200.328;197.524;114.970
2006-12-15 13:50:00;173.174; 54.753;215.667;144.983;1342.440;425.193;   null; 92.530;161.226;299.785;100.270;163.140;197.702;180.124;198.382;198.508;113.062
2006-12-15 13:55:00;174.200; 54.140;214.700;144.960;1342.320;423.213;   null; 92.700;160.720;299.036;101.690;162.980;197.084;180.548;196.938;197.818;113.128
2006-12-15 14:00:00;174.414; 53.620;212.067;146.483;1355.240;419.637;105.954; 89.640;160.220;301.441; 99.875;164.320;198.020;179.562;201.746;196.574;113.348
2006-12-15 14:05:00;172.218; 54.317;212.700;147.420;1343.380;423.557;   null; 91.988;161.837;300.153;100.913;163.560;197.278;178.966;197.894;198.790;114.734
2006-12-15 14:10:00;174.250; 54.473;215.533;148.297;1336.780;421.517;   null; 90.830;160.090;299.961;100.647;163.600;196.608;178.724;199.220;198.258;113.620
2006-12-15 14:15:00;172.964; 53.793;213.033;146.233;1349.560;426.800;105.341; 92.360;163.110;301.275;101.022;163.220;198.230;181.456;200.962;198.068;112.592
2006-12-15 14:20:00;173.934; 55.160;212.133;145.997;1339.160;423.490;   null; 92.640;164.187;300.586;100.396;163.840;197.932;178.128;200.918;198.270;113.678
2006-12-15 14:25:00;174.252; 53.297;213.500;145.770;1341.200;424.940;   null; 92.286;161.113;303.346; 98.786;164.240;199.614;177.634;200.726;198.280;112.358
2006-12-15 14:30:00;174.112; 53.243;212.600;146.017;1351.280;427.020;106.160; 93.514;160.947;301.688; 99.597;163.740;197.314;177.830;198.532;198.714;113.392
2006-12-15 14:35:00;172.714; 55.133;215.000;147.230;1349.060;426.937;   null; 91.634;158.910;302.015;100.152;163.680;199.468;179.714;197.588;199.110;114.796
2006-12-15 14:40:00;174.184; 53.573;213.267;146.623;1344.660;423.100;   null; 92.276;162.267;302.691;100.704;162.800;198.026;178.802;200.068;198.080;113.814
2006-12-15 14:45:00;174.712; 54.730;213.367;145.997;1342.860;421.560;105.312; 92.594;161.197;301.079; 99.317;163.500;199.220;179.892;199.732;197.290;112.530
2006-12-15 14:50:00;172.820; 53.777;213.633;146.570;1336.240;420.440;   null; 91.828;161.533;302.525;102.387;163.640;198.426;181.698;200.436;198.746;112.938
2006-12-15 14:55:00;171.394; 53.973;213.967;146.613;1343.560;426.260;   null; 91.266;160.413;302.665;101.773;163.760;198.710;179.988;198.958;200.242;112.406
2006-12-15 15:00:00;175.658; 53.113;213.200;147.180;1343.840;425.217;105.947; 93.414;162.617;303.628;101.220;163.900;196.114;179.246;201.436;199.206;113.230
2006-12-15 15:05:00;173.244; 52.820;213.067;146.787;1350.180;425.237;   null; 93.704;160.293;302.269;100.267;162.880;201.128;178.090;201.050;198.378;114.646
2006-12-15 15:10:00;172.362; 54.457;215.967;144.167;1354.740;426.860;   null; 91.652;161.213;305.118;100.570;163.280;199.434;181.158;201.366;198.560;113.500
2006-12-15 15:15:00;172.718; 53.340;212.667;146.393;1343.240;425.680;105.779; 90.250;160.273;300.452; 99.833;163.360;197.480;177.648;198.592;198.052;114.766
2006-12-15 15:20:00;169.908; 52.393;214.867;146.577;1362.360;422.550;   null; 91.782;161.433;302.529;100.656;163.020;198.844;178.022;201.852;197.626;113.546
2006-12-15 15:25:00;172.940; 52.903;214.433;145.323;1345.020;429.317;   null; 92.428;158.410;303.798;100.547;166.100;198.830;177.338;198.436;201.460;113.104
2006-12-15 15:30:00;173.100; 55.050;210.300;144.727;1354.320;424.073;105.058; 91.592;161.493;302.958;101.362;163.920;199.200;179.770;200.252;198.024;113.202
2006-12-15 15:35:00;173.320; 54.317;213.667;145.340;1342.220;421.277;   null; 93.312;161.580;303.737;101.723;162.820;198.598;176.958;200.066;200.300;114.360
2006-12-15 15:40:00;173.408; 52.697;213.033;145.817;1352.280;422.990;   null; 91.072;159.177;303.287;100.961;162.980;199.406;179.984;198.352;198.724;114.880
2006-12-15 15:45:00;173.288; 53.450;212.967;145.713;1355.780;423.783;105.857; 92.168;161.987;302.083;100.671;163.420;198.674;180.190;201.148;198.544;114.748
2006-12-15 15:50:00;172.792; 53.047;213.600;144.600;1350.800;426.577;   null; 90.688;162.203;304.376; 99.872;163.560;198.326;177.802;200.736;198.706;113.806
2006-12-15 15:55:00;173.266; 53.127;213.467;148.243;1342.880;424.347;   null; 90.924;164.730;305.865;101.951;164.200;197.904;179.990;200.744;201.642;114.654
2006-12-15 16:00:00;173.446; 53.307;210.533;145.493;1352.380;421.797;105.691; 90.240;161.203;304.220;102.753;163.700;201.456;179.960;198.500;200.240;113.306
2006-12-15 16:05:00;171.416; 53.343;213.500;143.883;1358.300;423.443;   null; 91.822;162.757;303.716;101.348;163.260;200.304;179.080;198.840;199.634;114.164
2006-12-15 16:10:00;174.932; 53.197;211.767;147.180;1348.700;424.017;   null; 92.060;160.710;303.360;102.152;163.460;197.802;180.138;197.502;200.592;114.662
2006-12-15 16:15:00;171.560; 53.197;214.033;146.633;1353.340;423.617;105.555; 90.006;163.527;304.013;100.788;162.080;198.826;178.124;198.408;199.394;112.906
2006-12-15 16:20:00;173.736; 52.420;213.933;145.207;1355.520;424.547;   null; 91.902;159.410;302.557;101.823;162.760;201.956;179.378;200.150;200.256;114.008
2006-12-15 16:25:00;173.692; 54.097;211.933;145.960;1356.900;421.043;   null; 92.474;161.147;303.021;100.332;163.820;199.424;181.190;199.256;199.612;115.166
2006-12-15 16:30:00;171.896; 53.493;213.767;146.770;1344.600;419.360;106.197; 93.646;162.587;305.908;100.727;163.640;199.746;178.614;198.872;198.002;115.186
2006-12-15 16:35:00;170.384; 53.763;210.733;146.433;1348.140;425.043;   null; 91.132;160.913;303.943;100.664;163.240;199.964;177.920;198.000;197.138;115.388
2006-12-15 16:40:00;172.892; 53.567;212.500;146.983;1338.420;423.437;   null; 92.908;160.333;302.756;102.627;163.700;201.866;177.462;200.500;200.260;114.882
2006-12-15 16:45:00;171.660; 53.277;215.067;144.030;1347.120;425.937;106.561; 92.990;161.240;306.732;101.291;163.820;198.670;179.968;199.376;198.358;113.220
2006-12-15 16:50:00;174.138; 55.070;215.767;147.780;1346.880;424.553;   null; 91.608;158.730;306.044;100.807;161.820;198.856;179.688;202.404;197.168;113.506
2006-12-15 16:55:00;173.904; 55.017;212.500;145.293;1357.980;421.230;   null; 91.526;160.667;302.287;101.002;162.320;200.300;180.512;201.398;197.816;113.916
2006-12-15 17:00:00;174.262; 54.040;210.000;144.747;1354.740;425.660;106.180; 92.924;159.057;302.531;101.780;162.760;200.514;180.562;199.806;200.136;115.002
2006-12-15 17:05:00;174.534; 54.430;212.267;144.710;1352.040;420.800;   null; 92.990;161.077;305.298;100.479;162.880;199.974;180.448;199.182;196.168;115.698
2006-12-15 17:10:00;171.634; 52.587;210.533;146.140;1354.700;426.353;   null; 92.238;160.460;304.085;100.365;162.720;202.060;179.810;200.178;198.110;114.682
2006-12-15 17:15:00;171.646; 55.490;215.767;144.063;1354.800;422.273;106.230; 93.076;159.773;304.992;100.325;164.500;201.484;179.302;201.586;199.168;114.290
2006-12-15 17:20:00;170.810; 54.037;213.100;144.587;1362.660;427.650;   null; 92.170;161.787;304.724;100.129;163.780;199.956;179.446;199.166;198.668;114.158
2006-12-15 17:25:00;174.504; 54.150;210.467;147.360;1365.700;425.223;   null; 91.952;161.127;303.206;100.392;161.440;201.752;179.286;199.232;200.028;115.010
2006-12-15 17:30:00;173.924; 55.723;212.533;144.403;1353.560;425.543;106.536; 91.678;160.660;303.238;100.338;162.720;202.348;181.128;199.554;199.846;114.872
2006-12-15 17:35:00;172.838; 53.833;212.667;145.800;1357.800;421.063;   null; 91.270;161.130;304.135;101.872;162.840;199.688;180.750;200.562;199.864;114.338
2006-12-15 17:40:00;173.848; 55.147;211.800;147.887;1349.080;424.990;   null; 90.316;162.250;304.738;100.412;162.520;202.196;181.670;198.824;198.228;115.154
2006-12-15 17:45:00;172.984; 53.313;213.600;144.057;1366.760;426.633;105.795; 90.834;158.793;302.996;100.586;161.800;   null;179.860;201.708;199.834;114.724
2006-12-15 17:50:00;173.612; 52.163;212.633;148.077;1358.860;424.964;   null; 93.134;160.497;301.362;101.259;161.780;200.577;180.748;199.490;200.222;116.206
2006-12-15 17:55:00;172.792; 54.450;214.733;145.983;1362.920;423.997;   null; 92.482;161.877;304.385;101.221;162.700;199.050;180.860;201.110;198.708;115.248
2006-12-15 18:00:00;176.366; 54.000;212.467;147.110;1360.840;423.360;106.135; 92.308;161.260;303.868;101.314;161.840;200.794;180.742;199.960;199.722;114.506
2006-12-15 18:05:00;173.858; 54.230;210.567;145.413;1358.140;426.350;   null; 91.884;160.760;302.917;101.391;161.520;197.678;182.860;201.354;198.542;115.090
2006-12-15 18:10:00;173.634; 54.210;213.533;145.793;1352.420;424.513;   null; 91.376;160.537;302.511;102.145;163.220;198.692;179.932;202.458;197.758;115.086
2006-12-15 18:15:00;174.734; 53.330;216.267;146.780;1355.520;423.530;105.577; 92.406;159.670;305.592; 99.589;162.480;198.966;180.896;198.326;198.232;114.578
2006-12-15 18:20:00;173.866; 55.677;213.200;144.493;1353.600;425.456;   null; 91.846;162.850;302.977;100.696;163.260;198.554;182.756;199.360;199.164;114.592
2006-12-15 18:25:00;173.692; 53.703;215.000;146.240;1355.140;426.473;   null; 89.734;164.487;305.193;100.920;160.520;200.234;181.456;200.082;198.894;114.980
2006-12-15 18:30:00;172.354; 54.090;213.100;145.883;1355.620;426.733;107.086; 90.680;162.037;306.012;101.080;162.300;201.050;179.534;204.492;200.322;113.746
2006-12-15 18:35:00;174.456; 55.067;211.767;145.767;1352.900;428.163;   null; 91.784;162.187;302.163;100.061;164.060;200.050;179.116;202.368;199.288;114.358
2006-12-15 18:40:00;173.674; 54.110;212.633;146.547;1359.340;429.563;   null; 92.422;162.470;305.498;100.353;162.100;201.116;181.038;201.202;198.752;113.342
2006-12-15 18:45:00;174.192; 54.720;210.567;147.083;1355.580;423.160;106.896; 92.180;161.770;304.049;100.405;162.680;199.770;180.436;201.992;198.056;115.222
2006-12-15 18:50:00;173.578; 54.000;215.933;146.347;1352.080;425.873;   null; 92.676;164.050;302.849;100.042;163.500;198.560;180.802;202.034;202.612;114.586
2006-12-15 18:55:00;174.190; 52.987;212.800;146.577;1364.980;425.507;   null; 93.328;161.020;308.703;100.691;162.380;200.780;177.966;200.182;198.824;115.092
2006-12-15 19:00:00;172.800; 53.260;213.733;146.857;1350.400;425.153;105.914; 92.480;160.520;305.944;101.695;163.000;198.784;180.426;200.950;200.626;115.548
2006-12-15 19:05:00;173.946; 53.450;213.233;145.167;1352.260;426.480;   null; 93.300;162.097;303.836;101.817;163.140;200.406;179.520;203.882;199.168;115.472
2006-12-15 19:10:00;171.520; 52.920;214.233;145.867;1360.860;426.307;   null; 91.190;160.023;303.510;100.896;162.100;199.836;181.560;204.198;199.708;115.122
2006-12-15 19:15:00;173.770; 55.070;212.533;147.987;1352.380;427.957;107.308; 93.926;162.677;306.249;100.340;163.140;200.014;178.860;199.312;202.218;115.116
2006-12-15 19:20:00;173.904; 52.703;213.633;145.437;1358.040;428.783;   null; 92.150;161.817;305.071; 98.575;163.100;200.910;182.100;203.000;200.326;115.106
2006-12-15 19:25:00;172.568; 53.717;215.000;147.467;1349.580;426.516;   null; 92.348;160.807;305.514;101.478;164.740;200.654;180.880;203.108;200.246;114.622
2006-12-15 19:30:00;173.488; 54.470;212.300;146.750;1362.080;426.147;107.045; 93.668;163.310;307.516; 99.593;164.520;200.426;183.312;201.742;201.444;116.146
2006-12-15 19:35:00;174.040; 54.643;213.567;145.530;1360.320;421.510;   null; 91.656;159.970;306.529;100.312;162.440;200.154;182.706;201.804;201.506;115.084
2006-12-15 19:40:00;172.954; 53.223;212.833;146.043;1361.180;428.870;   null; 91.600;161.683;307.740;100.202;163.400;198.226;183.784;201.422;200.284;114.356
2006-12-15 19:45:00;174.316; 54.040;212.700;146.107;1364.680;427.400;107.000; 92.744;161.187;307.131;100.520;162.800;201.064;181.424;199.056;199.496;115.070
2006-12-15 19:50:00;170.922; 53.827;211.800;144.950;1359.440;429.317;   null; 92.674;161.387;305.325;100.018;162.480;198.712;180.440;201.020;197.760;114.866
2006-12-15 19:55:00;173.970; 54.530;213.167;146.270;1355.000;425.473;   null; 92.752;161.187;303.874;101.347;164.560;199.608;181.534;200.694;200.320;114.894
2006-12-15 20:00:00;173.114; 53.760;215.267;145.997;1361.880;425.200;106.054; 92.288;161.057;306.679;100.758;162.740;201.166;182.022;199.358;201.280;114.832
2006-12-15 20:05:00;174.052; 53.837;212.567;146.627;1356.860;427.640;   null; 93.266;161.847;309.074;100.679;164.580;201.100;182.038;198.770;200.432;115.956
2006-12-15 20:10:00;173.612; 53.923;215.600;143.867;1369.620;425.523;   null; 92.722;162.717;304.928; 99.224;162.300;200.968;180.800;200.100;200.604;115.148
