ESOI    ATHN    MXCO    ROME    AATB    LMKS    DRBS    MOSC    NEWK    KIEL    CALG    OULU    APTY    FSMT    NAIN    PWNK    SOPB    SOPO
2001-04-08 06:00:00;166.544; 51.523;207.800;123.603;1313.980;401.990;103.994;207.176; 88.578;153.833;287.202; 96.777;158.060;190.970;189.144;188.994; 44.738;256.062
2001-04-08 06:05:00;166.088; 51.263;207.600;124.637;1316.900;401.397;   null;206.806; 87.816;155.283;287.138; 96.142;157.500;190.026;188.346;191.326; 44.130;256.352
2001-04-08 06:10:00;165.260; 52.250;211.167;124.360;1322.600;401.777;   null;205.196; 87.484;153.670;287.010; 96.152;159.160;188.962;193.738;189.270; 44.302;256.468
2001-04-08 06:15:00;164.952; 51.767;207.467;124.500;1320.460;400.580;103.284;207.030; 86.964;153.833;285.218; 97.904;159.140;189.998;194.682;191.296; 44.444;256.378
2001-04-08 06:20:00;166.650; 51.593;208.867;124.903;1315.720;403.177;   null;205.478; 87.028;153.537;287.714; 96.347;156.440;188.444;191.742;188.606; 43.872;254.996
2001-04-08 06:25:00;167.828; 51.433;207.700;124.377;1326.860;402.100;   null;205.316; 87.206;155.683;287.489; 95.127;155.260;192.076;189.538;193.602; 43.858;256.724
2001-04-08 06:30:00;164.484; 51.380;206.900;125.650;1319.160;403.077;102.758;207.276; 86.568;154.567;286.370; 97.109;157.700;189.976;189.214;190.632; 43.642;255.168
2001-04-08 06:35:00;165.190; 51.793;209.000;125.543;1315.040;401.743;   null;207.174; 85.858;155.183;284.673; 95.299;157.620;189.160;188.582;192.088; 43.630;257.424
2001-04-08 06:40:00;168.150; 51.817;210.600;124.773;1320.540;399.693;   null;205.864; 87.242;155.510;285.746; 96.019;158.120;188.002;193.054;190.116; 44.742;255.710
2001-04-08 06:45:00;165.328; 50.153;209.467;123.640;1326.420;401.563;103.366;204.856; 88.350;156.870;289.340; 99.094;157.120;191.344;191.404;191.056; 43.972;256.668
2001-04-08 06:50:00;166.976; 51.410;209.000;125.363;1320.640;396.736;   null;204.166; 87.734;153.853;285.939; 97.526;157.740;191.322;190.940;191.966; 44.272;255.772
2001-04-08 06:55:00;166.570; 50.720;209.267;125.930;1323.100;398.770;   null;205.290; 87.566;155.017;286.067; 97.246;157.340;190.954;187.170;192.414; 44.266;257.260
2001-04-08 07:00:00;167.778; 52.270;210.267;123.173;1314.660;402.440;103.329;206.820; 87.950;152.410;288.234; 96.389;156.640;190.712;193.678;190.106; 44.194;256.988
2001-04-08 07:05:00;166.096; 52.093;212.400;125.313;1316.700;400.300;   null;205.120; 86.916;154.687;285.521; 95.536;158.780;191.302;192.758;193.208; 44.404;255.532
2001-04-08 07:10:00;166.292; 51.127;208.167;122.853;1313.160;400.070;   null;203.778; 88.668;155.910;286.710; 97.706;158.060;190.622;188.808;192.414; 44.098;255.768
2001-04-08 07:15:00;165.488; 51.917;210.667;124.163;1316.960;400.277;103.467;204.590; 88.614;153.977;285.282; 96.306;158.900;192.004;189.408;192.468; 44.776;257.780
2001-04-08 07:20:00;166.274; 51.730;208.300;123.913;1315.720;399.170;   null;204.216; 86.990;152.753;284.801; 97.000;158.540;189.036;192.974;190.604; 44.266;256.372
2001-04-08 07:25:00;167.662; 51.770;208.433;124.637;1314.440;397.990;   null;206.034; 88.180;155.817;286.467; 96.856;157.020;188.392;195.044;192.654; 44.454;254.352
2001-04-08 07:30:00;166.200; 51.233;208.233;125.690;1312.780;400.903;103.224;204.980; 87.588;153.347;286.674; 96.363;158.560;188.600;189.336;192.044; 43.616;256.772
2001-04-08 07:35:00;165.218; 51.883;209.633;122.187;1320.960;400.213;   null;205.318; 87.456;154.730;283.553; 95.769;156.640;187.792;193.278;189.316; 43.314;256.292
2001-04-08 07:40:00;166.206; 51.633;208.133;122.480;1317.700;399.120;   null;205.976; 85.726;153.280;288.661; 94.573;154.720;189.238;191.146;190.498; 43.358;257.340
2001-04-08 07:45:00;165.880; 51.300;211.033;123.383;1310.280;402.740;102.068;206.308; 87.200;154.177;283.985; 96.227;156.580;189.928;190.004;191.416; 43.736;257.228
2001-04-08 07:50:00;165.540; 51.890;210.600;122.423;1318.380;403.707;   null;206.054; 87.458;155.773;287.797; 96.766;157.340;189.974;193.762;190.872; 44.134;257.220
2001-04-08 07:55:00;165.392; 51.450;208.867;124.873;1314.100;399.183;   null;206.378; 87.202;153.653;285.394; 95.283;155.640;188.866;188.566;192.016; 45.028;258.104
2001-04-08 08:00:00;164.724; 51.747;210.300;123.950;1312.020;403.363;103.248;204.360; 88.232;150.537;284.097; 95.861;156.080;192.402;186.538;189.916; 43.722;255.084
2001-04-08 08:05:00;166.392; 50.710;208.867;124.600;1303.360;401.120;   null;205.416; 86.036;155.967;284.529; 96.042;156.860;190.146;191.420;194.380; 43.900;254.556
2001-04-08 08:10:00;165.652; 51.313;210.867;123.380;1310.440;401.987;   null;202.878; 87.274;152.923;285.955; 95.922;156.360;190.508;192.240;191.042; 43.890;253.784
2001-04-08 08:15:00;165.688; 51.553;211.100;125.390;1310.440;400.747;102.222;204.152; 88.754;153.707;283.437; 96.415;156.480;190.030;190.568;188.778; 44.234;257.856
2001-04-08 08:20:00;164.110; 52.673;212.000;124.610;1306.400;401.313;   null;205.078; 87.626;153.983;285.539; 95.982;156.580;191.884;192.362;190.932; 44.378;257.322
2001-04-08 08:25:00;165.522; 51.550;211.433;124.190;1312.500;400.533;   null;204.238; 87.182;153.613;288.007; 96.300;156.700;191.676;192.982;190.266; 43.872;255.764
2001-04-08 08:30:00;165.420; 51.737;209.833;126.540;1315.700;399.433;102.005;206.964; 87.388;151.727;285.058; 96.070;156.140;188.198;190.940;192.788; 44.214;260.000
2001-04-08 08:35:00;165.066; 50.153;209.467;123.050;1312.580;401.983;   null;206.746; 86.586;153.153;285.330; 95.423;156.080;192.072;191.570;190.570; 44.078;255.374
2001-04-08 08:40:00;166.094; 51.450;210.700;124.060;1303.440;401.910;   null;207.976; 88.414;153.563;287.479; 96.905;157.120;188.220;191.220;193.528; 44.220;256.522
2001-04-08 08:45:00;165.906; 53.053;208.033;122.820;1313.600;397.476;102.075;204.484; 87.568;152.117;288.169; 94.937;154.220;189.148;193.020;192.524; 43.816;256.648
2001-04-08 08:50:00;165.532; 50.770;209.567;124.777;1316.960;404.577;   null;205.444; 86.614;152.490;287.959; 95.166;154.900;191.866;195.798;192.728; 43.748;257.760
2001-04-08 08:55:00;165.892; 50.337;209.133;123.873;1298.580;403.960;   null;204.338; 87.872;152.847;287.608; 94.934;155.940;188.810;190.952;191.150; 44.152;255.604
2001-04-08 09:00:00;165.534; 50.747;206.833;124.113;1312.060;401.013;102.109;202.930; 88.276;153.727;284.736; 96.906;154.460;190.242;187.758;190.648; 43.614;254.680
2001-04-08 09:05:00;165.802; 52.587;211.867;124.017;1307.100;401.840;   null;205.674; 86.924;152.903;285.891; 95.286;155.800;190.090;193.384;192.344; 43.434;255.352
2001-04-08 09:10:00;164.090; 51.170;209.633;123.313;1310.000;404.090;   null;205.574; 86.972;152.923;287.691; 94.911;154.680;190.208;190.518;190.518; 44.226;254.190
2001-04-08 09:15:00;166.806; 51.097;211.400;125.660;1307.480;402.187;102.422;204.326; 87.556;154.333;286.116; 95.528;156.840;190.482;195.740;192.172; 44.030;257.314
2001-04-08 09:20:00;164.404; 51.133;211.933;123.647;1313.900;399.070;   null;206.774; 89.202;152.940;286.952; 95.607;154.960;192.782;194.454;191.786; 43.844;257.742
2001-04-08 09:25:00;166.472; 50.163;207.967;122.193;1307.800;400.810;   null;205.382; 87.404;154.813;286.196; 95.481;156.260;191.326;190.446;193.154; 43.250;254.886
2001-04-08 09:30:00;165.970; 50.513;209.800;123.110;1308.840;402.230;102.114;201.880; 87.750;152.777;287.624; 96.400;153.920;191.984;196.156;191.934; 44.064;255.898
2001-04-08 09:35:00;165.096; 51.697;210.433;123.617;1303.860;403.007;   null;205.862; 88.230;151.653;286.565; 95.750;155.140;193.082;191.682;193.380; 43.206;256.976
2001-04-08 09:40:00;164.518; 52.480;208.633;125.287;1309.940;399.243;   null;204.578; 87.250;153.450;287.247; 96.633;155.040;193.404;193.742;192.426; 43.742;257.328
2001-04-08 09:45:00;165.144; 51.307;210.167;124.943;1313.280;399.483;101.901;207.356; 87.076;155.470;286.754; 95.804;156.240;194.266;191.144;193.806; 43.978;257.216
2001-04-08 09:50:00;164.930; 52.403;209.700;125.303;1307.700;404.847;   null;207.216; 88.612;155.017;288.143; 95.338;156.400;194.992;188.750;194.772; 43.892;255.094
2001-04-08 09:55:00;163.898; 51.073;207.033;125.443;1304.940;401.447;   null;207.752; 86.102;154.097;287.920; 97.773;155.640;194.048;191.278;194.134; 43.592;254.616
2001-04-08 10:00:00;167.062; 52.153;209.933;122.643;1307.740;400.030;102.582;205.816; 88.436;154.620;288.240; 95.852;157.380;193.538;192.512;194.578; 44.480;253.194
2001-04-08 10:05:00;165.324; 51.210;208.933;123.850;1304.340;399.333;   null;204.662; 86.536;155.007;288.308; 96.109;157.080;193.716;190.100;194.304; 43.786;257.984
2001-04-08 10:10:00;165.602; 52.327;211.100;123.943;1308.540;400.590;   null;205.948; 87.204;155.170;286.707; 97.761;156.440;194.688;189.992;194.592; 44.388;256.928
2001-04-08 10:15:00;164.618; 51.537;207.667;122.513;1302.800;400.677;102.403;206.744; 87.542;152.263;286.194; 93.742;155.820;192.302;189.032;193.480; 44.230;254.206
2001-04-08 10:20:00;165.484; 52.180;209.067;124.203;1305.040;396.623;   null;204.286; 88.040;154.677;288.423; 96.870;154.800;193.856;190.672;191.038; 44.012;254.210
2001-04-08 10:25:00;165.038; 50.713;210.200;122.053;1311.720;400.267;   null;204.460; 88.036;153.160;286.276; 96.285;154.180;192.640;191.234;192.638; 44.058;253.762
2001-04-08 10:30:00;167.060; 50.297;207.733;122.423;1306.800;398.307;102.214;204.458; 87.554;152.270;289.159; 94.971;156.080;191.726;190.148;194.846; 43.512;254.874
2001-04-08 10:35:00;165.154; 50.760;208.300;123.240;1313.760;404.777;   null;204.846; 88.004;154.570;289.935; 95.877;155.380;193.000;187.216;191.852; 43.560;253.480
2001-04-08 10:40:00;165.134; 50.633;207.833;122.480;1311.960;396.867;   null;204.098; 88.468;153.193;286.983; 96.012;155.740;193.840;192.272;192.742; 43.738;254.426
2001-04-08 10:45:00;163.648; 51.170;208.333;123.607;1307.940;397.747;102.634;204.320; 86.476;152.823;288.445; 97.083;157.240;192.730;187.270;194.954; 43.976;255.344
2001-04-08 10:50:00;166.118; 51.813;208.467;124.663;1315.620;400.933;   null;203.454; 88.426;153.590;289.377; 96.985;155.000;193.532;192.634;192.482; 43.856;254.616
2001-04-08 10:55:00;164.894; 50.130;209.667;121.620;1311.100;398.780;   null;200.972; 88.174;153.997;287.014; 94.528;156.700;191.406;193.080;195.276; 44.184;254.972
2001-04-08 11:00:00;164.022; 51.850;208.200;122.087;1306.640;398.440;102.100;202.306; 86.286;154.320;288.761; 97.565;155.260;193.412;193.374;193.304; 44.028;257.030
2001-04-08 11:05:00;163.744; 51.513;209.200;123.960;1317.640;393.870;   null;204.108; 87.878;153.960;290.045; 95.438;155.780;190.690;193.788;192.004; 44.862;256.804
2001-04-08 11:10:00;164.712; 51.523;208.900;123.537;1299.080;395.790;   null;202.116; 87.154;152.816;287.686; 95.744;156.560;191.222;191.154;190.932; 43.824;257.656
2001-04-08 11:15:00;164.844; 50.580;205.300;125.390;1309.220;396.167;101.977;200.824; 88.062;154.387;288.185; 95.157;155.920;192.898;190.236;194.876; 43.828;255.988
2001-04-08 11:20:00;164.412; 49.520;206.633;123.487;1302.400;395.400;   null;200.876; 87.104;151.997;287.255; 95.809;156.800;191.540;193.374;193.274; 43.774;255.342
2001-04-08 11:25:00;164.628; 50.173;209.100;122.277;1308.560;395.707;   null;201.996; 86.948;154.840;287.191; 94.956;157.320;191.756;192.572;191.880; 44.254;252.456
2001-04-08 11:30:00;164.276; 50.867;207.800;122.747;1305.120;397.797;102.203;199.742; 87.152;155.927;288.492; 95.431;156.940;191.906;193.430;192.692; 43.864;254.984
2001-04-08 11:35:00;165.702; 50.963;207.400;123.627;1301.700;394.223;   null;207.430; 87.478;153.687;290.052; 95.236;154.880;192.456;193.704;193.954; 43.926;254.502
2001-04-08 11:40:00;166.180; 50.033;208.367;122.300;1306.360;397.427;   null;202.080; 87.078;154.593;291.400; 96.135;156.300;191.478;192.864;195.270; 44.034;255.202
2001-04-08 11:45:00;162.498; 51.300;209.733;123.630;1308.380;399.914;101.257;203.656; 87.760;153.390;289.413; 96.917;157.640;192.844;191.624;194.684; 44.190;255.510
2001-04-08 11:50:00;164.280; 50.447;207.300;122.080;1298.600;396.897;   null;204.362; 87.326;153.597;291.878; 95.151;156.740;192.144;195.258;192.800; 43.898;254.144
2001-04-08 11:55:00;163.944; 50.443;206.867;122.910;1309.260;397.710;   null;204.246; 86.394;154.477;291.285; 95.701;155.160;193.572;191.170;196.322; 43.972;254.798
2001-04-08 12:00:00;163.936; 50.953;207.833;120.757;1308.660;394.500;101.837;204.168; 87.508;155.713;290.712; 96.030;157.260;192.556;191.026;192.536; 43.706;256.326
2001-04-08 12:05:00;163.864; 50.880;205.400;122.900;1307.180;398.003;   null;203.874; 86.946;153.650;291.724; 95.039;157.540;190.916;194.896;196.992; 44.342;255.734
2001-04-08 12:10:00;165.742; 51.740;207.333;122.843;1311.100;396.857;   null;203.596; 86.748;153.600;290.342; 96.380;156.620;192.414;189.258;195.784; 43.660;254.014
2001-04-08 12:15:00;164.506; 50.283;209.000;123.717;1309.560;398.876;102.382;202.874; 87.590;154.187;288.277; 95.778;156.220;193.152;193.306;195.328; 43.744;253.292
2001-04-08 12:20:00;163.674; 50.343;207.367;123.150;1315.240;395.400;   null;201.814; 86.244;153.547;288.002; 97.318;158.360;192.448;193.064;195.904; 44.226;253.610
2001-04-08 12:25:00;163.746; 50.083;208.000;124.733;1309.300;399.403;   null;203.016; 85.502;156.140;288.325; 96.441;156.900;193.496;192.256;193.524; 43.812;251.194
2001-04-08 12:30:00;167.268; 50.923;208.933;123.520;1303.520;398.143;101.529;204.236; 86.958;155.357;289.973; 95.781;155.680;191.968;194.638;194.648; 42.868;251.786
2001-04-08 12:35:00;165.188; 51.183;208.500;124.563;1309.220;398.333;   null;203.746; 87.166;153.663;290.490; 96.683;156.920;191.166;193.080;193.426; 43.226;252.564
2001-04-08 12:40:00;167.070; 51.420;207.200;125.093;1317.480;397.027;   null;202.344; 87.820;153.463;290.684; 96.298;157.460;192.360;192.668;194.744; 43.120;249.786
2001-04-08 12:45:00;164.472; 50.850;205.533;122.890;1312.320;398.663;102.393;202.928; 86.356;153.233;291.104; 95.707;157.140;191.918;197.726;195.672; 43.222;249.334
2001-04-08 12:50:00;167.104; 51.283;206.433;123.163;1321.640;396.803;   null;203.364; 88.218;152.567;291.445; 96.090;157.240;192.500;196.844;197.810; 42.930;249.244
2001-04-08 12:55:00;164.658; 50.287;207.833;125.037;1313.660;396.353;   null;202.540; 88.324;152.043;291.574; 97.359;157.780;193.610;197.326;193.606; 43.132;250.422
2001-04-08 13:00:00;165.620; 51.053;205.300;123.337;1315.780;397.640;101.763;206.320; 87.264;152.777;292.467; 96.996;158.020;192.680;191.422;195.334; 42.846;248.202
2001-04-08 13:05:00;165.994; 50.460;208.100;124.053;1311.900;399.070;   null;203.806; 85.526;153.990;289.943; 96.618;157.740;193.098;196.034;194.136; 43.650;249.040
2001-04-08 13:10:00;166.916; 51.990;205.500;124.060;1314.620;395.937;   null;206.598; 86.684;152.676;291.109; 95.791;157.560;192.482;191.818;195.214; 43.288;248.508
2001-04-08 13:15:00;165.754; 51.200;204.967;125.293;1315.700;397.810;102.129;205.798; 86.258;150.493;288.407; 96.410;155.900;193.042;193.812;196.758; 43.306;249.318
2001-04-08 13:20:00;165.978; 50.897;206.867;123.453;1315.240;395.370;   null;204.790; 85.348;154.077;289.492; 95.369;156.620;194.716;193.716;193.136; 42.282;248.082
2001-04-08 13:25:00;162.440; 51.170;204.367;122.797;1315.520;398.720;   null;203.806; 86.038;154.467;287.125; 96.704;156.760;192.104;193.140;192.954; 43.130;246.206
2001-04-08 13:30:00;166.962; 51.280;206.067;122.987;1321.740;398.363;101.813;203.334; 85.330;152.193;287.806; 94.635;156.900;192.062;192.760;193.980; 42.548;247.284
2001-04-08 13:35:00;164.226; 50.473;205.700;121.947;1316.620;397.707;   null;202.486; 87.506;154.757;290.564; 97.645;157.140;191.972;189.210;193.556; 42.052;247.732
2001-04-08 13:40:00;165.380; 51.277;204.533;122.710;1313.020;395.740;   null;202.830; 87.674;153.810;287.724; 96.170;154.620;191.008;191.036;196.726; 42.666;246.544
2001-04-08 13:45:00;164.950; 52.157;206.433;122.263;1321.140;394.297;101.650;204.250; 86.208;151.020;288.033; 95.975;156.540;192.124;191.994;192.874; 42.614;246.642
2001-04-08 13:50:00;166.328; 50.163;207.333;124.447;1314.240;394.160;   null;201.730; 85.994;153.610;286.764; 95.677;156.180;189.604;190.660;193.054; 42.418;246.290
2001-04-08 13:55:00;166.112; 51.493;205.100;124.737;1314.460;395.907;   null;203.214; 84.302;155.433;290.469; 96.111;154.540;193.106;191.166;194.540; 42.042;246.586
2001-04-08 14:00:00;165.878; 51.180;207.267;124.047;1320.220;397.380;102.411;203.442; 85.122;152.240;290.453; 96.912;154.240;194.712;192.108;194.768; 42.030;244.650
2001-04-08 14:05:00;165.608; 51.837;207.233;123.590;1321.880;400.007;   null;202.790; 85.490;150.540;289.575; 94.913;155.860;192.656;191.164;192.592; 42.376;243.564
2001-04-08 14:10:00;163.732; 50.517;204.733;122.787;1327.520;397.547;   null;202.874; 85.046;154.797;289.527; 97.030;155.640;194.472;187.484;193.480; 41.986;246.236
2001-04-08 14:15:00;166.700; 52.177;208.033;123.050;1327.180;399.190;101.317;199.358; 83.866;152.930;288.745; 96.259;156.020;193.514;192.240;194.154; 41.330;242.816
2001-04-08 14:20:00;165.206; 49.910;206.933;122.343;1325.860;396.707;   null;203.956; 84.208;151.230;287.996; 95.647;154.780;195.016;188.726;190.174; 41.360;238.292
2001-04-08 14:25:00;165.992; 51.113;207.000;123.903;1324.320;400.050;   null;199.074; 85.184;151.783;289.803; 94.924;155.180;192.388;188.612;193.732; 40.638;239.654
2001-04-08 14:30:00;166.126; 51.097;204.300;123.987;1330.440;397.460;102.165;203.278; 84.792;152.453;284.452; 93.932;155.080;191.046;189.274;194.278; 41.216;242.276
2001-04-08 14:35:00;166.998; 50.990;208.600;122.497;1323.140;396.997;   null;201.142; 84.600;150.910;285.008; 94.464;156.260;191.750;189.152;193.292; 41.352;241.094
2001-04-08 14:40:00;165.148; 51.560;203.800;123.477;1324.560;395.920;   null;201.186; 85.504;151.987;283.018; 94.587;154.580;191.284;189.572;192.724; 42.132;242.624
2001-04-08 14:45:00;166.102; 51.597;204.833;124.587;1326.000;399.477;101.846;200.338; 84.254;151.910;282.572; 95.321;155.480;192.624;186.148;191.320; 41.220;241.638
2001-04-08 14:50:00;167.374; 50.853;202.167;124.453;1332.360;396.160;   null;203.258; 84.676;152.930;283.365; 94.323;154.340;190.890;185.824;187.256; 40.834;239.120
2001-04-08 14:55:00;167.482; 50.973;204.867;123.897;1315.760;394.747;   null;202.416; 83.374;150.920;281.974; 95.393;153.240;186.720;185.236;187.612; 40.824;241.052
2001-04-08 15:00:00;164.690; 50.603;202.867;125.103;1323.880;394.467;101.610;201.318; 83.780;151.083;277.185; 94.899;156.380;188.824;187.280;187.428; 41.870;239.748
2001-04-08 15:05:00;167.984; 50.367;203.967;123.603;1317.840;396.147;   null;201.068; 84.010;150.573;280.198; 94.369;154.060;190.418;185.246;187.884; 41.258;240.748
2001-04-08 15:10:00;165.420; 50.110;202.733;122.927;1317.140;396.880;   null;200.114; 82.596;151.873;278.892; 95.460;153.540;185.086;188.474;186.976; 40.940;239.824
2001-04-08 15:15:00;164.758; 51.210;203.033;121.573;1304.160;396.037;101.717;202.676; 84.558;150.857;277.885; 94.642;154.320;188.118;186.288;187.252; 41.354;240.162
2001-04-08 15:20:00;165.590; 50.423;202.467;122.350;1307.280;394.553;   null;200.674; 83.236;151.400;277.695; 94.052;155.820;187.580;185.114;183.916; 41.364;238.756
2001-04-08 15:25:00;165.520; 52.410;202.767;121.850;1305.820;395.060;   null;202.788; 85.208;149.493;276.970; 94.280;153.840;185.984;183.884;186.684; 40.780;238.252
2001-04-08 15:30:00;164.204; 50.510;203.233;122.443;1305.760;394.380;101.034;201.010; 83.114;149.977;279.037; 94.163;155.600;187.656;190.206;185.174; 39.850;237.742
2001-04-08 15:35:00;165.154; 49.947;202.800;122.080;1297.880;391.070;   null;199.254; 82.752;148.993;273.712; 94.223;154.160;186.468;186.046;188.712; 41.210;237.810
2001-04-08 15:40:00;166.964; 49.483;203.067;122.517;1295.840;391.057;   null;201.162; 84.088;149.297;275.181; 95.636;152.640;184.478;184.890;181.730; 40.474;237.122
2001-04-08 15:45:00;166.304; 50.720;204.567;122.760;1305.800;393.277;100.435;201.302; 82.808;150.607;275.639; 93.406;153.800;186.050;182.230;185.786; 40.736;236.376
2001-04-08 15:50:00;165.426; 49.423;207.033;123.503;1292.160;392.183;   null;201.892; 84.672;150.774;274.825; 94.732;153.060;184.792;180.292;185.764; 41.028;237.562
2001-04-08 15:55:00;162.876; 50.363;204.133;121.937;1283.240;389.710;   null;200.342; 83.352;149.953;276.528; 93.660;154.800;183.574;181.304;188.036; 40.640;238.156
2001-04-08 16:00:00;163.608; 50.750;203.100;121.703;1281.520;391.077; 99.909;200.096; 83.080;149.720;275.222; 94.296;152.840;185.682;182.438;182.116; 40.852;236.724
2001-04-08 16:05:00;166.342; 50.087;203.500;121.877;1283.080;390.937;   null;202.360; 85.694;150.300;274.272; 93.973;153.000;185.320;184.647;182.542; 40.394;236.698
2001-04-08 16:10:00;164.384; 49.660;205.267;121.680;1278.100;388.963;   null;201.442; 82.874;151.673;272.895; 95.343;153.180;183.262;   null;185.190; 40.752;236.518
2001-04-08 16:15:00;162.522; 50.440;201.433;121.453;1273.620;392.333;100.041;201.830; 83.084;152.460;274.826; 95.649;153.420;183.346;181.368;182.856; 39.814;237.690
2001-04-08 16:20:00;162.956; 50.653;202.700;121.477;1281.120;389.877;   null;198.870; 83.608;148.400;271.027; 94.892;153.580;183.770;177.942;184.042; 40.448;235.792
2001-04-08 16:25:00;161.756; 50.387;202.567;122.033;1270.740;388.327;   null;201.560; 83.358;150.353;271.091; 94.547;154.260;182.998;182.192;183.292; 39.862;236.528
2001-04-08 16:30:00;163.846; 50.390;203.967;121.227;1271.400;388.113; 99.483;199.722; 83.992;150.683;273.031; 93.977;153.560;182.042;181.720;180.792; 40.640;235.290
2001-04-08 16:35:00;162.846; 49.587;201.233;122.127;1277.040;391.993;   null;199.962; 84.524;150.377;272.870; 94.092;154.640;182.558;180.012;180.704; 40.842;235.556
2001-04-08 16:40:00;163.244; 50.077;205.400;123.070;1262.080;393.390;   null;201.942; 83.780;150.117;273.921; 94.928;154.380;183.712;177.916;183.688; 40.998;238.078
2001-04-08 16:45:00;163.418; 50.010;203.500;122.890;1266.520;391.347;100.300;199.128; 83.002;150.373;273.758; 94.917;152.520;180.390;180.802;180.736; 40.734;238.318
2001-04-08 16:50:00;161.412; 50.080;202.367;121.423;1268.600;389.160;   null;198.624; 82.054;150.733;274.386; 93.879;152.960;179.542;181.792;184.136; 40.460;237.986
2001-04-08 16:55:00;161.068; 49.597;205.767;122.113;1266.180;392.393;   null;199.318; 83.750;150.070;271.130; 93.662;151.920;180.526;176.018;183.928; 40.926;239.640
2001-04-08 17:00:00;161.146; 49.543;201.933;120.330;1266.860;391.613;100.330;199.016; 81.864;150.550;275.275; 94.845;152.880;182.180;184.024;183.436; 41.390;240.580
2001-04-08 17:05:00;161.632; 50.483;201.000;119.710;1267.440;391.993;   null;200.294; 82.940;150.333;272.874; 95.512;154.120;180.620;185.686;183.142; 41.164;238.250
2001-04-08 17:10:00;159.790; 50.780;205.000;124.790;1264.340;392.487;   null;200.680; 84.024;148.710;273.931; 92.929;152.860;180.774;180.562;184.148; 41.612;240.058
2001-04-08 17:15:00;161.458; 49.170;199.867;121.090;1266.240;391.697;101.220;202.016; 82.964;153.757;273.570; 93.219;152.700;181.732;184.744;182.508; 42.164;239.916
2001-04-08 17:20:00;162.144; 50.117;201.867;120.823;1264.660;391.230;   null;197.914; 83.376;149.477;273.963; 94.373;153.280;181.456;182.542;183.528; 41.936;240.690
2001-04-08 17:25:00;162.688; 48.823;199.100;121.100;1270.220;388.853;   null;202.640; 84.710;150.037;275.652; 92.216;153.000;182.162;179.246;185.280; 41.522;239.482
2001-04-08 17:30:00;161.066; 49.260;201.500;122.023;1262.280;389.580; 99.329;199.330; 82.214;150.297;273.242; 92.440;151.120;183.958;181.012;183.896; 41.636;240.124
2001-04-08 17:35:00;162.728; 49.993;200.467;121.893;1265.260;389.167;   null;198.568; 83.700;148.727;276.010; 93.513;154.140;182.170;183.274;186.268; 41.300;237.464
2001-04-08 17:40:00;162.138; 48.400;200.833;120.883;1266.600;384.407;   null;200.136; 83.792;150.317;275.026; 94.315;153.340;182.360;184.468;184.624; 41.058;237.330
2001-04-08 17:45:00;162.154; 50.633;197.733;119.827;1267.320;385.863;100.304;198.412; 84.016;151.273;275.192; 93.615;152.800;181.760;178.518;182.890; 41.080;237.192
2001-04-08 17:50:00;160.372; 48.630;200.300;123.420;1264.140;387.807;   null;199.014; 83.468;149.957;271.889; 94.561;153.480;180.630;181.006;185.130; 40.384;240.172
2001-04-08 17:55:00;163.172; 49.980;201.667;121.273;1264.840;385.770;   null;199.110; 85.542;148.347;272.518; 93.463;152.820;181.876;181.646;183.852; 40.540;237.076
2001-04-08 18:00:00;160.970; 50.070;201.467;119.900;1257.860;384.840; 99.179;198.564; 82.772;147.220;273.708; 93.825;153.560;181.924;179.298;182.602; 40.884;232.554
2001-04-08 18:05:00;160.318; 49.883;201.367;120.820;1256.240;383.020;   null;197.880; 84.570;149.917;275.230; 93.143;152.060;181.560;180.394;183.366; 40.244;234.102
2001-04-08 18:10:00;162.882; 50.190;198.167;120.403;1256.740;383.700;   null;196.806; 82.278;148.780;273.179; 93.688;152.400;183.188;183.478;183.734; 40.196;235.680
2001-04-08 18:15:00;162.328; 50.130;201.167;120.470;1256.560;383.250; 99.130;196.138; 82.822;148.323;272.022; 92.555;151.060;183.350;181.198;182.400; 40.290;237.338
2001-04-08 18:20:00;162.120; 51.130;202.500;119.230;1258.160;382.237;   null;196.360; 82.866;148.297;273.705; 91.148;151.960;183.308;179.800;182.146; 40.458;236.288
2001-04-08 18:25:00;162.400; 49.457;202.733;120.127;1251.880;383.893;   null;196.048; 82.938;148.533;273.971; 92.250;151.460;181.358;180.854;182.232; 40.222;235.850
2001-04-08 18:30:00;162.926; 49.877;200.967;120.983;1259.180;381.397; 98.608;195.918; 83.646;147.280;272.286; 92.468;148.220;181.784;183.424;183.130; 40.740;235.446
2001-04-08 18:35:00;160.656; 49.133;202.100;120.523;1254.400;380.393;   null;195.790; 83.208;147.010;273.610; 94.263;149.780;180.478;178.662;184.508; 40.522;237.182
2001-04-08 18:40:00;160.954; 48.843;201.200;120.360;1259.280;379.627;   null;194.040; 82.004;148.993;272.453; 90.923;151.200;182.194;181.332;186.870; 39.984;234.964
2001-04-08 18:45:00;161.596; 50.397;200.433;119.213;1248.160;380.310; 97.770;195.882; 82.410;148.617;268.978; 93.710;148.320;181.712;178.248;184.294; 39.854;234.236
2001-04-08 18:50:00;161.550; 50.623;201.400;119.983;1253.660;378.610;   null;195.592; 82.456;146.950;272.618; 93.268;148.640;183.576;180.560;187.204; 40.660;237.150
2001-04-08 18:55:00;159.388; 49.933;202.300;118.333;1248.900;376.790;   null;194.040; 82.778;148.850;272.651; 92.124;151.620;183.448;183.498;183.530; 40.304;236.708
2001-04-08 19:00:00;161.082; 50.240;200.433;119.720;1249.160;382.577; 98.971;198.064; 82.492;146.604;272.420; 92.161;148.940;179.516;182.870;182.648; 40.236;236.558
2001-04-08 19:05:00;160.446; 49.353;198.333;120.713;1248.640;378.883;   null;194.948; 83.442;148.133;272.486; 91.058;150.200;182.012;180.570;184.800; 40.950;234.692
2001-04-08 19:10:00;159.550; 49.847;200.433;121.507;1254.300;379.897;   null;195.660; 81.936;145.740;272.153; 92.663;149.760;184.112;181.010;183.972; 40.126;235.588
2001-04-08 19:15:00;160.700; 50.323;199.200;119.597;1251.260;376.343; 98.398;196.286; 83.044;146.383;271.688; 93.228;148.660;182.840;180.738;180.894; 40.866;235.130
2001-04-08 19:20:00;160.802; 49.123;199.067;118.363;1255.000;380.920;   null;193.234; 81.934;146.633;269.097; 92.675;147.800;181.460;181.456;185.924; 40.224;233.638
2001-04-08 19:25:00;162.114; 49.297;200.500;118.053;1250.400;377.707;   null;193.698; 82.694;146.477;270.393; 90.531;148.320;182.048;177.800;182.332; 39.764;236.144
2001-04-08 19:30:00;160.280; 49.513;200.367;120.013;1249.940;379.813; 97.497;193.874; 82.208;146.483;269.592; 91.773;147.680;182.638;181.770;182.176; 40.258;235.278
2001-04-08 19:35:00;160.948; 48.040;200.633;118.867;1249.000;377.190;   null;194.526; 82.338;145.967;269.654; 91.353;147.160;181.158;183.138;182.606; 41.378;236.024
2001-04-08 19:40:00;161.136; 47.567;199.733;118.070;1246.840;377.897;   null;192.284; 82.758;146.427;270.852; 89.521;147.080;181.084;182.098;183.936; 39.412;235.868
2001-04-08 19:45:00;159.516; 50.400;198.433;118.820;1245.480;375.410; 96.927;194.200; 81.630;147.163;270.450; 90.801;148.380;182.734;180.026;183.728; 40.884;236.820
2001-04-08 19:50:00;160.646; 47.983;198.600;119.460;1245.300;374.927;   null;194.376; 81.710;145.137;269.685; 91.745;149.220;181.084;178.918;183.386; 40.116;237.644
2001-04-08 19:55:00;158.806; 48.980;201.700;118.643;1248.500;377.783;   null;193.088; 82.638;146.250;270.084; 88.579;148.220;179.982;180.754;183.882; 40.490;237.208
2001-04-08 20:00:00;157.914; 50.217;196.700;118.540;1250.760;378.193; 98.378;193.838; 83.522;143.087;270.590; 90.721;148.560;183.522;180.592;184.840; 40.534;236.712
2001-04-08 20:05:00;157.840; 50.030;200.733;121.423;1254.660;379.773;   null;195.522; 81.466;149.703;270.751; 92.020;146.480;184.662;180.744;183.878; 40.730;236.256
2001-04-08 20:10:00;161.314; 48.840;200.400;119.830;1248.620;380.070;   null;193.604; 82.994;148.853;271.151; 91.912;148.160;180.264;179.728;182.230; 40.448;237.856
2001-04-08 20:15:00;160.214; 49.970;199.000;120.820;1258.880;380.960; 98.609;197.368; 80.760;147.067;274.747; 89.923;149.680;179.954;179.126;184.282; 39.882;236.906
2001-04-08 20:20:00;160.704; 49.690;201.767;118.997;1256.660;380.713;   null;193.756; 82.148;146.807;271.183; 90.405;145.500;181.958;178.224;183.156; 40.916;236.960
2001-04-08 20:25:00;159.756; 50.270;199.400;120.970;1250.000;382.013;   null;193.786; 80.560;146.213;270.914; 91.151;147.000;180.952;182.422;182.670; 40.370;236.522
2001-04-08 20:30:00;161.738; 50.057;201.400;121.657;1241.860;376.730; 98.220;191.280; 81.582;147.503;272.047; 91.507;149.380;179.574;182.900;185.142; 40.616;235.620
2001-04-08 20:35:00;160.970; 50.190;201.467;121.340;1246.280;383.083;   null;196.360; 83.774;146.740;271.183; 90.802;148.760;180.770;180.640;178.778; 39.776;237.106
2001-04-08 20:40:00;159.236; 48.557;202.700;121.143;1246.440;382.300;   null;195.858; 82.964;146.413;270.350; 91.463;148.380;179.794;182.256;183.418; 40.690;239.720
2001-04-08 20:45:00;160.758; 50.730;201.467;120.957;1253.580;379.813; 98.742;196.480; 81.838;146.737;272.317; 90.896;148.020;181.042;179.948;183.156; 40.442;234.116
2001-04-08 20:50:00;159.474; 48.963;198.900;120.000;1245.340;377.970;   null;194.078; 83.286;146.737;269.147; 90.531;147.300;182.476;183.390;182.400; 40.344;239.176
2001-04-08 20:55:00;159.636; 49.377;201.500;119.600;1249.400;378.783;   null;194.422; 82.912;146.483;272.080; 91.074;150.160;179.460;180.452;180.636; 41.230;240.036
2001-04-08 21:00:00;160.394; 50.370;200.067;119.350;1240.760;381.153; 96.460;192.808; 83.580;146.357;269.148; 92.418;147.800;182.188;181.862;182.082; 41.372;240.316
2001-04-08 21:05:00;161.222; 49.580;201.100;118.697;1244.640;378.593;   null;193.982; 82.614;148.230;270.648; 91.423;146.620;179.172;180.012;183.130; 40.588;239.976
2001-04-08 21:10:00;160.236; 50.963;201.300;120.053;1246.980;380.593;   null;192.932; 83.276;144.967;268.280; 90.522;147.580;182.452;182.806;184.120; 41.300;239.878
2001-04-08 21:15:00;161.930; 50.207;202.033;119.037;1248.580;379.550; 97.279;195.444; 82.426;144.920;271.313; 89.427;147.840;179.998;182.346;184.366; 42.184;241.262
2001-04-08 21:20:00;159.712; 48.347;202.133;121.023;1250.000;378.597;   null;195.812; 82.858;146.367;269.844; 90.180;147.200;180.838;180.952;180.392; 41.226;240.856
2001-04-08 21:25:00;161.434; 49.187;200.667;119.503;1244.500;378.734;   null;192.860; 83.866;145.100;267.676; 91.422;148.300;182.896;179.322;184.330; 40.998;240.944
2001-04-08 21:30:00;160.762; 49.423;199.767;121.170;1243.900;380.877; 98.077;195.886; 83.576;145.430;270.945; 91.761;148.540;181.312;178.368;181.794; 40.724;239.156
2001-04-08 21:35:00;161.536; 48.787;202.567;120.203;1250.640;380.450;   null;195.582; 81.512;145.903;269.143; 91.447;149.900;181.792;178.222;181.810; 40.962;241.194
2001-04-08 21:40:00;161.232; 50.620;203.033;120.810;1258.080;378.380;   null;197.366; 82.498;146.297;271.276; 90.821;149.160;181.590;180.060;182.466; 41.784;239.212
2001-04-08 21:45:00;159.762; 48.797;202.600;120.500;1248.040;381.253; 97.326;194.286; 82.226;146.320;272.313; 92.631;147.940;182.416;183.074;179.924; 41.150;238.370
2001-04-08 21:50:00;161.248; 49.123;203.700;121.253;1253.040;381.927;   null;195.322; 83.132;147.583;269.574; 91.517;148.520;178.320;180.106;184.160; 41.342;237.602
2001-04-08 21:55:00;160.606; 49.247;202.933;121.070;1253.560;379.643;   null;195.554; 82.328;146.307;270.380; 90.526;148.160;180.182;177.770;183.668; 41.180;241.744
2001-04-08 22:00:00;161.354; 49.230;200.567;119.680;1250.160;382.390; 98.172;196.072; 81.814;148.903;269.440; 91.771;150.240;181.356;183.210;182.332; 40.488;240.892
2001-04-08 22:05:00;160.544; 50.350;198.733;120.143;1246.620;380.407;   null;196.314; 82.604;147.760;272.045; 91.339;150.780;180.562;181.310;181.410; 41.250;239.296
2001-04-08 22:10:00;159.126; 49.897;200.100;120.190;1250.160;379.467;   null;194.784; 81.980;147.257;268.906; 92.423;149.120;181.340;181.036;182.638; 40.504;242.010
2001-04-08 22:15:00;160.382; 49.813;204.300;120.493;1248.820;383.673; 98.535;195.416; 83.610;147.743;273.379; 91.112;150.120;180.306;182.826;181.074; 40.234;241.872
2001-04-08 22:20:00;159.558; 48.747;199.900;118.987;1251.140;382.410;   null;198.948; 82.160;144.387;270.272; 92.588;149.680;182.000;181.714;180.398; 41.526;239.902
2001-04-08 22:25:00;160.438; 49.013;201.600;119.473;1246.300;379.860;   null;194.878; 83.762;146.490;272.110; 92.288;150.000;180.888;181.676;179.936; 41.398;240.082
2001-04-08 22:30:00;162.390; 49.513;201.667;119.773;1246.180;384.840; 98.037;195.900; 83.612;146.107;272.274; 91.881;149.120;182.042;184.570;180.212; 41.186;244.002
2001-04-08 22:35:00;160.598; 49.673;202.367;120.870;1247.380;382.430;   null;196.964; 83.646;145.973;271.141; 92.665;147.160;181.732;179.150;179.640; 40.720;240.280
2001-04-08 22:40:00;160.186; 49.727;201.667;120.980;1254.400;379.880;   null;195.180; 82.238;146.850;273.111; 91.627;148.640;181.928;178.938;180.972; 41.172;243.114
2001-04-08 22:45:00;160.246; 49.170;202.300;120.733;1258.540;384.217; 97.641;196.636; 83.194;149.230;266.886; 91.343;148.860;182.188;178.026;180.698; 41.362;240.126
2001-04-08 22:50:00;162.138; 49.103;201.833;121.633;1254.600;381.877;   null;195.542; 82.280;150.037;270.634; 92.512;149.620;180.478;184.532;181.374; 41.166;241.806
2001-04-08 22:55:00;159.558; 50.360;200.967;119.860;1252.860;379.337;   null;196.330; 82.858;148.847;271.638; 90.004;148.660;181.032;183.048;181.548; 41.722;240.958
2001-04-08 23:00:00;159.462; 49.960;202.367;118.673;1256.440;383.803; 98.258;196.686; 82.414;145.547;269.558; 92.462;149.680;179.880;186.464;181.412; 41.274;239.212
2001-04-08 23:05:00;159.398; 48.200;202.733;119.337;1248.320;382.443;   null;195.932; 82.970;148.137;271.702; 92.815;149.940;180.228;182.220;180.552; 41.934;241.222
2001-04-08 23:10:00;160.088; 49.940;200.100;118.380;1250.660;382.347;   null;196.138; 82.746;147.423;271.266; 91.757;149.860;182.088;178.786;182.006; 41.688;237.142
2001-04-08 23:15:00;159.430; 49.453;202.300;119.760;1249.860;381.717; 98.448;197.314; 81.798;148.490;268.420; 91.062;149.920;182.332;182.294;181.392; 40.844;238.862
2001-04-08 23:20:00;160.482; 50.013;200.100;120.793;1247.380;385.877;   null;196.850; 81.882;149.273;272.738; 89.280;147.860;182.176;181.106;180.448; 40.926;242.112
2001-04-08 23:25:00;161.626; 49.213;199.867;119.957;1252.040;380.560;   null;196.962; 82.122;149.440;272.434; 91.036;148.420;181.156;182.334;183.528; 41.130;238.118
2001-04-08 23:30:00;160.202; 48.703;204.133;120.467;1258.260;384.750; 99.177;195.496; 82.242;149.837;270.820; 92.398;147.940;180.360;178.364;183.114; 41.038;241.700
2001-04-08 23:35:00;160.222; 49.447;202.433;119.223;1253.020;378.847;   null;195.582; 82.992;147.957;269.877; 91.550;150.120;180.336;177.630;181.516; 40.866;239.280
2001-04-08 23:40:00;160.260; 50.580;203.967;120.333;1242.560;382.773;   null;194.078; 83.994;148.276;268.803; 92.598;148.980;181.614;182.424;183.094; 41.138;241.142
2001-04-08 23:45:00;161.203; 50.153;202.300;121.450;1242.520;378.763; 98.149;196.126; 83.080;148.553;271.993; 93.190;149.040;180.882;183.254;184.680; 40.726;240.446
2001-04-08 23:50:00;   null; 49.320;200.767;121.140;1247.220;381.737;   null;194.146; 83.538;146.497;269.341; 92.157;147.600;180.452;181.446;184.550; 41.048;241.132
2001-04-08 23:55:00;   null; 50.547;203.267;119.730;1253.040;380.984;   null;194.568; 84.102;148.273;268.018; 93.672;148.500;180.360;183.258;183.382; 41.582;243.102
2001-04-09 00:00:00;   null; 50.053;202.267;118.210;1244.760;382.440; 97.892;197.248; 83.640;148.310;270.467; 92.208;147.720;179.590;180.532;183.994; 40.560;238.294
2001-04-09 00:05:00;   null; 51.030;200.467;119.117;1253.520;383.320;   null;194.180; 83.800;148.120;270.166; 92.872;149.560;181.386;180.014;181.528; 40.764;239.850
2001-04-09 00:10:00;   null; 48.570;202.733;119.837;1248.520;379.230;   null;195.368; 84.696;149.737;273.094; 90.985;146.300;180.648;178.192;185.202; 41.954;239.672
2001-04-09 00:15:00;   null; 50.030;202.133;118.253;1251.300;377.987; 98.185;196.840; 84.180;147.897;274.674; 89.897;146.960;181.080;186.848;184.652; 41.922;239.986
2001-04-09 00:20:00;   null; 48.780;202.667;119.510;1249.960;379.980;   null;193.704; 83.754;145.303;270.872; 91.409;150.020;180.828;181.758;183.566; 41.698;240.212
2001-04-09 00:25:00;   null; 50.207;202.300;119.583;1253.720;380.260;   null;196.016; 84.812;148.980;269.655; 93.008;149.680;179.140;181.654;183.838; 41.128;242.364
2001-04-09 00:30:00;   null; 50.320;204.700;118.480;1242.840;378.083; 97.974;193.560; 84.132;146.557;273.628; 92.021;148.980;184.442;184.796;184.570; 41.646;240.960
2001-04-09 00:35:00;   null; 50.477;202.167;117.807;1256.220;380.313;   null;195.106; 84.370;146.407;271.740; 91.232;147.660;181.332;184.312;185.152; 40.806;241.096
2001-04-09 00:40:00;   null; 49.600;202.100;119.107;1252.480;377.537;   null;195.200; 83.526;146.810;270.258; 90.770;150.060;181.622;181.194;184.722; 41.366;242.324
2001-04-09 00:45:00;   null; 50.010;204.000;120.017;1256.420;382.463; 97.928;196.988; 83.158;147.277;271.736; 91.553;146.620;180.976;182.718;184.652; 41.048;240.386
2001-04-09 00:50:00;   null; 49.680;204.167;118.260;1254.940;378.727;   null;196.962; 83.734;147.423;272.380; 91.665;147.700;181.988;184.950;182.154; 41.172;241.468
2001-04-09 00:55:00;   null; 50.747;205.567;119.607;1255.060;377.753;   null;193.662; 85.242;147.053;271.567; 90.634;148.900;180.884;181.626;184.268; 41.534;240.650
2001-04-09 01:00:00;   null; 49.583;201.700;118.837;1252.040;379.127; 98.165;195.848; 83.286;143.633;272.343; 94.107;149.380;182.488;184.004;185.284; 41.792;240.504
2001-04-09 01:05:00;   null; 49.090;202.533;118.993;1244.260;380.997;   null;196.864; 85.548;148.360;271.968; 92.154;149.920;181.622;181.928;182.086; 40.740;241.270
2001-04-09 01:10:00;   null; 50.330;206.567;118.073;1247.520;382.610;   null;192.808; 85.146;146.237;274.332; 92.232;148.440;182.286;184.190;182.096; 40.966;242.588
2001-04-09 01:15:00;   null; 50.210;202.667;119.157;1247.920;382.353; 97.926;196.636; 84.466;145.857;270.685; 92.040;147.440;181.354;183.716;184.388; 41.644;242.578
2001-04-09 01:20:00;   null; 50.107;202.033;120.193;1256.400;382.027;   null;193.400; 83.496;146.250;274.905; 91.629;148.260;182.072;182.766;185.218; 41.504;241.062
2001-04-09 01:25:00;   null; 49.057;205.400;120.300;1247.340;380.293;   null;196.872; 83.220;146.647;272.408; 93.384;149.420;183.922;180.066;182.240; 41.358;241.998
2001-04-09 01:30:00;   null; 49.423;202.733;119.383;1253.700;379.127; 98.156;195.252; 84.446;147.343;275.848; 92.293;146.120;182.266;183.474;184.906; 41.260;240.760
2001-04-09 01:35:00;   null; 49.390;203.967;118.950;1253.980;378.950;   null;196.158; 83.838;147.500;272.027; 91.841;149.380;183.288;179.980;187.098; 41.922;241.320
2001-04-09 01:40:00;   null; 49.560;203.367;117.073;1250.960;378.453;   null;194.960; 84.370;147.513;274.053; 91.872;150.320;183.042;185.386;187.122; 41.426;242.306
2001-04-09 01:45:00;   null; 49.427;203.367;119.860;1255.420;374.580; 97.139;197.268; 83.376;146.390;275.408; 90.718;149.520;181.000;187.036;183.806; 41.948;242.202
2001-04-09 01:50:00;   null; 50.957;205.200;120.400;1249.480;381.490;   null;193.890; 84.026;146.677;276.827; 93.103;149.000;182.708;183.758;184.692; 41.308;242.800
2001-04-09 01:55:00;   null; 50.293;202.800;119.823;1258.160;377.923;   null;194.336; 84.916;144.880;275.406; 92.007;148.720;181.870;183.864;186.572; 41.608;242.636
2001-04-09 02:00:00;   null; 50.050;202.100;118.900;1257.660;379.893; 97.740;196.132; 84.488;147.573;273.816; 92.328;147.460;183.042;185.868;186.546; 41.622;239.846
2001-04-09 02:05:00;   null; 49.160;206.033;117.893;1260.000;379.793;   null;193.934; 84.800;147.726;277.368; 91.768;150.120;182.476;186.932;188.034; 41.828;244.270
2001-04-09 02:10:00;   null; 50.370;204.800;119.060;1252.920;380.890;   null;195.888; 83.190;149.460;273.441; 91.525;149.480;183.168;187.266;184.094; 41.564;240.348
2001-04-09 02:15:00;   null; 50.047;204.500;120.160;1249.320;381.073; 98.351;192.958; 84.122;146.147;275.272; 92.672;149.840;181.900;184.816;185.560; 41.886;242.072
2001-04-09 02:20:00;   null; 49.160;205.300;117.753;1252.840;382.060;   null;194.818; 86.498;148.543;274.524; 93.536;148.060;183.816;184.968;185.526; 41.380;241.372
2001-04-09 02:25:00;   null; 49.033;203.967;119.260;1255.500;379.800;   null;195.370; 86.224;146.940;272.428; 91.848;149.100;184.206;182.814;187.672; 41.752;242.754
2001-04-09 02:30:00;   null; 50.333;204.833;118.860;1265.480;379.783; 97.945;193.928; 86.472;149.647;274.120; 92.158;149.780;182.564;186.238;185.210; 41.004;243.888
2001-04-09 02:35:00;   null; 49.207;204.533;119.207;1251.180;379.693;   null;194.948; 85.486;146.467;274.425; 92.989;148.540;183.098;189.053;184.038; 42.440;244.576
2001-04-09 02:40:00;   null; 50.333;204.900;119.020;1262.160;383.120;   null;194.754; 85.074;148.040;273.411; 93.104;149.660;184.508;   null;185.936; 41.420;242.362
2001-04-09 02:45:00;   null; 50.027;202.667;119.687;1262.320;382.307; 97.873;196.480; 85.748;147.470;275.707; 93.202;150.740;183.262;185.794;187.222; 42.116;243.542
2001-04-09 02:50:00;   null; 49.577;205.233;117.650;1256.720;375.733;   null;193.754; 85.668;147.340;275.269; 92.256;148.020;183.702;184.428;185.880; 42.098;245.910
2001-04-09 02:55:00;   null; 50.603;204.033;119.237;1264.440;379.024;   null;195.266; 87.480;146.707;275.845; 90.333;150.360;185.226;186.206;187.216; 41.882;246.882
2001-04-09 03:00:00;   null; 50.963;205.400;119.200;1258.660;378.937; 97.551;194.310; 84.198;144.487;274.862; 92.071;150.360;182.440;187.368;187.854; 41.778;244.248
2001-04-09 03:05:00;   null; 50.350;206.067;119.803;1261.440;380.090;   null;195.836; 84.220;144.940;275.605; 92.928;149.480;183.752;186.840;187.026; 42.484;245.630
2001-04-09 03:10:00;   null; 49.280;205.667;118.907;1260.740;381.640;   null;196.848; 86.054;148.293;273.637; 91.157;149.540;184.590;184.754;186.350; 42.930;246.604
2001-04-09 03:15:00;   null; 50.183;203.667;119.977;1265.480;378.947; 97.396;195.562; 85.740;148.317;275.940; 91.828;148.940;185.636;185.480;188.640; 42.636;245.868
2001-04-09 03:20:00;   null; 49.617;203.733;119.857;1265.920;382.960;   null;194.610; 85.530;147.333;277.160; 93.249;150.140;183.292;187.218;187.084; 42.380;246.520
2001-04-09 03:25:00;   null; 49.680;206.167;122.703;1266.320;378.103;   null;196.148; 85.462;149.053;273.433; 91.168;149.260;184.050;186.926;187.114; 42.248;246.054
2001-04-09 03:30:00;   null; 49.800;210.300;120.650;1260.820;376.614; 98.310;194.614; 84.610;147.193;277.400; 92.889;148.820;184.734;187.454;188.310; 42.658;246.780
2001-04-09 03:35:00;   null; 49.653;204.833;119.413;1269.380;379.770;   null;197.680; 86.636;148.103;276.247; 91.737;148.440;186.054;185.216;188.174; 42.844;245.766
2001-04-09 03:40:00;   null; 49.600;205.233;120.397;1272.480;380.600;   null;194.948; 86.738;145.867;276.721; 92.982;150.660;185.846;186.602;190.092; 42.772;246.054
2001-04-09 03:45:00;   null; 49.087;205.600;120.760;1275.380;379.797; 98.294;197.584; 86.302;146.453;280.826; 91.932;148.940;186.792;186.612;185.660; 42.832;244.682
2001-04-09 03:50:00;   null; 49.750;205.133;121.463;1266.120;380.650;   null;195.748; 86.398;149.397;278.790; 90.319;149.240;187.648;186.388;189.354; 42.640;246.088
2001-04-09 03:55:00;   null; 50.177;207.933;120.150;1274.660;380.817;   null;196.786; 84.688;147.677;278.689; 92.386;150.100;185.508;181.388;188.722; 43.184;246.938
2001-04-09 04:00:00;   null; 49.963;206.967;120.933;1276.640;385.067; 98.005;196.840; 86.484;148.304;280.724; 92.434;149.720;186.378;185.510;188.306; 42.428;245.682
2001-04-09 04:05:00;   null; 50.353;205.400;122.237;1267.700;384.463;   null;195.872; 83.840;146.067;279.739; 92.814;151.060;187.736;190.348;188.462; 41.562;246.698
2001-04-09 04:10:00;   null; 50.443;204.500;120.400;1274.080;380.903;   null;199.000; 86.026;146.157;279.638; 91.280;149.900;189.938;186.896;187.218; 42.872;247.382
2001-04-09 04:15:00;   null; 50.550;203.967;119.960;1281.840;383.496; 97.984;197.174; 84.116;146.303;279.400; 91.748;149.720;189.254;188.056;189.476; 42.296;247.932
2001-04-09 04:20:00;   null; 50.740;205.233;121.200;1278.280;383.323;   null;199.740; 85.508;147.307;279.808; 91.770;150.420;189.882;184.288;190.246; 42.246;246.954
2001-04-09 04:25:00;   null; 51.160;206.533;119.753;1276.320;381.527;   null;196.554; 85.278;147.917;279.095; 91.791;148.960;189.816;183.238;189.178; 42.708;246.440
2001-04-09 04:30:00;   null; 49.810;204.167;120.723;1284.240;384.843; 97.527;198.034; 86.188;146.880;280.824; 91.230;149.540;189.080;184.698;190.444; 41.906;246.602
2001-04-09 04:35:00;   null; 51.123;205.500;121.810;1282.940;380.263;   null;199.550; 84.818;148.363;279.130; 93.538;149.540;188.694;188.016;188.676; 42.630;248.564
2001-04-09 04:40:00;   null; 50.357;202.333;120.710;1279.100;384.206;   null;199.474; 85.094;146.163;280.551; 92.245;150.480;189.360;188.664;189.810; 43.058;247.448
2001-04-09 04:45:00;   null; 50.120;206.833;119.847;1281.840;384.440; 98.550;196.696; 85.704;147.184;279.027; 91.739;150.480;187.310;185.734;189.984; 42.946;247.208
2001-04-09 04:50:00;   null; 50.973;204.333;120.360;1278.800;386.907;   null;196.442; 85.198;147.067;281.977; 92.315;149.560;189.112;184.240;190.672; 41.898;246.330
2001-04-09 04:55:00;   null; 50.843;205.000;121.653;1279.820;382.360;   null;199.240; 84.098;149.990;282.148; 90.901;149.620;187.774;186.850;191.982; 42.304;246.654
2001-04-09 05:00:00;   null; 51.140;203.300;120.943;1284.840;383.180; 99.382;197.382; 85.064;147.213;281.501; 92.389;151.400;188.354;185.734;190.044; 42.114;246.090
2001-04-09 05:05:00;   null; 50.573;205.367;120.927;1290.460;383.893;   null;196.944; 86.458;146.333;280.045; 90.919;150.440;189.260;184.112;191.376; 42.346;244.642
2001-04-09 05:10:00;   null; 51.100;203.400;121.777;1286.840;383.327;   null;197.250; 84.500;151.690;281.703; 92.192;150.920;187.220;186.008;191.660; 42.236;244.858
2001-04-09 05:15:00;   null; 49.693;204.500;121.983;1288.700;383.590; 99.153;197.932; 84.172;146.627;282.517; 91.392;150.420;189.092;187.640;189.904; 41.828;245.780
2001-04-09 05:20:00;   null; 50.550;203.667;121.343;1292.840;388.003;   null;197.520; 84.348;150.863;281.093; 92.758;150.140;188.750;190.322;192.856; 41.652;245.118
2001-04-09 05:25:00;   null; 50.053;205.200;120.433;1287.280;386.003;   null;198.756; 85.284;149.347;282.787; 92.944;150.940;189.544;184.694;191.228; 43.096;244.808
2001-04-09 05:30:00;   null; 52.327;204.600;122.270;1287.100;387.483; 98.002;199.744; 84.530;148.583;283.059; 94.045;150.960;188.028;184.966;189.818; 42.598;245.674
2001-04-09 05:35:00;   null; 51.553;204.133;122.347;1276.200;388.290;   null;198.900; 86.042;146.480;282.076; 92.344;149.180;187.500;187.386;191.122; 42.300;245.386
2001-04-09 05:40:00;   null; 50.560;204.100;122.300;1280.600;386.486;   null;200.272; 84.564;150.370;282.242; 92.646;151.740;188.590;185.680;190.964; 41.380;244.386
2001-04-09 05:45:00;   null; 51.507;203.700;120.140;1289.300;384.533; 98.671;198.822; 85.732;150.837;282.443; 93.302;150.360;187.246;188.288;193.414; 42.844;244.898
2001-04-09 05:50:00;   null; 50.217;206.700;122.827;1298.800;385.890;   null;198.720; 85.346;148.583;283.564; 91.466;149.800;188.818;185.880;190.106; 42.372;245.092
2001-04-09 05:55:00;   null; 51.313;204.667;120.403;1294.800;386.053;   null;199.866; 84.238;149.000;280.683; 92.448;151.440;187.684;186.042;191.518; 41.824;244.240
2001-04-09 06:00:00;   null; 49.827;202.367;119.337;1292.160;386.007; 98.860;200.512; 85.636;148.527;283.724; 94.114;150.940;189.916;187.432;190.012; 42.624;245.984
2001-04-09 06:05:00;   null; 50.337;204.167;121.610;1288.120;388.953;   null;195.770; 86.644;151.167;283.258; 92.423;152.660;189.422;188.544;190.806; 41.680;243.692
2001-04-09 06:10:00;   null; 49.670;204.567;121.033;1299.320;386.314;   null;198.436; 85.394;147.637;282.984; 93.034;152.460;189.806;190.018;190.460; 42.328;244.302
2001-04-09 06:15:00;   null; 50.733;201.600;121.120;1287.960;384.930; 98.877;199.216; 84.892;146.823;284.979; 93.529;151.460;189.054;182.932;191.358; 41.998;247.092
2001-04-09 06:20:00;   null; 51.427;203.133;122.437;1288.060;383.234;   null;200.250; 85.150;147.833;283.656; 93.200;152.300;187.696;186.958;188.176; 41.924;244.038
2001-04-09 06:25:00;   null; 49.977;205.267;122.893;1299.820;385.233;   null;199.922; 85.222;151.010;282.811; 92.687;150.060;189.380;186.854;187.828; 41.452;243.362
2001-04-09 06:30:00;   null; 51.183;202.300;121.503;1289.820;384.073; 99.234;198.946; 84.376;149.597;286.665; 92.531;150.260;187.888;188.738;189.284; 41.364;244.388
2001-04-09 06:35:00;   null; 51.670;202.567;120.900;1303.020;384.547;   null;199.356; 85.428;148.740;281.966; 92.336;150.780;189.320;183.012;190.018; 41.082;246.134
2001-04-09 06:40:00;   null; 49.637;200.933;120.433;1298.040;387.733;   null;197.494; 86.372;148.473;282.814; 92.061;150.940;190.726;188.134;192.836; 41.764;243.152
2001-04-09 06:45:00;   null; 50.523;204.567;123.580;1299.020;383.987; 99.298;197.186; 84.826;150.940;286.118; 92.495;150.720;186.900;185.060;192.332; 42.114;245.684
2001-04-09 06:50:00;   null; 50.270;201.900;120.417;1301.060;388.203;   null;201.602; 84.660;151.097;282.440; 94.036;153.860;188.216;187.428;189.372; 42.196;244.666
2001-04-09 06:55:00;   null; 50.760;204.367;121.327;1303.320;384.893;   null;198.598; 84.770;150.750;283.922; 93.459;150.340;187.834;188.874;190.596; 42.250;246.362
2001-04-09 07:00:00;   null; 50.997;204.333;121.720;1302.420;383.680; 99.741;197.134; 84.886;150.270;281.726; 93.882;153.780;186.006;184.614;188.206; 41.584;245.942
2001-04-09 07:05:00;   null; 49.987;205.100;122.850;1298.880;386.787;   null;197.708; 83.974;150.137;283.825; 93.837;150.640;188.000;184.272;191.528; 41.690;244.876
2001-04-09 07:10:00;   null; 51.240;204.733;120.967;1302.220;387.480;   null;200.290; 84.814;149.963;279.393; 93.953;152.740;187.614;183.738;190.126; 41.792;241.852
2001-04-09 07:15:00;   null; 50.377;202.967;121.847;1295.880;389.993; 99.839;200.948; 85.174;149.530;283.817; 92.416;151.980;188.380;183.894;190.178; 42.130;243.348
2001-04-09 07:20:00;   null; 49.547;204.433;124.037;1298.200;387.710;   null;199.112; 83.944;148.983;283.142; 92.801;152.800;189.006;187.260;190.868; 41.296;243.518
2001-04-09 07:25:00;   null; 50.827;203.400;120.573;1309.980;383.920;   null;198.782; 85.188;152.383;284.182; 93.478;150.220;187.442;181.980;189.984; 41.542;243.146
2001-04-09 07:30:00;   null; 50.183;204.167;123.337;1303.400;390.040; 99.789;200.360; 82.892;151.137;284.418; 93.396;154.540;187.840;183.318;189.676; 41.408;240.418
2001-04-09 07:35:00;   null; 50.267;205.500;122.790;1305.220;386.173;   null;198.708; 84.018;150.203;284.447; 94.660;152.680;188.744;180.560;188.908; 41.522;244.492
2001-04-09 07:40:00;   null; 50.217;203.267;121.467;1305.580;387.413;   null;195.752; 84.190;148.037;281.551; 94.681;152.480;189.736;181.330;186.632; 41.200;243.160
2001-04-09 07:45:00;   null; 51.103;203.000;121.953;1308.240;385.793; 98.987;198.210; 83.524;151.453;282.020; 93.199;152.600;190.450;184.082;193.706; 42.192;245.990
2001-04-09 07:50:00;   null; 49.320;204.767;122.743;1309.380;389.130;   null;197.650; 83.974;149.473;282.589; 93.885;154.000;188.544;183.236;188.632; 41.596;243.504
2001-04-09 07:55:00;   null; 50.323;204.767;121.940;1306.960;385.553;   null;196.230; 83.772;149.247;281.410; 93.848;152.620;185.098;181.196;190.980; 41.664;244.338
2001-04-09 08:00:00;   null; 51.437;206.533;120.613;1306.660;387.810; 99.868;199.650; 83.874;148.713;283.662; 93.265;151.960;190.178;185.264;193.254; 41.288;239.716
2001-04-09 08:05:00;   null; 50.907;204.233;122.860;1301.220;385.877;   null;199.950; 83.118;148.837;284.301; 92.140;152.400;188.220;184.876;189.232; 41.380;241.224
2001-04-09 08:10:00;   null; 50.687;200.567;120.893;1300.120;383.833;   null;198.654; 83.526;148.383;286.011; 95.436;153.560;186.814;180.242;188.556; 41.962;244.840
2001-04-09 08:15:00;   null; 51.220;204.800;122.290;1310.740;387.050; 99.985;199.456; 84.636;148.340;279.486; 91.934;153.380;188.500;182.230;187.256; 41.942;243.218
2001-04-09 08:20:00;   null; 51.197;205.200;121.740;1306.480;384.143;   null;199.478; 83.896;150.767;282.076; 91.605;152.860;189.998;185.726;187.464; 41.668;243.910
2001-04-09 08:25:00;   null; 49.833;207.500;120.730;1306.780;386.327;   null;199.220; 85.094;150.583;283.416; 94.174;151.720;188.490;181.888;189.000; 41.744;244.666
2001-04-09 08:30:00;   null; 50.637;205.900;120.123;1302.360;386.546; 99.055;196.944; 84.814;149.317;286.367; 93.392;153.620;189.694;184.200;188.730; 41.626;244.212
2001-04-09 08:35:00;   null; 50.960;202.833;122.797;1314.280;386.783;   null;200.372; 84.440;148.850;280.888; 93.445;152.780;187.972;183.384;186.962; 41.872;241.012
2001-04-09 08:40:00;   null; 51.187;202.867;123.227;1305.880;386.273;   null;199.908; 84.282;147.743;282.667; 92.478;153.460;188.196;187.798;186.792; 42.020;242.308
2001-04-09 08:45:00;   null; 50.790;205.300;122.210;1308.200;384.663; 99.114;199.900; 85.310;147.770;283.663; 93.437;152.040;188.928;177.940;190.366; 41.968;243.082
2001-04-09 08:50:00;   null; 51.363;202.967;122.183;1304.880;387.410;   null;199.986; 83.828;150.537;287.148; 93.786;154.080;189.092;185.122;187.152; 41.554;245.848
2001-04-09 08:55:00;   null; 50.613;204.500;120.773;1318.740;384.440;   null;199.390; 85.272;148.327;285.605; 94.244;152.060;191.940;184.294;188.012; 41.570;244.566
2001-04-09 09:00:00;   null; 50.287;204.233;122.807;1318.460;381.123;100.343;198.356; 85.492;150.550;285.498; 96.044;151.420;191.220;181.142;186.740; 41.666;244.600
2001-04-09 09:05:00;   null; 51.267;206.433;122.410;1308.360;385.683;   null;198.124; 84.172;151.917;282.813; 93.813;151.740;189.802;185.784;186.542; 41.478;246.796
2001-04-09 09:10:00;   null; 50.360;204.500;120.070;1310.560;385.080;   null;198.344; 84.478;150.547;282.953; 93.322;151.160;189.608;187.952;185.640; 41.794;245.482
2001-04-09 09:15:00;   null; 50.680;205.633;122.923;1308.780;386.333; 99.694;199.342; 84.198;150.600;283.717; 92.933;152.020;187.946;186.558;182.062; 41.932;245.496
2001-04-09 09:20:00;   null; 50.737;201.467;122.070;1316.560;387.213;   null;198.242; 83.962;152.057;280.039; 93.481;152.120;188.560;180.412;188.792; 42.780;243.608
2001-04-09 09:25:00;   null; 50.703;205.300;120.877;1304.120;384.547;   null;199.578; 85.344;150.960;283.576; 92.566;152.500;186.542;185.902;187.374; 42.258;244.710
2001-04-09 09:30:00;   null; 51.317;204.533;123.540;1311.060;384.910;100.573;200.070; 84.952;148.457;283.215; 94.236;156.380;189.372;185.966;186.930; 42.424;244.070
2001-04-09 09:35:00;   null; 51.590;205.133;122.637;1308.320;384.677;   null;199.602; 85.934;151.550;278.695; 95.117;155.120;187.410;182.538;185.074; 41.946;247.608
2001-04-09 09:40:00;   null; 50.017;202.100;123.433;1307.420;392.453;   null;199.884; 85.518;151.063;278.528; 95.333;153.140;186.672;185.006;186.246; 42.002;246.460
2001-04-09 09:45:00;   null; 52.157;203.567;121.310;1310.240;384.147; 99.408;198.402; 85.824;149.460;283.310; 93.987;151.640;190.134;186.108;184.582; 42.002;245.676
2001-04-09 09:50:00;   null; 50.800;204.667;122.953;1318.880;384.727;   null;198.694; 84.812;151.596;281.198; 95.100;152.820;190.738;187.894;187.040; 41.872;242.976
2001-04-09 09:55:00;   null; 51.270;205.400;124.217;1306.040;386.040;   null;201.248; 85.842;148.106;278.695; 93.350;152.460;187.816;183.900;187.090; 42.064;246.470
2001-04-09 10:00:00;   null; 51.253;204.033;121.823;1313.920;384.727;100.301;198.780; 86.164;153.077;277.520; 94.343;153.000;188.102;184.022;188.104; 42.494;244.976
2001-04-09 10:05:00;   null; 51.523;205.100;121.983;1308.840;382.700;   null;200.584; 83.414;151.470;278.759; 93.584;152.180;185.930;186.174;185.768; 41.922;246.868
2001-04-09 10:10:00;   null; 50.890;204.033;123.293;1303.300;384.970;   null;199.988; 84.888;152.383;279.323; 94.785;154.360;187.264;187.764;187.318; 41.846;246.988
2001-04-09 10:15:00;   null; 49.830;203.700;122.727;1311.020;385.787;100.173;201.878; 85.738;149.287;279.923; 93.539;151.680;187.282;181.894;185.020; 41.984;246.610
2001-04-09 10:20:00;   null; 50.357;207.100;121.363;1311.380;382.737;   null;202.468; 84.976;151.643;278.519; 94.231;154.680;186.926;188.524;186.208; 42.658;248.494
2001-04-09 10:25:00;   null; 50.687;208.700;122.413;1306.180;389.883;   null;198.820; 84.082;149.187;275.383; 94.042;152.880;187.660;189.422;183.728; 42.764;245.892
2001-04-09 10:30:00;   null; 51.097;204.100;120.873;1308.320;386.377;100.285;199.124; 84.128;149.233;275.885; 94.378;154.760;187.136;186.430;187.152; 42.010;246.500
2001-04-09 10:35:00;   null; 51.390;205.433;121.590;1314.600;386.460;   null;203.116; 84.494;149.617;277.386; 93.707;152.980;187.210;184.666;187.102; 42.282;243.950
2001-04-09 10:40:00;   null; 50.890;203.767;123.263;1310.600;388.150;   null;199.998; 85.682;147.210;278.052; 96.563;152.500;185.634;186.170;187.282; 42.334;245.160
2001-04-09 10:45:00;   null; 48.957;204.767;124.157;1311.420;384.233;100.217;198.324; 85.216;151.233;276.784; 94.677;154.220;184.250;184.402;188.690; 42.686;245.004
2001-04-09 10:50:00;   null; 51.163;205.833;121.827;1303.640;386.913;   null;199.036; 85.060;149.640;276.950; 94.152;153.320;187.026;186.850;188.264; 42.608;247.150
2001-04-09 10:55:00;   null; 51.870;204.800;124.913;1305.860;388.067;   null;202.036; 84.710;150.537;276.248; 93.742;151.860;186.194;187.568;190.168; 41.826;244.280
2001-04-09 11:00:00;161.280; 50.493;206.533;122.150;1310.100;384.913;100.241;201.332; 85.970;149.387;278.946; 94.804;154.140;187.454;185.750;186.598; 42.338;244.422
2001-04-09 11:05:00;161.710; 51.213;206.100;122.777;1311.860;388.550;   null;199.490; 86.298;150.270;273.848; 92.440;152.980;185.930;187.262;188.758; 42.548;246.676
2001-04-09 11:10:00;163.644; 51.413;204.133;124.237;1312.440;387.470;   null;200.964; 84.916;150.097;276.147; 93.016;154.600;184.442;187.708;188.846; 42.332;245.992
2001-04-09 11:15:00;162.414; 52.053;205.400;121.850;1316.140;387.347;100.311;200.692; 83.158;148.127;275.914; 93.888;153.200;185.818;183.850;188.406; 41.646;245.834
2001-04-09 11:20:00;163.612; 51.370;206.133;124.197;1315.400;386.073;   null;199.268; 84.998;153.373;278.882; 94.178;154.260;183.582;186.968;188.162; 42.116;245.868
2001-04-09 11:25:00;163.732; 51.860;204.367;124.547;1317.400;384.653;   null;202.520; 84.958;151.377;276.315; 95.561;154.080;186.168;186.132;188.788; 42.450;246.560
2001-04-09 11:30:00;   null; 51.530;206.400;123.133;1309.180;389.593;100.868;200.234; 84.780;150.873;277.879; 94.238;154.820;184.092;187.022;188.436; 42.814;244.794
2001-04-09 11:35:00;163.998; 51.097;205.967;123.917;1304.180;384.783;   null;200.304; 86.442;147.857;280.473; 95.140;154.660;184.572;187.060;186.068; 42.564;244.582
2001-04-09 11:40:00;162.400; 52.053;204.467;121.417;1305.060;384.340;   null;202.492; 85.588;152.280;278.505; 94.362;152.400;183.616;186.043;188.968; 42.368;245.894
2001-04-09 11:45:00;162.105; 50.877;204.833;121.970;1312.400;388.727;100.184;201.824; 85.502;153.176;278.805; 95.399;154.020;186.456;   null;187.970; 41.810;246.204
2001-04-09 11:50:00;163.694; 51.600;206.000;123.640;1314.080;385.540;   null;201.394; 84.514;149.860;279.470; 95.425;152.460;186.644;186.736;188.874; 41.962;246.822
2001-04-09 11:55:00;161.742; 50.897;206.567;124.437;1308.200;389.100;   null;203.870; 85.752;150.593;277.039; 96.214;151.820;184.790;185.364;188.302; 41.916;244.548
2001-04-09 12:00:00;162.306; 50.690;205.800;123.123;1305.300;384.443;100.231;201.790; 86.446;151.677;279.527; 95.025;154.380;184.172;183.440;189.084; 42.606;247.530
2001-04-09 12:05:00;162.144; 51.153;205.567;122.237;1315.040;385.490;   null;200.038; 84.678;149.634;274.744; 94.865;154.640;184.166;187.132;191.686; 42.280;246.678
2001-04-09 12:10:00;163.198; 52.163;205.367;123.143;1308.000;389.983;   null;200.640; 84.736;150.060;277.862; 94.749;153.140;185.564;185.354;189.870; 42.328;249.596
2001-04-09 12:15:00;163.156; 50.893;205.467;124.110;1314.120;385.480;100.624;201.020; 84.776;150.693;279.095; 94.462;154.100;187.540;182.444;186.452; 42.390;246.372
2001-04-09 12:20:00;162.060; 51.537;207.400;122.870;1306.560;388.420;   null;201.878; 86.174;150.650;277.365; 94.463;154.200;185.994;187.188;189.398; 42.224;244.624
2001-04-09 12:25:00;164.348; 50.703;206.167;122.250;1299.300;387.953;   null;202.126; 84.796;150.623;277.858; 94.352;153.940;185.394;185.824;191.422; 42.520;246.276
2001-04-09 12:30:00;163.392; 51.390;205.900;124.373;1309.540;386.133;101.352;201.040; 84.426;151.357;280.120; 94.020;153.520;187.762;189.188;187.896; 43.576;242.754
2001-04-09 12:35:00;161.856; 49.810;208.200;123.497;1311.000;390.403;   null;200.432; 85.122;150.393;278.393; 95.693;153.760;185.086;186.734;187.548; 42.704;244.614
2001-04-09 12:40:00;164.568; 51.117;205.033;122.053;1313.740;388.477;   null;199.390; 85.732;148.720;280.115; 93.701;155.460;187.654;185.846;191.814; 42.030;246.950
2001-04-09 12:45:00;165.204; 51.550;205.833;123.607;1306.440;387.850;101.006;199.728; 84.708;150.460;281.806; 93.739;154.660;185.750;187.808;188.892; 42.058;245.364
2001-04-09 12:50:00;161.530; 51.530;208.133;123.710;1308.940;386.613;   null;199.566; 84.300;153.770;281.441; 95.068;154.360;186.616;186.964;188.750; 42.650;248.452
2001-04-09 12:55:00;165.132; 51.900;206.800;123.193;1306.260;388.680;   null;203.240; 85.166;152.693;278.850; 94.744;154.120;187.074;186.080;190.138; 42.164;248.324
2001-04-09 13:00:00;163.454; 50.060;206.067;122.590;1314.240;386.160;100.854;200.396; 85.324;150.357;280.413; 95.372;153.240;185.838;185.482;190.582; 42.198;249.550
2001-04-09 13:05:00;163.238; 52.297;205.333;122.447;1315.320;391.227;   null;201.532; 84.378;151.420;278.485; 95.404;153.940;189.114;188.644;187.820; 42.782;245.470
2001-04-09 13:10:00;162.582; 51.937;205.233;121.580;1309.780;388.073;   null;200.870; 85.222;149.333;279.248; 93.920;153.760;186.148;184.498;187.108; 41.776;247.450
2001-04-09 13:15:00;162.426; 51.430;204.200;122.997;1316.000;388.360;100.369;204.040; 85.172;152.383;280.866; 95.404;153.380;186.130;187.792;188.942; 42.804;246.370
2001-04-09 13:20:00;164.362; 51.213;204.767;124.050;1315.620;388.053;   null;200.892; 84.940;149.907;282.753; 93.441;154.840;186.280;187.370;189.344; 42.254;246.750
2001-04-09 13:25:00;164.864; 50.980;206.733;125.477;1308.860;387.030;   null;200.898; 85.876;153.340;281.097; 94.750;155.640;186.206;188.638;188.586; 42.122;249.522
2001-04-09 13:30:00;163.376; 51.470;206.433;122.467;1311.200;385.213;100.963;200.258; 85.636;151.727;282.679; 93.863;154.920;188.994;186.390;190.434; 42.358;245.004
2001-04-09 13:35:00;164.664; 51.597;205.867;123.907;1306.320;387.910;   null;203.088; 86.442;149.380;279.535; 95.264;153.520;188.206;190.800;188.528; 42.100;246.410
2001-04-09 13:40:00;163.688; 51.367;207.767;124.063;1307.840;389.573;   null;201.336; 86.016;149.807;281.555; 94.088;154.320;185.528;186.794;191.712; 42.422;246.590
2001-04-09 13:45:00;164.172; 50.917;207.100;121.610;1309.700;387.040;101.309;196.994; 85.824;151.147;279.700; 96.641;152.360;184.780;187.312;188.648; 42.110;247.528
2001-04-09 13:50:00;163.138; 51.697;204.033;123.493;1307.940;387.060;   null;201.424; 85.346;151.763;283.275; 94.101;154.100;187.328;187.944;189.102; 41.998;249.004
2001-04-09 13:55:00;164.702; 52.140;204.500;122.660;1316.560;389.413;   null;199.326; 85.518;151.250;280.474; 94.718;152.780;187.922;190.894;188.234; 42.198;247.914
2001-04-09 14:00:00;162.478; 51.457;204.933;123.333;1307.560;390.923;100.790;202.162; 84.876;151.360;280.799; 93.856;154.540;185.498;188.334;192.402; 41.960;246.644
2001-04-09 14:05:00;165.350; 51.373;205.867;122.657;1307.780;385.337;   null;199.312; 85.064;151.867;283.109; 94.335;152.860;186.920;186.112;192.678; 42.372;246.706
2001-04-09 14:10:00;164.914; 51.943;207.167;123.523;1303.920;388.127;   null;202.916; 85.232;151.913;282.513; 93.417;155.180;186.150;185.478;188.454; 42.590;248.092
2001-04-09 14:15:00;165.802; 51.757;209.067;122.703;1310.800;387.073;100.892;203.168; 86.276;152.883;281.182; 94.528;154.660;186.442;186.362;189.264; 42.326;249.238
2001-04-09 14:20:00;164.864; 52.270;206.167;122.130;1310.680;387.040;   null;202.224; 86.150;151.660;279.496; 95.736;152.840;188.684;184.362;189.860; 42.634;246.312
2001-04-09 14:25:00;163.430; 52.333;205.767;124.570;1308.520;386.147;   null;201.776; 86.132;154.143;278.036; 94.121;153.460;186.908;183.946;188.208; 42.266;248.524
2001-04-09 14:30:00;166.792; 51.087;204.700;125.000;1304.460;388.857;100.880;200.852; 85.464;153.763;279.458; 93.820;152.660;186.854;190.024;188.192; 42.572;248.282
2001-04-09 14:35:00;164.420; 50.983;205.700;123.270;1307.260;387.153;   null;203.510; 85.202;152.033;280.482; 94.599;152.000;188.092;188.496;189.766; 42.784;245.464
2001-04-09 14:40:00;164.452; 51.447;205.400;124.040;1307.900;388.183;   null;204.174; 85.688;153.910;281.764; 93.179;153.100;187.340;188.696;189.920; 42.044;249.218
2001-04-09 14:45:00;164.994; 51.093;205.333;124.327;1308.760;387.273;100.544;201.332; 85.238;152.807;280.218; 93.169;153.540;186.516;190.324;188.484; 42.610;248.284
2001-04-09 14:50:00;163.980; 51.797;206.100;124.670;1312.240;386.136;   null;200.598; 83.586;152.963;277.508; 93.997;151.980;187.730;187.970;189.466; 42.780;246.822
2001-04-09 14:55:00;164.760; 50.527;208.200;123.740;1311.380;391.040;   null;199.078; 86.040;151.107;280.343; 94.864;154.560;185.674;187.294;187.718; 42.196;246.148
2001-04-09 15:00:00;164.412; 52.017;207.767;122.537;1303.960;389.810;100.533;200.876; 85.638;152.493;282.085; 94.970;154.860;189.582;190.062;188.968; 42.862;247.442
2001-04-09 15:05:00;168.062; 51.233;206.800;123.860;1307.480;389.307;   null;199.526; 86.192;151.130;282.780; 93.989;154.660;186.472;188.172;187.364; 42.510;247.816
2001-04-09 15:10:00;166.998; 50.293;206.300;123.560;1308.760;390.607;   null;200.468; 84.984;150.493;279.638; 95.018;154.140;188.282;186.382;189.610; 42.568;248.404
2001-04-09 15:15:00;163.302; 51.020;207.067;123.560;1310.660;388.803;101.912;201.908; 85.606;150.683;281.913; 94.141;152.480;188.058;186.354;189.072; 42.636;248.160
2001-04-09 15:20:00;165.842; 52.077;207.267;123.153;1311.160;385.057;   null;200.740; 86.384;150.106;282.078; 93.815;155.840;187.428;189.364;191.464; 43.030;248.020
2001-04-09 15:25:00;164.076; 51.983;206.133;121.607;1308.100;387.250;   null;201.064; 85.782;154.073;281.641; 94.610;153.600;186.996;187.028;190.254; 43.168;245.944
2001-04-09 15:30:00;164.558; 50.723;208.967;122.973;1305.900;386.950;100.813;203.366; 86.022;152.270;279.664; 94.733;153.820;185.482;188.576;190.758; 42.424;247.554
2001-04-09 15:35:00;164.710; 51.710;205.033;122.643;1310.120;388.880;   null;199.632; 85.944;149.890;280.349; 93.936;153.060;187.212;189.158;189.330; 42.366;246.800
2001-04-09 15:40:00;166.452; 51.957;206.200;123.280;1306.220;387.470;   null;200.622; 86.028;151.610;281.963; 95.519;155.660;188.392;188.506;192.370; 43.056;249.406
2001-04-09 15:45:00;164.136; 51.317;205.233;122.107;1311.320;385.813;101.745;200.770; 86.122;153.203;284.311; 94.567;154.360;187.130;187.140;190.322; 42.176;248.686
2001-04-09 15:50:00;166.110; 51.667;205.967;122.567;1310.200;387.564;   null;202.526; 84.970;149.410;282.785; 93.558;155.500;189.074;188.466;186.850; 43.174;248.934
2001-04-09 15:55:00;164.656; 50.807;206.467;124.380;1305.840;387.670;   null;200.898; 87.012;150.220;280.737; 94.764;152.500;188.728;189.926;189.842; 43.070;249.976
2001-04-09 16:00:00;164.878; 51.497;211.267;124.097;1306.140;389.180;101.964;200.744; 85.558;149.780;281.320; 95.478;154.380;188.282;189.104;188.364; 42.460;249.832
2001-04-09 16:05:00;162.110; 51.593;206.733;123.210;1311.620;388.223;   null;202.440; 85.464;151.843;281.617; 94.866;153.700;188.390;191.320;193.216; 43.646;248.254
2001-04-09 16:10:00;163.812; 51.730;208.167;123.453;1304.240;388.160;   null;201.772; 85.260;149.647;280.604; 95.815;152.740;187.676;188.744;189.876; 42.832;248.110
2001-04-09 16:15:00;162.796; 51.403;205.600;125.093;1308.040;384.750;101.193;199.202; 87.268;150.190;282.966; 94.246;153.600;190.012;185.750;192.236; 43.260;249.696
2001-04-09 16:20:00;163.888; 51.460;205.367;122.763;1310.100;386.057;   null;199.112; 86.360;151.590;280.828; 93.089;153.560;187.308;188.092;190.974; 43.120;249.570
2001-04-09 16:25:00;166.924; 51.400;204.333;124.070;1307.440;389.420;   null;203.114; 84.700;149.127;282.857; 94.735;153.140;188.034;188.440;190.870; 42.682;250.976
2001-04-09 16:30:00;164.222; 50.763;206.500;125.463;1308.680;388.847;100.796;201.048; 85.886;149.410;282.421; 94.981;152.800;186.916;186.778;188.322; 43.300;249.338
2001-04-09 16:35:00;163.396; 51.387;208.567;124.023;1305.660;390.367;   null;199.450; 85.970;151.737;282.322; 94.540;154.820;186.698;191.280;192.520; 42.340;249.380
2001-04-09 16:40:00;165.278; 50.540;206.133;122.473;1314.920;388.447;   null;202.342; 86.246;151.410;282.084; 95.748;153.000;191.268;190.726;193.830; 42.742;248.374
2001-04-09 16:45:00;167.760; 50.420;207.367;123.700;1313.780;385.793;101.265;199.668; 86.930;150.817;283.724; 93.861;151.880;188.902;187.092;188.616; 42.694;251.266
2001-04-09 16:50:00;165.678; 51.447;209.067;124.213;1307.060;389.000;   null;201.122; 87.256;149.770;281.812; 94.567;153.180;187.942;189.494;191.226; 43.126;251.022
2001-04-09 16:55:00;165.044; 51.177;206.467;123.783;1306.720;387.870;   null;201.102; 86.750;149.837;282.884; 95.005;152.400;188.038;188.634;190.932; 43.380;247.316

