DATETIME,ESOI,ATHN,MXCO,ROME,AATB,LMKS,DRBS,MOSC,NEWK,KIEL,CALG,OULU,APTY,FSMT,NAIN,PWNK,SOPB,SOPO
2001-04-08 06:00:00,166.544,51.523,207.8,123.603,1313.98,401.99,103.994,207.176,88.578,153.833,287.202,96.777,158.06,190.97,189.144,188.994,44.738,256.062
2001-04-08 06:05:00,166.088,51.263,207.6,124.637,1316.9,401.397,102.91450250000008,206.806,87.816,155.283,287.138,96.142,157.5,190.026,188.346,191.326,44.13,256.352
2001-04-08 06:10:00,165.26,52.25,211.167,124.36,1322.6,401.777,103.09771833333339,205.196,87.484,153.67,287.01,96.152,159.16,188.962,193.738,189.27,44.302,256.468
2001-04-08 06:15:00,164.952,51.767,207.467,124.5,1320.46,400.58,103.284,207.03,86.964,153.833,285.218,97.904,159.14,189.998,194.682,191.296,44.444,256.378
2001-04-08 06:20:00,166.65,51.593,208.867,124.903,1315.72,403.177,102.80177833333346,205.478,87.028,153.537,287.714,96.347,156.44,188.444,191.742,188.606,43.872,254.996
2001-04-08 06:25:00,167.828,51.433,207.7,124.377,1326.86,402.1,102.54738729166664,205.316,87.206,155.683,287.489,95.127,155.26,192.076,189.538,193.602,43.858,256.724
2001-04-08 06:30:00,164.484,51.38,206.9,125.65,1319.16,403.077,102.758,207.276,86.568,154.567,286.37,97.109,157.7,189.976,189.214,190.632,43.642,255.168
2001-04-08 06:35:00,165.19,51.793,209.0,125.543,1315.04,401.743,102.7297010416667,207.174,85.858,155.183,284.673,95.299,157.62,189.16,188.582,192.088,43.63,257.424
2001-04-08 06:40:00,168.15,51.817,210.6,124.773,1320.54,399.693,102.97361333333335,205.864,87.242,155.51,285.746,96.019,158.12,188.002,193.054,190.116,44.742,255.71
2001-04-08 06:45:00,165.328,50.153,209.467,123.64,1326.42,401.563,103.366,204.856,88.35,156.87,289.34,99.094,157.12,191.344,191.404,191.056,43.972,256.668
2001-04-08 06:50:00,166.976,51.41,209.0,125.363,1320.64,396.736,102.4052845833333,204.166,87.734,153.853,285.939,97.526,157.74,191.322,190.94,191.966,44.272,255.772
2001-04-08 06:55:00,166.57,50.72,209.267,125.93,1323.1,398.77,102.48455479166664,205.29,87.566,155.017,286.067,97.246,157.34,190.954,187.17,192.414,44.266,257.26
2001-04-08 07:00:00,167.778,52.27,210.267,123.173,1314.66,402.44,103.329,206.82,87.95,152.41,288.234,96.389,156.64,190.712,193.678,190.106,44.194,256.988
2001-04-08 07:05:00,166.096,52.093,212.4,125.313,1316.7,400.3,102.84363437500002,205.12,86.916,154.687,285.521,95.536,158.78,191.302,192.758,193.208,44.404,255.532
2001-04-08 07:10:00,166.292,51.127,208.167,122.853,1313.16,400.07,102.73830249999997,203.778,88.668,155.91,286.71,97.706,158.06,190.622,188.808,192.414,44.098,255.768
2001-04-08 07:15:00,165.488,51.917,210.667,124.163,1316.96,400.277,103.467,204.59,88.614,153.977,285.282,96.306,158.9,192.004,189.408,192.468,44.776,257.78
2001-04-08 07:20:00,166.274,51.73,208.3,123.913,1315.72,399.17,102.63351562500014,204.216,86.99,152.753,284.801,97.0,158.54,189.036,192.974,190.604,44.266,256.372
2001-04-08 07:25:00,167.662,51.77,208.433,124.637,1314.44,397.99,102.47426729166662,206.034,88.18,155.817,286.467,96.856,157.02,188.392,195.044,192.654,44.454,254.352
2001-04-08 07:30:00,166.2,51.233,208.233,125.69,1312.78,400.903,103.224,204.98,87.588,153.347,286.674,96.363,158.56,188.6,189.336,192.044,43.616,256.772
2001-04-08 07:35:00,165.218,51.883,209.633,122.187,1320.96,400.213,102.52329250000007,205.318,87.456,154.73,283.553,95.769,156.64,187.792,193.278,189.316,43.314,256.292
2001-04-08 07:40:00,166.206,51.633,208.133,122.48,1317.7,399.12,102.21490729166672,205.976,85.726,153.28,288.661,94.573,154.72,189.238,191.146,190.498,43.358,257.34
2001-04-08 07:45:00,165.88,51.3,211.033,123.383,1310.28,402.74,102.068,206.308,87.2,154.177,283.985,96.227,156.58,189.928,190.004,191.416,43.736,257.228
2001-04-08 07:50:00,165.54,51.89,210.6,122.423,1318.38,403.707,102.84123291666666,206.054,87.458,155.773,287.797,96.766,157.34,189.974,193.762,190.872,44.134,257.22
2001-04-08 07:55:00,165.392,51.45,208.867,124.873,1314.1,399.183,102.58187791666667,206.378,87.202,153.653,285.394,95.283,155.64,188.866,188.566,192.016,45.028,258.104
2001-04-08 08:00:00,164.724,51.747,210.3,123.95,1312.02,403.363,103.248,204.36,88.232,150.537,284.097,95.861,156.08,192.402,186.538,189.916,43.722,255.084
2001-04-08 08:05:00,166.392,50.71,208.867,124.6,1303.36,401.12,102.29613499999998,205.416,86.036,155.967,284.529,96.042,156.86,190.146,191.42,194.38,43.9,254.556
2001-04-08 08:10:00,165.652,51.313,210.867,123.38,1310.44,401.987,102.33845291666677,202.878,87.274,152.923,285.955,95.922,156.36,190.508,192.24,191.042,43.89,253.784
2001-04-08 08:15:00,165.688,51.553,211.1,125.39,1310.44,400.747,102.222,204.152,88.754,153.707,283.437,96.415,156.48,190.03,190.568,188.778,44.234,257.856
2001-04-08 08:20:00,164.11,52.673,212.0,124.61,1306.4,401.313,102.5630816666665,205.078,87.626,153.983,285.539,95.982,156.58,191.884,192.362,190.932,44.378,257.322
2001-04-08 08:25:00,165.522,51.55,211.433,124.19,1312.5,400.533,102.61040583333333,204.238,87.182,153.613,288.007,96.3,156.7,191.676,192.982,190.266,43.872,255.764
2001-04-08 08:30:00,165.42,51.737,209.833,126.54,1315.7,399.433,102.005,206.964,87.388,151.727,285.058,96.07,156.14,188.198,190.94,192.788,44.214,260.0
2001-04-08 08:35:00,165.066,50.153,209.467,123.05,1312.58,401.983,102.66554375,206.746,86.586,153.153,285.33,95.423,156.08,192.072,191.57,190.57,44.078,255.374
2001-04-08 08:40:00,166.094,51.45,210.7,124.06,1303.44,401.91,102.52145583333339,207.976,88.414,153.563,287.479,96.905,157.12,188.22,191.22,193.528,44.22,256.522
2001-04-08 08:45:00,165.906,53.053,208.033,122.82,1313.6,397.476,102.075,204.484,87.568,152.117,288.169,94.937,154.22,189.148,193.02,192.524,43.816,256.648
2001-04-08 08:50:00,165.532,50.77,209.567,124.777,1316.96,404.577,102.46811104166667,205.444,86.614,152.49,287.959,95.166,154.9,191.866,195.798,192.728,43.748,257.76
2001-04-08 08:55:00,165.892,50.337,209.133,123.873,1298.58,403.96,102.38022062499998,204.338,87.872,152.847,287.608,94.934,155.94,188.81,190.952,191.15,44.152,255.604
2001-04-08 09:00:00,165.534,50.747,206.833,124.113,1312.06,401.013,102.109,202.93,88.276,153.727,284.736,96.906,154.46,190.242,187.758,190.648,43.614,254.68
2001-04-08 09:05:00,165.802,52.587,211.867,124.017,1307.1,401.84,102.32027958333325,205.674,86.924,152.903,285.891,95.286,155.8,190.09,193.384,192.344,43.434,255.352
2001-04-08 09:10:00,164.09,51.17,209.633,123.313,1310.0,404.09,102.41733416666662,205.574,86.972,152.923,287.691,94.911,154.68,190.208,190.518,190.518,44.226,254.19
2001-04-08 09:15:00,166.806,51.097,211.4,125.66,1307.48,402.187,102.422,204.326,87.556,154.333,286.116,95.528,156.84,190.482,195.74,192.172,44.03,257.314
2001-04-08 09:20:00,164.404,51.133,211.933,123.647,1313.9,399.07,102.37596645833337,206.774,89.202,152.94,286.952,95.607,154.96,192.782,194.454,191.786,43.844,257.742
2001-04-08 09:25:00,166.472,50.163,207.967,122.193,1307.8,400.81,102.27367125000006,205.382,87.404,154.813,286.196,95.481,156.26,191.326,190.446,193.154,43.25,254.886
2001-04-08 09:30:00,165.97,50.513,209.8,123.11,1308.84,402.23,102.114,201.88,87.75,152.777,287.624,96.4,153.92,191.984,196.156,191.934,44.064,255.898
2001-04-08 09:35:00,165.096,51.697,210.433,123.617,1303.86,403.007,102.39660083333334,205.862,88.23,151.653,286.565,95.75,155.14,193.082,191.682,193.38,43.206,256.976
2001-04-08 09:40:00,164.518,52.48,208.633,125.287,1309.94,399.243,102.12184458333336,204.578,87.25,153.45,287.247,96.633,155.04,193.404,193.742,192.426,43.742,257.328
2001-04-08 09:45:00,165.144,51.307,210.167,124.943,1313.28,399.483,101.901,207.356,87.076,155.47,286.754,95.804,156.24,194.266,191.144,193.806,43.978,257.216
2001-04-08 09:50:00,164.93,52.403,209.7,125.303,1307.7,404.847,102.5802125,207.216,88.612,155.017,288.143,95.338,156.4,194.992,188.75,194.772,43.892,255.094
2001-04-08 09:55:00,163.898,51.073,207.033,125.443,1304.94,401.447,102.30221250000002,207.752,86.102,154.097,287.92,97.773,155.64,194.048,191.278,194.134,43.592,254.616
2001-04-08 10:00:00,167.062,52.153,209.933,122.643,1307.74,400.03,102.582,205.816,88.436,154.62,288.24,95.852,157.38,193.538,192.512,194.578,44.48,253.194
2001-04-08 10:05:00,165.324,51.21,208.933,123.85,1304.34,399.333,102.14366833333328,204.662,86.536,155.007,288.308,96.109,157.08,193.716,190.1,194.304,43.786,257.984
2001-04-08 10:10:00,165.602,52.327,211.1,123.943,1308.54,400.59,102.40004041666663,205.948,87.204,155.17,286.707,97.761,156.44,194.688,189.992,194.592,44.388,256.928
2001-04-08 10:15:00,164.618,51.537,207.667,122.513,1302.8,400.677,102.403,206.744,87.542,152.263,286.194,93.742,155.82,192.302,189.032,193.48,44.23,254.206
2001-04-08 10:20:00,165.484,52.18,209.067,124.203,1305.04,396.623,102.21698791666664,204.286,88.04,154.677,288.423,96.87,154.8,193.856,190.672,191.038,44.012,254.21
2001-04-08 10:25:00,165.038,50.713,210.2,122.053,1311.72,400.267,102.29827374999995,204.46,88.036,153.16,286.276,96.285,154.18,192.64,191.234,192.638,44.058,253.762
2001-04-08 10:30:00,167.06,50.297,207.733,122.423,1306.8,398.307,102.214,204.458,87.554,152.27,289.159,94.971,156.08,191.726,190.148,194.846,43.512,254.874
2001-04-08 10:35:00,165.154,50.76,208.3,123.24,1313.76,404.777,102.68469500000003,204.846,88.004,154.57,289.935,95.877,155.38,193.0,187.216,191.852,43.56,253.48
2001-04-08 10:40:00,165.134,50.633,207.833,122.48,1311.96,396.867,102.20486791666671,204.098,88.468,153.193,286.983,96.012,155.74,193.84,192.272,192.742,43.738,254.426
2001-04-08 10:45:00,163.648,51.17,208.333,123.607,1307.94,397.747,102.634,204.32,86.476,152.823,288.445,97.083,157.24,192.73,187.27,194.954,43.976,255.344
2001-04-08 10:50:00,166.118,51.813,208.467,124.663,1315.62,400.933,102.44557958333337,203.454,88.426,153.59,289.377,96.985,155.0,193.532,192.634,192.482,43.856,254.616
2001-04-08 10:55:00,164.894,50.13,209.667,121.62,1311.1,398.78,102.12208833333335,200.972,88.174,153.997,287.014,94.528,156.7,191.406,193.08,195.276,44.184,254.972
2001-04-08 11:00:00,164.022,51.85,208.2,122.087,1306.64,398.44,102.1,202.306,86.286,154.32,288.761,97.565,155.26,193.412,193.374,193.304,44.028,257.03
2001-04-08 11:05:00,163.744,51.513,209.2,123.96,1317.64,393.87,102.21164666666665,204.108,87.878,153.96,290.045,95.438,155.78,190.69,193.788,192.004,44.862,256.804
2001-04-08 11:10:00,164.712,51.523,208.9,123.537,1299.08,395.79,101.99359645833333,202.116,87.154,152.816,287.686,95.744,156.56,191.222,191.154,190.932,43.824,257.656
2001-04-08 11:15:00,164.844,50.58,205.3,125.39,1309.22,396.167,101.977,200.824,88.062,154.387,288.185,95.157,155.92,192.898,190.236,194.876,43.828,255.988
2001-04-08 11:20:00,164.412,49.52,206.633,123.487,1302.4,395.4,101.96469791666662,200.876,87.104,151.997,287.255,95.809,156.8,191.54,193.374,193.274,43.774,255.342
2001-04-08 11:25:00,164.628,50.173,209.1,122.277,1308.56,395.707,102.0843983333333,201.996,86.948,154.84,287.191,94.956,157.32,191.756,192.572,191.88,44.254,252.456
2001-04-08 11:30:00,164.276,50.867,207.8,122.747,1305.12,397.797,102.203,199.742,87.152,155.927,288.492,95.431,156.94,191.906,193.43,192.692,43.864,254.984
2001-04-08 11:35:00,165.702,50.963,207.4,123.627,1301.7,394.223,101.77561937499992,207.43,87.478,153.687,290.052,95.236,154.88,192.456,193.704,193.954,43.926,254.502
2001-04-08 11:40:00,166.18,50.033,208.367,122.3,1306.36,397.427,102.12010062499992,202.08,87.078,154.593,291.4,96.135,156.3,191.478,192.864,195.27,44.034,255.202
2001-04-08 11:45:00,162.498,51.3,209.733,123.63,1308.38,399.914,101.257,203.656,87.76,153.39,289.413,96.917,157.64,192.844,191.624,194.684,44.19,255.51
2001-04-08 11:50:00,164.28,50.447,207.3,122.08,1298.6,396.897,101.95637812500001,204.362,87.326,153.597,291.878,95.151,156.74,192.144,195.258,192.8,43.898,254.144
2001-04-08 11:55:00,163.944,50.443,206.867,122.91,1309.26,397.71,102.13056249999995,204.246,86.394,154.477,291.285,95.701,155.16,193.572,191.17,196.322,43.972,254.798
2001-04-08 12:00:00,163.936,50.953,207.833,120.757,1308.66,394.5,101.837,204.168,87.508,155.713,290.712,96.03,157.26,192.556,191.026,192.536,43.706,256.326
2001-04-08 12:05:00,163.864,50.88,205.4,122.9,1307.18,398.003,102.22863875000009,203.874,86.946,153.65,291.724,95.039,157.54,190.916,194.896,196.992,44.342,255.734
2001-04-08 12:10:00,165.742,51.74,207.333,122.843,1311.1,396.857,102.16991541666657,203.596,86.748,153.6,290.342,96.38,156.62,192.414,189.258,195.784,43.66,254.014
2001-04-08 12:15:00,164.506,50.283,209.0,123.717,1309.56,398.876,102.382,202.874,87.59,154.187,288.277,95.778,156.22,193.152,193.306,195.328,43.744,253.292
2001-04-08 12:20:00,163.674,50.343,207.367,123.15,1315.24,395.4,102.1922437500001,201.814,86.244,153.547,288.002,97.318,158.36,192.448,193.064,195.904,44.226,253.61
2001-04-08 12:25:00,163.746,50.083,208.0,124.733,1309.3,399.403,102.07188791666677,203.016,85.502,156.14,288.325,96.441,156.9,193.496,192.256,193.524,43.812,251.194
2001-04-08 12:30:00,167.268,50.923,208.933,123.52,1303.52,398.143,101.529,204.236,86.958,155.357,289.973,95.781,155.68,191.968,194.638,194.648,42.868,251.786
2001-04-08 12:35:00,165.188,51.183,208.5,124.563,1309.22,398.333,102.04431833333341,203.746,87.166,153.663,290.49,96.683,156.92,191.166,193.08,193.426,43.226,252.564
2001-04-08 12:40:00,167.07,51.42,207.2,125.093,1317.48,397.027,102.00891145833332,202.344,87.82,153.463,290.684,96.298,157.46,192.36,192.668,194.744,43.12,249.786
2001-04-08 12:45:00,164.472,50.85,205.533,122.89,1312.32,398.663,102.393,202.928,86.356,153.233,291.104,95.707,157.14,191.918,197.726,195.672,43.222,249.334
2001-04-08 12:50:00,167.104,51.283,206.433,123.163,1321.64,396.803,102.01263999999993,203.364,88.218,152.567,291.445,96.09,157.24,192.5,196.844,197.81,42.93,249.244
2001-04-08 12:55:00,164.658,50.287,207.833,125.037,1313.66,396.353,102.09032437499987,202.54,88.324,152.043,291.574,97.359,157.78,193.61,197.326,193.606,43.132,250.422
2001-04-08 13:00:00,165.62,51.053,205.3,123.337,1315.78,397.64,101.763,206.32,87.264,152.777,292.467,96.996,158.02,192.68,191.422,195.334,42.846,248.202
2001-04-08 13:05:00,165.994,50.46,208.1,124.053,1311.9,399.07,102.11430604166664,203.806,85.526,153.99,289.943,96.618,157.74,193.098,196.034,194.136,43.65,249.04
2001-04-08 13:10:00,166.916,51.99,205.5,124.06,1314.62,395.937,101.98202083333328,206.598,86.684,152.676,291.109,95.791,157.56,192.482,191.818,195.214,43.288,248.508
2001-04-08 13:15:00,165.754,51.2,204.967,125.293,1315.7,397.81,102.129,205.798,86.258,150.493,288.407,96.41,155.9,193.042,193.812,196.758,43.306,249.318
2001-04-08 13:20:00,165.978,50.897,206.867,123.453,1315.24,395.37,101.83295374999997,204.79,85.348,154.077,289.492,95.369,156.62,194.716,193.716,193.136,42.282,248.082
2001-04-08 13:25:00,162.44,51.17,204.367,122.797,1315.52,398.72,101.9480700000001,203.806,86.038,154.467,287.125,96.704,156.76,192.104,193.14,192.954,43.13,246.206
2001-04-08 13:30:00,166.962,51.28,206.067,122.987,1321.74,398.363,101.813,203.334,85.33,152.193,287.806,94.635,156.9,192.062,192.76,193.98,42.548,247.284
2001-04-08 13:35:00,164.226,50.473,205.7,121.947,1316.62,397.707,101.97115916666661,202.486,87.506,154.757,290.564,97.645,157.14,191.972,189.21,193.556,42.052,247.732
2001-04-08 13:40:00,165.38,51.277,204.533,122.71,1313.02,395.74,101.84277291666669,202.83,87.674,153.81,287.724,96.17,154.62,191.008,191.036,196.726,42.666,246.544
2001-04-08 13:45:00,164.95,52.157,206.433,122.263,1321.14,394.297,101.65,204.25,86.208,151.02,288.033,95.975,156.54,192.124,191.994,192.874,42.614,246.642
2001-04-08 13:50:00,166.328,50.163,207.333,124.447,1314.24,394.16,101.62225833333332,201.73,85.994,153.61,286.764,95.677,156.18,189.604,190.66,193.054,42.418,246.29
2001-04-08 13:55:00,166.112,51.493,205.1,124.737,1314.46,395.907,101.93329500000002,203.214,84.302,155.433,290.469,96.111,154.54,193.106,191.166,194.54,42.042,246.586
2001-04-08 14:00:00,165.878,51.18,207.267,124.047,1320.22,397.38,102.411,203.442,85.122,152.24,290.453,96.912,154.24,194.712,192.108,194.768,42.03,244.65
2001-04-08 14:05:00,165.608,51.837,207.233,123.59,1321.88,400.007,101.93276833333339,202.79,85.49,150.54,289.575,94.913,155.86,192.656,191.164,192.592,42.376,243.564
2001-04-08 14:10:00,163.732,50.517,204.733,122.787,1327.52,397.547,101.87758624999995,202.874,85.046,154.797,289.527,97.03,155.64,194.472,187.484,193.48,41.986,246.236
2001-04-08 14:15:00,166.7,52.177,208.033,123.05,1327.18,399.19,101.317,199.358,83.866,152.93,288.745,96.259,156.02,193.514,192.24,194.154,41.33,242.816
2001-04-08 14:20:00,165.206,49.91,206.933,122.343,1325.86,396.707,101.81467458333329,203.956,84.208,151.23,287.996,95.647,154.78,195.016,188.726,190.174,41.36,238.292
2001-04-08 14:25:00,165.992,51.113,207.0,123.903,1324.32,400.05,101.8596779166667,199.074,85.184,151.783,289.803,94.924,155.18,192.388,188.612,193.732,40.638,239.654
2001-04-08 14:30:00,166.126,51.097,204.3,123.987,1330.44,397.46,102.165,203.278,84.792,152.453,284.452,93.932,155.08,191.046,189.274,194.278,41.216,242.276
2001-04-08 14:35:00,166.998,50.99,208.6,122.497,1323.14,396.997,101.72348000000004,201.142,84.6,150.91,285.008,94.464,156.26,191.75,189.152,193.292,41.352,241.094
2001-04-08 14:40:00,165.148,51.56,203.8,123.477,1324.56,395.92,101.73426062500008,201.186,85.504,151.987,283.018,94.587,154.58,191.284,189.572,192.724,42.132,242.624
2001-04-08 14:45:00,166.102,51.597,204.833,124.587,1326.0,399.477,101.846,200.338,84.254,151.91,282.572,95.321,155.48,192.624,186.148,191.32,41.22,241.638
2001-04-08 14:50:00,167.374,50.853,202.167,124.453,1332.36,396.16,101.69175250000004,203.258,84.676,152.93,283.365,94.323,154.34,190.89,185.824,187.256,40.834,239.12
2001-04-08 14:55:00,167.482,50.973,204.867,123.897,1315.76,394.747,101.09788520833337,202.416,83.374,150.92,281.974,95.393,153.24,186.72,185.236,187.612,40.824,241.052
2001-04-08 15:00:00,164.69,50.603,202.867,125.103,1323.88,394.467,101.61,201.318,83.78,151.083,277.185,94.899,156.38,188.824,187.28,187.428,41.87,239.748
2001-04-08 15:05:00,167.984,50.367,203.967,123.603,1317.84,396.147,101.31780687499997,201.068,84.01,150.573,280.198,94.369,154.06,190.418,185.246,187.884,41.258,240.748
2001-04-08 15:10:00,165.42,50.11,202.733,122.927,1317.14,396.88,101.29185499999998,200.114,82.596,151.873,278.892,95.46,153.54,185.086,188.474,186.976,40.94,239.824
2001-04-08 15:15:00,164.758,51.21,203.033,121.573,1304.16,396.037,101.717,202.676,84.558,150.857,277.885,94.642,154.32,188.118,186.288,187.252,41.354,240.162
2001-04-08 15:20:00,165.59,50.423,202.467,122.35,1307.28,394.553,100.95006604166669,200.674,83.236,151.4,277.695,94.052,155.82,187.58,185.114,183.916,41.364,238.756
2001-04-08 15:25:00,165.52,52.41,202.767,121.85,1305.82,395.06,100.89643812499997,202.788,85.208,149.493,276.97,94.28,153.84,185.984,183.884,186.684,40.78,238.252
2001-04-08 15:30:00,164.204,50.51,203.233,122.443,1305.76,394.38,101.034,201.01,83.114,149.977,279.037,94.163,155.6,187.656,190.206,185.174,39.85,237.742
2001-04-08 15:35:00,165.154,49.947,202.8,122.08,1297.88,391.07,100.20059770833339,199.254,82.752,148.993,273.712,94.223,154.16,186.468,186.046,188.712,41.21,237.81
2001-04-08 15:40:00,166.964,49.483,203.067,122.517,1295.84,391.057,100.24280229166676,201.162,84.088,149.297,275.181,95.636,152.64,184.478,184.89,181.73,40.474,237.122
2001-04-08 15:45:00,166.304,50.72,204.567,122.76,1305.8,393.277,100.435,201.302,82.808,150.607,275.639,93.406,153.8,186.05,182.23,185.786,40.736,236.376
2001-04-08 15:50:00,165.426,49.423,207.033,123.503,1292.16,392.183,100.4465127083333,201.892,84.672,150.774,274.825,94.732,153.06,184.792,180.292,185.764,41.028,237.562
2001-04-08 15:55:00,162.876,50.363,204.133,121.937,1283.24,389.71,99.88336208333321,200.342,83.352,149.953,276.528,93.66,154.8,183.574,181.304,188.036,40.64,238.156
2001-04-08 16:00:00,163.608,50.75,203.1,121.703,1281.52,391.077,99.909,200.096,83.08,149.72,275.222,94.296,152.84,185.682,182.438,182.116,40.852,236.724
2001-04-08 16:05:00,166.342,50.087,203.5,121.877,1283.08,390.937,100.25776625000006,202.36,85.694,150.3,274.272,93.973,153.0,185.32,184.647,182.542,40.394,236.698
2001-04-08 16:10:00,164.384,49.66,205.267,121.68,1278.1,388.963,100.0214554166666,201.442,82.874,151.673,272.895,95.343,153.18,183.262,181.5275262499999,185.19,40.752,236.518
2001-04-08 16:15:00,162.522,50.44,201.433,121.453,1273.62,392.333,100.041,201.83,83.084,152.46,274.826,95.649,153.42,183.346,181.368,182.856,39.814,237.69
2001-04-08 16:20:00,162.956,50.653,202.7,121.477,1281.12,389.877,99.65697812500001,198.87,83.608,148.4,271.027,94.892,153.58,183.77,177.942,184.042,40.448,235.792
2001-04-08 16:25:00,161.756,50.387,202.567,122.033,1270.74,388.327,99.9234752083332,201.56,83.358,150.353,271.091,94.547,154.26,182.998,182.192,183.292,39.862,236.528
2001-04-08 16:30:00,163.846,50.39,203.967,121.227,1271.4,388.113,99.483,199.722,83.992,150.683,273.031,93.977,153.56,182.042,181.72,180.792,40.64,235.29
2001-04-08 16:35:00,162.846,49.587,201.233,122.127,1277.04,391.993,100.05526791666664,199.962,84.524,150.377,272.87,94.092,154.64,182.558,180.012,180.704,40.842,235.556
2001-04-08 16:40:00,163.244,50.077,205.4,123.07,1262.08,393.39,100.31312416666673,201.942,83.78,150.117,273.921,94.928,154.38,183.712,177.916,183.688,40.998,238.078
2001-04-08 16:45:00,163.418,50.01,203.5,122.89,1266.52,391.347,100.3,199.128,83.002,150.373,273.758,94.917,152.52,180.39,180.802,180.736,40.734,238.318
2001-04-08 16:50:00,161.412,50.08,202.367,121.423,1268.6,389.16,99.93719583333328,198.624,82.054,150.733,274.386,93.879,152.96,179.542,181.792,184.136,40.46,237.986
2001-04-08 16:55:00,161.068,49.597,205.767,122.113,1266.18,392.393,99.9402420833335,199.318,83.75,150.07,271.13,93.662,151.92,180.526,176.018,183.928,40.926,239.64
2001-04-08 17:00:00,161.146,49.543,201.933,120.33,1266.86,391.613,100.33,199.016,81.864,150.55,275.275,94.845,152.88,182.18,184.024,183.436,41.39,240.58
2001-04-08 17:05:00,161.632,50.483,201.0,119.71,1267.44,391.993,100.29733875000011,200.294,82.94,150.333,272.874,95.512,154.12,180.62,185.686,183.142,41.164,238.25
2001-04-08 17:10:00,159.79,50.78,205.0,124.79,1264.34,392.487,100.0948675000001,200.68,84.024,148.71,273.931,92.929,152.86,180.774,180.562,184.148,41.612,240.058
2001-04-08 17:15:00,161.458,49.17,199.867,121.09,1266.24,391.697,101.22,202.016,82.964,153.757,273.57,93.219,152.7,181.732,184.744,182.508,42.164,239.916
2001-04-08 17:20:00,162.144,50.117,201.867,120.823,1264.66,391.23,99.8545939583334,197.914,83.376,149.477,273.963,94.373,153.28,181.456,182.542,183.528,41.936,240.69
2001-04-08 17:25:00,162.688,48.823,199.1,121.1,1270.22,388.853,100.14146729166654,202.64,84.71,150.037,275.652,92.216,153.0,182.162,179.246,185.28,41.522,239.482
2001-04-08 17:30:00,161.066,49.26,201.5,122.023,1262.28,389.58,99.329,199.33,82.214,150.297,273.242,92.44,151.12,183.958,181.012,183.896,41.636,240.124
2001-04-08 17:35:00,162.728,49.993,200.467,121.893,1265.26,389.167,99.70434937500002,198.568,83.7,148.727,276.01,93.513,154.14,182.17,183.274,186.268,41.3,237.464
2001-04-08 17:40:00,162.138,48.4,200.833,120.883,1266.6,384.407,99.89243791666658,200.136,83.792,150.317,275.026,94.315,153.34,182.36,184.468,184.624,41.058,237.33
2001-04-08 17:45:00,162.154,50.633,197.733,119.827,1267.32,385.863,100.304,198.412,84.016,151.273,275.192,93.615,152.8,181.76,178.518,182.89,41.08,237.192
2001-04-08 17:50:00,160.372,48.63,200.3,123.42,1264.14,387.807,99.93376270833328,199.014,83.468,149.957,271.889,94.561,153.48,180.63,181.006,185.13,40.384,240.172
2001-04-08 17:55:00,163.172,49.98,201.667,121.273,1264.84,385.77,99.587486875,199.11,85.542,148.347,272.518,93.463,152.82,181.876,181.646,183.852,40.54,237.076
2001-04-08 18:00:00,160.97,50.07,201.467,119.9,1257.86,384.84,99.179,198.564,82.772,147.22,273.708,93.825,153.56,181.924,179.298,182.602,40.884,232.554
2001-04-08 18:05:00,160.318,49.883,201.367,120.82,1256.24,383.02,99.37758374999994,197.88,84.57,149.917,275.23,93.143,152.06,181.56,180.394,183.366,40.244,234.102
2001-04-08 18:10:00,162.882,50.19,198.167,120.403,1256.74,383.7,99.33925458333331,196.806,82.278,148.78,273.179,93.688,152.4,183.188,183.478,183.734,40.196,235.68
2001-04-08 18:15:00,162.328,50.13,201.167,120.47,1256.56,383.25,99.13,196.138,82.822,148.323,272.022,92.555,151.06,183.35,181.198,182.4,40.29,237.338
2001-04-08 18:20:00,162.12,51.13,202.5,119.23,1258.16,382.237,98.96945333333336,196.36,82.866,148.297,273.705,91.148,151.96,183.308,179.8,182.146,40.458,236.288
2001-04-08 18:25:00,162.4,49.457,202.733,120.127,1251.88,383.893,99.00167541666673,196.048,82.938,148.533,273.971,92.25,151.46,181.358,180.854,182.232,40.222,235.85
2001-04-08 18:30:00,162.926,49.877,200.967,120.983,1259.18,381.397,98.608,195.918,83.646,147.28,272.286,92.468,148.22,181.784,183.424,183.13,40.74,235.446
2001-04-08 18:35:00,160.656,49.133,202.1,120.523,1254.4,380.393,98.40927708333335,195.79,83.208,147.01,273.61,94.263,149.78,180.478,178.662,184.508,40.522,237.182
2001-04-08 18:40:00,160.954,48.843,201.2,120.36,1259.28,379.627,98.59886416666677,194.04,82.004,148.993,272.453,90.923,151.2,182.194,181.332,186.87,39.984,234.964
2001-04-08 18:45:00,161.596,50.397,200.433,119.213,1248.16,380.31,97.77,195.882,82.41,148.617,268.978,93.71,148.32,181.712,178.248,184.294,39.854,234.236
2001-04-08 18:50:00,161.55,50.623,201.4,119.983,1253.66,378.61,98.21491583333344,195.592,82.456,146.95,272.618,93.268,148.64,183.576,180.56,187.204,40.66,237.15
2001-04-08 18:55:00,159.388,49.933,202.3,118.333,1248.9,376.79,98.60489416666674,194.04,82.778,148.85,272.651,92.124,151.62,183.448,183.498,183.53,40.304,236.708
2001-04-08 19:00:00,161.082,50.24,200.433,119.72,1249.16,382.577,98.971,198.064,82.492,146.604,272.42,92.161,148.94,179.516,182.87,182.648,40.236,236.558
2001-04-08 19:05:00,160.446,49.353,198.333,120.713,1248.64,378.883,98.23999708333331,194.948,83.442,148.133,272.486,91.058,150.2,182.012,180.57,184.8,40.95,234.692
2001-04-08 19:10:00,159.55,49.847,200.433,121.507,1254.3,379.897,98.43911500000006,195.66,81.936,145.74,272.153,92.663,149.76,184.112,181.01,183.972,40.126,235.588
2001-04-08 19:15:00,160.7,50.323,199.2,119.597,1251.26,376.343,98.398,196.286,83.044,146.383,271.688,93.228,148.66,182.84,180.738,180.894,40.866,235.13
2001-04-08 19:20:00,160.802,49.123,199.067,118.363,1255.0,380.92,97.78926875000003,193.234,81.934,146.633,269.097,92.675,147.8,181.46,181.456,185.924,40.224,233.638
2001-04-08 19:25:00,162.114,49.297,200.5,118.053,1250.4,377.707,97.83017499999997,193.698,82.694,146.477,270.393,90.531,148.32,182.048,177.8,182.332,39.764,236.144
2001-04-08 19:30:00,160.28,49.513,200.367,120.013,1249.94,379.813,97.497,193.874,82.208,146.483,269.592,91.773,147.68,182.638,181.77,182.176,40.258,235.278
2001-04-08 19:35:00,160.948,48.04,200.633,118.867,1249.0,377.19,97.60398208333332,194.526,82.338,145.967,269.654,91.353,147.16,181.158,183.138,182.606,41.378,236.024
2001-04-08 19:40:00,161.136,47.567,199.733,118.07,1246.84,377.897,97.72393208333335,192.284,82.758,146.427,270.852,89.521,147.08,181.084,182.098,183.936,39.412,235.868
2001-04-08 19:45:00,159.516,50.4,198.433,118.82,1245.48,375.41,96.927,194.2,81.63,147.163,270.45,90.801,148.38,182.734,180.026,183.728,40.884,236.82
2001-04-08 19:50:00,160.646,47.983,198.6,119.46,1245.3,374.927,97.61863708333344,194.376,81.71,145.137,269.685,91.745,149.22,181.084,178.918,183.386,40.116,237.644
2001-04-08 19:55:00,158.806,48.98,201.7,118.643,1248.5,377.783,97.77037083333339,193.088,82.638,146.25,270.084,88.579,148.22,179.982,180.754,183.882,40.49,237.208
2001-04-08 20:00:00,157.914,50.217,196.7,118.54,1250.76,378.193,98.378,193.838,83.522,143.087,270.59,90.721,148.56,183.522,180.592,184.84,40.534,236.712
2001-04-08 20:05:00,157.84,50.03,200.733,121.423,1254.66,379.773,98.40448416666673,195.522,81.466,149.703,270.751,92.02,146.48,184.662,180.744,183.878,40.73,236.256
2001-04-08 20:10:00,161.314,48.84,200.4,119.83,1248.62,380.07,97.83637541666667,193.604,82.994,148.853,271.151,91.912,148.16,180.264,179.728,182.23,40.448,237.856
2001-04-08 20:15:00,160.214,49.97,199.0,120.82,1258.88,380.96,98.609,197.368,80.76,147.067,274.747,89.923,149.68,179.954,179.126,184.282,39.882,236.906
2001-04-08 20:20:00,160.704,49.69,201.767,118.997,1256.66,380.713,97.7580833333334,193.756,82.148,146.807,271.183,90.405,145.5,181.958,178.224,183.156,40.916,236.96
2001-04-08 20:25:00,159.756,50.27,199.4,120.97,1250.0,382.013,97.98467791666671,193.786,80.56,146.213,270.914,91.151,147.0,180.952,182.422,182.67,40.37,236.522
2001-04-08 20:30:00,161.738,50.057,201.4,121.657,1241.86,376.73,98.22,191.28,81.582,147.503,272.047,91.507,149.38,179.574,182.9,185.142,40.616,235.62
2001-04-08 20:35:00,160.97,50.19,201.467,121.34,1246.28,383.083,98.32002500000013,196.36,83.774,146.74,271.183,90.802,148.76,180.77,180.64,178.778,39.776,237.106
2001-04-08 20:40:00,159.236,48.557,202.7,121.143,1246.44,382.3,98.12902333333332,195.858,82.964,146.413,270.35,91.463,148.38,179.794,182.256,183.418,40.69,239.72
2001-04-08 20:45:00,160.758,50.73,201.467,120.957,1253.58,379.813,98.742,196.48,81.838,146.737,272.317,90.896,148.02,181.042,179.948,183.156,40.442,234.116
2001-04-08 20:50:00,159.474,48.963,198.9,120.0,1245.34,377.97,97.50046291666666,194.078,83.286,146.737,269.147,90.531,147.3,182.476,183.39,182.4,40.344,239.176
2001-04-08 20:55:00,159.636,49.377,201.5,119.6,1249.4,378.783,97.88362770833335,194.422,82.912,146.483,272.08,91.074,150.16,179.46,180.452,180.636,41.23,240.036
2001-04-08 21:00:00,160.394,50.37,200.067,119.35,1240.76,381.153,96.46,192.808,83.58,146.357,269.148,92.418,147.8,182.188,181.862,182.082,41.372,240.316
2001-04-08 21:05:00,161.222,49.58,201.1,118.697,1244.64,378.593,97.66656625000009,193.982,82.614,148.23,270.648,91.423,146.62,179.172,180.012,183.13,40.588,239.976
2001-04-08 21:10:00,160.236,50.963,201.3,120.053,1246.98,380.593,97.4541879166668,192.932,83.276,144.967,268.28,90.522,147.58,182.452,182.806,184.12,41.3,239.878
2001-04-08 21:15:00,161.93,50.207,202.033,119.037,1248.58,379.55,97.279,195.444,82.426,144.92,271.313,89.427,147.84,179.998,182.346,184.366,42.184,241.262
2001-04-08 21:20:00,159.712,48.347,202.133,121.023,1250.0,378.597,97.90141666666676,195.812,82.858,146.367,269.844,90.18,147.2,180.838,180.952,180.392,41.226,240.856
2001-04-08 21:25:00,161.434,49.187,200.667,119.503,1244.5,378.734,97.58384000000005,192.86,83.866,145.1,267.676,91.422,148.3,182.896,179.322,184.33,40.998,240.944
2001-04-08 21:30:00,160.762,49.423,199.767,121.17,1243.9,380.877,98.077,195.886,83.576,145.43,270.945,91.761,148.54,181.312,178.368,181.794,40.724,239.156
2001-04-08 21:35:00,161.536,48.787,202.567,120.203,1250.64,380.45,98.09622458333342,195.582,81.512,145.903,269.143,91.447,149.9,181.792,178.222,181.81,40.962,241.194
2001-04-08 21:40:00,161.232,50.62,203.033,120.81,1258.08,378.38,98.05459583333348,197.366,82.498,146.297,271.276,90.821,149.16,181.59,180.06,182.466,41.784,239.212
2001-04-08 21:45:00,159.762,48.797,202.6,120.5,1248.04,381.253,97.326,194.286,82.226,146.32,272.313,92.631,147.94,182.416,183.074,179.924,41.15,238.37
2001-04-08 21:50:00,161.248,49.123,203.7,121.253,1253.04,381.927,98.06591083333329,195.322,83.132,147.583,269.574,91.517,148.52,178.32,180.106,184.16,41.342,237.602
2001-04-08 21:55:00,160.606,49.247,202.933,121.07,1253.56,379.643,98.04801625000009,195.554,82.328,146.307,270.38,90.526,148.16,180.182,177.77,183.668,41.18,241.744
2001-04-08 22:00:00,161.354,49.23,200.567,119.68,1250.16,382.39,98.172,196.072,81.814,148.903,269.44,91.771,150.24,181.356,183.21,182.332,40.488,240.892
2001-04-08 22:05:00,160.544,50.35,198.733,120.143,1246.62,380.407,98.24602000000004,196.314,82.604,147.76,272.045,91.339,150.78,180.562,181.31,181.41,41.25,239.296
2001-04-08 22:10:00,159.126,49.897,200.1,120.19,1250.16,379.467,98.03713041666673,194.784,81.98,147.257,268.906,92.423,149.12,181.34,181.036,182.638,40.504,242.01
2001-04-08 22:15:00,160.382,49.813,204.3,120.493,1248.82,383.673,98.535,195.416,83.61,147.743,273.379,91.112,150.12,180.306,182.826,181.074,40.234,241.872
2001-04-08 22:20:00,159.558,48.747,199.9,118.987,1251.14,382.41,98.32674750000005,198.948,82.16,144.387,270.272,92.588,149.68,182.0,181.714,180.398,41.526,239.902
2001-04-08 22:25:00,160.438,49.013,201.6,119.473,1246.3,379.86,97.84827541666671,194.878,83.762,146.49,272.11,92.288,150.0,180.888,181.676,179.936,41.398,240.082
2001-04-08 22:30:00,162.39,49.513,201.667,119.773,1246.18,384.84,98.037,195.9,83.612,146.107,272.274,91.881,149.12,182.042,184.57,180.212,41.186,244.002
2001-04-08 22:35:00,160.598,49.673,202.367,120.87,1247.38,382.43,98.03039791666663,196.964,83.646,145.973,271.141,92.665,147.16,181.732,179.15,179.64,40.72,240.28
2001-04-08 22:40:00,160.186,49.727,201.667,120.98,1254.4,379.88,98.01690250000013,195.18,82.238,146.85,273.111,91.627,148.64,181.928,178.938,180.972,41.172,243.114
2001-04-08 22:45:00,160.246,49.17,202.3,120.733,1258.54,384.217,97.641,196.636,83.194,149.23,266.886,91.343,148.86,182.188,178.026,180.698,41.362,240.126
2001-04-08 22:50:00,162.138,49.103,201.833,121.633,1254.6,381.877,98.44777499999996,195.542,82.28,150.037,270.634,92.512,149.62,180.478,184.532,181.374,41.166,241.806
2001-04-08 22:55:00,159.558,50.36,200.967,119.86,1252.86,379.337,97.89889958333337,196.33,82.858,148.847,271.638,90.004,148.66,181.032,183.048,181.548,41.722,240.958
2001-04-08 23:00:00,159.462,49.96,202.367,118.673,1256.44,383.803,98.258,196.686,82.414,145.547,269.558,92.462,149.68,179.88,186.464,181.412,41.274,239.212
2001-04-08 23:05:00,159.398,48.2,202.733,119.337,1248.32,382.443,98.03994749999997,195.932,82.97,148.137,271.702,92.815,149.94,180.228,182.22,180.552,41.934,241.222
2001-04-08 23:10:00,160.088,49.94,200.1,118.38,1250.66,382.347,98.1528583333333,196.138,82.746,147.423,271.266,91.757,149.86,182.088,178.786,182.006,41.688,237.142
2001-04-08 23:15:00,159.43,49.453,202.3,119.76,1249.86,381.717,98.448,197.314,81.798,148.49,268.42,91.062,149.92,182.332,182.294,181.392,40.844,238.862
2001-04-08 23:20:00,160.482,50.013,200.1,120.793,1247.38,385.877,98.21490666666666,196.85,81.882,149.273,272.738,89.28,147.86,182.176,181.106,180.448,40.926,242.112
2001-04-08 23:25:00,161.626,49.213,199.867,119.957,1252.04,380.56,98.15314583333331,196.962,82.122,149.44,272.434,91.036,148.42,181.156,182.334,183.528,41.13,238.118
2001-04-08 23:30:00,160.202,48.703,204.133,120.467,1258.26,384.75,99.177,195.496,82.242,149.837,270.82,92.398,147.94,180.36,178.364,183.114,41.038,241.7
2001-04-08 23:35:00,160.222,49.447,202.433,119.223,1253.02,378.847,98.08071624999994,195.582,82.992,147.957,269.877,91.55,150.12,180.336,177.63,181.516,40.866,239.28
2001-04-08 23:40:00,160.26,50.58,203.967,120.333,1242.56,382.773,97.89444333333327,194.078,83.994,148.276,268.803,92.598,148.98,181.614,182.424,183.094,41.138,241.142
2001-04-08 23:45:00,161.203,50.153,202.3,121.45,1242.52,378.763,98.149,196.126,83.08,148.553,271.993,93.19,149.04,180.882,183.254,184.68,40.726,240.446
2001-04-08 23:50:00,160.5295029166665,49.32,200.767,121.14,1247.22,381.737,97.80703499999993,194.146,83.538,146.497,269.341,92.157,147.6,180.452,181.446,184.55,41.048,241.132
2001-04-08 23:55:00,160.65480791666678,50.547,203.267,119.73,1253.04,380.984,97.84042416666664,194.568,84.102,148.273,268.018,93.672,148.5,180.36,183.258,183.382,41.582,243.102
2001-04-09 00:00:00,160.44309708333324,50.053,202.267,118.21,1244.76,382.44,97.892,197.248,83.64,148.31,270.467,92.208,147.72,179.59,180.532,183.994,40.56,238.294
2001-04-09 00:05:00,160.42111416666657,51.03,200.467,119.117,1253.52,383.32,97.97971395833326,194.18,83.8,148.12,270.166,92.872,149.56,181.386,180.014,181.528,40.764,239.85
2001-04-09 00:10:00,160.82453875000002,48.57,202.733,119.837,1248.52,379.23,98.05725291666671,195.368,84.696,149.737,273.094,90.985,146.3,180.648,178.192,185.202,41.954,239.672
2001-04-09 00:15:00,160.95999083333362,50.03,202.133,118.253,1251.3,377.987,98.185,196.84,84.18,147.897,274.674,89.897,146.96,181.08,186.848,184.652,41.922,239.986
2001-04-09 00:20:00,160.50796999999997,48.78,202.667,119.51,1249.96,379.98,97.85714812499997,193.704,83.754,145.303,270.872,91.409,150.02,180.828,181.758,183.566,41.698,240.212
2001-04-09 00:25:00,160.56607333333326,50.207,202.3,119.583,1253.72,380.26,98.02357395833327,196.016,84.812,148.98,269.655,93.008,149.68,179.14,181.654,183.838,41.128,242.364
2001-04-09 00:30:00,160.1835250000002,50.32,204.7,118.48,1242.84,378.083,97.974,193.56,84.132,146.557,273.628,92.021,148.98,184.442,184.796,184.57,41.646,240.96
2001-04-09 00:35:00,161.01507333333356,50.477,202.167,117.807,1256.22,380.313,97.8798625,195.106,84.37,146.407,271.74,91.232,147.66,181.332,184.312,185.152,40.806,241.096
2001-04-09 00:40:00,160.49425041666663,49.6,202.1,119.107,1252.48,377.537,97.89052458333336,195.2,83.526,146.81,270.258,90.77,150.06,181.622,181.194,184.722,41.366,242.324
2001-04-09 00:45:00,160.69409875000002,50.01,204.0,120.017,1256.42,382.463,97.928,196.988,83.158,147.277,271.736,91.553,146.62,180.976,182.718,184.652,41.048,240.386
2001-04-09 00:50:00,161.00100625000024,49.68,204.167,118.26,1254.94,378.727,97.96438895833333,196.962,83.734,147.423,272.38,91.665,147.7,181.988,184.95,182.154,41.172,241.468
2001-04-09 00:55:00,160.65974249999996,50.747,205.567,119.607,1255.06,377.753,97.79381083333335,193.662,85.242,147.053,271.567,90.634,148.9,180.884,181.626,184.268,41.534,240.65
2001-04-09 01:00:00,160.80102416666676,49.583,201.7,118.837,1252.04,379.127,98.165,195.848,83.286,143.633,272.343,94.107,149.38,182.488,184.004,185.284,41.792,240.504
2001-04-09 01:05:00,160.57623124999998,49.09,202.533,118.993,1244.26,380.997,98.07828312499993,196.864,85.548,148.36,271.968,92.154,149.92,181.622,181.928,182.086,40.74,241.27
2001-04-09 01:10:00,160.7307000000002,50.33,206.567,118.073,1247.52,382.61,97.80365645833328,192.808,85.146,146.237,274.332,92.232,148.44,182.286,184.19,182.096,40.966,242.588
2001-04-09 01:15:00,160.82220291666678,50.21,202.667,119.157,1247.92,382.353,97.926,196.636,84.466,145.857,270.685,92.04,147.44,181.354,183.716,184.388,41.644,242.578
2001-04-09 01:20:00,160.86304041666685,50.107,202.033,120.193,1256.4,382.027,97.86526312500006,193.4,83.496,146.25,274.905,91.629,148.26,182.072,182.766,185.218,41.504,241.062
2001-04-09 01:25:00,160.6036404166669,49.057,205.4,120.3,1247.34,380.293,98.04718333333344,196.872,83.22,146.647,272.408,93.384,149.42,183.922,180.066,182.24,41.358,241.998
2001-04-09 01:30:00,161.01476916666687,49.423,202.733,119.383,1253.7,379.127,98.156,195.252,84.446,147.343,275.848,92.293,146.12,182.266,183.474,184.906,41.26,240.76
2001-04-09 01:35:00,160.64920416666683,49.39,203.967,118.95,1253.98,378.95,97.8515375000001,196.158,83.838,147.5,272.027,91.841,149.38,183.288,179.98,187.098,41.922,241.32
2001-04-09 01:40:00,160.69651791666692,49.56,203.367,117.073,1250.96,378.453,97.95638499999995,194.96,84.37,147.513,274.053,91.872,150.32,183.042,185.386,187.122,41.426,242.306
2001-04-09 01:45:00,160.98194833333358,49.427,203.367,119.86,1255.42,374.58,97.139,197.268,83.376,146.39,275.408,90.718,149.52,181.0,187.036,183.806,41.948,242.202
2001-04-09 01:50:00,160.95260166666688,50.957,205.2,120.4,1249.48,381.49,98.07486125000005,193.89,84.026,146.677,276.827,93.103,149.0,182.708,183.758,184.692,41.308,242.8
2001-04-09 01:55:00,161.19925250000023,50.293,202.8,119.823,1258.16,377.923,97.82112062500003,194.336,84.916,144.88,275.406,92.007,148.72,181.87,183.864,186.572,41.608,242.636
2001-04-09 02:00:00,161.09564291666697,50.05,202.1,118.9,1257.66,379.893,97.74,196.132,84.488,147.573,273.816,92.328,147.46,183.042,185.868,186.546,41.622,239.846
2001-04-09 02:05:00,161.13019708333348,49.16,206.033,117.893,1260.0,379.793,97.92160999999994,193.934,84.8,147.726,277.368,91.768,150.12,182.476,186.932,188.034,41.828,244.27
2001-04-09 02:10:00,160.80738958333356,50.37,204.8,119.06,1252.92,380.89,97.95738791666673,195.888,83.19,149.46,273.441,91.525,149.48,183.168,187.266,184.094,41.564,240.348
2001-04-09 02:15:00,160.97303250000024,50.047,204.5,120.16,1249.32,381.073,98.351,192.958,84.122,146.147,275.272,92.672,149.84,181.9,184.816,185.56,41.886,242.072
2001-04-09 02:20:00,160.9757754166669,49.16,205.3,117.753,1252.84,382.06,98.05437124999997,194.818,86.498,148.543,274.524,93.536,148.06,183.816,184.968,185.526,41.38,241.372
2001-04-09 02:25:00,160.48487000000014,49.033,203.967,119.26,1255.5,379.8,97.80880041666673,195.37,86.224,146.94,272.428,91.848,149.1,184.206,182.814,187.672,41.752,242.754
2001-04-09 02:30:00,161.12228083333358,50.333,204.833,118.86,1265.48,379.783,97.945,193.928,86.472,149.647,274.12,92.158,149.78,182.564,186.238,185.21,41.004,243.888
2001-04-09 02:35:00,160.9224216666669,49.207,204.533,119.207,1251.18,379.693,97.9402308333334,194.948,85.486,146.467,274.425,92.989,148.54,183.098,189.053,184.038,42.44,244.576
2001-04-09 02:40:00,161.10762791666676,50.333,204.9,119.02,1262.16,383.12,98.03299958333331,194.754,85.074,148.04,273.411,93.104,149.66,184.508,184.67115499999997,185.936,41.42,242.362
2001-04-09 02:45:00,161.46013250000007,50.027,202.667,119.687,1262.32,382.307,97.873,196.48,85.748,147.47,275.707,93.202,150.74,183.262,185.794,187.222,42.116,243.542
2001-04-09 02:50:00,160.73649791666688,49.577,205.233,117.65,1256.72,375.733,97.792980625,193.754,85.668,147.34,275.269,92.256,148.02,183.702,184.428,185.88,42.098,245.91
2001-04-09 02:55:00,160.93843250000012,50.603,204.033,119.237,1264.44,379.024,97.76476416666667,195.266,87.48,146.707,275.845,90.333,150.36,185.226,186.206,187.216,41.882,246.882
2001-04-09 03:00:00,160.95882541666688,50.963,205.4,119.2,1258.66,378.937,97.551,194.31,84.198,144.487,274.862,92.071,150.36,182.44,187.368,187.854,41.778,244.248
2001-04-09 03:05:00,161.25308208333345,50.35,206.067,119.803,1261.44,380.09,97.88473333333344,195.836,84.22,144.94,275.605,92.928,149.48,183.752,186.84,187.026,42.484,245.63
2001-04-09 03:10:00,160.85239541666687,49.28,205.667,118.907,1260.74,381.64,97.93275791666667,196.848,86.054,148.293,273.637,91.157,149.54,184.59,184.754,186.35,42.93,246.604
2001-04-09 03:15:00,161.1636204166668,50.183,203.667,119.977,1265.48,378.947,97.396,195.562,85.74,148.317,275.94,91.828,148.94,185.636,185.48,188.64,42.636,245.868
2001-04-09 03:20:00,161.4903975000001,49.617,203.733,119.857,1265.92,382.96,98.06765854166665,194.61,85.53,147.333,277.16,93.249,150.14,183.292,187.218,187.084,42.38,246.52
2001-04-09 03:25:00,161.05167416666683,49.68,206.167,122.703,1266.32,378.103,98.21862791666672,196.148,85.462,149.053,273.433,91.168,149.26,184.05,186.926,187.114,42.248,246.054
2001-04-09 03:30:00,161.15632041666674,49.8,210.3,120.65,1260.82,376.614,98.31,194.614,84.61,147.193,277.4,92.889,148.82,184.734,187.454,188.31,42.658,246.78
2001-04-09 03:35:00,161.35370708333346,49.653,204.833,119.413,1269.38,379.77,97.91335500000008,197.68,86.636,148.103,276.247,91.737,148.44,186.054,185.216,188.174,42.844,245.766
2001-04-09 03:40:00,161.71693125000004,49.6,205.233,120.397,1272.48,380.6,98.24159374999998,194.948,86.738,145.867,276.721,92.982,150.66,185.846,186.602,190.092,42.772,246.054
2001-04-09 03:45:00,161.98632625,49.087,205.6,120.76,1275.38,379.797,98.294,197.584,86.302,146.453,280.826,91.932,148.94,186.792,186.612,185.66,42.832,244.682
2001-04-09 03:50:00,161.39476791666678,49.75,205.133,121.463,1266.12,380.65,98.10997083333332,195.748,86.398,149.397,278.79,90.319,149.24,187.648,186.388,189.354,42.64,246.088
2001-04-09 03:55:00,161.6432670833333,50.177,207.933,120.15,1274.66,380.817,98.1480383333333,196.786,84.688,147.677,278.689,92.386,150.1,185.508,181.388,188.722,43.184,246.938
2001-04-09 04:00:00,162.17437541666663,49.963,206.967,120.933,1276.64,385.067,98.005,196.84,86.484,148.304,280.724,92.434,149.72,186.378,185.51,188.306,42.428,245.682
2001-04-09 04:05:00,162.11735874999994,50.353,205.4,122.237,1267.7,384.463,98.73509708333339,195.872,83.84,146.067,279.739,92.814,151.06,187.736,190.348,188.462,41.562,246.698
2001-04-09 04:10:00,162.05823166666667,50.443,204.5,120.4,1274.08,380.903,98.25704083333333,199.0,86.026,146.157,279.638,91.28,149.9,189.938,186.896,187.218,42.872,247.382
2001-04-09 04:15:00,162.40765625000006,50.55,203.967,119.96,1281.84,383.496,97.984,197.174,84.116,146.303,279.4,91.748,149.72,189.254,188.056,189.476,42.296,247.932
2001-04-09 04:20:00,162.39005583333326,50.74,205.233,121.2,1278.28,383.323,98.54033541666668,199.74,85.508,147.307,279.808,91.77,150.42,189.882,184.288,190.246,42.246,246.954
2001-04-09 04:25:00,161.9515600000001,51.16,206.533,119.753,1276.32,381.527,97.99206,196.554,85.278,147.917,279.095,91.791,148.96,189.816,183.238,189.178,42.708,246.44
2001-04-09 04:30:00,162.65332416666658,49.81,204.167,120.723,1284.24,384.843,97.527,198.034,86.188,146.88,280.824,91.23,149.54,189.08,184.698,190.444,41.906,246.602
2001-04-09 04:35:00,162.8433691666666,51.123,205.5,121.81,1282.94,380.263,98.49570458333334,199.55,84.818,148.363,279.13,93.538,149.54,188.694,188.016,188.676,42.63,248.564
2001-04-09 04:40:00,162.66529708333317,50.357,202.333,120.71,1279.1,384.206,98.60401499999993,199.474,85.094,146.163,280.551,92.245,150.48,189.36,188.664,189.81,43.058,247.448
2001-04-09 04:45:00,162.27652708333326,50.12,206.833,119.847,1281.84,384.44,98.55,196.696,85.704,147.184,279.027,91.739,150.48,187.31,185.734,189.984,42.946,247.208
2001-04-09 04:50:00,162.42130458333338,50.973,204.333,120.36,1278.8,386.907,98.21427333333344,196.442,85.198,147.067,281.977,92.315,149.56,189.112,184.24,190.672,41.898,246.33
2001-04-09 04:55:00,162.57078666666663,50.843,205.0,121.653,1279.82,382.36,98.57121291666674,199.24,84.098,149.99,282.148,90.901,149.62,187.774,186.85,191.982,42.304,246.654
2001-04-09 05:00:00,162.93282333333318,51.14,203.3,120.943,1284.84,383.18,99.382,197.382,85.064,147.213,281.501,92.389,151.4,188.354,185.734,190.044,42.114,246.09
2001-04-09 05:05:00,162.5640258333332,50.573,205.367,120.927,1290.46,383.893,98.58121124999997,196.944,86.458,146.333,280.045,90.919,150.44,189.26,184.112,191.376,42.346,244.642
2001-04-09 05:10:00,162.8448349999999,51.1,203.4,121.777,1286.84,383.327,99.12054749999992,197.25,84.5,151.69,281.703,92.192,150.92,187.22,186.008,191.66,42.236,244.858
2001-04-09 05:15:00,163.19303249999996,49.693,204.5,121.983,1288.7,383.59,99.153,197.932,84.172,146.627,282.517,91.392,150.42,189.092,187.64,189.904,41.828,245.78
2001-04-09 05:20:00,163.36084749999992,50.55,203.667,121.343,1292.84,388.003,99.1128820833333,197.52,84.348,150.863,281.093,92.758,150.14,188.75,190.322,192.856,41.652,245.118
2001-04-09 05:25:00,163.21592749999988,50.053,205.2,120.433,1287.28,386.003,98.79235874999995,198.756,85.284,149.347,282.787,92.944,150.94,189.544,184.694,191.228,43.096,244.808
2001-04-09 05:30:00,163.3757495833333,52.327,204.6,122.27,1287.1,387.483,98.002,199.744,84.53,148.583,283.059,94.045,150.96,188.028,184.966,189.818,42.598,245.674
2001-04-09 05:35:00,162.51822874999993,51.553,204.133,122.347,1276.2,388.29,98.49761833333338,198.9,86.042,146.48,282.076,92.344,149.18,187.5,187.386,191.122,42.3,245.386
2001-04-09 05:40:00,163.22396291666652,50.56,204.1,122.3,1280.6,386.486,99.58778020833341,200.272,84.564,150.37,282.242,92.646,151.74,188.59,185.68,190.964,41.38,244.386
2001-04-09 05:45:00,163.18649749999983,51.507,203.7,120.14,1289.3,384.533,98.671,198.822,85.732,150.837,282.443,93.302,150.36,187.246,188.288,193.414,42.844,244.898
2001-04-09 05:50:00,163.58889124999993,50.217,206.7,122.827,1298.8,385.89,99.05233166666659,198.72,85.346,148.583,283.564,91.466,149.8,188.818,185.88,190.106,42.372,245.092
2001-04-09 05:55:00,163.13119166666655,51.313,204.667,120.403,1294.8,386.053,99.36126249999998,199.866,84.238,149.0,280.683,92.448,151.44,187.684,186.042,191.518,41.824,244.24
2001-04-09 06:00:00,163.73579083333323,49.827,202.367,119.337,1292.16,386.007,98.86,200.512,85.636,148.527,283.724,94.114,150.94,189.916,187.432,190.012,42.624,245.984
2001-04-09 06:05:00,163.9900420833331,50.337,204.167,121.61,1288.12,388.953,99.802374375,195.77,86.644,151.167,283.258,92.423,152.66,189.422,188.544,190.806,41.68,243.692
2001-04-09 06:10:00,163.9064733333331,49.67,204.567,121.033,1299.32,386.314,99.64709666666667,198.436,85.394,147.637,282.984,93.034,152.46,189.806,190.018,190.46,42.328,244.302
2001-04-09 06:15:00,163.39478333333315,50.733,201.6,121.12,1287.96,384.93,98.877,199.216,84.892,146.823,284.979,93.529,151.46,189.054,182.932,191.358,41.998,247.092
2001-04-09 06:20:00,163.52446666666654,51.427,203.133,122.437,1288.06,383.234,99.53871625000002,200.25,85.15,147.833,283.656,93.2,152.3,187.696,186.958,188.176,41.924,244.038
2001-04-09 06:25:00,163.74276833333323,49.977,205.267,122.893,1299.82,385.233,99.46902083333323,199.922,85.222,151.01,282.811,92.687,150.06,189.38,186.854,187.828,41.452,243.362
2001-04-09 06:30:00,163.30938833333326,51.183,202.3,121.503,1289.82,384.073,99.234,198.946,84.376,149.597,286.665,92.531,150.26,187.888,188.738,189.284,41.364,244.388
2001-04-09 06:35:00,163.2172349999999,51.67,202.567,120.9,1303.02,384.547,99.17489124999996,199.356,85.428,148.74,281.966,92.336,150.78,189.32,183.012,190.018,41.082,246.134
2001-04-09 06:40:00,163.64382708333326,49.637,200.933,120.433,1298.04,387.733,99.15308249999997,197.494,86.372,148.473,282.814,92.061,150.94,190.726,188.134,192.836,41.764,243.152
2001-04-09 06:45:00,163.42181458333312,50.523,204.567,123.58,1299.02,383.987,99.298,197.186,84.826,150.94,286.118,92.495,150.72,186.9,185.06,192.332,42.114,245.684
2001-04-09 06:50:00,164.15892499999998,50.27,201.9,120.417,1301.06,388.203,100.51697333333334,201.602,84.66,151.097,282.44,94.036,153.86,188.216,187.428,189.372,42.196,244.666
2001-04-09 06:55:00,163.7569608333332,50.76,204.367,121.327,1303.32,384.893,99.41870124999996,198.598,84.77,150.75,283.922,93.459,150.34,187.834,188.874,190.596,42.25,246.362
2001-04-09 07:00:00,163.23088916666663,50.997,204.333,121.72,1302.42,383.68,99.741,197.134,84.886,150.27,281.726,93.882,153.78,186.006,184.614,188.206,41.584,245.942
2001-04-09 07:05:00,163.75862249999992,49.987,205.1,122.85,1298.88,386.787,99.43734124999996,197.708,83.974,150.137,283.825,93.837,150.64,188.0,184.272,191.528,41.69,244.876
2001-04-09 07:10:00,163.42333833333316,51.24,204.733,120.967,1302.22,387.48,100.07133875,200.29,84.814,149.963,279.393,93.953,152.74,187.614,183.738,190.126,41.792,241.852
2001-04-09 07:15:00,164.08671499999988,50.377,202.967,121.847,1295.88,389.993,99.839,200.948,85.174,149.53,283.817,92.416,151.98,188.38,183.894,190.178,42.13,243.348
2001-04-09 07:20:00,164.21450583333325,49.547,204.433,124.037,1298.2,387.71,100.07674375,199.112,83.944,148.983,283.142,92.801,152.8,189.006,187.26,190.868,41.296,243.518
2001-04-09 07:25:00,163.3131829166665,50.827,203.4,120.573,1309.98,383.92,99.33080875000007,198.782,85.188,152.383,284.182,93.478,150.22,187.442,181.98,189.984,41.542,243.146
2001-04-09 07:30:00,164.47437999999983,50.183,204.167,123.337,1303.4,390.04,99.789,200.36,82.892,151.137,284.418,93.396,154.54,187.84,183.318,189.676,41.408,240.418
2001-04-09 07:35:00,163.84847583333317,50.267,205.5,122.79,1305.22,386.173,100.09616208333333,198.708,84.018,150.203,284.447,94.66,152.68,188.744,180.56,188.908,41.522,244.492
2001-04-09 07:40:00,163.69819041666648,50.217,203.267,121.467,1305.58,387.413,99.71006375000005,195.752,84.19,148.037,281.551,94.681,152.48,189.736,181.33,186.632,41.2,243.16
2001-04-09 07:45:00,163.30440708333333,51.103,203.0,121.953,1308.24,385.793,98.987,198.21,83.524,151.453,282.02,93.199,152.6,190.45,184.082,193.706,42.192,245.99
2001-04-09 07:50:00,163.96862624999972,49.32,204.767,122.743,1309.38,389.13,99.96809833333342,197.65,83.974,149.473,282.589,93.885,154.0,188.544,183.236,188.632,41.596,243.504
2001-04-09 07:55:00,163.1723199999998,50.323,204.767,121.94,1306.96,385.553,99.71326208333336,196.23,83.772,149.247,281.41,93.848,152.62,185.098,181.196,190.98,41.664,244.338
2001-04-09 08:00:00,164.01819083333322,51.437,206.533,120.613,1306.66,387.81,99.868,199.65,83.874,148.713,283.662,93.265,151.96,190.178,185.264,193.254,41.288,239.716
2001-04-09 08:05:00,163.90971624999986,50.907,204.233,122.86,1301.22,385.877,99.73523750000008,199.95,83.118,148.837,284.301,92.14,152.4,188.22,184.876,189.232,41.38,241.224
2001-04-09 08:10:00,163.47283958333313,50.687,200.567,120.893,1300.12,383.833,99.74005208333345,198.654,83.526,148.383,286.011,95.436,153.56,186.814,180.242,188.556,41.962,244.84
2001-04-09 08:15:00,163.03645833333312,51.22,204.8,122.29,1310.74,387.05,99.985,199.456,84.636,148.34,279.486,91.934,153.38,188.5,182.23,187.256,41.942,243.218
2001-04-09 08:20:00,163.33114166666658,51.197,205.2,121.74,1306.48,384.143,99.8458837499999,199.478,83.896,150.767,282.076,91.605,152.86,189.998,185.726,187.464,41.668,243.91
2001-04-09 08:25:00,163.8215049999998,49.833,207.5,120.73,1306.78,386.327,100.00483125,199.22,85.094,150.583,283.416,94.174,151.72,188.49,181.888,189.0,41.744,244.666
2001-04-09 08:30:00,163.55108583333325,50.637,205.9,120.123,1302.36,386.546,99.055,196.944,84.814,149.317,286.367,93.392,153.62,189.694,184.2,188.73,41.626,244.212
2001-04-09 08:35:00,163.45892666666646,50.96,202.833,122.797,1314.28,386.783,100.02115333333333,200.372,84.44,148.85,280.888,93.445,152.78,187.972,183.384,186.962,41.872,241.012
2001-04-09 08:40:00,163.85306416666663,51.187,202.867,123.227,1305.88,386.273,100.19977208333337,199.908,84.282,147.743,282.667,92.478,153.46,188.196,187.798,186.792,42.02,242.308
2001-04-09 08:45:00,163.44647499999977,50.79,205.3,122.21,1308.2,384.663,99.114,199.9,85.31,147.77,283.663,93.437,152.04,188.928,177.94,190.366,41.968,243.082
2001-04-09 08:50:00,163.86017124999995,51.363,202.967,122.183,1304.88,387.41,100.11356666666674,199.986,83.828,150.537,287.148,93.786,154.08,189.092,185.122,187.152,41.554,245.848
2001-04-09 08:55:00,163.63243374999982,50.613,204.5,120.773,1318.74,384.44,99.76855291666676,199.39,85.272,148.327,285.605,94.244,152.06,191.94,184.294,188.012,41.57,244.566
2001-04-09 09:00:00,163.80043249999994,50.287,204.233,122.807,1318.46,381.123,100.343,198.356,85.492,150.55,285.498,96.044,151.42,191.22,181.142,186.74,41.666,244.6
2001-04-09 09:05:00,163.78287083333325,51.267,206.433,122.41,1308.36,385.683,100.14818187500008,198.124,84.172,151.917,282.813,93.813,151.74,189.802,185.784,186.542,41.478,246.796
2001-04-09 09:10:00,163.8366629166666,50.36,204.5,120.07,1310.56,385.08,99.52180291666669,198.344,84.478,150.547,282.953,93.322,151.16,189.608,187.952,185.64,41.794,245.482
2001-04-09 09:15:00,163.77211958333325,50.68,205.633,122.923,1308.78,386.333,99.694,199.342,84.198,150.6,283.717,92.933,152.02,187.946,186.558,182.062,41.932,245.496
2001-04-09 09:20:00,163.35455208333323,50.737,201.467,122.07,1316.56,387.213,99.87321791666682,198.242,83.962,152.057,280.039,93.481,152.12,188.56,180.412,188.792,42.78,243.608
2001-04-09 09:25:00,163.67940124999978,50.703,205.3,120.877,1304.12,384.547,99.89017999999999,199.578,85.344,150.96,283.576,92.566,152.5,186.542,185.902,187.374,42.258,244.71
2001-04-09 09:30:00,164.35382250000006,51.317,204.533,123.54,1311.06,384.91,100.573,200.07,84.952,148.457,283.215,94.236,156.38,189.372,185.966,186.93,42.424,244.07
2001-04-09 09:35:00,163.14751166666653,51.59,205.133,122.637,1308.32,384.677,100.48714708333331,199.602,85.934,151.55,278.695,95.117,155.12,187.41,182.538,185.074,41.946,247.608
2001-04-09 09:40:00,164.18877250000006,50.017,202.1,123.433,1307.42,392.453,100.7077420833334,199.884,85.518,151.063,278.528,95.333,153.14,186.672,185.006,186.246,42.002,246.46
2001-04-09 09:45:00,163.5110974999999,52.157,203.567,121.31,1310.24,384.147,99.408,198.402,85.824,149.46,283.31,93.987,151.64,190.134,186.108,184.582,42.002,245.676
2001-04-09 09:50:00,163.88289416666663,50.8,204.667,122.953,1318.88,384.727,100.5063477083334,198.694,84.812,151.596,281.198,95.1,152.82,190.738,187.894,187.04,41.872,242.976
2001-04-09 09:55:00,162.90618999999987,51.27,205.4,124.217,1306.04,386.04,100.19480833333327,201.248,85.842,148.106,278.695,93.35,152.46,187.816,183.9,187.09,42.064,246.47
2001-04-09 10:00:00,162.7588774999999,51.253,204.033,121.823,1313.92,384.727,100.301,198.78,86.164,153.077,277.52,94.343,153.0,188.102,184.022,188.104,42.494,244.976
2001-04-09 10:05:00,162.65205874999984,51.523,205.1,121.983,1308.84,382.7,100.20838916666663,200.584,83.414,151.47,278.759,93.584,152.18,185.93,186.174,185.768,41.922,246.868
2001-04-09 10:10:00,163.75083708333338,50.89,204.033,123.293,1303.3,384.97,100.58830333333333,199.988,84.888,152.383,279.323,94.785,154.36,187.264,187.764,187.318,41.846,246.988
2001-04-09 10:15:00,163.10505124999966,49.83,203.7,122.727,1311.02,385.787,100.173,201.878,85.738,149.287,279.923,93.539,151.68,187.282,181.894,185.02,41.984,246.61
2001-04-09 10:20:00,163.96248416666668,50.357,207.1,121.363,1311.38,382.737,100.85568916666669,202.468,84.976,151.643,278.519,94.231,154.68,186.926,188.524,186.208,42.658,248.494
2001-04-09 10:25:00,163.65834750000008,50.687,208.7,122.413,1306.18,389.883,100.49963666666662,198.82,84.082,149.187,275.383,94.042,152.88,187.66,189.422,183.728,42.764,245.892
2001-04-09 10:30:00,162.86379625000004,51.097,204.1,120.873,1308.32,386.377,100.285,199.124,84.128,149.233,275.885,94.378,154.76,187.136,186.43,187.152,42.01,246.5
2001-04-09 10:35:00,163.08433583333323,51.39,205.433,121.59,1314.6,386.46,100.43012541666667,203.116,84.494,149.617,277.386,93.707,152.98,187.21,184.666,187.102,42.282,243.95
2001-04-09 10:40:00,162.56945166666665,50.89,203.767,123.263,1310.6,388.15,100.2902379166667,199.998,85.682,147.21,278.052,96.563,152.5,185.634,186.17,187.282,42.334,245.16
2001-04-09 10:45:00,162.6740370833332,48.957,204.767,124.157,1311.42,384.233,100.217,198.324,85.216,151.233,276.784,94.677,154.22,184.25,184.402,188.69,42.686,245.004
2001-04-09 10:50:00,163.3508050000001,51.163,205.833,121.827,1303.64,386.913,100.45181291666668,199.036,85.06,149.64,276.95,94.152,153.32,187.026,186.85,188.264,42.608,247.15
2001-04-09 10:55:00,163.1958904166666,51.87,204.8,124.913,1305.86,388.067,100.51298749999987,202.036,84.71,150.537,276.248,93.742,151.86,186.194,187.568,190.168,41.826,244.28
2001-04-09 11:00:00,161.28,50.493,206.533,122.15,1310.1,384.913,100.241,201.332,85.97,149.387,278.946,94.804,154.14,187.454,185.75,186.598,42.338,244.422
2001-04-09 11:05:00,161.71,51.213,206.1,122.777,1311.86,388.55,100.48030916666663,199.49,86.298,150.27,273.848,92.44,152.98,185.93,187.262,188.758,42.548,246.676
2001-04-09 11:10:00,163.644,51.413,204.133,124.237,1312.44,387.47,100.63189333333341,200.964,84.916,150.097,276.147,93.016,154.6,184.442,187.708,188.846,42.332,245.992
2001-04-09 11:15:00,162.414,52.053,205.4,121.85,1316.14,387.347,100.311,200.692,83.158,148.127,275.914,93.888,153.2,185.818,183.85,188.406,41.646,245.834
2001-04-09 11:20:00,163.612,51.37,206.133,124.197,1315.4,386.073,100.80575958333334,199.268,84.998,153.373,278.882,94.178,154.26,183.582,186.968,188.162,42.116,245.868
2001-04-09 11:25:00,163.732,51.86,204.367,124.547,1317.4,384.653,100.69662145833342,202.52,84.958,151.377,276.315,95.561,154.08,186.168,186.132,188.788,42.45,246.56
2001-04-09 11:30:00,163.11600041666657,51.53,206.4,123.133,1309.18,389.593,100.868,200.234,84.78,150.873,277.879,94.238,154.82,184.092,187.022,188.436,42.814,244.794
2001-04-09 11:35:00,163.998,51.097,205.967,123.917,1304.18,384.783,100.60873833333333,200.304,86.442,147.857,280.473,95.14,154.66,184.572,187.06,186.068,42.564,244.582
2001-04-09 11:40:00,162.4,52.053,204.467,121.417,1305.06,384.34,100.44690833333335,202.492,85.588,152.28,278.505,94.362,152.4,183.616,186.043,188.968,42.368,245.894
2001-04-09 11:45:00,162.105,50.877,204.833,121.97,1312.4,388.727,100.184,201.824,85.502,153.176,278.805,95.399,154.02,186.456,185.46423250000004,187.97,41.81,246.204
2001-04-09 11:50:00,163.694,51.6,206.0,123.64,1314.08,385.54,100.76184375000001,201.394,84.514,149.86,279.47,95.425,152.46,186.644,186.736,188.874,41.962,246.822
2001-04-09 11:55:00,161.742,50.897,206.567,124.437,1308.2,389.1,100.55026250000003,203.87,85.752,150.593,277.039,96.214,151.82,184.79,185.364,188.302,41.916,244.548
2001-04-09 12:00:00,162.306,50.69,205.8,123.123,1305.3,384.443,100.231,201.79,86.446,151.677,279.527,95.025,154.38,184.172,183.44,189.084,42.606,247.53
2001-04-09 12:05:00,162.144,51.153,205.567,122.237,1315.04,385.49,100.68010583333327,200.038,84.678,149.634,274.744,94.865,154.64,184.166,187.132,191.686,42.28,246.678
2001-04-09 12:10:00,163.198,52.163,205.367,123.143,1308.0,389.983,100.80391958333341,200.64,84.736,150.06,277.862,94.749,153.14,185.564,185.354,189.87,42.328,249.596
2001-04-09 12:15:00,163.156,50.893,205.467,124.11,1314.12,385.48,100.624,201.02,84.776,150.693,279.095,94.462,154.1,187.54,182.444,186.452,42.39,246.372
2001-04-09 12:20:00,162.06,51.537,207.4,122.87,1306.56,388.42,100.80522041666669,201.878,86.174,150.65,277.365,94.463,154.2,185.994,187.188,189.398,42.224,244.624
2001-04-09 12:25:00,164.348,50.703,206.167,122.25,1299.3,387.953,100.56555520833341,202.126,84.796,150.623,277.858,94.352,153.94,185.394,185.824,191.422,42.52,246.276
2001-04-09 12:30:00,163.392,51.39,205.9,124.373,1309.54,386.133,101.352,201.04,84.426,151.357,280.12,94.02,153.52,187.762,189.188,187.896,43.576,242.754
2001-04-09 12:35:00,161.856,49.81,208.2,123.497,1311.0,390.403,100.79074041666668,200.432,85.122,150.393,278.393,95.693,153.76,185.086,186.734,187.548,42.704,244.614
2001-04-09 12:40:00,164.568,51.117,205.033,122.053,1313.74,388.477,100.51264791666667,199.39,85.732,148.72,280.115,93.701,155.46,187.654,185.846,191.814,42.03,246.95
2001-04-09 12:45:00,165.204,51.55,205.833,123.607,1306.44,387.85,101.006,199.728,84.708,150.46,281.806,93.739,154.66,185.75,187.808,188.892,42.058,245.364
2001-04-09 12:50:00,161.53,51.53,208.133,123.71,1308.94,386.613,100.89906375000008,199.566,84.3,153.77,281.441,95.068,154.36,186.616,186.964,188.75,42.65,248.452
2001-04-09 12:55:00,165.132,51.9,206.8,123.193,1306.26,388.68,100.98807937500007,203.24,85.166,152.693,278.85,94.744,154.12,187.074,186.08,190.138,42.164,248.324
2001-04-09 13:00:00,163.454,50.06,206.067,122.59,1314.24,386.16,100.854,200.396,85.324,150.357,280.413,95.372,153.24,185.838,185.482,190.582,42.198,249.55
2001-04-09 13:05:00,163.238,52.297,205.333,122.447,1315.32,391.227,100.91258750000004,201.532,84.378,151.42,278.485,95.404,153.94,189.114,188.644,187.82,42.782,245.47
2001-04-09 13:10:00,162.582,51.937,205.233,121.58,1309.78,388.073,100.35003666666672,200.87,85.222,149.333,279.248,93.92,153.76,186.148,184.498,187.108,41.776,247.45
2001-04-09 13:15:00,162.426,51.43,204.2,122.997,1316.0,388.36,100.369,204.04,85.172,152.383,280.866,95.404,153.38,186.13,187.792,188.942,42.804,246.37
2001-04-09 13:20:00,164.362,51.213,204.767,124.05,1315.62,388.053,100.79833750000007,200.892,84.94,149.907,282.753,93.441,154.84,186.28,187.37,189.344,42.254,246.75
2001-04-09 13:25:00,164.864,50.98,206.733,125.477,1308.86,387.03,101.12221520833339,200.898,85.876,153.34,281.097,94.75,155.64,186.206,188.638,188.586,42.122,249.522
2001-04-09 13:30:00,163.376,51.47,206.433,122.467,1311.2,385.213,100.963,200.258,85.636,151.727,282.679,93.863,154.92,188.994,186.39,190.434,42.358,245.004
2001-04-09 13:35:00,164.664,51.597,205.867,123.907,1306.32,387.91,100.99533854166668,203.088,86.442,149.38,279.535,95.264,153.52,188.206,190.8,188.528,42.1,246.41
2001-04-09 13:40:00,163.688,51.367,207.767,124.063,1307.84,389.573,100.99700458333342,201.336,86.016,149.807,281.555,94.088,154.32,185.528,186.794,191.712,42.422,246.59
2001-04-09 13:45:00,164.172,50.917,207.1,121.61,1309.7,387.04,101.309,196.994,85.824,151.147,279.7,96.641,152.36,184.78,187.312,188.648,42.11,247.528
2001-04-09 13:50:00,163.138,51.697,204.033,123.493,1307.94,387.06,100.91992500000006,201.424,85.346,151.763,283.275,94.101,154.1,187.328,187.944,189.102,41.998,249.004
2001-04-09 13:55:00,164.702,52.14,204.5,122.66,1316.56,389.413,100.89656104166663,199.326,85.518,151.25,280.474,94.718,152.78,187.922,190.894,188.234,42.198,247.914
2001-04-09 14:00:00,162.478,51.457,204.933,123.333,1307.56,390.923,100.79,202.162,84.876,151.36,280.799,93.856,154.54,185.498,188.334,192.402,41.96,246.644
2001-04-09 14:05:00,165.35,51.373,205.867,122.657,1307.78,385.337,100.74956708333337,199.312,85.064,151.867,283.109,94.335,152.86,186.92,186.112,192.678,42.372,246.706
2001-04-09 14:10:00,164.914,51.943,207.167,123.523,1303.92,388.127,100.84118041666675,202.916,85.232,151.913,282.513,93.417,155.18,186.15,185.478,188.454,42.59,248.092
2001-04-09 14:15:00,165.802,51.757,209.067,122.703,1310.8,387.073,100.892,203.168,86.276,152.883,281.182,94.528,154.66,186.442,186.362,189.264,42.326,249.238
2001-04-09 14:20:00,164.864,52.27,206.167,122.13,1310.68,387.04,100.72440062500009,202.224,86.15,151.66,279.496,95.736,152.84,188.684,184.362,189.86,42.634,246.312
2001-04-09 14:25:00,163.43,52.333,205.767,124.57,1308.52,386.147,100.71976166666678,201.776,86.132,154.143,278.036,94.121,153.46,186.908,183.946,188.208,42.266,248.524
2001-04-09 14:30:00,166.792,51.087,204.7,125.0,1304.46,388.857,100.88,200.852,85.464,153.763,279.458,93.82,152.66,186.854,190.024,188.192,42.572,248.282
2001-04-09 14:35:00,164.42,50.983,205.7,123.27,1307.26,387.153,100.78008125000001,203.51,85.202,152.033,280.482,94.599,152.0,188.092,188.496,189.766,42.784,245.464
2001-04-09 14:40:00,164.452,51.447,205.4,124.04,1307.9,388.183,100.94004416666671,204.174,85.688,153.91,281.764,93.179,153.1,187.34,188.696,189.92,42.044,249.218
2001-04-09 14:45:00,164.994,51.093,205.333,124.327,1308.76,387.273,100.544,201.332,85.238,152.807,280.218,93.169,153.54,186.516,190.324,188.484,42.61,248.284
2001-04-09 14:50:00,163.98,51.797,206.1,124.67,1312.24,386.136,100.8853025,200.598,83.586,152.963,277.508,93.997,151.98,187.73,187.97,189.466,42.78,246.822
2001-04-09 14:55:00,164.76,50.527,208.2,123.74,1311.38,391.04,100.95348541666657,199.078,86.04,151.107,280.343,94.864,154.56,185.674,187.294,187.718,42.196,246.148
2001-04-09 15:00:00,164.412,52.017,207.767,122.537,1303.96,389.81,100.533,200.876,85.638,152.493,282.085,94.97,154.86,189.582,190.062,188.968,42.862,247.442
2001-04-09 15:05:00,168.062,51.233,206.8,123.86,1307.48,389.307,101.02037770833338,199.526,86.192,151.13,282.78,93.989,154.66,186.472,188.172,187.364,42.51,247.816
2001-04-09 15:10:00,166.998,50.293,206.3,123.56,1308.76,390.607,101.13438520833328,200.468,84.984,150.493,279.638,95.018,154.14,188.282,186.382,189.61,42.568,248.404
2001-04-09 15:15:00,163.302,51.02,207.067,123.56,1310.66,388.803,101.912,201.908,85.606,150.683,281.913,94.141,152.48,188.058,186.354,189.072,42.636,248.16
2001-04-09 15:20:00,165.842,52.077,207.267,123.153,1311.16,385.057,101.15746958333331,200.74,86.384,150.106,282.078,93.815,155.84,187.428,189.364,191.464,43.03,248.02
2001-04-09 15:25:00,164.076,51.983,206.133,121.607,1308.1,387.25,100.88244833333337,201.064,85.782,154.073,281.641,94.61,153.6,186.996,187.028,190.254,43.168,245.944
2001-04-09 15:30:00,164.558,50.723,208.967,122.973,1305.9,386.95,100.813,203.366,86.022,152.27,279.664,94.733,153.82,185.482,188.576,190.758,42.424,247.554
2001-04-09 15:35:00,164.71,51.71,205.033,122.643,1310.12,388.88,100.83924833333333,199.632,85.944,149.89,280.349,93.936,153.06,187.212,189.158,189.33,42.366,246.8
2001-04-09 15:40:00,166.452,51.957,206.2,123.28,1306.22,387.47,101.28168125000008,200.622,86.028,151.61,281.963,95.519,155.66,188.392,188.506,192.37,43.056,249.406
2001-04-09 15:45:00,164.136,51.317,205.233,122.107,1311.32,385.813,101.745,200.77,86.122,153.203,284.311,94.567,154.36,187.13,187.14,190.322,42.176,248.686
2001-04-09 15:50:00,166.11,51.667,205.967,122.567,1310.2,387.564,100.9760012500001,202.526,84.97,149.41,282.785,93.558,155.5,189.074,188.466,186.85,43.174,248.934
2001-04-09 15:55:00,164.656,50.807,206.467,124.38,1305.84,387.67,101.23260125,200.898,87.012,150.22,280.737,94.764,152.5,188.728,189.926,189.842,43.07,249.976
2001-04-09 16:00:00,164.878,51.497,211.267,124.097,1306.14,389.18,101.964,200.744,85.558,149.78,281.32,95.478,154.38,188.282,189.104,188.364,42.46,249.832
2001-04-09 16:05:00,162.11,51.593,206.733,123.21,1311.62,388.223,101.08168291666671,202.44,85.464,151.843,281.617,94.866,153.7,188.39,191.32,193.216,43.646,248.254
2001-04-09 16:10:00,163.812,51.73,208.167,123.453,1304.24,388.16,101.06275958333337,201.772,85.26,149.647,280.604,95.815,152.74,187.676,188.744,189.876,42.832,248.11
2001-04-09 16:15:00,162.796,51.403,205.6,125.093,1308.04,384.75,101.193,199.202,87.268,150.19,282.966,94.246,153.6,190.012,185.75,192.236,43.26,249.696
2001-04-09 16:20:00,163.888,51.46,205.367,122.763,1310.1,386.057,100.67657125000007,199.112,86.36,151.59,280.828,93.089,153.56,187.308,188.092,190.974,43.12,249.57
2001-04-09 16:25:00,166.924,51.4,204.333,124.07,1307.44,389.42,101.11236250000006,203.114,84.7,149.127,282.857,94.735,153.14,188.034,188.44,190.87,42.682,250.976
2001-04-09 16:30:00,164.222,50.763,206.5,125.463,1308.68,388.847,100.796,201.048,85.886,149.41,282.421,94.981,152.8,186.916,186.778,188.322,43.3,249.338
2001-04-09 16:35:00,163.396,51.387,208.567,124.023,1305.66,390.367,101.10309166666667,199.45,85.97,151.737,282.322,94.54,154.82,186.698,191.28,192.52,42.34,249.38
2001-04-09 16:40:00,165.278,50.54,206.133,122.473,1314.92,388.447,101.145915,202.342,86.246,151.41,282.084,95.748,153.0,191.268,190.726,193.83,42.742,248.374
2001-04-09 16:45:00,167.76,50.42,207.367,123.7,1313.78,385.793,101.265,199.668,86.93,150.817,283.724,93.861,151.88,188.902,187.092,188.616,42.694,251.266
2001-04-09 16:50:00,165.678,51.447,209.067,124.213,1307.06,389.0,101.34045833333332,201.122,87.256,149.77,281.812,94.567,153.18,187.942,189.494,191.226,43.126,251.022
2001-04-09 16:55:00,165.044,51.177,206.467,123.783,1306.72,387.87,101.13002458333334,201.102,86.75,149.837,282.884,95.005,152.4,188.038,188.634,190.932,43.38,247.316
