ESOI    ATHN    MXCO    ROME    AATB    LMKS    DRBS    MOSC    NEWK    KIEL    CALG    OULU    APTY    FSMT    INVK    NAIN    PWNK    THUL    SOPB    SOPO
2002-11-16 18:00:00;166.494; 52.693;210.533;124.593;1333.260;403.263;102.723;208.342; 87.048;154.350;290.862; 98.537;157.180;191.612;170.196;192.582;193.258;110.166; 45.602;261.740
2002-11-16 18:05:00;167.908; 52.267;210.600;124.593;1334.020;407.453;   null;204.496; 88.418;153.960;289.927; 97.571;155.200;194.970;170.542;193.146;196.116;110.422; 45.624;261.808
2002-11-16 18:10:00;167.940; 51.663;209.533;122.093;1336.780;403.607;   null;207.822; 87.822;155.526;289.495; 95.728;156.760;192.390;171.592;192.594;193.404;111.406; 45.528;261.786
2002-11-16 18:15:00;167.514; 50.950;210.700;126.233;1333.580;404.037;101.773;207.150; 87.780;156.367;290.352; 96.666;156.920;193.994;172.746;194.998;192.616;110.526; 46.456;261.266
2002-11-16 18:20:00;166.700; 51.483;212.167;124.803;1341.480;403.087;   null;210.230; 89.126;156.007;292.165; 95.528;156.000;193.436;172.038;193.116;192.944;111.310; 46.480;262.364
2002-11-16 18:25:00;166.398; 51.860;207.033;122.447;1340.480;406.180;   null;209.844; 87.448;155.040;293.087; 97.522;157.300;191.638;171.396;195.094;192.806;111.500; 46.038;262.618
2002-11-16 18:30:00;168.802; 51.740;210.500;123.847;1334.720;401.473;102.913;209.270; 87.710;154.547;292.089; 96.123;157.300;193.132;172.280;194.922;193.276;110.642; 45.482;261.166
2002-11-16 18:35:00;169.134; 50.467;209.033;123.567;1334.200;402.093;   null;208.292; 87.810;155.550;289.559; 96.285;155.720;192.122;172.702;194.294;193.700;110.418; 46.100;261.872
2002-11-16 18:40:00;167.144; 49.597;210.100;123.297;1331.480;403.533;   null;207.776; 87.850;154.293;290.725; 97.204;158.780;192.496;171.072;192.750;190.206;108.968; 45.782;263.530
2002-11-16 18:45:00;166.650; 49.873;208.833;123.833;1337.160;400.703;101.789;207.664; 90.042;154.430;292.139; 97.543;155.340;192.738;173.668;195.334;191.038;111.322; 46.560;261.230
2002-11-16 18:50:00;167.136; 51.610;208.267;124.520;1339.780;402.743;   null;209.716; 89.016;156.537;289.638; 96.373;157.060;190.432;174.916;194.156;193.876;110.322; 45.438;262.102
2002-11-16 18:55:00;166.892; 51.710;210.633;125.310;1336.560;402.574;   null;210.046; 88.358;155.430;291.162; 96.371;155.580;192.654;171.956;196.532;195.052;110.276; 45.804;261.658
2002-11-16 19:00:00;167.460; 52.053;208.133;123.130;1334.420;404.527;103.003;208.154; 89.890;155.357;292.341; 96.623;156.300;191.702;170.630;192.900;191.650;110.264; 46.072;260.908
2002-11-16 19:05:00;167.456; 52.720;208.233;123.073;1336.960;404.997;   null;206.698; 89.086;156.240;288.301; 95.802;158.060;194.260;172.684;192.934;192.268;110.780; 45.872;263.290
2002-11-16 19:10:00;165.466; 52.413;210.467;124.073;1337.000;404.700;   null;208.188; 88.288;155.650;288.907; 96.438;158.460;192.328;170.384;194.210;191.766;110.588; 45.246;262.972
2002-11-16 19:15:00;166.106; 51.727;210.533;123.827;1337.400;402.253;102.406;209.264; 88.638;155.393;291.867; 96.667;157.560;191.992;171.404;193.070;194.076;110.894; 45.986;262.396
2002-11-16 19:20:00;167.522; 50.313;208.533;122.287;1337.440;403.393;   null;206.060; 88.192;154.980;291.188; 96.711;158.060;193.168;170.100;192.500;193.110;110.938; 45.076;261.766
2002-11-16 19:25:00;167.150; 50.087;209.200;124.833;1336.100;401.397;   null;209.154; 88.800;156.160;291.039; 95.445;157.640;189.780;171.524;193.006;193.756;110.720; 45.816;262.246
2002-11-16 19:30:00;166.644; 52.523;207.833;124.080;1332.040;403.350;102.043;209.386; 88.526;155.087;292.563; 98.685;156.860;190.726;171.520;194.698;190.856;112.092; 45.560;261.316
2002-11-16 19:35:00;166.138; 52.430;206.900;122.397;1332.900;402.950;   null;209.272; 88.558;154.853;294.210; 97.252;156.160;192.506;171.226;193.782;194.510;111.320; 45.596;266.368
2002-11-16 19:40:00;167.426; 52.283;207.533;124.527;1328.060;402.520;   null;209.312; 89.392;156.080;291.373; 96.360;156.400;191.488;172.118;193.648;194.080;110.664; 45.900;262.548
2002-11-16 19:45:00;168.172; 51.320;210.333;123.447;1336.600;402.360;102.305;210.300; 89.500;154.437;293.351; 98.018;157.760;191.694;171.226;192.130;194.488;109.880; 45.444;262.648
2002-11-16 19:50:00;165.474; 50.920;209.667;125.230;1337.460;397.254;   null;205.960; 88.112;154.726;291.095; 97.412;157.820;192.376;170.892;196.334;192.770;111.148; 45.940;263.464
2002-11-16 19:55:00;169.078; 51.383;209.200;123.210;1333.220;400.643;   null;207.382; 89.484;156.640;292.865; 96.723;159.880;193.908;171.200;194.542;194.520;111.316; 45.614;264.240
2002-11-16 20:00:00;166.926; 51.790;209.733;123.643;1330.560;401.633;102.403;206.644; 88.486;154.807;293.574; 98.493;155.400;193.856;170.030;192.230;194.466;110.572; 46.196;261.906
2002-11-16 20:05:00;165.814; 52.103;210.033;124.607;1333.140;401.293;   null;208.908; 88.954;154.377;292.528; 96.500;157.260;190.650;171.724;192.790;198.412;111.574; 46.236;264.010
2002-11-16 20:10:00;170.348; 52.170;210.100;122.163;1335.320;403.217;   null;207.874; 88.708;154.453;291.484; 97.758;157.180;191.070;171.906;191.900;194.356;110.874; 45.692;260.918
2002-11-16 20:15:00;166.362; 50.050;210.533;122.953;1332.940;398.390;102.047;210.378; 88.064;156.220;293.333; 97.266;156.220;192.706;171.514;195.000;194.422;110.506; 45.204;263.456
2002-11-16 20:20:00;165.624; 48.883;208.400;125.007;1337.240;403.157;   null;208.988; 88.498;155.036;292.903; 97.040;158.100;192.026;170.056;195.174;191.730;112.108; 46.052;262.614
2002-11-16 20:25:00;168.190; 49.720;209.600;123.477;1331.440;401.650;   null;210.986; 89.420;156.040;288.482; 97.440;158.700;192.802;171.750;194.314;194.460;109.414; 46.010;263.140
2002-11-16 20:30:00;167.010; 51.030;210.100;123.880;1333.920;399.603;102.591;208.736; 88.388;153.213;289.842; 97.802;156.720;193.360;172.566;194.700;194.442;110.918; 46.446;262.530
2002-11-16 20:35:00;167.236; 52.040;208.767;124.803;1327.760;399.347;   null;209.708; 89.736;152.557;291.651; 97.432;156.620;192.082;171.434;192.150;192.640;112.576; 46.316;261.542
2002-11-16 20:40:00;166.354; 51.813;209.833;122.707;1335.740;402.953;   null;208.968; 89.656;154.180;293.304; 97.757;156.840;191.482;172.728;195.172;195.048;111.436; 45.920;261.002
2002-11-16 20:45:00;166.652; 52.033;207.800;124.947;1339.400;402.614;101.980;209.542; 88.472;154.090;290.547; 96.535;157.260;194.726;173.056;193.194;192.676;110.908; 45.812;260.726
2002-11-16 20:50:00;169.056; 52.727;210.500;123.433;1334.100;402.333;   null;209.676; 88.590;156.983;290.762; 98.114;157.840;193.300;173.102;193.120;193.828;111.182; 46.208;262.460
2002-11-16 20:55:00;170.734; 51.937;207.933;123.903;1333.600;402.253;   null;209.738; 88.468;156.223;291.377; 98.187;157.700;193.018;171.754;195.066;194.172;110.848; 45.298;263.294
2002-11-16 21:00:00;168.664; 50.430;208.500;124.510;1338.600;403.023;101.684;207.668; 88.646;154.437;294.037; 96.631;157.520;192.060;172.852;191.924;193.446;110.170; 46.072;261.584
2002-11-16 21:05:00;169.830; 49.070;210.633;123.657;1337.140;401.583;   null;209.240; 89.528;153.920;291.168; 95.339;156.840;192.484;171.912;193.338;192.880;110.842; 45.620;264.568
2002-11-16 21:10:00;167.606; 49.870;210.333;124.490;1332.240;397.903;   null;208.512; 88.688;153.400;292.633; 96.154;157.940;193.168;174.254;190.966;193.062;111.194; 46.218;262.578
2002-11-16 21:15:00;167.090; 52.730;208.867;125.267;1333.880;403.020;102.018;208.588; 88.362;155.140;293.576; 97.247;156.840;191.756;172.006;193.100;193.608;111.644; 45.402;262.954
2002-11-16 21:20:00;170.420; 52.847;209.100;123.547;1339.480;405.347;   null;209.188; 87.036;152.677;291.718; 97.664;157.260;192.424;172.744;194.340;193.708;111.046; 45.214;262.968
2002-11-16 21:25:00;168.900; 51.317;210.633;122.940;1333.820;401.050;   null;207.124; 86.294;155.387;289.530; 98.033;155.620;192.108;172.806;194.124;195.176;111.562; 45.322;262.088
2002-11-16 21:30:00;167.982; 51.103;208.733;123.257;1338.620;398.903;101.853;209.764; 88.102;156.490;291.840; 98.087;157.620;191.414;170.816;193.888;194.054;111.648; 45.982;260.240
2002-11-16 21:35:00;168.746; 51.827;209.133;122.797;1337.540;402.210;   null;209.412; 87.788;154.500;292.478; 97.444;156.040;193.370;173.866;194.352;194.414;111.646; 45.908;264.302
2002-11-16 21:40:00;166.236; 52.423;210.500;123.250;1331.040;395.837;   null;207.706; 88.234;153.884;293.239; 97.251;156.900;194.128;172.986;192.364;193.718;110.938; 45.164;259.678
2002-11-16 21:45:00;166.308; 51.200;206.967;122.293;1335.720;399.930;103.110;205.730; 88.540;153.933;292.235; 96.067;156.560;191.806;172.158;193.982;196.430;109.938; 44.710;260.528
2002-11-16 21:50:00;166.842; 49.393;209.600;123.140;1340.160;400.010;   null;209.956; 89.128;154.603;293.971; 96.976;158.000;189.652;172.938;194.854;193.596;110.260; 46.254;262.882
2002-11-16 21:55:00;168.808; 49.700;207.867;122.010;1329.520;403.730;   null;208.136; 88.982;154.593;292.051; 96.718;156.300;191.962;170.990;194.486;191.362;110.480; 45.138;261.366
2002-11-16 22:00:00;166.990; 50.857;210.400;123.590;1332.000;403.060;102.169;207.984; 89.146;154.537;292.022; 97.050;158.640;194.170;172.618;193.290;193.904;110.892; 45.612;261.030
2002-11-16 22:05:00;167.304; 52.027;208.267;123.883;1335.440;401.750;   null;209.736; 88.742;154.607;293.694; 96.738;155.060;193.252;172.052;194.932;194.484;109.984; 45.902;261.268
2002-11-16 22:10:00;167.894; 51.867;211.000;124.330;1331.500;401.770;   null;210.988; 87.330;155.640;291.991; 97.426;155.280;194.134;171.316;193.750;194.494;111.060; 45.568;261.450
2002-11-16 22:15:00;163.518; 51.833;209.267;123.160;1339.940;402.373;101.422;207.162; 88.088;153.504;291.048; 96.768;156.760;193.264;173.318;191.906;193.562;110.536; 46.440;261.630
2002-11-16 22:20:00;166.964; 52.333;212.533;125.133;1328.860;401.643;   null;210.300; 88.810;156.473;293.058; 96.983;156.780;192.566;173.870;194.452;191.206;111.492; 45.890;263.186
2002-11-16 22:25:00;165.752; 51.810;212.900;123.290;1330.920;401.590;   null;207.410; 86.774;153.757;292.053; 96.828;158.060;190.064;172.690;193.782;192.586;112.178; 46.280;261.980
2002-11-16 22:30:00;167.096; 50.270;210.167;123.817;1336.260;404.133;101.825;206.720; 88.046;154.933;291.900; 97.263;158.060;193.652;173.860;191.782;194.222;110.750; 45.970;264.430
2002-11-16 22:35:00;167.260; 50.113;209.100;125.680;1330.220;403.453;   null;212.122; 88.990;155.960;292.266; 96.884;157.680;193.120;173.714;191.910;194.124;111.334; 45.650;263.136
2002-11-16 22:40:00;166.110; 52.973;210.000;123.803;1332.200;403.043;   null;208.726; 87.466;157.913;293.608; 95.341;155.540;192.672;171.230;190.860;195.144;111.558; 45.632;262.336
2002-11-16 22:45:00;169.222; 52.457;207.333;122.683;1334.880;398.083;101.928;206.556; 88.994;154.680;291.564; 98.015;156.780;192.724;171.664;193.632;193.672;111.256; 45.674;263.270
2002-11-16 22:50:00;166.296; 51.983;207.067;123.870;1331.580;396.977;   null;207.462; 89.028;155.963;292.540; 96.846;156.980;192.582;169.714;193.552;192.378;111.048; 45.734;263.458
2002-11-16 22:55:00;168.334; 51.167;207.867;123.793;1335.340;404.257;   null;206.718; 88.362;157.090;291.104; 97.996;155.940;195.060;173.084;195.312;193.628;111.124; 45.546;263.616
2002-11-16 23:00:00;168.306; 51.547;209.433;124.217;1331.880;399.557;102.350;205.714; 88.266;157.413;293.916; 97.260;157.740;192.012;170.640;193.578;193.884;110.746; 45.704;262.502
2002-11-16 23:05:00;168.892; 51.670;211.933;122.210;1336.540;401.857;   null;209.174; 89.680;154.976;293.884; 97.096;157.100;192.254;171.342;192.674;193.806;111.000; 45.366;263.760
2002-11-16 23:10:00;165.650; 51.803;210.600;123.173;1339.640;400.817;   null;210.800; 89.102;154.840;295.109; 97.157;156.620;193.542;172.192;192.838;193.558;110.602; 45.524;263.214
2002-11-16 23:15:00;166.980; 52.657;211.900;124.520;1327.940;400.410;103.384;208.504; 89.106;155.037;289.519; 95.507;158.580;193.310;171.200;193.030;192.678;110.474; 45.518;262.700
2002-11-16 23:20:00;166.398; 50.707;208.100;123.253;1335.060;402.757;   null;205.872; 86.480;157.213;293.240; 96.472;157.280;192.432;170.680;193.300;195.088;111.026; 46.750;262.542
2002-11-16 23:25:00;166.402; 49.787;209.033;124.907;1333.000;397.600;   null;208.392; 88.810;155.763;295.309; 96.482;156.700;193.188;172.570;194.608;193.292;111.132; 45.178;262.784
2002-11-16 23:30:00;166.720; 49.197;210.533;123.460;1330.480;401.677;102.053;208.810; 87.498;155.783;294.035; 97.621;158.060;192.998;172.498;193.126;194.166;110.960; 45.582;262.486
2002-11-16 23:35:00;166.618; 50.573;210.000;121.783;1337.200;398.727;   null;208.162; 86.892;156.053;294.310; 96.096;157.260;193.900;171.252;191.912;193.238;111.676; 46.530;263.152
2002-11-16 23:40:00;168.042; 51.117;209.367;124.463;1337.820;400.800;   null;210.542; 88.970;155.527;294.767; 98.389;156.180;192.392;172.196;193.220;193.328;110.296; 45.830;262.530
2002-11-16 23:45:00;167.762; 51.953;210.967;124.027;1332.560;401.480;103.005;209.374; 88.778;154.210;295.127; 96.633;160.560;194.194;171.528;192.116;192.952;111.876; 45.512;262.968
2002-11-16 23:50:00;166.052; 51.767;207.833;124.033;1340.180;402.343;   null;208.538; 89.822;154.340;292.998; 97.660;155.880;192.380;174.692;194.332;193.236;112.340; 46.035;260.920
2002-11-16 23:55:00;168.442; 51.687;211.533;122.793;1337.280;402.047;   null;206.584; 88.018;154.980;294.670; 98.814;158.020;192.950;172.466;194.392;193.190;110.138;   null;   null
2002-11-17 00:00:00;164.054; 52.067;208.267;123.830;1338.200;398.690;101.962;208.262; 87.450;155.130;293.422; 97.858;155.800;192.180;173.056;193.646;191.924;110.562; 46.183;264.108
2002-11-17 00:05:00;166.396; 52.723;210.600;123.647;1334.580;399.870;   null;206.962; 88.666;154.343;292.812; 96.176;156.100;193.314;173.224;193.362;193.170;111.984; 45.914;260.934
2002-11-17 00:10:00;167.122; 51.390;209.100;123.317;1326.740;397.524;   null;207.938; 88.892;153.200;294.883; 96.829;156.600;193.978;171.854;194.886;194.920;109.758; 45.586;261.808
2002-11-17 00:15:00;166.056; 49.650;207.600;125.207;1336.340;395.700;102.871;207.362; 88.562;156.793;293.634; 95.794;156.560;192.862;172.366;193.154;195.010;110.318; 45.632;262.572
2002-11-17 00:20:00;168.008; 51.673;209.400;122.943;1340.180;398.837;   null;206.000; 88.074;153.860;292.934; 95.160;157.040;193.360;173.026;193.874;192.082;110.862; 45.340;263.670
2002-11-17 00:25:00;167.016; 53.017;210.800;122.963;1334.460;394.760;   null;207.902; 88.408;153.910;293.636; 97.030;156.280;194.724;174.070;194.504;192.468;110.126; 44.984;262.524
2002-11-17 00:30:00;168.894; 52.437;210.833;124.440;1324.720;393.570;102.548;207.174; 87.920;154.667;293.667; 95.515;156.660;193.160;171.876;193.500;192.744;111.922; 45.444;263.260
2002-11-17 00:35:00;164.454; 51.810;208.900;123.363;1334.780;395.420;   null;208.516; 88.754;153.500;293.884; 97.527;156.040;192.258;174.342;195.082;194.434;111.458; 45.176;262.412
2002-11-17 00:40:00;167.282; 51.043;209.367;124.960;1335.300;395.710;   null;206.944; 87.376;153.223;292.114; 96.801;156.720;194.490;171.700;197.328;194.500;111.082; 46.168;264.582
2002-11-17 00:45:00;166.966; 51.493;209.233;124.147;1334.960;395.107;103.138;208.236; 88.412;154.347;294.274; 95.939;157.400;193.516;172.644;194.608;192.820;111.596; 45.832;264.954
2002-11-17 00:50:00;167.068; 51.957;207.267;121.760;1330.580;397.357;   null;208.958; 88.598;154.030;291.749; 95.373;156.080;193.048;171.040;191.138;194.494;111.396; 46.352;264.868
2002-11-17 00:55:00;165.260; 52.433;213.067;122.120;1336.660;395.110;   null;208.186; 88.184;155.603;292.053; 95.657;156.080;194.836;172.172;194.084;195.064;110.958; 45.138;261.860
2002-11-17 01:00:00;165.046; 52.453;208.900;122.910;1333.140;397.133;101.689;209.954; 88.896;153.337;293.364; 96.993;156.320;192.634;172.656;192.316;192.026;110.616; 46.272;265.102
2002-11-17 01:05:00;167.872; 50.500;206.433;121.477;1336.140;398.897;   null;204.918; 87.810;152.620;290.683; 94.992;155.140;193.546;172.912;194.518;192.682;111.056; 45.550;261.954
2002-11-17 01:10:00;167.188; 49.033;210.267;125.660;1340.780;397.883;   null;207.098; 88.198;153.707;291.140; 94.665;153.340;194.922;172.546;194.438;191.188;110.898; 45.176;262.042
2002-11-17 01:15:00;167.518; 48.910;208.133;122.277;1340.500;396.053;103.093;207.170; 88.246;152.666;289.713; 96.932;154.940;191.984;171.700;193.284;194.858;110.306; 45.966;261.836
2002-11-17 01:20:00;164.198; 49.583;209.100;124.850;1328.720;398.066;   null;206.856; 88.500;152.417;290.898; 96.221;156.940;192.940;173.640;191.636;194.424;111.482; 45.084;262.894
2002-11-17 01:25:00;166.904; 51.370;211.033;123.313;1333.120;397.097;   null;207.358; 87.376;154.233;292.871; 96.590;155.900;192.810;174.850;192.536;193.822;111.436; 45.346;261.990
2002-11-17 01:30:00;167.204; 52.067;209.400;123.040;1335.720;395.360;102.406;206.126; 89.132;154.280;291.444; 96.988;155.360;193.250;173.838;195.966;191.590;110.780; 45.576;261.692
2002-11-17 01:35:00;167.280; 51.870;209.833;122.623;1337.660;394.493;   null;209.006; 87.748;155.133;293.932; 96.630;156.640;192.834;172.782;195.084;194.456;110.360; 45.398;262.570
2002-11-17 01:40:00;168.136; 52.213;205.433;123.977;1332.420;398.183;   null;208.160; 88.020;155.180;293.661; 96.033;158.020;191.832;172.676;195.782;193.286;111.468; 45.450;261.912
2002-11-17 01:45:00;167.206; 52.797;208.767;124.387;1338.420;398.610;101.128;207.774; 88.064;153.006;294.022; 95.986;158.380;192.338;174.402;194.810;194.018;111.670; 45.930;263.890
2002-11-17 01:50:00;167.074; 51.893;208.833;123.800;1344.560;396.424;   null;208.408; 89.304;153.543;292.717; 95.704;157.920;194.080;172.262;195.940;191.696;110.940; 45.436;263.052
2002-11-17 01:55:00;166.614; 50.500;209.100;124.280;1333.740;396.210;   null;206.006; 88.154;153.603;292.504; 95.821;155.360;193.814;172.768;193.804;193.448;111.936; 45.600;263.444
2002-11-17 02:00:00;167.168; 50.283;210.533;123.390;1338.000;397.730;102.684;210.842; 88.748;154.243;291.534; 95.576;156.640;191.804;171.598;191.932;194.892;110.966; 46.146;262.010
2002-11-17 02:05:00;168.292; 51.820;210.633;123.587;1335.400;399.027;   null;209.398; 88.730;153.750;292.475; 95.652;157.500;193.316;171.672;195.024;192.990;110.548; 45.310;264.240
2002-11-17 02:10:00;167.834; 52.760;208.233;122.837;1335.220;399.303;   null;208.586; 88.554;154.873;291.592; 96.102;155.800;194.332;173.536;193.322;193.780;111.410; 46.050;262.108
2002-11-17 02:15:00;167.936; 52.517;206.900;122.777;1344.140;397.853;102.291;208.108; 88.196;154.387;293.553; 96.405;158.500;193.606;174.188;194.474;194.598;111.684; 45.544;263.642
2002-11-17 02:20:00;167.652; 51.693;210.633;123.607;1332.240;398.223;   null;207.154; 88.584;152.497;294.151; 95.752;155.920;192.778;171.652;193.718;194.046;111.000; 45.590;262.274
2002-11-17 02:25:00;166.744; 51.063;208.600;124.437;1332.500;399.517;   null;206.486; 88.368;154.080;294.629; 96.757;155.740;192.448;172.614;194.266;195.292;112.018; 46.356;265.332
2002-11-17 02:30:00;167.988; 51.563;207.033;123.543;1338.620;400.800;102.721;208.418; 88.292;152.310;294.264; 96.169;156.620;194.080;171.316;193.808;192.182;110.844; 45.206;262.738
2002-11-17 02:35:00;167.098; 51.870;208.433;123.403;1342.360;397.190;   null;206.742; 87.906;156.083;292.568; 95.938;156.680;192.452;172.686;194.948;191.718;110.890; 46.130;263.822
2002-11-17 02:40:00;165.052; 52.137;205.667;123.290;1339.820;397.546;   null;208.402; 88.246;154.480;293.094; 96.159;154.560;193.162;172.132;193.638;195.668;111.118; 45.982;262.788
2002-11-17 02:45:00;166.996; 52.540;209.933;124.037;1338.200;395.960;102.242;207.382; 87.766;154.613;291.226; 95.475;157.780;192.478;174.244;195.800;195.526;110.672; 45.602;263.502
2002-11-17 02:50:00;166.624; 50.747;209.633;123.080;1337.340;398.683;   null;210.022; 87.668;154.227;293.983; 94.359;155.920;194.232;173.664;193.470;193.932;110.206; 45.772;262.702
2002-11-17 02:55:00;167.080; 49.617;212.067;122.097;1335.400;395.253;   null;204.692; 88.512;153.620;295.323; 96.468;158.320;193.584;174.064;193.052;194.384;111.806; 45.826;262.146
2002-11-17 03:00:00;165.778; 49.303;205.033;121.893;1344.020;399.197;101.745;205.558; 88.470;156.517;293.016; 95.375;156.220;193.978;174.638;194.436;192.214;109.644; 45.596;262.464
2002-11-17 03:05:00;165.384; 49.830;209.467;124.427;1333.880;397.100;   null;208.324; 88.852;153.383;293.608; 96.863;156.380;192.844;174.098;194.864;193.080;112.244; 45.360;262.862
2002-11-17 03:10:00;168.642; 51.067;209.100;122.903;1330.540;398.047;   null;205.994; 87.052;153.440;294.731; 95.847;156.600;194.112;174.792;194.204;194.524;110.472; 45.650;261.424
2002-11-17 03:15:00;170.206; 52.040;208.600;123.033;1339.740;401.100;102.176;205.956; 87.052;155.697;292.340; 96.297;155.360;192.886;172.248;194.628;193.122;111.148; 45.984;263.980
2002-11-17 03:20:00;167.704; 51.760;208.533;123.210;1335.960;399.410;   null;207.118; 87.694;154.857;294.265; 96.644;156.080;190.180;173.200;192.352;194.948;111.426; 45.126;264.024
2002-11-17 03:25:00;166.614; 52.107;206.367;122.740;1338.780;400.083;   null;208.212; 88.286;153.657;292.712; 96.414;155.780;192.606;174.882;192.572;193.976;110.742; 45.932;263.236
2002-11-17 03:30:00;168.670; 51.990;207.600;122.420;1342.420;399.993;102.744;204.922; 88.304;154.437;291.953; 97.057;157.480;192.650;173.502;192.294;193.894;110.086; 46.152;262.362
2002-11-17 03:35:00;167.418; 53.327;210.333;125.243;1335.340;397.460;   null;207.770; 87.608;152.817;294.000; 96.485;154.960;193.492;172.290;194.102;192.726;110.538; 45.734;263.342
2002-11-17 03:40:00;167.308; 51.710;206.200;123.017;1341.500;400.840;   null;205.990; 88.328;154.983;292.581; 96.168;157.080;192.180;173.318;194.104;191.686;110.764; 45.530;264.668
2002-11-17 03:45:00;168.598; 50.777;206.733;125.833;1342.880;398.453;102.217;208.738; 87.948;153.063;293.822; 96.085;156.840;194.036;172.364;192.992;193.026;111.924; 45.838;261.992
2002-11-17 03:50:00;167.962; 49.283;209.667;122.933;1348.360;399.570;   null;209.132; 88.356;154.417;292.225; 95.752;158.200;193.086;172.628;193.598;191.166;110.764; 46.612;264.822
2002-11-17 03:55:00;168.850; 50.103;210.267;124.257;1338.940;400.230;   null;208.652; 87.514;155.947;295.105; 96.085;155.760;194.662;171.704;195.586;195.776;110.392; 45.990;263.342
2002-11-17 04:00:00;166.986; 51.060;206.733;124.593;1342.020;399.530;101.760;207.138; 87.438;152.867;293.247; 96.754;155.560;191.368;172.426;193.638;193.888;110.336; 45.670;264.572
2002-11-17 04:05:00;166.796; 52.340;210.033;123.043;1347.960;397.610;   null;210.952; 87.640;154.367;292.098; 96.524;157.500;194.036;173.224;192.414;195.716;112.318; 45.296;264.432
2002-11-17 04:10:00;167.610; 51.887;209.000;123.903;1347.280;399.193;   null;208.692; 87.916;153.490;294.986; 96.728;156.900;193.724;171.974;193.884;192.630;111.260; 45.668;265.094
2002-11-17 04:15:00;168.544; 51.390;209.167;120.150;1346.100;403.870;101.986;208.794; 88.124;154.317;291.988; 95.408;156.780;192.810;174.208;192.454;194.516;110.270; 46.250;263.730
2002-11-17 04:20:00;170.564; 51.193;206.800;121.130;1342.200;402.184;   null;207.458; 88.078;154.387;295.147; 97.432;155.760;193.898;172.936;192.786;194.944;110.068; 45.698;265.132
2002-11-17 04:25:00;167.380; 51.710;209.967;123.603;1347.180;404.783;   null;209.538; 87.622;153.043;291.962; 97.429;156.360;192.610;171.906;191.716;192.802;109.670; 46.084;264.964
2002-11-17 04:30:00;167.680; 51.927;208.467;122.423;1418.360;400.993;103.069;205.780; 88.806;153.754;293.568; 95.784;156.340;192.608;173.246;192.404;194.302;109.966; 45.698;265.294
2002-11-17 04:35:00;169.244; 52.013;210.267;123.917;1348.380;401.463;   null;207.920; 87.606;153.900;293.401; 96.413;156.580;193.548;171.306;192.070;194.810;111.190; 45.652;265.850
2002-11-17 04:40:00;168.226; 52.163;206.800;121.137;1342.260;404.227;   null;207.196; 86.732;153.937;294.415; 95.623;155.320;193.494;172.164;190.492;194.970;110.432; 45.478;261.552
2002-11-17 04:45:00;169.778; 50.023;208.300;122.503;1341.800;402.123;102.679;208.228; 88.102;156.087;296.000; 95.462;154.560;193.100;171.506;192.144;193.966;109.460; 46.138;265.650
2002-11-17 04:50:00;166.168; 49.663;208.900;122.553;1344.160;404.403;   null;208.922; 87.454;153.043;293.890; 94.940;155.480;192.046;173.102;190.414;192.784;111.026; 45.288;263.400
2002-11-17 04:55:00;168.138; 51.200;209.033;124.630;1344.660;401.873;   null;206.328; 87.718;154.676;294.652; 94.938;155.600;194.546;171.774;192.890;193.264;109.926; 45.954;265.614
2002-11-17 05:00:00;167.936; 51.970;208.600;123.260;1346.240;405.377;103.256;206.432; 85.794;152.877;291.047; 98.043;155.340;192.550;172.444;192.894;193.202;107.718; 45.726;263.838
2002-11-17 05:05:00;168.290; 51.863;209.767;121.213;1347.300;405.897;   null;210.572; 88.130;153.887;295.479; 97.049;157.120;193.710;173.996;191.672;193.688;110.038; 46.132;263.388
2002-11-17 05:10:00;168.438; 52.633;206.800;123.493;1349.380;405.810;   null;207.372; 86.822;155.480;294.799; 95.469;156.620;192.742;172.448;191.566;193.076;110.308; 46.480;263.654
2002-11-17 05:15:00;168.258; 53.200;207.533;122.977;1342.800;403.867;102.643;207.642; 88.158;154.420;295.103; 96.129;156.600;192.346;172.688;192.374;191.808;110.350; 45.670;264.126
2002-11-17 05:20:00;167.674; 52.293;207.400;123.577;1351.860;401.980;   null;205.038; 86.316;154.383;293.446; 96.260;157.620;193.012;171.454;192.346;193.692;109.922; 46.012;263.054
2002-11-17 05:25:00;166.734; 51.943;205.500;123.027;1345.860;404.543;   null;207.222; 86.702;157.110;295.022; 95.438;157.200;192.050;172.284;193.546;190.674;109.862; 45.686;264.094
2002-11-17 05:30:00;167.636; 49.913;210.833;123.043;1340.820;401.923;102.625;205.594; 87.268;157.053;293.423; 94.846;155.740;193.872;172.052;191.558;193.730;109.074; 45.420;264.664
2002-11-17 05:35:00;168.246; 50.030;209.733;121.917;1353.560;405.083;   null;206.768; 87.198;154.547;292.654; 95.966;156.520;193.966;174.402;193.894;192.680;108.750; 45.194;261.018
2002-11-17 05:40:00;168.944; 51.833;207.667;124.243;1348.280;400.570;   null;206.732; 86.912;154.713;292.711; 96.865;155.440;193.894;170.894;193.780;194.516;111.094; 46.174;261.196
2002-11-17 05:45:00;168.032; 52.807;207.500;123.803;1347.800;404.147;102.741;208.716; 87.940;154.357;292.920; 97.205;155.620;193.962;172.344;193.550;190.008;110.978; 45.292;264.032
2002-11-17 05:50:00;169.018; 52.527;207.867;124.803;1349.680;403.417;   null;209.894; 87.616;154.003;290.545; 96.684;154.500;194.056;173.488;192.762;190.728;110.408; 45.450;263.350
2002-11-17 05:55:00;166.146; 51.847;210.167;123.220;1356.380;401.290;   null;207.340; 86.780;154.643;295.653; 94.888;158.060;193.184;172.680;193.846;190.482;108.986; 45.748;260.466
2002-11-17 06:00:00;167.620; 51.450;206.900;124.077;1351.460;403.423;102.016;209.644; 86.914;153.927;292.239; 96.551;158.920;192.648;172.702;191.432;191.168;109.662; 45.934;260.672
2002-11-17 06:05:00;165.272; 51.163;208.567;123.283;1349.340;398.413;   null;208.384; 88.606;154.113;294.637; 95.584;156.160;192.346;172.734;191.386;191.564;110.072; 45.214;262.934
2002-11-17 06:10:00;168.248; 51.493;203.467;124.787;1348.280;406.337;   null;208.404; 88.614;156.180;297.312; 98.141;155.600;191.064;173.060;192.178;190.952;109.346; 44.784;262.580
2002-11-17 06:15:00;167.052; 51.823;207.367;124.733;1336.360;402.837;102.937;207.836; 85.812;155.473;292.356; 97.423;156.980;192.308;171.864;194.342;191.512;110.282; 44.908;259.650
2002-11-17 06:20:00;168.222; 51.980;206.567;123.800;1349.800;400.623;   null;205.680; 86.052;154.014;293.156; 95.333;156.660;193.478;173.950;192.614;193.080;110.646; 45.078;260.822
2002-11-17 06:25:00;168.304; 52.090;206.433;124.020;1351.720;405.574;   null;207.918; 87.722;154.900;292.593; 95.621;155.640;191.516;173.992;191.552;192.568;110.864; 45.380;261.296
2002-11-17 06:30:00;169.536; 50.620;208.200;123.793;1341.480;402.846;103.068;207.722; 88.224;154.513;291.656; 96.992;156.480;191.308;174.030;192.908;191.362;108.558; 45.124;261.260
2002-11-17 06:35:00;169.050; 49.610;205.967;124.530;1350.160;403.010;   null;206.066; 86.470;154.363;294.059; 97.191;156.860;192.404;171.944;192.282;191.806;110.134; 44.820;260.100
2002-11-17 06:40:00;167.742; 48.427;205.767;122.387;1359.360;404.267;   null;209.036; 86.898;154.767;293.382; 97.258;156.180;190.990;173.056;192.608;190.950;109.464; 45.576;259.746
2002-11-17 06:45:00;168.568; 48.993;208.433;122.863;1354.420;405.600;102.747;208.938; 87.720;154.430;291.037; 95.485;157.020;192.710;172.810;192.742;191.126;110.688; 45.286;259.692
2002-11-17 06:50:00;171.172; 50.667;206.567;123.313;1349.840;406.627;   null;207.770; 87.300;154.303;293.413; 96.231;155.580;190.150;172.142;193.590;192.058;111.252; 44.894;260.446
2002-11-17 06:55:00;169.150; 51.883;205.633;124.190;1351.120;406.313;   null;208.638; 88.998;153.813;293.140; 99.197;157.080;192.846;172.588;193.244;192.184;109.812; 44.978;260.266
2002-11-17 07:00:00;167.166; 52.553;207.333;122.077;1348.340;407.610;103.543;206.740; 85.768;154.653;289.902; 95.938;156.200;191.600;172.396;192.298;192.286;110.302; 45.756;261.372
2002-11-17 07:05:00;167.488; 53.020;207.900;124.423;1345.860;408.143;   null;208.156; 85.870;154.580;294.623; 97.066;156.940;192.412;173.378;195.412;191.884;109.904; 44.928;259.790
2002-11-17 07:10:00;169.948; 51.920;205.900;122.000;1353.720;408.863;   null;208.260; 86.926;154.763;292.517; 96.248;156.160;191.740;170.768;191.520;191.702;110.756; 45.100;261.554
2002-11-17 07:15:00;167.100; 49.803;207.700;123.470;1354.360;405.050;102.136;208.756; 87.380;153.807;292.659; 97.128;157.000;191.692;173.486;192.708;189.960;110.204; 45.204;260.344
2002-11-17 07:20:00;166.724; 52.090;206.300;124.047;1357.080;408.317;   null;208.952; 87.536;154.307;292.629; 96.377;155.760;190.658;174.390;193.784;192.134;110.832; 45.388;259.986
2002-11-17 07:25:00;170.234; 52.937;206.767;123.740;1345.640;404.377;   null;206.126; 87.642;154.597;290.974; 97.494;156.920;190.894;172.806;192.062;192.736;110.806; 45.056;260.032
2002-11-17 07:30:00;167.920; 52.353;205.500;125.130;1350.780;410.013;102.186;209.504; 87.782;153.353;291.275; 95.507;155.980;191.082;171.170;193.194;189.666;110.404; 44.452;260.380
2002-11-17 07:35:00;166.806; 51.803;205.133;124.333;1349.640;409.600;   null;209.288; 86.662;154.443;292.106; 96.276;155.280;192.404;170.510;191.554;190.304;110.864; 45.166;258.692
2002-11-17 07:40:00;167.186; 51.610;207.333;124.560;1354.620;410.287;   null;211.202; 87.004;155.467;292.380; 95.523;158.460;191.882;174.860;193.372;191.860;110.398; 44.876;259.450
2002-11-17 07:45:00;168.922; 51.150;206.100;124.407;1344.360;406.290;103.086;209.622; 86.206;154.850;290.151; 96.578;157.800;190.654;171.506;194.402;194.378;110.140; 44.640;258.084
2002-11-17 07:50:00;167.092; 51.717;206.800;124.507;1341.900;405.633;   null;210.298; 87.344;154.993;292.385; 96.838;157.120;192.440;171.492;192.144;189.280;111.166; 45.178;259.960
2002-11-17 07:55:00;168.700; 52.233;205.333;122.667;1349.160;409.507;   null;207.776; 86.504;155.413;291.631; 97.211;156.640;189.798;172.238;191.852;188.950;110.676; 44.546;261.072
2002-11-17 08:00:00;169.914; 51.683;207.567;123.570;1338.740;409.580;103.764;210.178; 86.274;156.256;290.719; 95.179;157.160;191.464;172.464;192.932;193.132;110.796; 44.514;259.760
2002-11-17 08:05:00;168.716; 49.793;205.333;125.007;1340.980;407.013;   null;207.986; 86.444;154.617;291.780; 95.861;157.340;190.834;171.858;192.564;192.258;109.574; 44.704;257.774
2002-11-17 08:10:00;167.408; 48.750;204.133;124.907;1343.100;410.237;   null;208.958; 87.882;154.343;290.657; 96.077;156.520;192.144;171.182;194.340;189.036;110.280; 44.664;258.570
2002-11-17 08:15:00;166.408; 49.137;207.733;124.240;1347.440;407.743;103.813;208.438; 87.494;153.373;291.527; 96.661;156.560;190.374;172.204;192.440;191.024;108.770; 44.122;259.330
2002-11-17 08:20:00;167.576; 50.903;205.800;126.537;1336.980;405.647;   null;211.560; 86.478;153.900;290.166; 96.166;158.220;190.916;172.732;191.830;191.642;109.348; 44.514;257.632
2002-11-17 08:25:00;167.956; 51.693;206.033;123.120;1347.160;408.613;   null;206.046; 87.154;154.723;290.590; 95.983;158.160;191.442;171.418;190.164;191.430;110.396; 45.048;257.626
2002-11-17 08:30:00;170.306; 52.337;207.533;123.077;1346.560;406.017;103.577;208.618; 86.900;154.050;291.097; 96.823;154.980;191.616;172.578;190.952;190.402;109.886; 44.266;261.454
2002-11-17 08:35:00;167.586; 52.683;208.633;125.007;1341.580;408.897;   null;205.444; 87.312;154.850;289.580; 95.963;157.460;189.438;171.698;191.714;190.940;110.564; 45.118;259.476
2002-11-17 08:40:00;169.232; 51.107;208.133;124.643;1347.400;406.897;   null;210.686; 86.252;154.990;289.761; 96.534;156.980;189.220;172.834;191.722;190.546;110.202; 44.912;258.656
2002-11-17 08:45:00;167.676; 49.573;207.167;125.150;1342.740;405.737;103.757;208.602; 87.716;155.470;289.704; 97.024;157.680;189.128;173.190;191.616;191.082;110.874; 45.444;258.184
2002-11-17 08:50:00;182.714; 50.870;208.633;125.210;1346.840;407.230;   null;209.634; 86.730;156.370;287.938; 96.229;154.940;191.664;172.838;191.610;191.394;110.586; 44.108;254.580
2002-11-17 08:55:00;168.844; 52.080;206.033;121.570;1345.400;409.496;   null;208.926; 87.782;156.203;289.348; 95.377;156.380;189.682;171.014;191.762;191.902;110.550; 44.752;258.986
2002-11-17 09:00:00;169.122; 53.007;206.533;122.527;1339.080;407.453;102.436;211.422; 86.680;155.963;288.779; 97.045;158.120;187.954;171.428;190.198;190.464;110.720; 44.580;260.098
2002-11-17 09:05:00;168.972; 51.840;205.267;125.070;1339.040;408.040;   null;208.420; 86.218;155.593;287.639; 97.268;157.620;190.224;171.348;191.114;189.584;110.720; 45.190;261.560
2002-11-17 09:10:00;166.628; 51.670;207.200;123.127;1339.260;408.157;   null;206.792; 85.978;155.337;289.943; 97.100;158.480;189.542;172.630;189.522;191.600;110.612; 44.624;259.804
2002-11-17 09:15:00;167.906; 52.083;206.400;125.447;1338.820;405.217;102.887;210.448; 86.222;156.303;288.418; 96.598;156.200;188.954;171.544;192.332;189.812;109.520; 45.032;259.446
2002-11-17 09:20:00;168.418; 52.127;204.567;124.217;1340.580;409.300;   null;209.810; 85.646;152.460;293.170; 95.332;157.840;188.814;171.564;190.688;189.980;110.398; 44.832;259.040
2002-11-17 09:25:00;169.440; 50.440;207.667;122.183;1344.640;407.640;   null;209.470; 86.616;156.533;288.264; 94.974;155.560;186.946;172.398;190.676;190.074;110.856; 44.238;259.556
2002-11-17 09:30:00;168.230; 49.633;207.100;124.067;1336.380;408.287;103.180;207.824; 86.472;155.003;289.490; 96.783;156.960;188.334;171.248;190.336;191.142;109.946; 44.662;257.830
2002-11-17 09:35:00;166.850; 49.390;209.167;123.713;1342.920;404.357;   null;208.506; 88.036;156.190;288.447; 96.103;154.880;188.138;168.960;191.516;190.948;109.154; 44.754;257.120
2002-11-17 09:40:00;168.506; 49.107;205.400;122.983;1335.640;405.120;   null;208.778; 87.954;153.690;286.561; 95.464;155.460;188.854;169.158;191.868;190.992;110.236; 45.028;257.670
2002-11-17 09:45:00;166.916; 49.457;206.300;123.783;1339.720;406.593;104.050;210.474; 86.418;153.533;290.484; 97.412;156.180;189.616;169.534;188.436;190.000;111.298; 44.570;257.494
2002-11-17 09:50:00;168.140; 51.373;206.667;123.163;1339.360;406.317;   null;209.122; 87.074;155.100;288.240; 96.447;157.200;188.346;169.126;192.622;189.914;110.270; 44.032;257.568
2002-11-17 09:55:00;170.886; 52.130;205.633;125.063;1343.280;407.417;   null;208.818; 84.676;153.987;287.969; 96.830;153.480;188.338;169.078;191.326;186.674;109.958; 44.560;259.624
2002-11-17 10:00:00;168.028; 52.190;207.033;125.257;1337.920;404.393;102.959;209.304; 86.464;154.667;286.429; 95.998;158.420;187.998;169.950;190.234;190.334;108.830; 44.332;255.832
2002-11-17 10:05:00;168.930; 51.927;207.833;121.597;1335.420;407.140;   null;210.932; 86.676;154.003;286.006; 97.070;157.000;188.112;168.458;191.358;189.840;108.478; 44.292;256.716
2002-11-17 10:10:00;166.800; 52.490;206.067;123.533;1343.740;407.323;   null;209.658; 86.494;154.247;286.185; 96.074;158.960;190.768;170.570;190.950;190.076;109.768; 45.186;258.846
2002-11-17 10:15:00;167.258; 53.353;208.600;123.133;1334.960;406.637;103.380;207.692; 86.432;156.494;286.547; 97.331;155.700;190.266;167.812;191.774;189.420;110.194; 44.222;258.456
2002-11-17 10:20:00;169.758; 51.740;204.133;125.580;1337.760;406.170;   null;208.222; 86.840;154.346;284.120; 95.990;157.140;188.554;167.922;192.590;188.966;110.258; 44.504;260.108
2002-11-17 10:25:00;168.006; 50.500;205.300;123.413;1343.360;405.057;   null;207.452; 85.752;153.123;285.868; 98.418;157.340;187.792;170.968;190.530;191.102;109.360; 44.656;259.666
2002-11-17 10:30:00;167.172; 50.217;208.500;124.053;1335.060;406.666;105.027;207.022; 86.780;156.230;283.863; 96.723;157.400;188.656;169.346;194.018;188.272;109.212; 44.736;258.228
2002-11-17 10:35:00;169.754; 52.890;207.767;125.140;1336.100;404.290;   null;211.178; 86.456;154.470;287.928; 97.140;157.120;187.352;169.582;191.798;187.560;109.626; 44.948;259.412
2002-11-17 10:40:00;170.528; 52.687;205.500;123.680;1331.840;406.280;   null;207.548; 86.056;155.117;284.781; 95.685;156.580;187.404;168.678;190.892;190.744;109.092; 44.348;256.482
2002-11-17 10:45:00;167.920; 52.603;207.567;123.010;1330.340;407.570;102.547;209.560; 86.390;154.540;285.228; 94.937;155.700;186.840;169.746;192.606;189.576;110.076; 44.600;256.976
2002-11-17 10:50:00;168.004; 51.693;207.500;124.677;1328.260;409.807;   null;208.148; 86.658;153.960;283.737; 96.069;153.960;188.954;168.604;191.950;191.734;109.632; 45.088;257.940
2002-11-17 10:55:00;165.108; 51.227;206.167;123.387;1328.660;409.010;   null;208.988; 86.814;154.493;282.078; 97.503;155.240;187.800;171.132;190.732;189.292;109.404; 44.540;258.064
2002-11-17 11:00:00;164.418; 51.300;207.467;123.867;1347.160;408.880;102.960;210.166; 87.230;156.594;283.885; 96.475;158.480;188.444;167.444;190.194;187.694;109.956; 44.482;256.726
2002-11-17 11:05:00;167.524; 51.833;203.467;122.053;1325.080;407.277;   null;210.172; 86.908;155.513;282.232; 96.341;156.540;188.720;167.774;193.562;189.144;109.812; 43.872;254.434
2002-11-17 11:10:00;168.046; 51.957;205.533;123.530;1330.160;408.157;   null;208.012; 85.612;154.143;282.034; 96.567;155.800;189.118;168.140;194.232;191.912;109.990; 44.814;256.502
2002-11-17 11:15:00;167.786; 52.157;207.600;123.420;1322.520;405.373;103.709;208.046; 86.734;156.073;283.187; 96.312;155.000;188.558;169.938;191.234;188.744;108.702; 44.580;256.472
2002-11-17 11:20:00;167.978; 52.057;207.800;126.090;1318.300;408.180;   null;207.436; 87.674;156.603;282.606; 97.293;156.240;186.408;170.370;190.878;192.428;109.934; 44.216;255.536
2002-11-17 11:25:00;167.754; 50.243;207.867;123.327;1313.180;408.340;   null;208.122; 86.974;154.813;284.618; 96.725;155.200;187.334;169.722;192.300;188.396;109.590; 44.174;255.562
2002-11-17 11:30:00;167.430; 49.437;207.433;122.433;1315.900;407.167;103.784;205.794; 86.704;154.197;285.162; 95.933;158.080;189.784;170.320;190.126;189.080;108.530; 44.270;256.096
2002-11-17 11:35:00;167.642; 50.193;205.000;124.030;1319.120;408.350;   null;207.392; 86.378;153.333;285.211; 97.166;158.540;187.644;167.108;190.346;189.566;109.350; 44.194;255.614
2002-11-17 11:40:00;167.134; 51.623;206.767;123.613;1321.360;404.637;   null;205.926; 87.456;152.887;281.511; 95.680;156.780;188.428;169.116;191.086;188.944;109.720; 44.300;256.972
2002-11-17 11:45:00;167.578; 51.720;207.233;122.760;1318.440;406.160;103.077;208.486; 86.740;153.613;283.563; 97.248;157.980;188.448;165.366;190.226;188.188;108.314; 43.622;256.086
2002-11-17 11:50:00;165.856; 52.147;204.867;124.560;1316.920;406.290;   null;207.698; 85.652;153.480;283.724; 96.264;156.200;186.060;166.938;191.128;185.924;109.822; 44.234;255.448
2002-11-17 11:55:00;165.334; 52.780;206.667;123.213;1310.140;404.113;   null;206.600; 88.410;153.673;283.339; 97.135;158.400;187.814;166.676;187.068;189.270;108.820; 44.020;254.084
2002-11-17 12:00:00;168.164; 50.783;205.433;123.503;1320.800;405.207;102.974;208.670; 85.600;156.897;281.691; 96.337;158.360;186.962;166.980;188.538;187.752;108.796; 43.240;253.888
2002-11-17 12:05:00;167.528; 50.487;206.467;121.410;1313.320;402.007;   null;210.136; 86.958;154.383;282.205; 96.069;155.000;188.200;167.836;192.466;189.814;108.472; 44.314;254.552
2002-11-17 12:10:00;166.434; 52.327;208.333;122.690;1318.900;404.517;   null;209.994; 87.400;155.033;283.811; 97.762;155.780;188.014;167.054;189.396;187.844;109.894; 43.906;255.502
2002-11-17 12:15:00;164.892; 52.823;209.133;122.023;1318.240;405.013;103.561;206.024; 86.170;156.573;284.341; 95.214;157.080;184.676;166.948;190.314;186.248;110.444; 43.444;254.552
2002-11-17 12:20:00;165.342; 52.040;206.600;123.783;1311.480;401.100;   null;206.236; 86.524;153.520;282.287; 95.352;155.260;187.652;168.712;192.272;187.874;109.288; 44.068;251.222
2002-11-17 12:25:00;165.082; 51.553;207.300;124.637;1303.420;400.663;   null;205.382; 86.652;154.957;279.150; 95.782;157.680;185.032;165.980;190.162;187.450;109.614; 43.814;254.866
2002-11-17 12:30:00;167.696; 51.247;205.133;124.593;1308.280;402.523;102.818;207.276; 86.108;156.973;280.317; 97.355;156.980;185.840;167.334;190.860;185.652;108.106; 43.506;253.308
2002-11-17 12:35:00;164.412; 51.533;205.633;124.887;1310.660;399.733;   null;206.956; 86.166;153.563;282.126; 96.772;156.920;185.760;167.224;190.558;188.976;109.018; 43.688;253.174
2002-11-17 12:40:00;163.288; 51.983;205.167;123.997;1304.640;399.940;   null;206.232; 87.636;153.697;282.270; 96.538;156.720;184.636;168.544;189.710;186.876;108.846; 43.956;253.022
2002-11-17 12:45:00;164.878; 52.323;203.400;121.997;1308.160;400.070;102.665;207.488; 86.788;155.683;283.048; 97.725;156.640;186.984;165.030;190.770;188.430;109.738; 43.334;251.728
2002-11-17 12:50:00;165.348; 50.957;207.300;121.777;1301.140;401.280;   null;206.548; 86.004;154.440;282.183; 95.180;156.900;184.574;168.338;189.886;187.866;108.674; 43.878;253.366
2002-11-17 12:55:00;165.634; 49.403;206.767;123.527;1300.100;401.913;   null;207.884; 86.244;150.897;280.848; 97.369;156.080;187.054;167.790;189.774;187.682;108.084; 43.958;253.104
2002-11-17 13:00:00;165.964; 49.667;204.667;123.393;1299.640;402.480;102.900;207.206; 84.650;153.947;281.835; 96.809;156.400;186.666;167.642;187.638;187.304;108.892; 43.232;249.842
2002-11-17 13:05:00;166.356; 50.923;205.333;121.770;1294.500;401.570;   null;205.020; 86.328;151.717;278.663; 95.592;157.180;185.232;165.166;192.284;188.640;108.910; 44.036;252.474
2002-11-17 13:10:00;164.122; 51.943;204.100;122.203;1294.680;402.280;   null;205.588; 87.230;153.457;282.822; 96.200;156.080;187.088;167.252;191.650;186.600;106.734; 44.214;251.826
2002-11-17 13:15:00;163.094; 52.897;205.000;121.830;1308.320;401.836;103.205;205.842; 85.756;152.507;283.266; 96.262;155.800;185.896;165.684;189.908;187.702;108.556; 43.926;255.106
2002-11-17 13:20:00;164.124; 51.300;208.767;122.523;1300.900;395.840;   null;204.808; 86.292;152.483;283.630; 95.172;152.940;185.264;166.138;191.538;185.444;107.708; 44.124;254.990
2002-11-17 13:25:00;163.812; 49.513;206.600;122.340;1293.140;399.787;   null;206.958; 85.884;153.793;284.476; 96.111;156.580;188.088;168.060;189.598;186.490;107.624; 43.806;254.416
2002-11-17 13:30:00;166.494; 52.543;206.233;121.117;1298.620;401.307;101.293;203.962; 86.696;152.483;281.530; 96.222;155.800;186.254;165.432;189.356;188.304;109.196; 43.494;252.412
2002-11-17 13:35:00;165.640; 52.957;206.200;120.933;1298.280;401.063;   null;203.354; 85.722;152.980;281.817; 96.173;154.980;185.104;166.252;186.982;188.028;108.690; 44.290;250.462
2002-11-17 13:40:00;165.510; 51.770;206.600;121.077;1289.480;398.177;   null;205.208; 86.126;153.857;280.875; 95.365;157.300;186.994;167.888;190.208;186.540;108.946; 43.252;253.552
2002-11-17 13:45:00;165.192; 51.470;206.267;122.647;1289.040;398.037;102.358;202.776; 86.802;152.550;279.510; 95.607;154.100;187.204;166.470;188.062;188.614;109.576; 43.222;252.878
2002-11-17 13:50:00;165.350; 51.213;202.800;121.017;1292.160;395.710;   null;202.882; 86.002;152.633;280.642; 95.913;155.200;183.894;165.698;190.580;186.582;109.460; 43.970;251.628
2002-11-17 13:55:00;166.118; 51.780;206.867;121.200;1291.520;397.447;   null;204.084; 86.412;152.925;277.294; 94.224;154.000;185.030;164.640;191.842;187.264;109.568; 43.428;251.748
2002-11-17 14:00:00;162.064; 52.103;202.367;119.540;1285.920;396.350;101.917;202.776; 86.032;153.694;282.010; 95.818;155.600;184.624;166.530;189.474;185.950;107.916; 43.530;252.770
2002-11-17 14:05:00;164.446; 52.903;205.033;122.623;1280.640;396.237;   null;204.870; 86.178;153.290;281.161; 95.018;155.020;186.538;165.950;188.932;186.972;108.720; 43.816;250.192
2002-11-17 14:10:00;164.936; 51.740;204.733;121.113;1287.720;392.047;   null;203.296; 85.914;152.117;280.027; 96.100;155.740;186.086;165.598;188.174;188.050;109.030; 43.874;255.184
2002-11-17 14:15:00;163.422; 49.697;206.933;119.790;1282.820;392.657;101.708;204.702; 86.594;153.917;278.770; 96.477;155.820;185.094;166.346;192.402;190.558;108.426; 43.568;250.602
2002-11-17 14:20:00;163.540; 48.990;204.533;121.360;1282.960;395.287;   null;201.714; 85.422;151.427;281.305; 95.124;155.660;186.068;166.026;188.570;187.966;108.506; 43.446;252.260
2002-11-17 14:25:00;164.810; 49.137;202.433;121.003;1280.360;391.930;   null;204.922; 87.090;152.816;278.435; 94.716;153.480;183.750;166.028;188.322;187.382;108.514; 43.012;252.102
2002-11-17 14:30:00;164.622; 50.277;204.733;121.187;1279.960;390.597;101.331;205.878; 87.042;151.897;281.967; 95.100;155.120;186.710;165.944;191.050;185.424;108.716; 43.324;251.636
2002-11-17 14:35:00;163.758; 52.180;204.933;122.253;1278.220;391.023;   null;199.840; 86.932;153.053;280.406; 95.134;154.240;184.682;166.628;188.748;185.592;108.472; 42.616;249.538
2002-11-17 14:40:00;163.118; 52.413;205.000;119.643;1284.120;389.860;   null;204.928; 85.298;151.353;281.778; 95.271;155.100;183.714;166.764;188.180;185.782;108.230; 42.894;250.740
2002-11-17 14:45:00;163.236; 52.553;201.533;120.277;1285.340;394.350;101.680;202.244; 85.548;148.277;278.002; 94.266;152.380;184.414;166.936;192.618;188.240;108.020; 42.690;251.104
2002-11-17 14:50:00;164.456; 50.673;201.733;120.583;1274.560;396.697;   null;201.874; 86.978;151.900;280.641; 96.591;154.220;184.092;165.302;190.766;186.118;107.458; 43.540;249.776
2002-11-17 14:55:00;161.380; 49.850;203.700;121.187;1279.300;394.843;   null;199.918; 86.474;148.927;280.448; 95.644;155.800;183.796;164.054;189.470;186.398;109.672; 43.232;250.134
2002-11-17 15:00:00;161.852; 49.543;201.667;118.703;1276.640;390.157;101.604;200.404; 86.352;151.127;282.191; 94.678;154.700;184.018;166.190;190.314;186.210;108.660; 43.758;249.614
2002-11-17 15:05:00;164.138; 50.990;204.633;119.910;1281.560;394.427;   null;200.582; 83.906;149.723;276.936; 94.499;155.420;185.074;163.972;187.914;186.436;108.670; 43.046;247.234
2002-11-17 15:10:00;161.602; 52.900;205.000;120.467;1273.360;390.270;   null;201.752; 86.130;150.010;280.333; 94.602;154.260;184.708;165.056;189.896;185.180;108.156; 42.528;247.722
2002-11-17 15:15:00;163.352; 52.427;202.433;120.810;1275.680;395.157;101.248;199.760; 87.202;150.533;277.762; 95.309;153.100;184.406;163.584;188.342;185.920;109.936; 43.148;246.832
2002-11-17 15:20:00;161.112; 51.753;203.733;120.733;1277.460;391.463;   null;200.322; 85.746;150.310;280.396; 94.848;153.440;184.554;165.162;188.228;188.086;106.582; 41.890;247.434
2002-11-17 15:25:00;163.148; 51.520;204.233;120.447;1270.480;391.523;   null;202.010; 84.732;149.620;278.669; 95.286;152.340;184.336;164.480;187.338;187.280;108.666; 42.646;247.410
2002-11-17 15:30:00;163.980; 51.993;202.700;121.237;1278.300;392.303;100.970;203.232; 85.502;150.733;276.947; 95.148;152.340;182.516;164.864;189.922;187.218;108.640; 43.064;246.518
2002-11-17 15:35:00;163.510; 51.950;203.067;118.717;1270.620;393.477;   null;202.904; 86.890;149.876;278.060; 96.057;153.140;183.648;164.716;189.498;189.842;109.660; 42.516;248.112
2002-11-17 15:40:00;162.948; 52.140;201.633;122.153;1266.960;389.550;   null;201.624; 85.692;151.340;279.203; 94.817;153.420;183.998;163.926;191.842;187.778;107.406; 42.072;244.102
2002-11-17 15:45:00;164.600; 51.750;202.733;120.543;1269.340;394.910;100.151;201.850; 85.924;151.393;279.644; 93.366;152.280;184.496;165.358;190.830;187.636;108.852; 42.512;246.794
2002-11-17 15:50:00;162.312; 49.967;203.567;121.473;1269.780;389.610;   null;201.114; 86.364;149.560;280.738; 93.561;153.760;183.368;164.822;192.684;189.258;109.126; 42.202;247.560
2002-11-17 15:55:00;160.244; 48.887;204.067;119.477;1266.680;390.477;   null;202.584; 84.856;151.407;276.250; 94.051;153.280;182.440;165.428;190.482;186.956;107.672; 42.488;243.494
2002-11-17 16:00:00;159.930; 48.873;202.733;119.023;1267.660;390.403;100.414;200.766; 86.042;150.430;277.925; 92.182;150.780;182.834;164.504;190.236;186.928;108.970; 42.782;244.920
2002-11-17 16:05:00;161.888; 50.473;201.567;120.963;1264.960;389.847;   null;200.154; 86.794;152.500;277.150; 91.906;153.780;181.846;162.994;189.428;187.772;108.706; 41.552;245.188
2002-11-17 16:10:00;162.280; 51.637;202.033;120.393;1261.840;390.790;   null;202.140; 86.050;150.170;277.650; 93.804;151.580;182.398;161.874;192.646;187.294;108.038; 42.244;243.776
2002-11-17 16:15:00;161.762; 52.497;203.833;119.717;1264.120;388.860;100.098;200.510; 86.174;150.044;278.923; 94.221;150.580;181.080;163.822;190.328;187.740;108.458; 41.638;245.040
2002-11-17 16:20:00;160.464; 52.147;203.200;119.430;1267.880;391.843;   null;201.444; 86.736;150.673;278.065; 94.237;152.960;182.700;165.074;187.972;187.286;106.616; 41.524;242.964
2002-11-17 16:25:00;161.288; 52.857;204.333;118.873;1263.160;389.147;   null;199.770; 84.328;150.613;275.072; 93.074;154.120;181.580;162.022;185.826;188.228;107.956; 42.018;245.334
2002-11-17 16:30:00;162.764; 52.207;203.967;118.547;1259.080;387.590; 99.414;200.746; 85.284;149.833;277.769; 92.548;151.700;182.052;162.844;189.490;185.924;109.548; 41.090;240.860
2002-11-17 16:35:00;163.406; 51.690;202.367;120.167;1260.100;389.437;   null;199.756; 85.356;150.483;274.835; 92.772;150.720;181.358;163.238;188.652;187.480;107.396; 41.562;242.502
2002-11-17 16:40:00;162.382; 50.157;201.367;118.167;1257.560;387.557;   null;201.544; 85.056;150.127;278.758; 94.130;151.200;181.762;162.316;186.740;190.312;107.662; 41.648;242.040
2002-11-17 16:45:00;162.692; 49.177;202.767;120.343;1252.760;388.497; 99.747;201.002; 84.766;152.613;277.685; 94.916;151.920;182.486;163.846;186.914;189.240;107.548; 40.788;242.742
2002-11-17 16:50:00;161.106; 51.167;201.233;119.903;1256.240;388.417;   null;198.668; 86.272;149.983;275.812; 94.042;150.340;181.252;161.412;188.386;187.580;107.152; 40.802;241.992
2002-11-17 16:55:00;161.252; 53.063;202.100;118.757;1256.160;389.023;   null;200.194; 86.092;149.933;275.972; 94.543;150.300;181.880;162.940;187.346;186.902;107.538; 41.378;241.858
2002-11-17 17:00:00;161.694; 52.337;202.167;117.363;1259.460;389.610; 98.986;197.840; 85.720;149.243;276.791; 93.238;150.440;182.274;164.154;187.900;185.824;107.798; 41.526;242.702
2002-11-17 17:05:00;161.394; 51.520;200.600;118.637;1254.300;388.380;   null;200.304; 85.426;150.550;274.184; 92.473;150.980;181.390;164.340;188.476;187.716;107.702; 41.630;240.550
2002-11-17 17:10:00;160.284; 51.377;204.567;117.393;1259.600;383.737;   null;199.554; 83.456;148.227;274.073; 91.197;151.260;182.964;165.034;188.764;187.576;107.374; 41.472;239.788
2002-11-17 17:15:00;161.692; 51.907;200.733;118.280;1255.960;384.897; 99.352;199.076; 84.816;149.117;275.543; 92.722;150.980;180.462;162.940;187.214;187.896;108.522; 41.352;242.882
2002-11-17 17:20:00;162.276; 52.190;200.500;117.880;1254.800;385.850;   null;197.396; 85.428;149.920;275.799; 93.586;151.080;180.798;163.120;189.352;187.766;107.720; 41.774;242.370
2002-11-17 17:25:00;159.240; 52.647;201.867;119.103;1256.900;386.817;   null;201.068; 84.572;150.587;274.552; 93.981;152.320;181.698;162.216;186.936;187.276;106.652; 41.226;241.902
2002-11-17 17:30:00;161.972; 50.790;202.733;120.480;1259.400;385.730; 99.808;199.290; 83.916;151.677;275.809; 92.761;150.500;181.088;163.436;187.960;184.670;108.110; 41.728;242.690
2002-11-17 17:35:00;161.000; 49.253;202.733;120.253;1253.200;385.793;   null;200.826; 84.186;152.057;273.856; 92.202;150.140;182.618;163.962;187.330;185.808;107.714; 41.454;241.732
2002-11-17 17:40:00;158.212; 49.383;204.567;117.573;1248.480;383.643;   null;197.250; 85.618;148.240;277.931; 93.169;150.340;181.846;163.808;186.212;185.038;107.270; 42.072;243.104
2002-11-17 17:45:00;159.192; 50.743;202.533;116.537;1255.900;381.350; 99.977;197.318; 87.624;147.667;274.409; 93.250;151.920;180.524;163.284;189.042;187.180;105.460; 42.112;243.060
2002-11-17 17:50:00;161.036; 52.013;202.300;117.087;1252.740;384.143;   null;197.190; 84.892;149.140;274.921; 92.029;151.820;180.952;162.210;187.132;188.552;106.598; 42.034;242.864
2002-11-17 17:55:00;161.178; 52.153;202.467;118.143;1255.040;380.693;   null;196.854; 84.650;148.300;272.679; 92.643;150.760;181.374;161.172;187.070;186.408;106.430; 41.862;242.742
2002-11-17 18:00:00;160.696; 52.307;202.933;117.170;1257.820;382.100; 99.333;195.990; 84.822;148.790;274.961; 93.270;150.820;183.016;162.710;187.692;184.036;106.828; 41.286;242.556
2002-11-17 18:05:00;160.232; 50.400;201.133;117.980;1258.420;380.580;   null;197.614; 84.850;147.180;273.783; 92.152;150.440;181.236;162.874;185.020;185.970;105.450; 41.402;242.764
2002-11-17 18:10:00;159.538; 51.590;203.333;117.637;1255.260;376.957;   null;196.980; 84.778;148.400;275.900; 91.770;149.480;181.178;160.616;185.422;187.874;105.834; 41.590;242.252
2002-11-17 18:15:00;159.674; 52.793;202.567;118.307;1260.680;377.453; 99.985;197.622; 84.000;148.220;274.938; 92.680;149.100;180.888;162.026;185.172;186.894;105.832; 41.794;240.618
2002-11-17 18:20:00;161.836; 52.403;201.633;118.643;1251.420;377.477;   null;198.296; 83.890;149.043;273.470; 92.483;149.640;182.494;162.222;185.866;187.182;106.028; 41.220;240.954
2002-11-17 18:25:00;159.266; 51.557;200.467;117.743;1253.120;380.683;   null;194.520; 84.608;147.410;273.701; 92.576;149.860;179.970;161.606;186.166;187.550;106.092; 41.592;241.250
2002-11-17 18:30:00;158.178; 52.030;206.267;118.317;1258.660;377.460; 99.367;197.490; 84.144;147.213;271.650; 91.719;149.600;180.022;163.176;184.722;184.690;107.350; 41.554;240.800
2002-11-17 18:35:00;159.502; 52.437;201.500;119.747;1252.060;377.987;   null;196.438; 84.644;146.670;272.480; 92.131;148.840;180.770;162.568;186.838;185.960;106.864; 41.752;238.998
2002-11-17 18:40:00;161.216; 52.617;199.867;117.257;1251.360;376.723;   null;197.358; 84.804;144.450;275.436; 90.595;148.340;181.504;160.412;186.434;188.214;107.144; 41.860;242.012
2002-11-17 18:45:00;161.844; 51.520;201.633;118.647;1255.100;377.763; 99.552;193.496; 85.034;148.300;274.890; 91.933;149.860;179.844;160.082;186.648;185.914;105.104; 41.538;241.530
2002-11-17 18:50:00;159.458; 50.130;199.733;117.520;1255.860;374.697;   null;195.914; 83.632;144.143;276.111; 92.099;149.160;181.426;161.772;188.424;184.190;105.652; 41.948;241.634
2002-11-17 18:55:00;160.668; 48.800;203.600;118.957;1253.820;376.430;   null;196.090; 84.480;146.767;275.950; 90.989;149.380;183.238;161.196;187.346;184.464;106.396; 41.688;240.858
2002-11-17 19:00:00;159.434; 49.203;199.833;118.297;1251.040;378.967; 98.519;196.030; 84.854;147.053;273.373; 91.807;149.360;182.004;160.950;187.556;184.996;107.200; 40.830;239.854
2002-11-17 19:05:00;159.008; 49.933;203.133;117.447;1246.640;374.427;   null;193.612; 85.512;143.763;277.471; 89.787;149.480;182.426;162.846;185.914;185.216;104.748; 41.144;240.396
2002-11-17 19:10:00;158.950; 51.250;202.567;118.710;1253.080;377.413;   null;193.168; 84.042;147.313;274.825; 93.052;148.240;182.936;163.230;185.842;184.994;106.892; 41.450;240.730
2002-11-17 19:15:00;161.268; 51.213;200.533;118.653;1253.800;374.703; 98.855;193.448; 85.030;144.620;274.424; 92.188;149.440;184.162;161.796;186.808;186.748;104.784; 41.188;238.318
2002-11-17 19:20:00;162.922; 51.800;202.567;117.283;1255.300;378.086;   null;195.180; 85.900;145.847;277.385; 91.185;149.740;180.872;162.186;184.986;185.592;105.282; 41.464;238.142
2002-11-17 19:25:00;161.938; 52.087;202.300;119.377;1258.560;375.047;   null;193.396; 84.668;145.237;275.516; 92.265;146.740;182.368;160.460;185.700;187.212;107.234; 41.140;241.048
2002-11-17 19:30:00;160.834; 52.727;203.067;117.553;1255.480;376.710; 97.452;195.038; 85.006;144.930;278.444; 90.784;147.060;182.042;163.498;186.418;185.640;107.928; 40.846;240.078
2002-11-17 19:35:00;161.624; 51.313;203.333;117.387;1254.420;373.293;   null;194.318; 83.398;146.773;274.785; 89.672;147.360;183.204;160.350;185.626;183.892;106.438; 40.956;238.990
2002-11-17 19:40:00;160.388; 49.803;200.667;118.153;1251.600;373.477;   null;193.322; 84.150;145.560;277.408; 91.470;147.880;181.938;159.840;184.436;186.344;106.736; 40.880;240.884
2002-11-17 19:45:00;161.380; 49.777;202.233;118.290;1246.180;378.847; 98.018;194.992; 83.758;143.390;277.931; 91.381;148.340;183.778;162.708;183.878;186.488;105.984; 41.502;238.786
2002-11-17 19:50:00;159.892; 52.360;202.200;117.940;1257.240;377.190;   null;194.484; 85.232;145.740;272.962; 91.607;146.660;184.318;163.222;183.504;186.190;106.154; 41.192;236.918
2002-11-17 19:55:00;160.816; 52.417;200.233;117.250;1249.940;378.153;   null;197.638; 83.728;142.980;275.130; 90.955;149.300;183.616;159.370;183.658;183.436;104.524; 41.504;239.140
2002-11-17 20:00:00;158.310; 52.677;198.733;117.403;1259.860;377.150; 97.228;192.836; 84.892;144.857;273.590; 91.651;145.500;183.716;161.282;186.964;186.326;104.808; 41.294;239.690
2002-11-17 20:05:00;159.384; 51.927;200.067;117.463;1254.460;378.133;   null;196.478; 85.576;146.190;274.593; 88.761;147.000;182.724;162.160;184.392;185.080;106.266; 41.264;240.182
2002-11-17 20:10:00;160.146; 51.237;201.267;116.820;1250.200;379.517;   null;196.238; 84.596;146.517;274.890; 90.311;145.460;185.758;160.728;184.072;185.716;106.704; 40.588;238.100
2002-11-17 20:15:00;161.148; 51.243;202.100;117.170;1252.580;378.043; 96.847;197.014; 84.174;146.083;276.449; 92.523;145.700;183.872;162.294;184.082;185.520;105.634; 41.100;238.814
2002-11-17 20:20:00;161.268; 51.883;200.300;117.530;1255.620;378.473;   null;194.874; 84.444;146.490;278.164; 90.155;146.920;184.656;163.700;185.738;184.750;105.524; 40.646;237.062
2002-11-17 20:25:00;159.788; 51.910;200.067;118.553;1251.420;378.747;   null;191.908; 83.598;143.917;276.330; 91.128;145.840;184.842;162.094;186.276;185.268;106.018; 41.720;237.778
2002-11-17 20:30:00;158.108; 52.477;202.000;117.090;1253.540;377.627; 96.455;195.006; 84.064;144.563;277.327; 90.668;148.120;181.614;161.838;182.426;188.422;106.570; 40.724;238.720
2002-11-17 20:35:00;160.970; 52.370;197.667;117.387;1256.300;376.633;   null;193.120; 83.552;146.193;277.466; 90.877;145.840;183.536;163.792;183.816;186.978;105.360; 41.014;240.214
2002-11-17 20:40:00;158.684; 51.193;199.867;117.287;1258.360;379.300;   null;194.058; 85.138;146.257;275.250; 90.469;146.040;182.584;162.870;183.300;187.742;106.048; 41.024;239.872
2002-11-17 20:45:00;160.528; 48.773;198.933;116.947;1254.760;374.813; 96.814;195.184; 85.050;143.767;276.604; 90.391;146.860;183.906;161.516;184.080;185.668;106.872; 41.130;237.560
2002-11-17 20:50:00;156.358; 48.747;199.167;117.000;1253.260;379.623;   null;194.200; 82.822;145.523;280.719; 91.274;147.000;182.774;163.724;181.422;185.640;105.630; 41.022;238.346
2002-11-17 20:55:00;160.056; 49.257;200.833;116.867;1263.380;376.010;   null;195.756; 83.690;144.247;275.950; 89.573;146.340;182.280;162.386;185.392;186.214;105.978; 41.042;236.300
2002-11-17 21:00:00;158.958; 50.873;198.500;118.143;1254.200;376.170; 97.633;195.782; 84.644;144.380;276.976; 92.158;148.500;184.284;163.218;183.254;185.824;105.592; 40.760;238.704
2002-11-17 21:05:00;159.118; 52.017;199.267;117.010;1252.980;377.347;   null;195.762; 84.354;144.040;278.641; 89.526;146.660;183.708;164.400;184.814;183.686;105.206; 41.314;238.966
2002-11-17 21:10:00;160.738; 52.680;200.233;118.743;1254.740;380.030;   null;195.930; 83.576;146.523;278.835; 88.855;146.660;182.730;162.570;185.532;185.334;104.604; 40.886;238.574
2002-11-17 21:15:00;159.920; 51.667;200.500;117.313;1265.240;379.147; 96.761;197.508; 84.062;144.380;280.732; 88.164;146.040;184.142;162.628;184.606;185.838;106.206; 41.122;238.840
2002-11-17 21:20:00;160.180; 50.070;199.100;115.957;1257.520;375.514;   null;195.570; 82.686;144.490;279.483; 89.030;147.540;182.972;165.088;182.032;184.424;105.728; 40.772;238.524
2002-11-17 21:25:00;161.142; 50.670;202.267;116.187;1256.080;376.020;   null;194.160; 84.134;144.060;279.547; 89.059;146.920;183.250;163.926;184.146;185.500;105.322; 40.816;240.048
2002-11-17 21:30:00;159.806; 52.417;199.667;117.107;1254.760;379.113; 97.176;194.566; 83.324;146.263;278.858; 90.785;148.400;183.924;162.798;185.768;184.690;104.368; 40.642;239.252
2002-11-17 21:35:00;160.512; 52.710;197.333;119.117;1257.800;377.530;   null;194.764; 83.288;147.330;277.870; 90.718;148.600;183.838;165.062;183.612;182.966;105.808; 40.930;239.858
2002-11-17 21:40:00;160.080; 51.960;199.033;117.023;1253.840;376.537;   null;195.686; 83.826;144.410;280.484; 90.498;145.540;184.464;162.064;180.998;183.768;106.264; 41.134;239.686
2002-11-17 21:45:00;162.100; 51.387;199.167;117.863;1256.800;379.273; 96.697;195.974; 82.722;143.517;278.609; 90.355;147.320;182.510;161.980;184.800;183.334;105.386; 41.028;240.580
2002-11-17 21:50:00;161.864; 51.257;199.367;118.740;1253.720;379.100;   null;195.586; 84.940;146.503;278.512; 91.038;147.520;183.088;163.524;185.038;182.924;106.114; 41.372;237.730
2002-11-17 21:55:00;160.596; 51.620;199.200;117.790;1265.060;379.610;   null;196.628; 84.188;146.607;279.783; 90.508;146.140;185.218;164.420;183.068;185.662;105.170; 40.642;240.164
2002-11-17 22:00:00;160.324; 52.647;195.267;119.830;1259.500;376.597; 96.800;196.822; 82.452;145.813;280.463; 91.336;147.540;182.864;164.724;183.218;184.780;106.234; 41.166;237.216
2002-11-17 22:05:00;162.154; 51.970;197.167;117.260;1253.320;377.993;   null;197.462; 84.688;146.250;279.461; 90.899;146.740;184.602;164.880;185.248;184.732;105.120; 40.872;240.132
2002-11-17 22:10:00;158.874; 51.157;201.433;116.930;1257.540;379.087;   null;197.326; 83.838;146.413;277.397; 90.455;146.720;182.820;163.960;185.498;183.384;105.186; 41.024;239.772
2002-11-17 22:15:00;160.420; 49.883;200.167;116.770;1255.540;378.337; 96.788;194.938; 83.524;144.900;277.713; 90.600;146.520;183.806;164.020;183.034;184.178;105.742; 41.426;239.466
2002-11-17 22:20:00;160.158; 49.477;200.567;116.720;1262.780;378.223;   null;196.410; 83.050;143.197;275.681; 91.049;145.580;184.434;164.032;185.632;185.370;105.954; 40.950;240.664
2002-11-17 22:25:00;160.280; 49.327;201.200;117.993;1255.060;379.603;   null;197.626; 84.394;146.397;277.414; 88.189;145.460;181.552;163.762;183.532;185.404;105.090; 41.122;240.660
2002-11-17 22:30:00;161.652; 51.907;199.733;118.073;1255.320;376.617; 96.170;195.288; 82.034;144.437;278.451; 90.606;146.380;182.672;164.278;183.340;185.598;104.724; 40.920;238.926
2002-11-17 22:35:00;161.178; 51.907;194.933;118.173;1257.980;377.623;   null;198.716; 83.278;143.640;277.583; 89.685;144.500;184.842;166.358;184.906;183.990;106.080; 41.398;240.472
2002-11-17 22:40:00;164.110; 52.203;201.500;117.233;1259.800;379.687;   null;195.504; 83.298;146.020;277.422; 90.096;146.140;185.064;165.330;184.328;185.090;105.630; 41.360;239.040
2002-11-17 22:45:00;160.592; 52.810;199.767;116.700;1258.180;378.794; 95.657;194.014; 82.658;145.667;274.670; 90.074;148.740;185.546;164.702;183.792;185.884;106.478; 41.368;240.958
2002-11-17 22:50:00;161.838; 53.137;198.400;116.693;1260.780;376.337;   null;195.790; 83.050;146.043;278.801; 89.699;148.560;184.454;163.748;181.794;187.290;106.460; 41.782;236.574
2002-11-17 22:55:00;162.642; 51.153;200.800;117.457;1255.980;377.990;   null;195.822; 82.694;146.397;274.837; 90.308;146.640;182.182;163.450;182.726;183.598;106.040; 41.620;241.288
2002-11-17 23:00:00;160.506; 49.287;199.500;118.517;1261.980;375.543; 96.107;196.618; 83.524;143.830;277.745; 91.868;146.880;183.900;163.108;181.984;182.234;104.456; 41.214;241.516
2002-11-17 23:05:00;159.734; 51.280;198.533;116.520;1258.860;378.540;   null;197.900; 82.318;144.920;278.843; 91.064;145.420;185.174;164.904;186.412;183.452;105.190; 41.778;239.424
2002-11-17 23:10:00;159.422; 52.783;199.167;117.183;1257.940;375.830;   null;195.166; 83.346;145.750;279.567; 90.643;147.140;183.682;166.630;184.500;186.022;105.396; 41.288;239.464
2002-11-17 23:15:00;160.712; 52.277;199.900;118.490;1256.180;379.953; 96.373;197.640; 83.694;144.430;276.840; 89.399;146.220;183.162;163.484;185.384;185.132;105.136; 41.778;241.674
2002-11-17 23:20:00;159.436; 51.777;198.400;117.937;1263.420;377.430;   null;194.436; 82.316;143.977;277.824; 90.624;148.040;183.888;165.318;186.856;184.610;105.608; 41.692;241.548
2002-11-17 23:25:00;159.174; 51.427;199.967;117.747;1262.200;378.127;   null;195.060; 83.164;144.330;275.352; 90.314;146.160;182.536;162.602;186.884;185.212;104.388; 41.316;241.610
2002-11-17 23:30:00;159.364; 51.227;198.167;115.690;1259.120;377.387; 97.009;194.950; 83.112;145.440;277.114; 90.699;147.000;184.228;164.484;186.884;182.882;105.380; 41.338;241.612
2002-11-17 23:35:00;159.870; 51.370;198.067;119.103;1264.100;380.583;   null;194.200; 83.246;144.687;273.559; 91.273;147.640;183.614;163.840;186.954;184.504;106.504; 42.064;239.792
2002-11-17 23:40:00;160.254; 51.667;198.900;116.787;1264.820;381.520;   null;195.910; 82.602;143.927;276.527; 88.866;146.820;182.268;166.166;185.336;183.924;106.362; 41.018;240.486
2002-11-17 23:45:00;161.116; 52.487;199.300;117.113;1262.620;379.153; 97.025;196.136; 82.066;146.150;277.505; 90.412;148.160;184.344;167.108;185.262;183.316;104.044; 41.088;242.684
2002-11-17 23:50:00;159.738; 51.793;199.533;118.997;1261.880;377.177;   null;195.184; 83.544;145.997;278.001; 90.832;148.580;184.618;165.632;185.112;185.734;105.300; 41.366;241.352
2002-11-17 23:55:00;161.572; 50.610;198.933;118.177;1265.920;382.240;   null;193.724; 82.316;147.204;273.074; 91.543;147.680;183.360;164.610;185.546;184.088;105.420; 41.394;240.486
2002-11-18 00:00:00;158.226; 48.883;197.233;118.330;1262.000;381.640; 95.541;196.996; 83.456;146.600;276.567; 91.457;145.100;184.246;164.436;185.502;184.616;104.788; 41.446;239.656
2002-11-18 00:05:00;159.520; 49.093;199.200;116.980;1258.500;379.420;   null;198.548; 82.718;145.593;278.263; 89.432;148.520;184.314;164.254;185.040;184.040;104.328; 41.956;240.830
2002-11-18 00:10:00;162.546; 49.390;197.400;117.447;1260.760;380.793;   null;193.940; 81.926;148.320;276.337; 92.059;146.920;184.860;166.348;184.304;184.458;106.034; 41.438;240.096
2002-11-18 00:15:00;160.590; 51.523;200.467;119.500;1256.220;377.510; 97.218;196.518; 84.110;144.990;275.842; 89.786;148.740;183.812;164.478;186.962;183.308;106.260; 41.464;242.260
2002-11-18 00:20:00;161.348; 52.040;199.400;117.790;1259.120;381.427;   null;198.640; 82.036;144.463;272.613; 89.132;147.760;182.774;163.406;183.612;184.648;104.900; 41.782;243.110
2002-11-18 00:25:00;162.550; 52.527;198.300;118.013;1264.280;380.187;   null;195.284; 82.794;144.153;278.093; 90.801;146.900;183.486;165.886;185.018;183.478;105.154; 42.272;242.622
2002-11-18 00:30:00;159.680; 52.203;195.833;119.057;1255.600;380.553; 96.041;195.968; 84.388;147.420;277.401; 90.148;145.920;182.508;164.874;183.258;183.238;105.028; 40.876;240.938
2002-11-18 00:35:00;159.530; 50.180;201.333;115.853;1258.380;378.220;   null;195.068; 82.828;145.357;277.303; 91.133;146.000;184.270;164.418;182.538;181.124;104.230; 42.108;240.008
2002-11-18 00:40:00;160.038; 49.480;199.300;117.460;1266.300;381.240;   null;195.166; 81.698;145.130;274.112; 91.772;146.160;184.428;165.460;182.236;184.054;105.022; 41.048;240.600
2002-11-18 00:45:00;162.946; 51.293;197.800;120.817;1261.460;383.553; 97.091;197.516; 82.998;145.677;272.935; 89.914;145.880;182.914;164.564;184.552;182.136;103.940; 40.866;242.102
2002-11-18 00:50:00;159.750; 53.563;198.400;118.083;1250.700;380.107;   null;195.348; 82.008;146.460;276.625; 91.455;146.300;183.262;167.090;183.728;185.774;105.046; 41.154;239.960
2002-11-18 00:55:00;160.976; 52.933;197.333;117.123;1260.800;380.900;   null;197.046; 83.262;146.767;275.641; 92.719;147.220;185.318;165.894;183.638;185.136;105.750; 42.042;243.660
2002-11-18 01:00:00;159.880; 52.173;197.867;118.180;1262.060;377.110; 97.201;197.086; 82.170;146.090;275.216; 91.796;147.180;182.564;164.286;181.490;183.274;104.538; 41.678;240.704
2002-11-18 01:05:00;160.858; 51.440;198.167;117.803;1266.020;379.750;   null;196.676; 82.046;145.560;274.076; 90.414;147.080;183.582;164.608;183.308;182.246;104.260; 40.876;242.850
2002-11-18 01:10:00;159.494; 51.983;196.500;116.677;1261.180;379.640;   null;197.540; 82.572;147.143;276.683; 90.598;146.480;182.958;166.232;182.866;184.460;104.826; 41.486;240.272
2002-11-18 01:15:00;160.094; 52.100;199.233;117.120;1253.840;381.760; 96.421;194.222; 83.472;145.657;273.224; 89.881;146.360;182.890;165.304;182.078;183.962;103.676; 41.140;240.266
2002-11-18 01:20:00;162.196; 52.413;197.333;118.653;1262.660;379.210;   null;198.718; 82.944;146.806;274.760; 89.209;147.060;183.888;165.118;182.882;184.376;105.174; 41.710;242.926
2002-11-18 01:25:00;162.626; 53.003;197.667;118.120;1272.860;381.687;   null;197.818; 83.632;145.887;275.178; 90.522;148.200;181.812;165.148;182.036;183.520;104.424; 41.438;240.522
2002-11-18 01:30:00;158.888; 52.497;198.833;118.030;1259.880;380.750; 96.347;195.516; 83.492;147.410;274.728; 90.849;147.760;181.884;164.804;182.044;182.548;104.758; 41.064;240.552
2002-11-18 01:35:00;157.854; 51.330;197.333;119.553;1264.040;384.390;   null;197.582; 82.724;144.373;277.466; 91.215;146.300;184.036;165.070;180.656;183.198;105.220; 41.650;241.512
2002-11-18 01:40:00;160.118; 50.090;200.500;117.830;1262.320;381.110;   null;197.466; 82.874;145.010;273.359; 91.889;146.400;184.748;165.280;181.626;184.094;106.048; 42.224;242.212
2002-11-18 01:45:00;159.970; 49.287;197.667;117.267;1262.800;383.183; 96.709;196.740; 82.826;145.197;273.657; 90.373;147.020;184.062;165.188;180.840;180.364;105.454; 42.052;242.430
2002-11-18 01:50:00;160.070; 49.717;198.533;118.700;1265.640;383.203;   null;196.014; 82.888;146.203;274.076; 91.073;148.660;182.458;165.486;182.462;182.334;105.198; 40.990;242.020
2002-11-18 01:55:00;159.126; 49.137;197.933;118.787;1256.280;381.747;   null;198.394; 82.786;145.737;275.118; 91.862;149.100;183.116;164.254;179.702;183.508;105.702; 41.650;241.280
2002-11-18 02:00:00;160.068; 50.500;200.567;117.693;1255.520;380.923; 96.372;196.156; 82.948;145.780;277.336; 90.035;146.840;181.772;167.232;182.172;184.064;105.006; 41.352;242.590
2002-11-18 02:05:00;160.688; 51.437;196.767;116.777;1254.640;379.727;   null;194.950; 81.934;144.386;273.160; 90.250;147.520;184.224;166.836;181.524;183.488;107.042; 40.920;241.028
2002-11-18 02:10:00;160.338; 52.300;198.167;116.413;1261.300;383.133;   null;197.494; 81.856;147.033;274.425; 90.042;147.980;182.934;164.998;184.686;183.732;105.508; 40.924;239.892
2002-11-18 02:15:00;161.802; 52.740;197.667;117.393;1267.360;386.087; 97.087;198.478; 82.468;145.937;273.676; 90.368;146.340;183.138;166.044;179.280;182.312;105.418; 41.510;240.136
2002-11-18 02:20:00;160.466; 52.367;201.233;118.500;1270.060;379.177;   null;196.674; 81.818;145.510;277.087; 90.192;146.920;183.542;165.276;180.832;181.266;105.486; 41.906;242.044
2002-11-18 02:25:00;162.192; 50.313;198.233;118.253;1264.900;383.073;   null;195.830; 82.822;146.227;273.022; 91.944;145.960;181.846;164.776;180.796;183.282;104.838; 41.176;242.396
2002-11-18 02:30:00;160.184; 49.740;200.367;118.543;1262.180;380.834; 97.569;195.296; 82.896;146.633;274.556; 89.890;148.040;182.312;167.692;179.654;182.106;103.714; 41.206;240.370
2002-11-18 02:35:00;162.258; 50.860;197.133;119.123;1265.820;383.827;   null;197.500; 81.954;147.083;273.313; 89.219;146.340;181.896;165.900;179.320;183.510;105.318; 41.060;242.028
2002-11-18 02:40:00;160.664; 52.920;196.600;118.453;1266.040;383.243;   null;195.796; 82.114;147.510;272.956; 91.252;148.260;183.280;166.470;180.330;183.290;104.902; 41.446;241.748
2002-11-18 02:45:00;161.298; 51.760;198.533;119.290;1270.000;379.737; 97.889;197.048; 83.312;144.890;272.761; 91.822;146.360;181.896;165.878;180.856;182.424;104.858; 41.726;242.534
2002-11-18 02:50:00;159.938; 51.330;198.700;119.110;1266.440;382.730;   null;197.864; 82.998;145.227;274.545; 91.177;147.620;181.884;167.206;180.650;182.086;106.144; 41.414;240.360
2002-11-18 02:55:00;159.440; 51.670;197.067;118.820;1274.140;384.060;   null;194.706; 82.204;147.103;274.772; 91.165;147.000;182.128;166.384;178.404;179.732;106.006; 41.766;241.332
2002-11-18 03:00:00;160.558; 51.900;198.867;117.610;1270.440;380.140; 97.603;199.488; 82.740;147.880;273.176; 90.097;146.680;183.822;166.286;179.434;180.682;105.668; 42.198;241.610
2002-11-18 03:05:00;160.902; 52.343;197.767;116.290;1266.900;384.163;   null;198.094; 83.220;145.920;274.311; 90.624;146.720;182.728;165.212;180.528;181.580;106.338; 41.836;240.818
2002-11-18 03:10:00;163.334; 52.947;199.200;117.283;1269.300;379.460;   null;196.656; 83.634;148.923;272.136; 89.437;148.260;184.142;166.802;178.580;182.074;105.752; 42.092;244.046
2002-11-18 03:15:00;160.248; 51.837;200.667;118.687;1277.460;378.517; 96.804;197.054; 81.822;145.387;273.927; 91.040;148.040;182.280;164.560;181.168;179.806;104.880; 40.738;240.184
2002-11-18 03:20:00;158.358; 50.383;199.533;117.003;1273.640;382.243;   null;195.170; 82.782;146.970;274.869; 91.408;147.960;181.314;166.630;181.054;179.182;105.002; 41.682;244.744
2002-11-18 03:25:00;161.120; 49.810;199.667;118.207;1274.480;379.350;   null;197.112; 82.994;144.567;275.032; 91.078;149.900;182.096;164.858;183.126;181.212;107.416; 41.554;241.058
2002-11-18 03:30:00;160.830; 48.697;199.733;118.787;1272.840;377.903; 97.761;196.188; 82.282;146.253;272.631; 91.114;147.560;180.638;166.492;180.920;182.490;105.538; 42.002;242.768
2002-11-18 03:35:00;160.414; 49.370;196.867;116.770;1275.920;380.810;   null;197.124; 84.304;146.877;272.140; 89.814;147.340;180.288;167.368;180.650;177.348;105.756; 42.072;243.558
2002-11-18 03:40:00;161.528; 50.303;197.000;119.193;1272.280;380.517;   null;197.152; 82.216;145.527;272.205; 91.682;145.920;182.004;164.444;181.362;178.126;106.220; 41.512;239.204
2002-11-18 03:45:00;162.116; 51.360;197.767;116.920;1280.460;382.467; 96.999;194.776; 82.600;144.393;271.981; 89.037;146.940;182.316;167.682;179.704;181.224;105.780; 40.990;240.176
2002-11-18 03:50:00;160.474; 52.257;198.833;119.470;1274.420;383.393;   null;198.688; 83.046;146.467;273.314; 90.482;146.420;183.250;167.274;183.400;177.626;104.448; 41.590;241.762
2002-11-18 03:55:00;161.720; 52.327;198.900;118.587;1281.720;382.843;   null;195.498; 83.772;145.617;271.100; 90.816;148.560;182.368;165.116;180.702;179.228;106.334; 41.390;241.518
2002-11-18 04:00:00;161.244; 52.370;197.967;116.960;1279.580;377.817; 97.290;196.044; 83.532;147.223;275.916; 90.221;146.780;181.752;164.880;180.044;180.702;104.586; 41.376;241.974
2002-11-18 04:05:00;161.898; 53.560;200.233;116.153;1287.660;380.020;   null;197.072; 82.848;147.550;273.634; 89.899;147.440;182.750;167.556;181.434;180.160;104.750; 40.888;242.860
2002-11-18 04:10:00;160.772; 51.897;199.967;117.107;1279.260;381.020;   null;197.470; 84.770;147.257;270.452; 91.123;147.460;179.472;164.006;181.138;180.572;106.148; 42.308;240.730
2002-11-18 04:15:00;161.686; 51.847;198.800;118.903;1274.680;383.733; 97.981;199.086; 83.060;145.690;271.171; 92.022;146.800;181.608;163.902;183.268;178.994;104.172; 41.528;242.314
2002-11-18 04:20:00;160.980; 53.203;197.133;117.130;1285.000;380.170;   null;197.654; 82.034;145.177;271.132; 90.629;148.340;182.586;166.710;183.694;178.250;105.050; 41.646;240.750
2002-11-18 04:25:00;163.062; 52.753;197.833;118.817;1291.320;384.230;   null;196.406; 82.964;147.966;271.850; 92.602;150.160;182.180;163.692;180.354;181.122;104.828; 41.218;241.618
2002-11-18 04:30:00;159.542; 52.273;200.000;117.700;1290.080;381.700; 98.032;196.966; 82.936;145.357;273.504; 91.562;146.080;180.722;163.064;181.444;179.986;105.378; 41.938;243.354
2002-11-18 04:35:00;161.578; 51.383;199.200;117.797;1286.940;380.693;   null;197.750; 84.190;146.067;270.973; 90.348;148.600;181.596;165.386;179.052;181.310;105.998; 42.058;242.496
2002-11-18 04:40:00;161.498; 51.600;199.667;117.763;1278.540;377.677;   null;195.842; 82.530;144.787;273.217; 91.484;146.660;181.522;165.284;179.648;180.084;105.068; 41.622;243.132
2002-11-18 04:45:00;161.370; 52.257;200.033;119.450;1295.925;378.673; 97.414;198.546; 82.904;145.430;272.826; 90.985;146.940;181.240;164.544;183.186;179.558;104.454; 40.650;239.974
2002-11-18 04:50:00;161.642; 52.017;203.467;117.323;1291.760;384.067;   null;196.688; 82.430;146.020;274.392; 91.429;146.640;183.072;163.524;177.674;179.974;105.988; 41.392;241.094
2002-11-18 04:55:00;161.676; 50.043;198.967;118.613;1281.240;380.800;   null;195.952; 83.018;145.927;272.627; 92.137;147.680;181.286;164.796;180.752;180.968;105.698; 41.622;243.194

