DATETIME,ESOI,ATHN,MXCO,ROME,AATB,LMKS,DRBS,MOSC,NEWK,KIEL,CALG,OULU,APTY,FSMT,INVK,NAIN,PWNK,THUL,SOPB,SOPO
2002-11-16 18:00:00,166.494,52.693,210.533,124.593,1333.26,403.263,102.723,208.342,87.048,154.35,290.862,98.537,157.18,191.612,170.196,192.582,193.258,110.166,45.602,261.74
2002-11-16 18:05:00,167.908,52.267,210.6,124.593,1334.02,407.453,,204.496,88.418,153.96,289.927,97.571,155.2,194.97,170.542,193.146,196.116,110.422,45.624,261.808
2002-11-16 18:10:00,167.94,51.663,209.533,122.093,1336.78,403.607,,207.822,87.822,155.526,289.495,95.728,156.76,192.39,171.592,192.594,193.404,111.406,45.528,261.786
2002-11-16 18:15:00,167.514,50.95,210.7,126.233,1333.58,404.037,101.773,207.15,87.78,156.367,290.352,96.666,156.92,193.994,172.746,194.998,192.616,110.526,46.456,261.266
2002-11-16 18:20:00,166.7,51.483,212.167,124.803,1341.48,403.087,,210.23,89.126,156.007,292.165,95.528,156.0,193.436,172.038,193.116,192.944,111.31,46.48,262.364
2002-11-16 18:25:00,166.398,51.86,207.033,122.447,1340.48,406.18,,209.844,87.448,155.04,293.087,97.522,157.3,191.638,171.396,195.094,192.806,111.5,46.038,262.618
2002-11-16 18:30:00,168.802,51.74,210.5,123.847,1334.72,401.473,102.913,209.27,87.71,154.547,292.089,96.123,157.3,193.132,172.28,194.922,193.276,110.642,45.482,261.166
2002-11-16 18:35:00,169.134,50.467,209.033,123.567,1334.2,402.093,,208.292,87.81,155.55,289.559,96.285,155.72,192.122,172.702,194.294,193.7,110.418,46.1,261.872
2002-11-16 18:40:00,167.144,49.597,210.1,123.297,1331.48,403.533,,207.776,87.85,154.293,290.725,97.204,158.78,192.496,171.072,192.75,190.206,108.968,45.782,263.53
2002-11-16 18:45:00,166.65,49.873,208.833,123.833,1337.16,400.703,101.789,207.664,90.042,154.43,292.139,97.543,155.34,192.738,173.668,195.334,191.038,111.322,46.56,261.23
2002-11-16 18:50:00,167.136,51.61,208.267,124.52,1339.78,402.743,,209.716,89.016,156.537,289.638,96.373,157.06,190.432,174.916,194.156,193.876,110.322,45.438,262.102
2002-11-16 18:55:00,166.892,51.71,210.633,125.31,1336.56,402.574,,210.046,88.358,155.43,291.162,96.371,155.58,192.654,171.956,196.532,195.052,110.276,45.804,261.658
2002-11-16 19:00:00,167.46,52.053,208.133,123.13,1334.42,404.527,103.003,208.154,89.89,155.357,292.341,96.623,156.3,191.702,170.63,192.9,191.65,110.264,46.072,260.908
2002-11-16 19:05:00,167.456,52.72,208.233,123.073,1336.96,404.997,,206.698,89.086,156.24,288.301,95.802,158.06,194.26,172.684,192.934,192.268,110.78,45.872,263.29
2002-11-16 19:10:00,165.466,52.413,210.467,124.073,1337.0,404.7,,208.188,88.288,155.65,288.907,96.438,158.46,192.328,170.384,194.21,191.766,110.588,45.246,262.972
2002-11-16 19:15:00,166.106,51.727,210.533,123.827,1337.4,402.253,102.406,209.264,88.638,155.393,291.867,96.667,157.56,191.992,171.404,193.07,194.076,110.894,45.986,262.396
2002-11-16 19:20:00,167.522,50.313,208.533,122.287,1337.44,403.393,,206.06,88.192,154.98,291.188,96.711,158.06,193.168,170.1,192.5,193.11,110.938,45.076,261.766
2002-11-16 19:25:00,167.15,50.087,209.2,124.833,1336.1,401.397,,209.154,88.8,156.16,291.039,95.445,157.64,189.78,171.524,193.006,193.756,110.72,45.816,262.246
2002-11-16 19:30:00,166.644,52.523,207.833,124.08,1332.04,403.35,102.043,209.386,88.526,155.087,292.563,98.685,156.86,190.726,171.52,194.698,190.856,112.092,45.56,261.316
2002-11-16 19:35:00,166.138,52.43,206.9,122.397,1332.9,402.95,,209.272,88.558,154.853,294.21,97.252,156.16,192.506,171.226,193.782,194.51,111.32,45.596,266.368
2002-11-16 19:40:00,167.426,52.283,207.533,124.527,1328.06,402.52,,209.312,89.392,156.08,291.373,96.36,156.4,191.488,172.118,193.648,194.08,110.664,45.9,262.548
2002-11-16 19:45:00,168.172,51.32,210.333,123.447,1336.6,402.36,102.305,210.3,89.5,154.437,293.351,98.018,157.76,191.694,171.226,192.13,194.488,109.88,45.444,262.648
2002-11-16 19:50:00,165.474,50.92,209.667,125.23,1337.46,397.254,,205.96,88.112,154.726,291.095,97.412,157.82,192.376,170.892,196.334,192.77,111.148,45.94,263.464
2002-11-16 19:55:00,169.078,51.383,209.2,123.21,1333.22,400.643,,207.382,89.484,156.64,292.865,96.723,159.88,193.908,171.2,194.542,194.52,111.316,45.614,264.24
2002-11-16 20:00:00,166.926,51.79,209.733,123.643,1330.56,401.633,102.403,206.644,88.486,154.807,293.574,98.493,155.4,193.856,170.03,192.23,194.466,110.572,46.196,261.906
2002-11-16 20:05:00,165.814,52.103,210.033,124.607,1333.14,401.293,,208.908,88.954,154.377,292.528,96.5,157.26,190.65,171.724,192.79,198.412,111.574,46.236,264.01
2002-11-16 20:10:00,170.348,52.17,210.1,122.163,1335.32,403.217,,207.874,88.708,154.453,291.484,97.758,157.18,191.07,171.906,191.9,194.356,110.874,45.692,260.918
2002-11-16 20:15:00,166.362,50.05,210.533,122.953,1332.94,398.39,102.047,210.378,88.064,156.22,293.333,97.266,156.22,192.706,171.514,195.0,194.422,110.506,45.204,263.456
2002-11-16 20:20:00,165.624,48.883,208.4,125.007,1337.24,403.157,,208.988,88.498,155.036,292.903,97.04,158.1,192.026,170.056,195.174,191.73,112.108,46.052,262.614
2002-11-16 20:25:00,168.19,49.72,209.6,123.477,1331.44,401.65,,210.986,89.42,156.04,288.482,97.44,158.7,192.802,171.75,194.314,194.46,109.414,46.01,263.14
2002-11-16 20:30:00,167.01,51.03,210.1,123.88,1333.92,399.603,102.591,208.736,88.388,153.213,289.842,97.802,156.72,193.36,172.566,194.7,194.442,110.918,46.446,262.53
2002-11-16 20:35:00,167.236,52.04,208.767,124.803,1327.76,399.347,,209.708,89.736,152.557,291.651,97.432,156.62,192.082,171.434,192.15,192.64,112.576,46.316,261.542
2002-11-16 20:40:00,166.354,51.813,209.833,122.707,1335.74,402.953,,208.968,89.656,154.18,293.304,97.757,156.84,191.482,172.728,195.172,195.048,111.436,45.92,261.002
2002-11-16 20:45:00,166.652,52.033,207.8,124.947,1339.4,402.614,101.98,209.542,88.472,154.09,290.547,96.535,157.26,194.726,173.056,193.194,192.676,110.908,45.812,260.726
2002-11-16 20:50:00,169.056,52.727,210.5,123.433,1334.1,402.333,,209.676,88.59,156.983,290.762,98.114,157.84,193.3,173.102,193.12,193.828,111.182,46.208,262.46
2002-11-16 20:55:00,170.734,51.937,207.933,123.903,1333.6,402.253,,209.738,88.468,156.223,291.377,98.187,157.7,193.018,171.754,195.066,194.172,110.848,45.298,263.294
2002-11-16 21:00:00,168.664,50.43,208.5,124.51,1338.6,403.023,101.684,207.668,88.646,154.437,294.037,96.631,157.52,192.06,172.852,191.924,193.446,110.17,46.072,261.584
2002-11-16 21:05:00,169.83,49.07,210.633,123.657,1337.14,401.583,,209.24,89.528,153.92,291.168,95.339,156.84,192.484,171.912,193.338,192.88,110.842,45.62,264.568
2002-11-16 21:10:00,167.606,49.87,210.333,124.49,1332.24,397.903,,208.512,88.688,153.4,292.633,96.154,157.94,193.168,174.254,190.966,193.062,111.194,46.218,262.578
2002-11-16 21:15:00,167.09,52.73,208.867,125.267,1333.88,403.02,102.018,208.588,88.362,155.14,293.576,97.247,156.84,191.756,172.006,193.1,193.608,111.644,45.402,262.954
2002-11-16 21:20:00,170.42,52.847,209.1,123.547,1339.48,405.347,,209.188,87.036,152.677,291.718,97.664,157.26,192.424,172.744,194.34,193.708,111.046,45.214,262.968
2002-11-16 21:25:00,168.9,51.317,210.633,122.94,1333.82,401.05,,207.124,86.294,155.387,289.53,98.033,155.62,192.108,172.806,194.124,195.176,111.562,45.322,262.088
2002-11-16 21:30:00,167.982,51.103,208.733,123.257,1338.62,398.903,101.853,209.764,88.102,156.49,291.84,98.087,157.62,191.414,170.816,193.888,194.054,111.648,45.982,260.24
2002-11-16 21:35:00,168.746,51.827,209.133,122.797,1337.54,402.21,,209.412,87.788,154.5,292.478,97.444,156.04,193.37,173.866,194.352,194.414,111.646,45.908,264.302
2002-11-16 21:40:00,166.236,52.423,210.5,123.25,1331.04,395.837,,207.706,88.234,153.884,293.239,97.251,156.9,194.128,172.986,192.364,193.718,110.938,45.164,259.678
2002-11-16 21:45:00,166.308,51.2,206.967,122.293,1335.72,399.93,103.11,205.73,88.54,153.933,292.235,96.067,156.56,191.806,172.158,193.982,196.43,109.938,44.71,260.528
2002-11-16 21:50:00,166.842,49.393,209.6,123.14,1340.16,400.01,,209.956,89.128,154.603,293.971,96.976,158.0,189.652,172.938,194.854,193.596,110.26,46.254,262.882
2002-11-16 21:55:00,168.808,49.7,207.867,122.01,1329.52,403.73,,208.136,88.982,154.593,292.051,96.718,156.3,191.962,170.99,194.486,191.362,110.48,45.138,261.366
2002-11-16 22:00:00,166.99,50.857,210.4,123.59,1332.0,403.06,102.169,207.984,89.146,154.537,292.022,97.05,158.64,194.17,172.618,193.29,193.904,110.892,45.612,261.03
2002-11-16 22:05:00,167.304,52.027,208.267,123.883,1335.44,401.75,,209.736,88.742,154.607,293.694,96.738,155.06,193.252,172.052,194.932,194.484,109.984,45.902,261.268
2002-11-16 22:10:00,167.894,51.867,211.0,124.33,1331.5,401.77,,210.988,87.33,155.64,291.991,97.426,155.28,194.134,171.316,193.75,194.494,111.06,45.568,261.45
2002-11-16 22:15:00,163.518,51.833,209.267,123.16,1339.94,402.373,101.422,207.162,88.088,153.504,291.048,96.768,156.76,193.264,173.318,191.906,193.562,110.536,46.44,261.63
2002-11-16 22:20:00,166.964,52.333,212.533,125.133,1328.86,401.643,,210.3,88.81,156.473,293.058,96.983,156.78,192.566,173.87,194.452,191.206,111.492,45.89,263.186
2002-11-16 22:25:00,165.752,51.81,212.9,123.29,1330.92,401.59,,207.41,86.774,153.757,292.053,96.828,158.06,190.064,172.69,193.782,192.586,112.178,46.28,261.98
2002-11-16 22:30:00,167.096,50.27,210.167,123.817,1336.26,404.133,101.825,206.72,88.046,154.933,291.9,97.263,158.06,193.652,173.86,191.782,194.222,110.75,45.97,264.43
2002-11-16 22:35:00,167.26,50.113,209.1,125.68,1330.22,403.453,,212.122,88.99,155.96,292.266,96.884,157.68,193.12,173.714,191.91,194.124,111.334,45.65,263.136
2002-11-16 22:40:00,166.11,52.973,210.0,123.803,1332.2,403.043,,208.726,87.466,157.913,293.608,95.341,155.54,192.672,171.23,190.86,195.144,111.558,45.632,262.336
2002-11-16 22:45:00,169.222,52.457,207.333,122.683,1334.88,398.083,101.928,206.556,88.994,154.68,291.564,98.015,156.78,192.724,171.664,193.632,193.672,111.256,45.674,263.27
2002-11-16 22:50:00,166.296,51.983,207.067,123.87,1331.58,396.977,,207.462,89.028,155.963,292.54,96.846,156.98,192.582,169.714,193.552,192.378,111.048,45.734,263.458
2002-11-16 22:55:00,168.334,51.167,207.867,123.793,1335.34,404.257,,206.718,88.362,157.09,291.104,97.996,155.94,195.06,173.084,195.312,193.628,111.124,45.546,263.616
2002-11-16 23:00:00,168.306,51.547,209.433,124.217,1331.88,399.557,102.35,205.714,88.266,157.413,293.916,97.26,157.74,192.012,170.64,193.578,193.884,110.746,45.704,262.502
2002-11-16 23:05:00,168.892,51.67,211.933,122.21,1336.54,401.857,,209.174,89.68,154.976,293.884,97.096,157.1,192.254,171.342,192.674,193.806,111.0,45.366,263.76
2002-11-16 23:10:00,165.65,51.803,210.6,123.173,1339.64,400.817,,210.8,89.102,154.84,295.109,97.157,156.62,193.542,172.192,192.838,193.558,110.602,45.524,263.214
2002-11-16 23:15:00,166.98,52.657,211.9,124.52,1327.94,400.41,103.384,208.504,89.106,155.037,289.519,95.507,158.58,193.31,171.2,193.03,192.678,110.474,45.518,262.7
2002-11-16 23:20:00,166.398,50.707,208.1,123.253,1335.06,402.757,,205.872,86.48,157.213,293.24,96.472,157.28,192.432,170.68,193.3,195.088,111.026,46.75,262.542
2002-11-16 23:25:00,166.402,49.787,209.033,124.907,1333.0,397.6,,208.392,88.81,155.763,295.309,96.482,156.7,193.188,172.57,194.608,193.292,111.132,45.178,262.784
2002-11-16 23:30:00,166.72,49.197,210.533,123.46,1330.48,401.677,102.053,208.81,87.498,155.783,294.035,97.621,158.06,192.998,172.498,193.126,194.166,110.96,45.582,262.486
2002-11-16 23:35:00,166.618,50.573,210.0,121.783,1337.2,398.727,,208.162,86.892,156.053,294.31,96.096,157.26,193.9,171.252,191.912,193.238,111.676,46.53,263.152
2002-11-16 23:40:00,168.042,51.117,209.367,124.463,1337.82,400.8,,210.542,88.97,155.527,294.767,98.389,156.18,192.392,172.196,193.22,193.328,110.296,45.83,262.53
2002-11-16 23:45:00,167.762,51.953,210.967,124.027,1332.56,401.48,103.005,209.374,88.778,154.21,295.127,96.633,160.56,194.194,171.528,192.116,192.952,111.876,45.512,262.968
2002-11-16 23:50:00,166.052,51.767,207.833,124.033,1340.18,402.343,,208.538,89.822,154.34,292.998,97.66,155.88,192.38,174.692,194.332,193.236,112.34,46.035,260.92
2002-11-16 23:55:00,168.442,51.687,211.533,122.793,1337.28,402.047,,206.584,88.018,154.98,294.67,98.814,158.02,192.95,172.466,194.392,193.19,110.138,,
2002-11-17 00:00:00,164.054,52.067,208.267,123.83,1338.2,398.69,101.962,208.262,87.45,155.13,293.422,97.858,155.8,192.18,173.056,193.646,191.924,110.562,46.183,264.108
2002-11-17 00:05:00,166.396,52.723,210.6,123.647,1334.58,399.87,,206.962,88.666,154.343,292.812,96.176,156.1,193.314,173.224,193.362,193.17,111.984,45.914,260.934
2002-11-17 00:10:00,167.122,51.39,209.1,123.317,1326.74,397.524,,207.938,88.892,153.2,294.883,96.829,156.6,193.978,171.854,194.886,194.92,109.758,45.586,261.808
2002-11-17 00:15:00,166.056,49.65,207.6,125.207,1336.34,395.7,102.871,207.362,88.562,156.793,293.634,95.794,156.56,192.862,172.366,193.154,195.01,110.318,45.632,262.572
2002-11-17 00:20:00,168.008,51.673,209.4,122.943,1340.18,398.837,,206.0,88.074,153.86,292.934,95.16,157.04,193.36,173.026,193.874,192.082,110.862,45.34,263.67
2002-11-17 00:25:00,167.016,53.017,210.8,122.963,1334.46,394.76,,207.902,88.408,153.91,293.636,97.03,156.28,194.724,174.07,194.504,192.468,110.126,44.984,262.524
2002-11-17 00:30:00,168.894,52.437,210.833,124.44,1324.72,393.57,102.548,207.174,87.92,154.667,293.667,95.515,156.66,193.16,171.876,193.5,192.744,111.922,45.444,263.26
2002-11-17 00:35:00,164.454,51.81,208.9,123.363,1334.78,395.42,,208.516,88.754,153.5,293.884,97.527,156.04,192.258,174.342,195.082,194.434,111.458,45.176,262.412
2002-11-17 00:40:00,167.282,51.043,209.367,124.96,1335.3,395.71,,206.944,87.376,153.223,292.114,96.801,156.72,194.49,171.7,197.328,194.5,111.082,46.168,264.582
2002-11-17 00:45:00,166.966,51.493,209.233,124.147,1334.96,395.107,103.138,208.236,88.412,154.347,294.274,95.939,157.4,193.516,172.644,194.608,192.82,111.596,45.832,264.954
2002-11-17 00:50:00,167.068,51.957,207.267,121.76,1330.58,397.357,,208.958,88.598,154.03,291.749,95.373,156.08,193.048,171.04,191.138,194.494,111.396,46.352,264.868
2002-11-17 00:55:00,165.26,52.433,213.067,122.12,1336.66,395.11,,208.186,88.184,155.603,292.053,95.657,156.08,194.836,172.172,194.084,195.064,110.958,45.138,261.86
2002-11-17 01:00:00,165.046,52.453,208.9,122.91,1333.14,397.133,101.689,209.954,88.896,153.337,293.364,96.993,156.32,192.634,172.656,192.316,192.026,110.616,46.272,265.102
2002-11-17 01:05:00,167.872,50.5,206.433,121.477,1336.14,398.897,,204.918,87.81,152.62,290.683,94.992,155.14,193.546,172.912,194.518,192.682,111.056,45.55,261.954
2002-11-17 01:10:00,167.188,49.033,210.267,125.66,1340.78,397.883,,207.098,88.198,153.707,291.14,94.665,153.34,194.922,172.546,194.438,191.188,110.898,45.176,262.042
2002-11-17 01:15:00,167.518,48.91,208.133,122.277,1340.5,396.053,103.093,207.17,88.246,152.666,289.713,96.932,154.94,191.984,171.7,193.284,194.858,110.306,45.966,261.836
2002-11-17 01:20:00,164.198,49.583,209.1,124.85,1328.72,398.066,,206.856,88.5,152.417,290.898,96.221,156.94,192.94,173.64,191.636,194.424,111.482,45.084,262.894
2002-11-17 01:25:00,166.904,51.37,211.033,123.313,1333.12,397.097,,207.358,87.376,154.233,292.871,96.59,155.9,192.81,174.85,192.536,193.822,111.436,45.346,261.99
2002-11-17 01:30:00,167.204,52.067,209.4,123.04,1335.72,395.36,102.406,206.126,89.132,154.28,291.444,96.988,155.36,193.25,173.838,195.966,191.59,110.78,45.576,261.692
2002-11-17 01:35:00,167.28,51.87,209.833,122.623,1337.66,394.493,,209.006,87.748,155.133,293.932,96.63,156.64,192.834,172.782,195.084,194.456,110.36,45.398,262.57
2002-11-17 01:40:00,168.136,52.213,205.433,123.977,1332.42,398.183,,208.16,88.02,155.18,293.661,96.033,158.02,191.832,172.676,195.782,193.286,111.468,45.45,261.912
2002-11-17 01:45:00,167.206,52.797,208.767,124.387,1338.42,398.61,101.128,207.774,88.064,153.006,294.022,95.986,158.38,192.338,174.402,194.81,194.018,111.67,45.93,263.89
2002-11-17 01:50:00,167.074,51.893,208.833,123.8,1344.56,396.424,,208.408,89.304,153.543,292.717,95.704,157.92,194.08,172.262,195.94,191.696,110.94,45.436,263.052
2002-11-17 01:55:00,166.614,50.5,209.1,124.28,1333.74,396.21,,206.006,88.154,153.603,292.504,95.821,155.36,193.814,172.768,193.804,193.448,111.936,45.6,263.444
2002-11-17 02:00:00,167.168,50.283,210.533,123.39,1338.0,397.73,102.684,210.842,88.748,154.243,291.534,95.576,156.64,191.804,171.598,191.932,194.892,110.966,46.146,262.01
2002-11-17 02:05:00,168.292,51.82,210.633,123.587,1335.4,399.027,,209.398,88.73,153.75,292.475,95.652,157.5,193.316,171.672,195.024,192.99,110.548,45.31,264.24
2002-11-17 02:10:00,167.834,52.76,208.233,122.837,1335.22,399.303,,208.586,88.554,154.873,291.592,96.102,155.8,194.332,173.536,193.322,193.78,111.41,46.05,262.108
2002-11-17 02:15:00,167.936,52.517,206.9,122.777,1344.14,397.853,102.291,208.108,88.196,154.387,293.553,96.405,158.5,193.606,174.188,194.474,194.598,111.684,45.544,263.642
2002-11-17 02:20:00,167.652,51.693,210.633,123.607,1332.24,398.223,,207.154,88.584,152.497,294.151,95.752,155.92,192.778,171.652,193.718,194.046,111.0,45.59,262.274
2002-11-17 02:25:00,166.744,51.063,208.6,124.437,1332.5,399.517,,206.486,88.368,154.08,294.629,96.757,155.74,192.448,172.614,194.266,195.292,112.018,46.356,265.332
2002-11-17 02:30:00,167.988,51.563,207.033,123.543,1338.62,400.8,102.721,208.418,88.292,152.31,294.264,96.169,156.62,194.08,171.316,193.808,192.182,110.844,45.206,262.738
2002-11-17 02:35:00,167.098,51.87,208.433,123.403,1342.36,397.19,,206.742,87.906,156.083,292.568,95.938,156.68,192.452,172.686,194.948,191.718,110.89,46.13,263.822
2002-11-17 02:40:00,165.052,52.137,205.667,123.29,1339.82,397.546,,208.402,88.246,154.48,293.094,96.159,154.56,193.162,172.132,193.638,195.668,111.118,45.982,262.788
2002-11-17 02:45:00,166.996,52.54,209.933,124.037,1338.2,395.96,102.242,207.382,87.766,154.613,291.226,95.475,157.78,192.478,174.244,195.8,195.526,110.672,45.602,263.502
2002-11-17 02:50:00,166.624,50.747,209.633,123.08,1337.34,398.683,,210.022,87.668,154.227,293.983,94.359,155.92,194.232,173.664,193.47,193.932,110.206,45.772,262.702
2002-11-17 02:55:00,167.08,49.617,212.067,122.097,1335.4,395.253,,204.692,88.512,153.62,295.323,96.468,158.32,193.584,174.064,193.052,194.384,111.806,45.826,262.146
2002-11-17 03:00:00,165.778,49.303,205.033,121.893,1344.02,399.197,101.745,205.558,88.47,156.517,293.016,95.375,156.22,193.978,174.638,194.436,192.214,109.644,45.596,262.464
2002-11-17 03:05:00,165.384,49.83,209.467,124.427,1333.88,397.1,,208.324,88.852,153.383,293.608,96.863,156.38,192.844,174.098,194.864,193.08,112.244,45.36,262.862
2002-11-17 03:10:00,168.642,51.067,209.1,122.903,1330.54,398.047,,205.994,87.052,153.44,294.731,95.847,156.6,194.112,174.792,194.204,194.524,110.472,45.65,261.424
2002-11-17 03:15:00,170.206,52.04,208.6,123.033,1339.74,401.1,102.176,205.956,87.052,155.697,292.34,96.297,155.36,192.886,172.248,194.628,193.122,111.148,45.984,263.98
2002-11-17 03:20:00,167.704,51.76,208.533,123.21,1335.96,399.41,,207.118,87.694,154.857,294.265,96.644,156.08,190.18,173.2,192.352,194.948,111.426,45.126,264.024
2002-11-17 03:25:00,166.614,52.107,206.367,122.74,1338.78,400.083,,208.212,88.286,153.657,292.712,96.414,155.78,192.606,174.882,192.572,193.976,110.742,45.932,263.236
2002-11-17 03:30:00,168.67,51.99,207.6,122.42,1342.42,399.993,102.744,204.922,88.304,154.437,291.953,97.057,157.48,192.65,173.502,192.294,193.894,110.086,46.152,262.362
2002-11-17 03:35:00,167.418,53.327,210.333,125.243,1335.34,397.46,,207.77,87.608,152.817,294.0,96.485,154.96,193.492,172.29,194.102,192.726,110.538,45.734,263.342
2002-11-17 03:40:00,167.308,51.71,206.2,123.017,1341.5,400.84,,205.99,88.328,154.983,292.581,96.168,157.08,192.18,173.318,194.104,191.686,110.764,45.53,264.668
2002-11-17 03:45:00,168.598,50.777,206.733,125.833,1342.88,398.453,102.217,208.738,87.948,153.063,293.822,96.085,156.84,194.036,172.364,192.992,193.026,111.924,45.838,261.992
2002-11-17 03:50:00,167.962,49.283,209.667,122.933,1348.36,399.57,,209.132,88.356,154.417,292.225,95.752,158.2,193.086,172.628,193.598,191.166,110.764,46.612,264.822
2002-11-17 03:55:00,168.85,50.103,210.267,124.257,1338.94,400.23,,208.652,87.514,155.947,295.105,96.085,155.76,194.662,171.704,195.586,195.776,110.392,45.99,263.342
2002-11-17 04:00:00,166.986,51.06,206.733,124.593,1342.02,399.53,101.76,207.138,87.438,152.867,293.247,96.754,155.56,191.368,172.426,193.638,193.888,110.336,45.67,264.572
2002-11-17 04:05:00,166.796,52.34,210.033,123.043,1347.96,397.61,,210.952,87.64,154.367,292.098,96.524,157.5,194.036,173.224,192.414,195.716,112.318,45.296,264.432
2002-11-17 04:10:00,167.61,51.887,209.0,123.903,1347.28,399.193,,208.692,87.916,153.49,294.986,96.728,156.9,193.724,171.974,193.884,192.63,111.26,45.668,265.094
2002-11-17 04:15:00,168.544,51.39,209.167,120.15,1346.1,403.87,101.986,208.794,88.124,154.317,291.988,95.408,156.78,192.81,174.208,192.454,194.516,110.27,46.25,263.73
2002-11-17 04:20:00,170.564,51.193,206.8,121.13,1342.2,402.184,,207.458,88.078,154.387,295.147,97.432,155.76,193.898,172.936,192.786,194.944,110.068,45.698,265.132
2002-11-17 04:25:00,167.38,51.71,209.967,123.603,1347.18,404.783,,209.538,87.622,153.043,291.962,97.429,156.36,192.61,171.906,191.716,192.802,109.67,46.084,264.964
2002-11-17 04:30:00,167.68,51.927,208.467,122.423,1418.36,400.993,103.069,205.78,88.806,153.754,293.568,95.784,156.34,192.608,173.246,192.404,194.302,109.966,45.698,265.294
2002-11-17 04:35:00,169.244,52.013,210.267,123.917,1348.38,401.463,,207.92,87.606,153.9,293.401,96.413,156.58,193.548,171.306,192.07,194.81,111.19,45.652,265.85
2002-11-17 04:40:00,168.226,52.163,206.8,121.137,1342.26,404.227,,207.196,86.732,153.937,294.415,95.623,155.32,193.494,172.164,190.492,194.97,110.432,45.478,261.552
2002-11-17 04:45:00,169.778,50.023,208.3,122.503,1341.8,402.123,102.679,208.228,88.102,156.087,296.0,95.462,154.56,193.1,171.506,192.144,193.966,109.46,46.138,265.65
2002-11-17 04:50:00,166.168,49.663,208.9,122.553,1344.16,404.403,,208.922,87.454,153.043,293.89,94.94,155.48,192.046,173.102,190.414,192.784,111.026,45.288,263.4
2002-11-17 04:55:00,168.138,51.2,209.033,124.63,1344.66,401.873,,206.328,87.718,154.676,294.652,94.938,155.6,194.546,171.774,192.89,193.264,109.926,45.954,265.614
2002-11-17 05:00:00,167.936,51.97,208.6,123.26,1346.24,405.377,103.256,206.432,85.794,152.877,291.047,98.043,155.34,192.55,172.444,192.894,193.202,107.718,45.726,263.838
2002-11-17 05:05:00,168.29,51.863,209.767,121.213,1347.3,405.897,,210.572,88.13,153.887,295.479,97.049,157.12,193.71,173.996,191.672,193.688,110.038,46.132,263.388
2002-11-17 05:10:00,168.438,52.633,206.8,123.493,1349.38,405.81,,207.372,86.822,155.48,294.799,95.469,156.62,192.742,172.448,191.566,193.076,110.308,46.48,263.654
2002-11-17 05:15:00,168.258,53.2,207.533,122.977,1342.8,403.867,102.643,207.642,88.158,154.42,295.103,96.129,156.6,192.346,172.688,192.374,191.808,110.35,45.67,264.126
2002-11-17 05:20:00,167.674,52.293,207.4,123.577,1351.86,401.98,,205.038,86.316,154.383,293.446,96.26,157.62,193.012,171.454,192.346,193.692,109.922,46.012,263.054
2002-11-17 05:25:00,166.734,51.943,205.5,123.027,1345.86,404.543,,207.222,86.702,157.11,295.022,95.438,157.2,192.05,172.284,193.546,190.674,109.862,45.686,264.094
2002-11-17 05:30:00,167.636,49.913,210.833,123.043,1340.82,401.923,102.625,205.594,87.268,157.053,293.423,94.846,155.74,193.872,172.052,191.558,193.73,109.074,45.42,264.664
2002-11-17 05:35:00,168.246,50.03,209.733,121.917,1353.56,405.083,,206.768,87.198,154.547,292.654,95.966,156.52,193.966,174.402,193.894,192.68,108.75,45.194,261.018
2002-11-17 05:40:00,168.944,51.833,207.667,124.243,1348.28,400.57,,206.732,86.912,154.713,292.711,96.865,155.44,193.894,170.894,193.78,194.516,111.094,46.174,261.196
2002-11-17 05:45:00,168.032,52.807,207.5,123.803,1347.8,404.147,102.741,208.716,87.94,154.357,292.92,97.205,155.62,193.962,172.344,193.55,190.008,110.978,45.292,264.032
2002-11-17 05:50:00,169.018,52.527,207.867,124.803,1349.68,403.417,,209.894,87.616,154.003,290.545,96.684,154.5,194.056,173.488,192.762,190.728,110.408,45.45,263.35
2002-11-17 05:55:00,166.146,51.847,210.167,123.22,1356.38,401.29,,207.34,86.78,154.643,295.653,94.888,158.06,193.184,172.68,193.846,190.482,108.986,45.748,260.466
2002-11-17 06:00:00,167.62,51.45,206.9,124.077,1351.46,403.423,102.016,209.644,86.914,153.927,292.239,96.551,158.92,192.648,172.702,191.432,191.168,109.662,45.934,260.672
2002-11-17 06:05:00,165.272,51.163,208.567,123.283,1349.34,398.413,,208.384,88.606,154.113,294.637,95.584,156.16,192.346,172.734,191.386,191.564,110.072,45.214,262.934
2002-11-17 06:10:00,168.248,51.493,203.467,124.787,1348.28,406.337,,208.404,88.614,156.18,297.312,98.141,155.6,191.064,173.06,192.178,190.952,109.346,44.784,262.58
2002-11-17 06:15:00,167.052,51.823,207.367,124.733,1336.36,402.837,102.937,207.836,85.812,155.473,292.356,97.423,156.98,192.308,171.864,194.342,191.512,110.282,44.908,259.65
2002-11-17 06:20:00,168.222,51.98,206.567,123.8,1349.8,400.623,,205.68,86.052,154.014,293.156,95.333,156.66,193.478,173.95,192.614,193.08,110.646,45.078,260.822
2002-11-17 06:25:00,168.304,52.09,206.433,124.02,1351.72,405.574,,207.918,87.722,154.9,292.593,95.621,155.64,191.516,173.992,191.552,192.568,110.864,45.38,261.296
2002-11-17 06:30:00,169.536,50.62,208.2,123.793,1341.48,402.846,103.068,207.722,88.224,154.513,291.656,96.992,156.48,191.308,174.03,192.908,191.362,108.558,45.124,261.26
2002-11-17 06:35:00,169.05,49.61,205.967,124.53,1350.16,403.01,,206.066,86.47,154.363,294.059,97.191,156.86,192.404,171.944,192.282,191.806,110.134,44.82,260.1
2002-11-17 06:40:00,167.742,48.427,205.767,122.387,1359.36,404.267,,209.036,86.898,154.767,293.382,97.258,156.18,190.99,173.056,192.608,190.95,109.464,45.576,259.746
2002-11-17 06:45:00,168.568,48.993,208.433,122.863,1354.42,405.6,102.747,208.938,87.72,154.43,291.037,95.485,157.02,192.71,172.81,192.742,191.126,110.688,45.286,259.692
2002-11-17 06:50:00,171.172,50.667,206.567,123.313,1349.84,406.627,,207.77,87.3,154.303,293.413,96.231,155.58,190.15,172.142,193.59,192.058,111.252,44.894,260.446
2002-11-17 06:55:00,169.15,51.883,205.633,124.19,1351.12,406.313,,208.638,88.998,153.813,293.14,99.197,157.08,192.846,172.588,193.244,192.184,109.812,44.978,260.266
2002-11-17 07:00:00,167.166,52.553,207.333,122.077,1348.34,407.61,103.543,206.74,85.768,154.653,289.902,95.938,156.2,191.6,172.396,192.298,192.286,110.302,45.756,261.372
2002-11-17 07:05:00,167.488,53.02,207.9,124.423,1345.86,408.143,,208.156,85.87,154.58,294.623,97.066,156.94,192.412,173.378,195.412,191.884,109.904,44.928,259.79
2002-11-17 07:10:00,169.948,51.92,205.9,122.0,1353.72,408.863,,208.26,86.926,154.763,292.517,96.248,156.16,191.74,170.768,191.52,191.702,110.756,45.1,261.554
2002-11-17 07:15:00,167.1,49.803,207.7,123.47,1354.36,405.05,102.136,208.756,87.38,153.807,292.659,97.128,157.0,191.692,173.486,192.708,189.96,110.204,45.204,260.344
2002-11-17 07:20:00,166.724,52.09,206.3,124.047,1357.08,408.317,,208.952,87.536,154.307,292.629,96.377,155.76,190.658,174.39,193.784,192.134,110.832,45.388,259.986
2002-11-17 07:25:00,170.234,52.937,206.767,123.74,1345.64,404.377,,206.126,87.642,154.597,290.974,97.494,156.92,190.894,172.806,192.062,192.736,110.806,45.056,260.032
2002-11-17 07:30:00,167.92,52.353,205.5,125.13,1350.78,410.013,102.186,209.504,87.782,153.353,291.275,95.507,155.98,191.082,171.17,193.194,189.666,110.404,44.452,260.38
2002-11-17 07:35:00,166.806,51.803,205.133,124.333,1349.64,409.6,,209.288,86.662,154.443,292.106,96.276,155.28,192.404,170.51,191.554,190.304,110.864,45.166,258.692
2002-11-17 07:40:00,167.186,51.61,207.333,124.56,1354.62,410.287,,211.202,87.004,155.467,292.38,95.523,158.46,191.882,174.86,193.372,191.86,110.398,44.876,259.45
2002-11-17 07:45:00,168.922,51.15,206.1,124.407,1344.36,406.29,103.086,209.622,86.206,154.85,290.151,96.578,157.8,190.654,171.506,194.402,194.378,110.14,44.64,258.084
2002-11-17 07:50:00,167.092,51.717,206.8,124.507,1341.9,405.633,,210.298,87.344,154.993,292.385,96.838,157.12,192.44,171.492,192.144,189.28,111.166,45.178,259.96
2002-11-17 07:55:00,168.7,52.233,205.333,122.667,1349.16,409.507,,207.776,86.504,155.413,291.631,97.211,156.64,189.798,172.238,191.852,188.95,110.676,44.546,261.072
2002-11-17 08:00:00,169.914,51.683,207.567,123.57,1338.74,409.58,103.764,210.178,86.274,156.256,290.719,95.179,157.16,191.464,172.464,192.932,193.132,110.796,44.514,259.76
2002-11-17 08:05:00,168.716,49.793,205.333,125.007,1340.98,407.013,,207.986,86.444,154.617,291.78,95.861,157.34,190.834,171.858,192.564,192.258,109.574,44.704,257.774
2002-11-17 08:10:00,167.408,48.75,204.133,124.907,1343.1,410.237,,208.958,87.882,154.343,290.657,96.077,156.52,192.144,171.182,194.34,189.036,110.28,44.664,258.57
2002-11-17 08:15:00,166.408,49.137,207.733,124.24,1347.44,407.743,103.813,208.438,87.494,153.373,291.527,96.661,156.56,190.374,172.204,192.44,191.024,108.77,44.122,259.33
2002-11-17 08:20:00,167.576,50.903,205.8,126.537,1336.98,405.647,,211.56,86.478,153.9,290.166,96.166,158.22,190.916,172.732,191.83,191.642,109.348,44.514,257.632
2002-11-17 08:25:00,167.956,51.693,206.033,123.12,1347.16,408.613,,206.046,87.154,154.723,290.59,95.983,158.16,191.442,171.418,190.164,191.43,110.396,45.048,257.626
2002-11-17 08:30:00,170.306,52.337,207.533,123.077,1346.56,406.017,103.577,208.618,86.9,154.05,291.097,96.823,154.98,191.616,172.578,190.952,190.402,109.886,44.266,261.454
2002-11-17 08:35:00,167.586,52.683,208.633,125.007,1341.58,408.897,,205.444,87.312,154.85,289.58,95.963,157.46,189.438,171.698,191.714,190.94,110.564,45.118,259.476
2002-11-17 08:40:00,169.232,51.107,208.133,124.643,1347.4,406.897,,210.686,86.252,154.99,289.761,96.534,156.98,189.22,172.834,191.722,190.546,110.202,44.912,258.656
2002-11-17 08:45:00,167.676,49.573,207.167,125.15,1342.74,405.737,103.757,208.602,87.716,155.47,289.704,97.024,157.68,189.128,173.19,191.616,191.082,110.874,45.444,258.184
2002-11-17 08:50:00,182.714,50.87,208.633,125.21,1346.84,407.23,,209.634,86.73,156.37,287.938,96.229,154.94,191.664,172.838,191.61,191.394,110.586,44.108,254.58
2002-11-17 08:55:00,168.844,52.08,206.033,121.57,1345.4,409.496,,208.926,87.782,156.203,289.348,95.377,156.38,189.682,171.014,191.762,191.902,110.55,44.752,258.986
2002-11-17 09:00:00,169.122,53.007,206.533,122.527,1339.08,407.453,102.436,211.422,86.68,155.963,288.779,97.045,158.12,187.954,171.428,190.198,190.464,110.72,44.58,260.098
2002-11-17 09:05:00,168.972,51.84,205.267,125.07,1339.04,408.04,,208.42,86.218,155.593,287.639,97.268,157.62,190.224,171.348,191.114,189.584,110.72,45.19,261.56
2002-11-17 09:10:00,166.628,51.67,207.2,123.127,1339.26,408.157,,206.792,85.978,155.337,289.943,97.1,158.48,189.542,172.63,189.522,191.6,110.612,44.624,259.804
2002-11-17 09:15:00,167.906,52.083,206.4,125.447,1338.82,405.217,102.887,210.448,86.222,156.303,288.418,96.598,156.2,188.954,171.544,192.332,189.812,109.52,45.032,259.446
2002-11-17 09:20:00,168.418,52.127,204.567,124.217,1340.58,409.3,,209.81,85.646,152.46,293.17,95.332,157.84,188.814,171.564,190.688,189.98,110.398,44.832,259.04
2002-11-17 09:25:00,169.44,50.44,207.667,122.183,1344.64,407.64,,209.47,86.616,156.533,288.264,94.974,155.56,186.946,172.398,190.676,190.074,110.856,44.238,259.556
2002-11-17 09:30:00,168.23,49.633,207.1,124.067,1336.38,408.287,103.18,207.824,86.472,155.003,289.49,96.783,156.96,188.334,171.248,190.336,191.142,109.946,44.662,257.83
2002-11-17 09:35:00,166.85,49.39,209.167,123.713,1342.92,404.357,,208.506,88.036,156.19,288.447,96.103,154.88,188.138,168.96,191.516,190.948,109.154,44.754,257.12
2002-11-17 09:40:00,168.506,49.107,205.4,122.983,1335.64,405.12,,208.778,87.954,153.69,286.561,95.464,155.46,188.854,169.158,191.868,190.992,110.236,45.028,257.67
2002-11-17 09:45:00,166.916,49.457,206.3,123.783,1339.72,406.593,104.05,210.474,86.418,153.533,290.484,97.412,156.18,189.616,169.534,188.436,190.0,111.298,44.57,257.494
2002-11-17 09:50:00,168.14,51.373,206.667,123.163,1339.36,406.317,,209.122,87.074,155.1,288.24,96.447,157.2,188.346,169.126,192.622,189.914,110.27,44.032,257.568
2002-11-17 09:55:00,170.886,52.13,205.633,125.063,1343.28,407.417,,208.818,84.676,153.987,287.969,96.83,153.48,188.338,169.078,191.326,186.674,109.958,44.56,259.624
2002-11-17 10:00:00,168.028,52.19,207.033,125.257,1337.92,404.393,102.959,209.304,86.464,154.667,286.429,95.998,158.42,187.998,169.95,190.234,190.334,108.83,44.332,255.832
2002-11-17 10:05:00,168.93,51.927,207.833,121.597,1335.42,407.14,,210.932,86.676,154.003,286.006,97.07,157.0,188.112,168.458,191.358,189.84,108.478,44.292,256.716
2002-11-17 10:10:00,166.8,52.49,206.067,123.533,1343.74,407.323,,209.658,86.494,154.247,286.185,96.074,158.96,190.768,170.57,190.95,190.076,109.768,45.186,258.846
2002-11-17 10:15:00,167.258,53.353,208.6,123.133,1334.96,406.637,103.38,207.692,86.432,156.494,286.547,97.331,155.7,190.266,167.812,191.774,189.42,110.194,44.222,258.456
2002-11-17 10:20:00,169.758,51.74,204.133,125.58,1337.76,406.17,,208.222,86.84,154.346,284.12,95.99,157.14,188.554,167.922,192.59,188.966,110.258,44.504,260.108
2002-11-17 10:25:00,168.006,50.5,205.3,123.413,1343.36,405.057,,207.452,85.752,153.123,285.868,98.418,157.34,187.792,170.968,190.53,191.102,109.36,44.656,259.666
2002-11-17 10:30:00,167.172,50.217,208.5,124.053,1335.06,406.666,105.027,207.022,86.78,156.23,283.863,96.723,157.4,188.656,169.346,194.018,188.272,109.212,44.736,258.228
2002-11-17 10:35:00,169.754,52.89,207.767,125.14,1336.1,404.29,,211.178,86.456,154.47,287.928,97.14,157.12,187.352,169.582,191.798,187.56,109.626,44.948,259.412
2002-11-17 10:40:00,170.528,52.687,205.5,123.68,1331.84,406.28,,207.548,86.056,155.117,284.781,95.685,156.58,187.404,168.678,190.892,190.744,109.092,44.348,256.482
2002-11-17 10:45:00,167.92,52.603,207.567,123.01,1330.34,407.57,102.547,209.56,86.39,154.54,285.228,94.937,155.7,186.84,169.746,192.606,189.576,110.076,44.6,256.976
2002-11-17 10:50:00,168.004,51.693,207.5,124.677,1328.26,409.807,,208.148,86.658,153.96,283.737,96.069,153.96,188.954,168.604,191.95,191.734,109.632,45.088,257.94
2002-11-17 10:55:00,165.108,51.227,206.167,123.387,1328.66,409.01,,208.988,86.814,154.493,282.078,97.503,155.24,187.8,171.132,190.732,189.292,109.404,44.54,258.064
2002-11-17 11:00:00,164.418,51.3,207.467,123.867,1347.16,408.88,102.96,210.166,87.23,156.594,283.885,96.475,158.48,188.444,167.444,190.194,187.694,109.956,44.482,256.726
2002-11-17 11:05:00,167.524,51.833,203.467,122.053,1325.08,407.277,,210.172,86.908,155.513,282.232,96.341,156.54,188.72,167.774,193.562,189.144,109.812,43.872,254.434
2002-11-17 11:10:00,168.046,51.957,205.533,123.53,1330.16,408.157,,208.012,85.612,154.143,282.034,96.567,155.8,189.118,168.14,194.232,191.912,109.99,44.814,256.502
2002-11-17 11:15:00,167.786,52.157,207.6,123.42,1322.52,405.373,103.709,208.046,86.734,156.073,283.187,96.312,155.0,188.558,169.938,191.234,188.744,108.702,44.58,256.472
2002-11-17 11:20:00,167.978,52.057,207.8,126.09,1318.3,408.18,,207.436,87.674,156.603,282.606,97.293,156.24,186.408,170.37,190.878,192.428,109.934,44.216,255.536
2002-11-17 11:25:00,167.754,50.243,207.867,123.327,1313.18,408.34,,208.122,86.974,154.813,284.618,96.725,155.2,187.334,169.722,192.3,188.396,109.59,44.174,255.562
2002-11-17 11:30:00,167.43,49.437,207.433,122.433,1315.9,407.167,103.784,205.794,86.704,154.197,285.162,95.933,158.08,189.784,170.32,190.126,189.08,108.53,44.27,256.096
2002-11-17 11:35:00,167.642,50.193,205.0,124.03,1319.12,408.35,,207.392,86.378,153.333,285.211,97.166,158.54,187.644,167.108,190.346,189.566,109.35,44.194,255.614
2002-11-17 11:40:00,167.134,51.623,206.767,123.613,1321.36,404.637,,205.926,87.456,152.887,281.511,95.68,156.78,188.428,169.116,191.086,188.944,109.72,44.3,256.972
2002-11-17 11:45:00,167.578,51.72,207.233,122.76,1318.44,406.16,103.077,208.486,86.74,153.613,283.563,97.248,157.98,188.448,165.366,190.226,188.188,108.314,43.622,256.086
2002-11-17 11:50:00,165.856,52.147,204.867,124.56,1316.92,406.29,,207.698,85.652,153.48,283.724,96.264,156.2,186.06,166.938,191.128,185.924,109.822,44.234,255.448
2002-11-17 11:55:00,165.334,52.78,206.667,123.213,1310.14,404.113,,206.6,88.41,153.673,283.339,97.135,158.4,187.814,166.676,187.068,189.27,108.82,44.02,254.084
2002-11-17 12:00:00,168.164,50.783,205.433,123.503,1320.8,405.207,102.974,208.67,85.6,156.897,281.691,96.337,158.36,186.962,166.98,188.538,187.752,108.796,43.24,253.888
2002-11-17 12:05:00,167.528,50.487,206.467,121.41,1313.32,402.007,,210.136,86.958,154.383,282.205,96.069,155.0,188.2,167.836,192.466,189.814,108.472,44.314,254.552
2002-11-17 12:10:00,166.434,52.327,208.333,122.69,1318.9,404.517,,209.994,87.4,155.033,283.811,97.762,155.78,188.014,167.054,189.396,187.844,109.894,43.906,255.502
2002-11-17 12:15:00,164.892,52.823,209.133,122.023,1318.24,405.013,103.561,206.024,86.17,156.573,284.341,95.214,157.08,184.676,166.948,190.314,186.248,110.444,43.444,254.552
2002-11-17 12:20:00,165.342,52.04,206.6,123.783,1311.48,401.1,,206.236,86.524,153.52,282.287,95.352,155.26,187.652,168.712,192.272,187.874,109.288,44.068,251.222
2002-11-17 12:25:00,165.082,51.553,207.3,124.637,1303.42,400.663,,205.382,86.652,154.957,279.15,95.782,157.68,185.032,165.98,190.162,187.45,109.614,43.814,254.866
2002-11-17 12:30:00,167.696,51.247,205.133,124.593,1308.28,402.523,102.818,207.276,86.108,156.973,280.317,97.355,156.98,185.84,167.334,190.86,185.652,108.106,43.506,253.308
2002-11-17 12:35:00,164.412,51.533,205.633,124.887,1310.66,399.733,,206.956,86.166,153.563,282.126,96.772,156.92,185.76,167.224,190.558,188.976,109.018,43.688,253.174
2002-11-17 12:40:00,163.288,51.983,205.167,123.997,1304.64,399.94,,206.232,87.636,153.697,282.27,96.538,156.72,184.636,168.544,189.71,186.876,108.846,43.956,253.022
2002-11-17 12:45:00,164.878,52.323,203.4,121.997,1308.16,400.07,102.665,207.488,86.788,155.683,283.048,97.725,156.64,186.984,165.03,190.77,188.43,109.738,43.334,251.728
2002-11-17 12:50:00,165.348,50.957,207.3,121.777,1301.14,401.28,,206.548,86.004,154.44,282.183,95.18,156.9,184.574,168.338,189.886,187.866,108.674,43.878,253.366
2002-11-17 12:55:00,165.634,49.403,206.767,123.527,1300.1,401.913,,207.884,86.244,150.897,280.848,97.369,156.08,187.054,167.79,189.774,187.682,108.084,43.958,253.104
2002-11-17 13:00:00,165.964,49.667,204.667,123.393,1299.64,402.48,102.9,207.206,84.65,153.947,281.835,96.809,156.4,186.666,167.642,187.638,187.304,108.892,43.232,249.842
2002-11-17 13:05:00,166.356,50.923,205.333,121.77,1294.5,401.57,,205.02,86.328,151.717,278.663,95.592,157.18,185.232,165.166,192.284,188.64,108.91,44.036,252.474
2002-11-17 13:10:00,164.122,51.943,204.1,122.203,1294.68,402.28,,205.588,87.23,153.457,282.822,96.2,156.08,187.088,167.252,191.65,186.6,106.734,44.214,251.826
2002-11-17 13:15:00,163.094,52.897,205.0,121.83,1308.32,401.836,103.205,205.842,85.756,152.507,283.266,96.262,155.8,185.896,165.684,189.908,187.702,108.556,43.926,255.106
2002-11-17 13:20:00,164.124,51.3,208.767,122.523,1300.9,395.84,,204.808,86.292,152.483,283.63,95.172,152.94,185.264,166.138,191.538,185.444,107.708,44.124,254.99
2002-11-17 13:25:00,163.812,49.513,206.6,122.34,1293.14,399.787,,206.958,85.884,153.793,284.476,96.111,156.58,188.088,168.06,189.598,186.49,107.624,43.806,254.416
2002-11-17 13:30:00,166.494,52.543,206.233,121.117,1298.62,401.307,101.293,203.962,86.696,152.483,281.53,96.222,155.8,186.254,165.432,189.356,188.304,109.196,43.494,252.412
2002-11-17 13:35:00,165.64,52.957,206.2,120.933,1298.28,401.063,,203.354,85.722,152.98,281.817,96.173,154.98,185.104,166.252,186.982,188.028,108.69,44.29,250.462
2002-11-17 13:40:00,165.51,51.77,206.6,121.077,1289.48,398.177,,205.208,86.126,153.857,280.875,95.365,157.3,186.994,167.888,190.208,186.54,108.946,43.252,253.552
2002-11-17 13:45:00,165.192,51.47,206.267,122.647,1289.04,398.037,102.358,202.776,86.802,152.55,279.51,95.607,154.1,187.204,166.47,188.062,188.614,109.576,43.222,252.878
2002-11-17 13:50:00,165.35,51.213,202.8,121.017,1292.16,395.71,,202.882,86.002,152.633,280.642,95.913,155.2,183.894,165.698,190.58,186.582,109.46,43.97,251.628
2002-11-17 13:55:00,166.118,51.78,206.867,121.2,1291.52,397.447,,204.084,86.412,152.925,277.294,94.224,154.0,185.03,164.64,191.842,187.264,109.568,43.428,251.748
2002-11-17 14:00:00,162.064,52.103,202.367,119.54,1285.92,396.35,101.917,202.776,86.032,153.694,282.01,95.818,155.6,184.624,166.53,189.474,185.95,107.916,43.53,252.77
2002-11-17 14:05:00,164.446,52.903,205.033,122.623,1280.64,396.237,,204.87,86.178,153.29,281.161,95.018,155.02,186.538,165.95,188.932,186.972,108.72,43.816,250.192
2002-11-17 14:10:00,164.936,51.74,204.733,121.113,1287.72,392.047,,203.296,85.914,152.117,280.027,96.1,155.74,186.086,165.598,188.174,188.05,109.03,43.874,255.184
2002-11-17 14:15:00,163.422,49.697,206.933,119.79,1282.82,392.657,101.708,204.702,86.594,153.917,278.77,96.477,155.82,185.094,166.346,192.402,190.558,108.426,43.568,250.602
2002-11-17 14:20:00,163.54,48.99,204.533,121.36,1282.96,395.287,,201.714,85.422,151.427,281.305,95.124,155.66,186.068,166.026,188.57,187.966,108.506,43.446,252.26
2002-11-17 14:25:00,164.81,49.137,202.433,121.003,1280.36,391.93,,204.922,87.09,152.816,278.435,94.716,153.48,183.75,166.028,188.322,187.382,108.514,43.012,252.102
2002-11-17 14:30:00,164.622,50.277,204.733,121.187,1279.96,390.597,101.331,205.878,87.042,151.897,281.967,95.1,155.12,186.71,165.944,191.05,185.424,108.716,43.324,251.636
2002-11-17 14:35:00,163.758,52.18,204.933,122.253,1278.22,391.023,,199.84,86.932,153.053,280.406,95.134,154.24,184.682,166.628,188.748,185.592,108.472,42.616,249.538
2002-11-17 14:40:00,163.118,52.413,205.0,119.643,1284.12,389.86,,204.928,85.298,151.353,281.778,95.271,155.1,183.714,166.764,188.18,185.782,108.23,42.894,250.74
2002-11-17 14:45:00,163.236,52.553,201.533,120.277,1285.34,394.35,101.68,202.244,85.548,148.277,278.002,94.266,152.38,184.414,166.936,192.618,188.24,108.02,42.69,251.104
2002-11-17 14:50:00,164.456,50.673,201.733,120.583,1274.56,396.697,,201.874,86.978,151.9,280.641,96.591,154.22,184.092,165.302,190.766,186.118,107.458,43.54,249.776
2002-11-17 14:55:00,161.38,49.85,203.7,121.187,1279.3,394.843,,199.918,86.474,148.927,280.448,95.644,155.8,183.796,164.054,189.47,186.398,109.672,43.232,250.134
2002-11-17 15:00:00,161.852,49.543,201.667,118.703,1276.64,390.157,101.604,200.404,86.352,151.127,282.191,94.678,154.7,184.018,166.19,190.314,186.21,108.66,43.758,249.614
2002-11-17 15:05:00,164.138,50.99,204.633,119.91,1281.56,394.427,,200.582,83.906,149.723,276.936,94.499,155.42,185.074,163.972,187.914,186.436,108.67,43.046,247.234
2002-11-17 15:10:00,161.602,52.9,205.0,120.467,1273.36,390.27,,201.752,86.13,150.01,280.333,94.602,154.26,184.708,165.056,189.896,185.18,108.156,42.528,247.722
2002-11-17 15:15:00,163.352,52.427,202.433,120.81,1275.68,395.157,101.248,199.76,87.202,150.533,277.762,95.309,153.1,184.406,163.584,188.342,185.92,109.936,43.148,246.832
2002-11-17 15:20:00,161.112,51.753,203.733,120.733,1277.46,391.463,,200.322,85.746,150.31,280.396,94.848,153.44,184.554,165.162,188.228,188.086,106.582,41.89,247.434
2002-11-17 15:25:00,163.148,51.52,204.233,120.447,1270.48,391.523,,202.01,84.732,149.62,278.669,95.286,152.34,184.336,164.48,187.338,187.28,108.666,42.646,247.41
2002-11-17 15:30:00,163.98,51.993,202.7,121.237,1278.3,392.303,100.97,203.232,85.502,150.733,276.947,95.148,152.34,182.516,164.864,189.922,187.218,108.64,43.064,246.518
2002-11-17 15:35:00,163.51,51.95,203.067,118.717,1270.62,393.477,,202.904,86.89,149.876,278.06,96.057,153.14,183.648,164.716,189.498,189.842,109.66,42.516,248.112
2002-11-17 15:40:00,162.948,52.14,201.633,122.153,1266.96,389.55,,201.624,85.692,151.34,279.203,94.817,153.42,183.998,163.926,191.842,187.778,107.406,42.072,244.102
2002-11-17 15:45:00,164.6,51.75,202.733,120.543,1269.34,394.91,100.151,201.85,85.924,151.393,279.644,93.366,152.28,184.496,165.358,190.83,187.636,108.852,42.512,246.794
2002-11-17 15:50:00,162.312,49.967,203.567,121.473,1269.78,389.61,,201.114,86.364,149.56,280.738,93.561,153.76,183.368,164.822,192.684,189.258,109.126,42.202,247.56
2002-11-17 15:55:00,160.244,48.887,204.067,119.477,1266.68,390.477,,202.584,84.856,151.407,276.25,94.051,153.28,182.44,165.428,190.482,186.956,107.672,42.488,243.494
2002-11-17 16:00:00,159.93,48.873,202.733,119.023,1267.66,390.403,100.414,200.766,86.042,150.43,277.925,92.182,150.78,182.834,164.504,190.236,186.928,108.97,42.782,244.92
2002-11-17 16:05:00,161.888,50.473,201.567,120.963,1264.96,389.847,,200.154,86.794,152.5,277.15,91.906,153.78,181.846,162.994,189.428,187.772,108.706,41.552,245.188
2002-11-17 16:10:00,162.28,51.637,202.033,120.393,1261.84,390.79,,202.14,86.05,150.17,277.65,93.804,151.58,182.398,161.874,192.646,187.294,108.038,42.244,243.776
2002-11-17 16:15:00,161.762,52.497,203.833,119.717,1264.12,388.86,100.098,200.51,86.174,150.044,278.923,94.221,150.58,181.08,163.822,190.328,187.74,108.458,41.638,245.04
2002-11-17 16:20:00,160.464,52.147,203.2,119.43,1267.88,391.843,,201.444,86.736,150.673,278.065,94.237,152.96,182.7,165.074,187.972,187.286,106.616,41.524,242.964
2002-11-17 16:25:00,161.288,52.857,204.333,118.873,1263.16,389.147,,199.77,84.328,150.613,275.072,93.074,154.12,181.58,162.022,185.826,188.228,107.956,42.018,245.334
2002-11-17 16:30:00,162.764,52.207,203.967,118.547,1259.08,387.59,99.414,200.746,85.284,149.833,277.769,92.548,151.7,182.052,162.844,189.49,185.924,109.548,41.09,240.86
2002-11-17 16:35:00,163.406,51.69,202.367,120.167,1260.1,389.437,,199.756,85.356,150.483,274.835,92.772,150.72,181.358,163.238,188.652,187.48,107.396,41.562,242.502
2002-11-17 16:40:00,162.382,50.157,201.367,118.167,1257.56,387.557,,201.544,85.056,150.127,278.758,94.13,151.2,181.762,162.316,186.74,190.312,107.662,41.648,242.04
2002-11-17 16:45:00,162.692,49.177,202.767,120.343,1252.76,388.497,99.747,201.002,84.766,152.613,277.685,94.916,151.92,182.486,163.846,186.914,189.24,107.548,40.788,242.742
2002-11-17 16:50:00,161.106,51.167,201.233,119.903,1256.24,388.417,,198.668,86.272,149.983,275.812,94.042,150.34,181.252,161.412,188.386,187.58,107.152,40.802,241.992
2002-11-17 16:55:00,161.252,53.063,202.1,118.757,1256.16,389.023,,200.194,86.092,149.933,275.972,94.543,150.3,181.88,162.94,187.346,186.902,107.538,41.378,241.858
2002-11-17 17:00:00,161.694,52.337,202.167,117.363,1259.46,389.61,98.986,197.84,85.72,149.243,276.791,93.238,150.44,182.274,164.154,187.9,185.824,107.798,41.526,242.702
2002-11-17 17:05:00,161.394,51.52,200.6,118.637,1254.3,388.38,,200.304,85.426,150.55,274.184,92.473,150.98,181.39,164.34,188.476,187.716,107.702,41.63,240.55
2002-11-17 17:10:00,160.284,51.377,204.567,117.393,1259.6,383.737,,199.554,83.456,148.227,274.073,91.197,151.26,182.964,165.034,188.764,187.576,107.374,41.472,239.788
2002-11-17 17:15:00,161.692,51.907,200.733,118.28,1255.96,384.897,99.352,199.076,84.816,149.117,275.543,92.722,150.98,180.462,162.94,187.214,187.896,108.522,41.352,242.882
2002-11-17 17:20:00,162.276,52.19,200.5,117.88,1254.8,385.85,,197.396,85.428,149.92,275.799,93.586,151.08,180.798,163.12,189.352,187.766,107.72,41.774,242.37
2002-11-17 17:25:00,159.24,52.647,201.867,119.103,1256.9,386.817,,201.068,84.572,150.587,274.552,93.981,152.32,181.698,162.216,186.936,187.276,106.652,41.226,241.902
2002-11-17 17:30:00,161.972,50.79,202.733,120.48,1259.4,385.73,99.808,199.29,83.916,151.677,275.809,92.761,150.5,181.088,163.436,187.96,184.67,108.11,41.728,242.69
2002-11-17 17:35:00,161.0,49.253,202.733,120.253,1253.2,385.793,,200.826,84.186,152.057,273.856,92.202,150.14,182.618,163.962,187.33,185.808,107.714,41.454,241.732
2002-11-17 17:40:00,158.212,49.383,204.567,117.573,1248.48,383.643,,197.25,85.618,148.24,277.931,93.169,150.34,181.846,163.808,186.212,185.038,107.27,42.072,243.104
2002-11-17 17:45:00,159.192,50.743,202.533,116.537,1255.9,381.35,99.977,197.318,87.624,147.667,274.409,93.25,151.92,180.524,163.284,189.042,187.18,105.46,42.112,243.06
2002-11-17 17:50:00,161.036,52.013,202.3,117.087,1252.74,384.143,,197.19,84.892,149.14,274.921,92.029,151.82,180.952,162.21,187.132,188.552,106.598,42.034,242.864
2002-11-17 17:55:00,161.178,52.153,202.467,118.143,1255.04,380.693,,196.854,84.65,148.3,272.679,92.643,150.76,181.374,161.172,187.07,186.408,106.43,41.862,242.742
2002-11-17 18:00:00,160.696,52.307,202.933,117.17,1257.82,382.1,99.333,195.99,84.822,148.79,274.961,93.27,150.82,183.016,162.71,187.692,184.036,106.828,41.286,242.556
2002-11-17 18:05:00,160.232,50.4,201.133,117.98,1258.42,380.58,,197.614,84.85,147.18,273.783,92.152,150.44,181.236,162.874,185.02,185.97,105.45,41.402,242.764
2002-11-17 18:10:00,159.538,51.59,203.333,117.637,1255.26,376.957,,196.98,84.778,148.4,275.9,91.77,149.48,181.178,160.616,185.422,187.874,105.834,41.59,242.252
2002-11-17 18:15:00,159.674,52.793,202.567,118.307,1260.68,377.453,99.985,197.622,84.0,148.22,274.938,92.68,149.1,180.888,162.026,185.172,186.894,105.832,41.794,240.618
2002-11-17 18:20:00,161.836,52.403,201.633,118.643,1251.42,377.477,,198.296,83.89,149.043,273.47,92.483,149.64,182.494,162.222,185.866,187.182,106.028,41.22,240.954
2002-11-17 18:25:00,159.266,51.557,200.467,117.743,1253.12,380.683,,194.52,84.608,147.41,273.701,92.576,149.86,179.97,161.606,186.166,187.55,106.092,41.592,241.25
2002-11-17 18:30:00,158.178,52.03,206.267,118.317,1258.66,377.46,99.367,197.49,84.144,147.213,271.65,91.719,149.6,180.022,163.176,184.722,184.69,107.35,41.554,240.8
2002-11-17 18:35:00,159.502,52.437,201.5,119.747,1252.06,377.987,,196.438,84.644,146.67,272.48,92.131,148.84,180.77,162.568,186.838,185.96,106.864,41.752,238.998
2002-11-17 18:40:00,161.216,52.617,199.867,117.257,1251.36,376.723,,197.358,84.804,144.45,275.436,90.595,148.34,181.504,160.412,186.434,188.214,107.144,41.86,242.012
2002-11-17 18:45:00,161.844,51.52,201.633,118.647,1255.1,377.763,99.552,193.496,85.034,148.3,274.89,91.933,149.86,179.844,160.082,186.648,185.914,105.104,41.538,241.53
2002-11-17 18:50:00,159.458,50.13,199.733,117.52,1255.86,374.697,,195.914,83.632,144.143,276.111,92.099,149.16,181.426,161.772,188.424,184.19,105.652,41.948,241.634
2002-11-17 18:55:00,160.668,48.8,203.6,118.957,1253.82,376.43,,196.09,84.48,146.767,275.95,90.989,149.38,183.238,161.196,187.346,184.464,106.396,41.688,240.858
2002-11-17 19:00:00,159.434,49.203,199.833,118.297,1251.04,378.967,98.519,196.03,84.854,147.053,273.373,91.807,149.36,182.004,160.95,187.556,184.996,107.2,40.83,239.854
2002-11-17 19:05:00,159.008,49.933,203.133,117.447,1246.64,374.427,,193.612,85.512,143.763,277.471,89.787,149.48,182.426,162.846,185.914,185.216,104.748,41.144,240.396
2002-11-17 19:10:00,158.95,51.25,202.567,118.71,1253.08,377.413,,193.168,84.042,147.313,274.825,93.052,148.24,182.936,163.23,185.842,184.994,106.892,41.45,240.73
2002-11-17 19:15:00,161.268,51.213,200.533,118.653,1253.8,374.703,98.855,193.448,85.03,144.62,274.424,92.188,149.44,184.162,161.796,186.808,186.748,104.784,41.188,238.318
2002-11-17 19:20:00,162.922,51.8,202.567,117.283,1255.3,378.086,,195.18,85.9,145.847,277.385,91.185,149.74,180.872,162.186,184.986,185.592,105.282,41.464,238.142
2002-11-17 19:25:00,161.938,52.087,202.3,119.377,1258.56,375.047,,193.396,84.668,145.237,275.516,92.265,146.74,182.368,160.46,185.7,187.212,107.234,41.14,241.048
2002-11-17 19:30:00,160.834,52.727,203.067,117.553,1255.48,376.71,97.452,195.038,85.006,144.93,278.444,90.784,147.06,182.042,163.498,186.418,185.64,107.928,40.846,240.078
2002-11-17 19:35:00,161.624,51.313,203.333,117.387,1254.42,373.293,,194.318,83.398,146.773,274.785,89.672,147.36,183.204,160.35,185.626,183.892,106.438,40.956,238.99
2002-11-17 19:40:00,160.388,49.803,200.667,118.153,1251.6,373.477,,193.322,84.15,145.56,277.408,91.47,147.88,181.938,159.84,184.436,186.344,106.736,40.88,240.884
2002-11-17 19:45:00,161.38,49.777,202.233,118.29,1246.18,378.847,98.018,194.992,83.758,143.39,277.931,91.381,148.34,183.778,162.708,183.878,186.488,105.984,41.502,238.786
2002-11-17 19:50:00,159.892,52.36,202.2,117.94,1257.24,377.19,,194.484,85.232,145.74,272.962,91.607,146.66,184.318,163.222,183.504,186.19,106.154,41.192,236.918
2002-11-17 19:55:00,160.816,52.417,200.233,117.25,1249.94,378.153,,197.638,83.728,142.98,275.13,90.955,149.3,183.616,159.37,183.658,183.436,104.524,41.504,239.14
2002-11-17 20:00:00,158.31,52.677,198.733,117.403,1259.86,377.15,97.228,192.836,84.892,144.857,273.59,91.651,145.5,183.716,161.282,186.964,186.326,104.808,41.294,239.69
2002-11-17 20:05:00,159.384,51.927,200.067,117.463,1254.46,378.133,,196.478,85.576,146.19,274.593,88.761,147.0,182.724,162.16,184.392,185.08,106.266,41.264,240.182
2002-11-17 20:10:00,160.146,51.237,201.267,116.82,1250.2,379.517,,196.238,84.596,146.517,274.89,90.311,145.46,185.758,160.728,184.072,185.716,106.704,40.588,238.1
2002-11-17 20:15:00,161.148,51.243,202.1,117.17,1252.58,378.043,96.847,197.014,84.174,146.083,276.449,92.523,145.7,183.872,162.294,184.082,185.52,105.634,41.1,238.814
2002-11-17 20:20:00,161.268,51.883,200.3,117.53,1255.62,378.473,,194.874,84.444,146.49,278.164,90.155,146.92,184.656,163.7,185.738,184.75,105.524,40.646,237.062
2002-11-17 20:25:00,159.788,51.91,200.067,118.553,1251.42,378.747,,191.908,83.598,143.917,276.33,91.128,145.84,184.842,162.094,186.276,185.268,106.018,41.72,237.778
2002-11-17 20:30:00,158.108,52.477,202.0,117.09,1253.54,377.627,96.455,195.006,84.064,144.563,277.327,90.668,148.12,181.614,161.838,182.426,188.422,106.57,40.724,238.72
2002-11-17 20:35:00,160.97,52.37,197.667,117.387,1256.3,376.633,,193.12,83.552,146.193,277.466,90.877,145.84,183.536,163.792,183.816,186.978,105.36,41.014,240.214
2002-11-17 20:40:00,158.684,51.193,199.867,117.287,1258.36,379.3,,194.058,85.138,146.257,275.25,90.469,146.04,182.584,162.87,183.3,187.742,106.048,41.024,239.872
2002-11-17 20:45:00,160.528,48.773,198.933,116.947,1254.76,374.813,96.814,195.184,85.05,143.767,276.604,90.391,146.86,183.906,161.516,184.08,185.668,106.872,41.13,237.56
2002-11-17 20:50:00,156.358,48.747,199.167,117.0,1253.26,379.623,,194.2,82.822,145.523,280.719,91.274,147.0,182.774,163.724,181.422,185.64,105.63,41.022,238.346
2002-11-17 20:55:00,160.056,49.257,200.833,116.867,1263.38,376.01,,195.756,83.69,144.247,275.95,89.573,146.34,182.28,162.386,185.392,186.214,105.978,41.042,236.3
2002-11-17 21:00:00,158.958,50.873,198.5,118.143,1254.2,376.17,97.633,195.782,84.644,144.38,276.976,92.158,148.5,184.284,163.218,183.254,185.824,105.592,40.76,238.704
2002-11-17 21:05:00,159.118,52.017,199.267,117.01,1252.98,377.347,,195.762,84.354,144.04,278.641,89.526,146.66,183.708,164.4,184.814,183.686,105.206,41.314,238.966
2002-11-17 21:10:00,160.738,52.68,200.233,118.743,1254.74,380.03,,195.93,83.576,146.523,278.835,88.855,146.66,182.73,162.57,185.532,185.334,104.604,40.886,238.574
2002-11-17 21:15:00,159.92,51.667,200.5,117.313,1265.24,379.147,96.761,197.508,84.062,144.38,280.732,88.164,146.04,184.142,162.628,184.606,185.838,106.206,41.122,238.84
2002-11-17 21:20:00,160.18,50.07,199.1,115.957,1257.52,375.514,,195.57,82.686,144.49,279.483,89.03,147.54,182.972,165.088,182.032,184.424,105.728,40.772,238.524
2002-11-17 21:25:00,161.142,50.67,202.267,116.187,1256.08,376.02,,194.16,84.134,144.06,279.547,89.059,146.92,183.25,163.926,184.146,185.5,105.322,40.816,240.048
2002-11-17 21:30:00,159.806,52.417,199.667,117.107,1254.76,379.113,97.176,194.566,83.324,146.263,278.858,90.785,148.4,183.924,162.798,185.768,184.69,104.368,40.642,239.252
2002-11-17 21:35:00,160.512,52.71,197.333,119.117,1257.8,377.53,,194.764,83.288,147.33,277.87,90.718,148.6,183.838,165.062,183.612,182.966,105.808,40.93,239.858
2002-11-17 21:40:00,160.08,51.96,199.033,117.023,1253.84,376.537,,195.686,83.826,144.41,280.484,90.498,145.54,184.464,162.064,180.998,183.768,106.264,41.134,239.686
2002-11-17 21:45:00,162.1,51.387,199.167,117.863,1256.8,379.273,96.697,195.974,82.722,143.517,278.609,90.355,147.32,182.51,161.98,184.8,183.334,105.386,41.028,240.58
2002-11-17 21:50:00,161.864,51.257,199.367,118.74,1253.72,379.1,,195.586,84.94,146.503,278.512,91.038,147.52,183.088,163.524,185.038,182.924,106.114,41.372,237.73
2002-11-17 21:55:00,160.596,51.62,199.2,117.79,1265.06,379.61,,196.628,84.188,146.607,279.783,90.508,146.14,185.218,164.42,183.068,185.662,105.17,40.642,240.164
2002-11-17 22:00:00,160.324,52.647,195.267,119.83,1259.5,376.597,96.8,196.822,82.452,145.813,280.463,91.336,147.54,182.864,164.724,183.218,184.78,106.234,41.166,237.216
2002-11-17 22:05:00,162.154,51.97,197.167,117.26,1253.32,377.993,,197.462,84.688,146.25,279.461,90.899,146.74,184.602,164.88,185.248,184.732,105.12,40.872,240.132
2002-11-17 22:10:00,158.874,51.157,201.433,116.93,1257.54,379.087,,197.326,83.838,146.413,277.397,90.455,146.72,182.82,163.96,185.498,183.384,105.186,41.024,239.772
2002-11-17 22:15:00,160.42,49.883,200.167,116.77,1255.54,378.337,96.788,194.938,83.524,144.9,277.713,90.6,146.52,183.806,164.02,183.034,184.178,105.742,41.426,239.466
2002-11-17 22:20:00,160.158,49.477,200.567,116.72,1262.78,378.223,,196.41,83.05,143.197,275.681,91.049,145.58,184.434,164.032,185.632,185.37,105.954,40.95,240.664
2002-11-17 22:25:00,160.28,49.327,201.2,117.993,1255.06,379.603,,197.626,84.394,146.397,277.414,88.189,145.46,181.552,163.762,183.532,185.404,105.09,41.122,240.66
2002-11-17 22:30:00,161.652,51.907,199.733,118.073,1255.32,376.617,96.17,195.288,82.034,144.437,278.451,90.606,146.38,182.672,164.278,183.34,185.598,104.724,40.92,238.926
2002-11-17 22:35:00,161.178,51.907,194.933,118.173,1257.98,377.623,,198.716,83.278,143.64,277.583,89.685,144.5,184.842,166.358,184.906,183.99,106.08,41.398,240.472
2002-11-17 22:40:00,164.11,52.203,201.5,117.233,1259.8,379.687,,195.504,83.298,146.02,277.422,90.096,146.14,185.064,165.33,184.328,185.09,105.63,41.36,239.04
2002-11-17 22:45:00,160.592,52.81,199.767,116.7,1258.18,378.794,95.657,194.014,82.658,145.667,274.67,90.074,148.74,185.546,164.702,183.792,185.884,106.478,41.368,240.958
2002-11-17 22:50:00,161.838,53.137,198.4,116.693,1260.78,376.337,,195.79,83.05,146.043,278.801,89.699,148.56,184.454,163.748,181.794,187.29,106.46,41.782,236.574
2002-11-17 22:55:00,162.642,51.153,200.8,117.457,1255.98,377.99,,195.822,82.694,146.397,274.837,90.308,146.64,182.182,163.45,182.726,183.598,106.04,41.62,241.288
2002-11-17 23:00:00,160.506,49.287,199.5,118.517,1261.98,375.543,96.107,196.618,83.524,143.83,277.745,91.868,146.88,183.9,163.108,181.984,182.234,104.456,41.214,241.516
2002-11-17 23:05:00,159.734,51.28,198.533,116.52,1258.86,378.54,,197.9,82.318,144.92,278.843,91.064,145.42,185.174,164.904,186.412,183.452,105.19,41.778,239.424
2002-11-17 23:10:00,159.422,52.783,199.167,117.183,1257.94,375.83,,195.166,83.346,145.75,279.567,90.643,147.14,183.682,166.63,184.5,186.022,105.396,41.288,239.464
2002-11-17 23:15:00,160.712,52.277,199.9,118.49,1256.18,379.953,96.373,197.64,83.694,144.43,276.84,89.399,146.22,183.162,163.484,185.384,185.132,105.136,41.778,241.674
2002-11-17 23:20:00,159.436,51.777,198.4,117.937,1263.42,377.43,,194.436,82.316,143.977,277.824,90.624,148.04,183.888,165.318,186.856,184.61,105.608,41.692,241.548
2002-11-17 23:25:00,159.174,51.427,199.967,117.747,1262.2,378.127,,195.06,83.164,144.33,275.352,90.314,146.16,182.536,162.602,186.884,185.212,104.388,41.316,241.61
2002-11-17 23:30:00,159.364,51.227,198.167,115.69,1259.12,377.387,97.009,194.95,83.112,145.44,277.114,90.699,147.0,184.228,164.484,186.884,182.882,105.38,41.338,241.612
2002-11-17 23:35:00,159.87,51.37,198.067,119.103,1264.1,380.583,,194.2,83.246,144.687,273.559,91.273,147.64,183.614,163.84,186.954,184.504,106.504,42.064,239.792
2002-11-17 23:40:00,160.254,51.667,198.9,116.787,1264.82,381.52,,195.91,82.602,143.927,276.527,88.866,146.82,182.268,166.166,185.336,183.924,106.362,41.018,240.486
2002-11-17 23:45:00,161.116,52.487,199.3,117.113,1262.62,379.153,97.025,196.136,82.066,146.15,277.505,90.412,148.16,184.344,167.108,185.262,183.316,104.044,41.088,242.684
2002-11-17 23:50:00,159.738,51.793,199.533,118.997,1261.88,377.177,,195.184,83.544,145.997,278.001,90.832,148.58,184.618,165.632,185.112,185.734,105.3,41.366,241.352
2002-11-17 23:55:00,161.572,50.61,198.933,118.177,1265.92,382.24,,193.724,82.316,147.204,273.074,91.543,147.68,183.36,164.61,185.546,184.088,105.42,41.394,240.486
2002-11-18 00:00:00,158.226,48.883,197.233,118.33,1262.0,381.64,95.541,196.996,83.456,146.6,276.567,91.457,145.1,184.246,164.436,185.502,184.616,104.788,41.446,239.656
2002-11-18 00:05:00,159.52,49.093,199.2,116.98,1258.5,379.42,,198.548,82.718,145.593,278.263,89.432,148.52,184.314,164.254,185.04,184.04,104.328,41.956,240.83
2002-11-18 00:10:00,162.546,49.39,197.4,117.447,1260.76,380.793,,193.94,81.926,148.32,276.337,92.059,146.92,184.86,166.348,184.304,184.458,106.034,41.438,240.096
2002-11-18 00:15:00,160.59,51.523,200.467,119.5,1256.22,377.51,97.218,196.518,84.11,144.99,275.842,89.786,148.74,183.812,164.478,186.962,183.308,106.26,41.464,242.26
2002-11-18 00:20:00,161.348,52.04,199.4,117.79,1259.12,381.427,,198.64,82.036,144.463,272.613,89.132,147.76,182.774,163.406,183.612,184.648,104.9,41.782,243.11
2002-11-18 00:25:00,162.55,52.527,198.3,118.013,1264.28,380.187,,195.284,82.794,144.153,278.093,90.801,146.9,183.486,165.886,185.018,183.478,105.154,42.272,242.622
2002-11-18 00:30:00,159.68,52.203,195.833,119.057,1255.6,380.553,96.041,195.968,84.388,147.42,277.401,90.148,145.92,182.508,164.874,183.258,183.238,105.028,40.876,240.938
2002-11-18 00:35:00,159.53,50.18,201.333,115.853,1258.38,378.22,,195.068,82.828,145.357,277.303,91.133,146.0,184.27,164.418,182.538,181.124,104.23,42.108,240.008
2002-11-18 00:40:00,160.038,49.48,199.3,117.46,1266.3,381.24,,195.166,81.698,145.13,274.112,91.772,146.16,184.428,165.46,182.236,184.054,105.022,41.048,240.6
2002-11-18 00:45:00,162.946,51.293,197.8,120.817,1261.46,383.553,97.091,197.516,82.998,145.677,272.935,89.914,145.88,182.914,164.564,184.552,182.136,103.94,40.866,242.102
2002-11-18 00:50:00,159.75,53.563,198.4,118.083,1250.7,380.107,,195.348,82.008,146.46,276.625,91.455,146.3,183.262,167.09,183.728,185.774,105.046,41.154,239.96
2002-11-18 00:55:00,160.976,52.933,197.333,117.123,1260.8,380.9,,197.046,83.262,146.767,275.641,92.719,147.22,185.318,165.894,183.638,185.136,105.75,42.042,243.66
2002-11-18 01:00:00,159.88,52.173,197.867,118.18,1262.06,377.11,97.201,197.086,82.17,146.09,275.216,91.796,147.18,182.564,164.286,181.49,183.274,104.538,41.678,240.704
2002-11-18 01:05:00,160.858,51.44,198.167,117.803,1266.02,379.75,,196.676,82.046,145.56,274.076,90.414,147.08,183.582,164.608,183.308,182.246,104.26,40.876,242.85
2002-11-18 01:10:00,159.494,51.983,196.5,116.677,1261.18,379.64,,197.54,82.572,147.143,276.683,90.598,146.48,182.958,166.232,182.866,184.46,104.826,41.486,240.272
2002-11-18 01:15:00,160.094,52.1,199.233,117.12,1253.84,381.76,96.421,194.222,83.472,145.657,273.224,89.881,146.36,182.89,165.304,182.078,183.962,103.676,41.14,240.266
2002-11-18 01:20:00,162.196,52.413,197.333,118.653,1262.66,379.21,,198.718,82.944,146.806,274.76,89.209,147.06,183.888,165.118,182.882,184.376,105.174,41.71,242.926
2002-11-18 01:25:00,162.626,53.003,197.667,118.12,1272.86,381.687,,197.818,83.632,145.887,275.178,90.522,148.2,181.812,165.148,182.036,183.52,104.424,41.438,240.522
2002-11-18 01:30:00,158.888,52.497,198.833,118.03,1259.88,380.75,96.347,195.516,83.492,147.41,274.728,90.849,147.76,181.884,164.804,182.044,182.548,104.758,41.064,240.552
2002-11-18 01:35:00,157.854,51.33,197.333,119.553,1264.04,384.39,,197.582,82.724,144.373,277.466,91.215,146.3,184.036,165.07,180.656,183.198,105.22,41.65,241.512
2002-11-18 01:40:00,160.118,50.09,200.5,117.83,1262.32,381.11,,197.466,82.874,145.01,273.359,91.889,146.4,184.748,165.28,181.626,184.094,106.048,42.224,242.212
2002-11-18 01:45:00,159.97,49.287,197.667,117.267,1262.8,383.183,96.709,196.74,82.826,145.197,273.657,90.373,147.02,184.062,165.188,180.84,180.364,105.454,42.052,242.43
2002-11-18 01:50:00,160.07,49.717,198.533,118.7,1265.64,383.203,,196.014,82.888,146.203,274.076,91.073,148.66,182.458,165.486,182.462,182.334,105.198,40.99,242.02
2002-11-18 01:55:00,159.126,49.137,197.933,118.787,1256.28,381.747,,198.394,82.786,145.737,275.118,91.862,149.1,183.116,164.254,179.702,183.508,105.702,41.65,241.28
2002-11-18 02:00:00,160.068,50.5,200.567,117.693,1255.52,380.923,96.372,196.156,82.948,145.78,277.336,90.035,146.84,181.772,167.232,182.172,184.064,105.006,41.352,242.59
2002-11-18 02:05:00,160.688,51.437,196.767,116.777,1254.64,379.727,,194.95,81.934,144.386,273.16,90.25,147.52,184.224,166.836,181.524,183.488,107.042,40.92,241.028
2002-11-18 02:10:00,160.338,52.3,198.167,116.413,1261.3,383.133,,197.494,81.856,147.033,274.425,90.042,147.98,182.934,164.998,184.686,183.732,105.508,40.924,239.892
2002-11-18 02:15:00,161.802,52.74,197.667,117.393,1267.36,386.087,97.087,198.478,82.468,145.937,273.676,90.368,146.34,183.138,166.044,179.28,182.312,105.418,41.51,240.136
2002-11-18 02:20:00,160.466,52.367,201.233,118.5,1270.06,379.177,,196.674,81.818,145.51,277.087,90.192,146.92,183.542,165.276,180.832,181.266,105.486,41.906,242.044
2002-11-18 02:25:00,162.192,50.313,198.233,118.253,1264.9,383.073,,195.83,82.822,146.227,273.022,91.944,145.96,181.846,164.776,180.796,183.282,104.838,41.176,242.396
2002-11-18 02:30:00,160.184,49.74,200.367,118.543,1262.18,380.834,97.569,195.296,82.896,146.633,274.556,89.89,148.04,182.312,167.692,179.654,182.106,103.714,41.206,240.37
2002-11-18 02:35:00,162.258,50.86,197.133,119.123,1265.82,383.827,,197.5,81.954,147.083,273.313,89.219,146.34,181.896,165.9,179.32,183.51,105.318,41.06,242.028
2002-11-18 02:40:00,160.664,52.92,196.6,118.453,1266.04,383.243,,195.796,82.114,147.51,272.956,91.252,148.26,183.28,166.47,180.33,183.29,104.902,41.446,241.748
2002-11-18 02:45:00,161.298,51.76,198.533,119.29,1270.0,379.737,97.889,197.048,83.312,144.89,272.761,91.822,146.36,181.896,165.878,180.856,182.424,104.858,41.726,242.534
2002-11-18 02:50:00,159.938,51.33,198.7,119.11,1266.44,382.73,,197.864,82.998,145.227,274.545,91.177,147.62,181.884,167.206,180.65,182.086,106.144,41.414,240.36
2002-11-18 02:55:00,159.44,51.67,197.067,118.82,1274.14,384.06,,194.706,82.204,147.103,274.772,91.165,147.0,182.128,166.384,178.404,179.732,106.006,41.766,241.332
2002-11-18 03:00:00,160.558,51.9,198.867,117.61,1270.44,380.14,97.603,199.488,82.74,147.88,273.176,90.097,146.68,183.822,166.286,179.434,180.682,105.668,42.198,241.61
2002-11-18 03:05:00,160.902,52.343,197.767,116.29,1266.9,384.163,,198.094,83.22,145.92,274.311,90.624,146.72,182.728,165.212,180.528,181.58,106.338,41.836,240.818
2002-11-18 03:10:00,163.334,52.947,199.2,117.283,1269.3,379.46,,196.656,83.634,148.923,272.136,89.437,148.26,184.142,166.802,178.58,182.074,105.752,42.092,244.046
2002-11-18 03:15:00,160.248,51.837,200.667,118.687,1277.46,378.517,96.804,197.054,81.822,145.387,273.927,91.04,148.04,182.28,164.56,181.168,179.806,104.88,40.738,240.184
2002-11-18 03:20:00,158.358,50.383,199.533,117.003,1273.64,382.243,,195.17,82.782,146.97,274.869,91.408,147.96,181.314,166.63,181.054,179.182,105.002,41.682,244.744
2002-11-18 03:25:00,161.12,49.81,199.667,118.207,1274.48,379.35,,197.112,82.994,144.567,275.032,91.078,149.9,182.096,164.858,183.126,181.212,107.416,41.554,241.058
2002-11-18 03:30:00,160.83,48.697,199.733,118.787,1272.84,377.903,97.761,196.188,82.282,146.253,272.631,91.114,147.56,180.638,166.492,180.92,182.49,105.538,42.002,242.768
2002-11-18 03:35:00,160.414,49.37,196.867,116.77,1275.92,380.81,,197.124,84.304,146.877,272.14,89.814,147.34,180.288,167.368,180.65,177.348,105.756,42.072,243.558
2002-11-18 03:40:00,161.528,50.303,197.0,119.193,1272.28,380.517,,197.152,82.216,145.527,272.205,91.682,145.92,182.004,164.444,181.362,178.126,106.22,41.512,239.204
2002-11-18 03:45:00,162.116,51.36,197.767,116.92,1280.46,382.467,96.999,194.776,82.6,144.393,271.981,89.037,146.94,182.316,167.682,179.704,181.224,105.78,40.99,240.176
2002-11-18 03:50:00,160.474,52.257,198.833,119.47,1274.42,383.393,,198.688,83.046,146.467,273.314,90.482,146.42,183.25,167.274,183.4,177.626,104.448,41.59,241.762
2002-11-18 03:55:00,161.72,52.327,198.9,118.587,1281.72,382.843,,195.498,83.772,145.617,271.1,90.816,148.56,182.368,165.116,180.702,179.228,106.334,41.39,241.518
2002-11-18 04:00:00,161.244,52.37,197.967,116.96,1279.58,377.817,97.29,196.044,83.532,147.223,275.916,90.221,146.78,181.752,164.88,180.044,180.702,104.586,41.376,241.974
2002-11-18 04:05:00,161.898,53.56,200.233,116.153,1287.66,380.02,,197.072,82.848,147.55,273.634,89.899,147.44,182.75,167.556,181.434,180.16,104.75,40.888,242.86
2002-11-18 04:10:00,160.772,51.897,199.967,117.107,1279.26,381.02,,197.47,84.77,147.257,270.452,91.123,147.46,179.472,164.006,181.138,180.572,106.148,42.308,240.73
2002-11-18 04:15:00,161.686,51.847,198.8,118.903,1274.68,383.733,97.981,199.086,83.06,145.69,271.171,92.022,146.8,181.608,163.902,183.268,178.994,104.172,41.528,242.314
2002-11-18 04:20:00,160.98,53.203,197.133,117.13,1285.0,380.17,,197.654,82.034,145.177,271.132,90.629,148.34,182.586,166.71,183.694,178.25,105.05,41.646,240.75
2002-11-18 04:25:00,163.062,52.753,197.833,118.817,1291.32,384.23,,196.406,82.964,147.966,271.85,92.602,150.16,182.18,163.692,180.354,181.122,104.828,41.218,241.618
2002-11-18 04:30:00,159.542,52.273,200.0,117.7,1290.08,381.7,98.032,196.966,82.936,145.357,273.504,91.562,146.08,180.722,163.064,181.444,179.986,105.378,41.938,243.354
2002-11-18 04:35:00,161.578,51.383,199.2,117.797,1286.94,380.693,,197.75,84.19,146.067,270.973,90.348,148.6,181.596,165.386,179.052,181.31,105.998,42.058,242.496
2002-11-18 04:40:00,161.498,51.6,199.667,117.763,1278.54,377.677,,195.842,82.53,144.787,273.217,91.484,146.66,181.522,165.284,179.648,180.084,105.068,41.622,243.132
2002-11-18 04:45:00,161.37,52.257,200.033,119.45,1295.925,378.673,97.414,198.546,82.904,145.43,272.826,90.985,146.94,181.24,164.544,183.186,179.558,104.454,40.65,239.974
2002-11-18 04:50:00,161.642,52.017,203.467,117.323,1291.76,384.067,,196.688,82.43,146.02,274.392,91.429,146.64,183.072,163.524,177.674,179.974,105.988,41.392,241.094
2002-11-18 04:55:00,161.676,50.043,198.967,118.613,1281.24,380.8,,195.952,83.018,145.927,272.627,92.137,147.68,181.286,164.796,180.752,180.968,105.698,41.622,243.194
