ESOI    MXCO    ROME    AATB    LMKS    DRBS    MOSC    NEWK    KIEL    CALG    OULU    APTY    FSMT    INVK    NAIN    PWNK    THUL    SOPB    SOPO
2004-07-26 17:45:00;171.156;213.833;127.027;1392.320;419.547;105.826;208.720; 90.198;160.067;297.827;100.577;162.840;200.250;178.496;201.750;198.718;112.884;140.354;276.096
2004-07-26 17:50:00;171.866;213.600;125.930;1396.000;419.133;   null;207.434; 90.664;157.927;299.766; 99.919;162.320;201.336;177.844;198.644;200.084;114.452;140.646;276.538
2004-07-26 17:55:00;171.720;213.200;125.713;1396.220;420.867;   null;208.926; 91.846;161.773;295.039;100.108;160.240;202.458;178.926;200.908;202.512;114.924;139.122;276.702
2004-07-26 18:00:00;173.124;213.667;125.403;1398.400;415.943;107.473;208.746; 90.414;159.763;299.023;101.335;160.700;200.278;179.896;200.404;201.194;115.076;139.946;276.648
2004-07-26 18:05:00;171.658;213.100;125.937;1395.620;423.610;   null;209.260; 91.660;161.273;297.486; 98.511;162.100;201.188;178.006;200.944;198.744;113.612;140.796;276.052
2004-07-26 18:10:00;171.180;216.033;125.533;1396.940;419.850;   null;211.834; 90.638;157.433;296.189; 98.761;164.520;200.580;178.138;200.060;202.188;115.428;140.196;275.618
2004-07-26 18:15:00;171.626;214.767;124.917;1389.020;420.756;106.014;208.486; 90.538;159.573;297.043; 98.352;160.860;200.822;176.466;200.890;200.440;114.560;139.620;276.398
2004-07-26 18:20:00;171.846;215.133;126.793;1390.180;420.340;   null;209.624; 91.622;159.887;299.111; 99.368;160.180;201.074;178.036;199.162;199.596;114.878;140.544;277.890
2004-07-26 18:25:00;172.662;211.300;125.370;1393.920;421.190;   null;207.538; 90.178;157.170;299.179; 98.687;161.140;201.576;178.908;201.512;200.842;115.144;139.368;275.952
2004-07-26 18:30:00;171.400;212.767;125.813;1396.080;425.117;105.323;208.634; 89.248;159.637;295.952; 98.482;163.580;200.384;178.502;198.172;198.244;115.534;140.822;278.308
2004-07-26 18:35:00;170.224;215.033;125.850;1391.640;420.633;   null;206.394; 90.446;155.770;294.736; 98.865;160.320;201.758;179.168;198.532;200.318;114.680;139.940;274.938
2004-07-26 18:40:00;169.834;212.900;126.800;1397.060;419.830;   null;207.164; 91.184;160.390;298.708; 99.145;163.060;200.562;178.504;200.340;199.910;114.708;141.468;275.882
2004-07-26 18:45:00;172.438;212.733;125.570;1392.140;422.823;105.336;208.060; 91.156;155.767;296.801;100.115;161.540;201.548;179.450;198.226;199.110;113.582;139.718;275.894
2004-07-26 18:50:00;171.330;217.000;126.610;1391.360;417.353;   null;209.040; 90.994;158.720;296.427; 99.644;162.420;201.660;179.414;198.472;200.526;114.246;140.230;276.060
2004-07-26 18:55:00;171.064;212.833;126.153;1395.020;419.210;   null;206.972; 91.324;157.773;297.299; 98.539;160.540;201.890;179.562;198.550;196.902;116.102;139.558;277.244
2004-07-26 19:00:00;170.584;214.400;125.800;1401.040;419.450;106.267;207.166; 90.428;156.070;298.096; 99.418;159.620;200.574;180.732;197.776;199.006;114.592;139.794;277.496
2004-07-26 19:05:00;172.348;212.667;125.853;1388.880;421.213;   null;210.318; 90.960;159.533;297.095; 98.408;161.080;201.484;180.562;199.962;199.280;114.616;140.228;278.566
2004-07-26 19:10:00;171.188;213.833;125.177;1399.220;417.443;   null;208.092; 89.928;160.020;299.613; 98.793;163.620;201.402;178.068;198.192;198.856;113.904;139.888;277.066
2004-07-26 19:15:00;170.910;215.433;124.397;1392.760;422.177;104.843;210.368; 89.204;160.637;299.308; 97.574;160.580;201.886;181.808;196.474;198.768;113.632;141.204;277.982
2004-07-26 19:20:00;171.146;213.233;126.307;1395.600;419.467;   null;209.066; 90.066;159.863;298.375; 98.593;162.000;198.610;178.630;197.564;199.572;116.360;140.708;276.360
2004-07-26 19:25:00;172.260;213.600;124.797;1399.060;418.697;   null;209.330; 90.146;158.290;299.681; 98.327;161.980;199.832;180.940;201.546;198.316;113.426;140.558;274.788
2004-07-26 19:30:00;170.656;212.267;127.463;1385.800;415.770;105.316;208.542; 90.978;158.120;299.410; 99.262;161.260;199.816;180.562;196.870;199.090;114.382;140.790;276.226
2004-07-26 19:35:00;172.324;211.867;125.010;1403.780;421.650;   null;207.380; 91.452;158.747;297.381; 98.597;160.700;200.004;179.572;200.588;198.766;113.348;139.036;276.710
2004-07-26 19:40:00;169.246;212.833;125.067;1395.780;419.513;   null;206.776; 90.446;155.457;300.056; 98.886;161.540;201.526;179.408;198.334;198.600;114.270;141.178;272.752
2004-07-26 19:45:00;171.474;213.100;125.180;1403.840;419.677;105.839;207.366; 90.478;157.563;303.220; 97.963;160.280;201.144;180.830;198.088;198.812;114.338;139.806;276.028
2004-07-26 19:50:00;170.750;214.700;125.470;1400.440;423.380;   null;209.784; 90.578;158.517;298.321; 99.204;162.960;200.330;181.038;199.898;198.958;113.852;141.004;275.016
2004-07-26 19:55:00;171.072;213.300;126.590;1395.720;417.877;   null;208.766; 93.742;159.873;297.517; 98.233;161.520;199.322;177.492;198.424;197.926;115.952;140.314;276.320
2004-07-26 20:00:00;171.800;210.933;124.330;1398.980;420.813;105.323;209.676; 91.362;156.950;297.505; 98.961;161.060;201.334;178.312;198.472;200.806;114.450;140.880;276.648
2004-07-26 20:05:00;172.002;214.133;125.557;1397.480;420.260;   null;208.784; 90.516;159.340;300.036; 97.091;161.320;201.678;179.368;199.580;199.552;115.154;140.846;276.742
2004-07-26 20:10:00;172.882;212.800;126.667;1395.180;421.070;   null;206.440; 89.134;157.517;298.422; 98.309;160.520;202.004;180.078;198.630;200.836;115.148;140.352;279.036
2004-07-26 20:15:00;170.298;211.733;125.280;1399.080;420.647;105.419;206.836; 88.900;155.733;298.457; 99.627;160.540;202.306;180.352;198.058;199.050;114.152;142.154;276.222
2004-07-26 20:20:00;171.182;210.500;125.343;1401.160;419.780;   null;208.726; 90.014;157.780;296.756; 97.911;160.380;201.640;180.754;197.636;198.470;115.312;140.122;276.496
2004-07-26 20:25:00;171.288;210.000;124.077;1397.080;422.863;   null;207.398; 90.542;157.160;299.117; 98.331;160.400;201.664;179.196;199.920;200.048;115.036;141.616;277.852
2004-07-26 20:30:00;171.068;212.033;126.580;1397.300;420.903;106.717;209.498; 91.636;157.007;298.934; 98.910;161.740;199.758;179.202;198.310;199.436;115.052;141.100;274.904
2004-07-26 20:35:00;170.674;212.733;124.800;1404.280;417.240;   null;207.972; 90.814;159.357;298.184; 98.168;162.220;200.598;178.274;199.436;197.876;115.600;141.518;276.826
2004-07-26 20:40:00;170.590;212.167;125.617;1397.460;420.817;   null;209.208; 92.390;158.023;298.048;100.192;161.840;200.502;180.038;197.614;199.090;114.496;140.546;276.528
2004-07-26 20:45:00;173.452;213.333;126.230;1402.740;419.520;105.526;208.480; 90.060;158.310;295.189; 97.760;160.340;202.490;179.580;199.600;197.348;116.362;141.140;275.638
2004-07-26 20:50:00;171.332;211.067;124.840;1393.920;416.940;   null;208.154; 90.340;158.334;296.776; 97.780;162.080;201.620;182.408;195.724;199.814;113.656;141.552;277.578
2004-07-26 20:55:00;171.810;214.500;124.853;1402.380;421.410;   null;207.688; 91.126;157.617;295.416; 99.049;160.680;201.520;180.976;201.174;198.102;114.072;140.704;276.172
2004-07-26 21:00:00;171.912;211.833;125.890;1396.120;421.437;105.691;208.434; 91.062;156.773;299.599; 97.815;162.600;200.900;179.558;196.978;201.160;116.074;139.284;275.118
2004-07-26 21:05:00;170.360;211.933;124.947;1388.640;419.266;   null;207.876; 90.856;160.147;297.321; 97.816;162.600;202.428;178.674;200.894;198.880;115.140;141.054;277.732
2004-07-26 21:10:00;170.716;213.167;126.630;1395.100;420.513;   null;207.552; 90.872;159.516;297.061; 98.802;159.320;201.734;178.872;198.772;197.228;114.334;140.750;277.868
2004-07-26 21:15:00;171.080;212.467;124.113;1396.860;417.333;105.610;206.414; 89.214;158.127;297.049; 99.177;160.760;203.370;179.824;200.256;198.464;115.592;141.386;275.972
2004-07-26 21:20:00;173.162;212.367;125.230;1396.040;421.387;   null;210.516; 89.198;157.927;297.083; 99.878;161.340;200.556;180.902;199.550;197.646;113.704;141.530;276.558
2004-07-26 21:25:00;172.422;211.800;125.977;1396.720;422.020;   null;206.732; 89.676;160.890;299.648;100.155;163.040;202.136;181.308;198.604;196.282;115.894;141.202;275.716
2004-07-26 21:30:00;171.080;214.900;126.480;1404.240;416.180;106.130;209.234; 90.594;157.493;297.700; 98.661;161.140;199.154;179.092;198.336;199.206;114.378;139.486;277.024
2004-07-26 21:35:00;168.840;213.700;125.927;1400.660;422.340;   null;209.728; 90.054;159.503;298.450;100.183;162.160;202.372;180.198;199.138;198.122;114.320;139.782;277.072
2004-07-26 21:40:00;174.018;212.533;124.233;1396.560;423.480;   null;209.550; 90.634;158.257;296.347;100.336;162.400;199.612;180.830;199.388;198.446;113.754;140.138;277.320
2004-07-26 21:45:00;172.712;215.833;127.140;1396.000;418.203;104.773;210.196; 89.214;157.487;296.823; 99.008;161.340;199.866;181.422;201.726;199.708;115.404;140.684;277.370
2004-07-26 21:50:00;172.718;211.467;126.510;1396.640;420.623;   null;206.374; 90.894;158.540;297.232; 99.819;161.480;202.282;181.656;200.234;199.428;115.278;140.060;275.832
2004-07-26 21:55:00;171.634;212.900;126.530;1399.000;420.847;   null;209.604; 91.532;158.333;298.729;100.410;163.500;203.054;179.332;201.112;198.712;113.760;142.020;275.496
2004-07-26 22:00:00;170.344;211.767;127.323;1402.740;423.347;105.088;208.640; 90.610;157.227;298.334; 99.516;161.100;202.912;180.414;200.482;200.940;115.004;141.048;274.450
2004-07-26 22:05:00;171.594;212.467;126.483;1404.720;422.277;   null;210.548; 90.056;158.630;298.967; 99.865;159.860;200.374;177.464;200.818;198.476;114.258;140.708;276.248
2004-07-26 22:10:00;169.958;213.067;124.430;1402.420;419.037;   null;210.074; 89.902;159.167;298.457; 99.025;161.140;201.150;180.020;199.248;200.832;115.360;140.578;274.556
2004-07-26 22:15:00;171.180;214.167;126.763;1405.580;424.060;106.633;208.210; 90.368;158.093;296.109;101.493;163.200;200.544;177.286;198.394;200.726;116.180;139.786;278.980
2004-07-26 22:20:00;171.410;209.833;124.823;1402.280;423.073;   null;206.666; 90.688;158.853;296.836;100.172;161.080;201.482;180.766;200.832;197.080;113.590;140.322;275.896
2004-07-26 22:25:00;171.596;211.400;126.550;1406.420;420.110;   null;209.604; 89.670;159.167;294.998; 99.203;161.780;200.466;180.738;200.638;199.556;113.976;140.428;274.820
2004-07-26 22:30:00;171.752;213.700;125.973;1407.980;423.900;105.272;209.162; 89.522;161.547;296.495; 99.967;162.580;202.414;180.744;201.680;199.354;114.894;140.816;277.346
2004-07-26 22:35:00;170.760;210.900;127.140;1401.160;422.187;   null;210.398; 90.140;157.797;298.756;100.144;159.960;200.842;178.672;199.614;196.734;115.540;140.478;276.364
2004-07-26 22:40:00;172.056;214.633;126.130;1407.620;419.573;   null;210.372; 89.682;160.117;297.973; 98.441;162.360;202.096;181.076;202.074;195.416;115.092;141.434;274.498
2004-07-26 22:45:00;171.868;213.600;126.613;1400.920;422.230;106.252;211.034; 89.876;158.357;298.770; 99.290;163.000;200.988;178.788;201.092;196.240;114.598;140.600;276.454
2004-07-26 22:50:00;173.106;211.267;127.343;1394.480;419.097;   null;209.926; 91.220;157.437;298.224;101.609;160.660;201.004;178.456;199.454;196.768;114.920;140.120;276.058
2004-07-26 22:55:00;172.624;211.267;126.563;1405.140;422.347;   null;211.282; 90.752;157.993;294.449; 99.223;161.440;199.120;180.408;199.592;199.874;114.558;140.386;276.036
2004-07-26 23:00:00;170.592;211.933;126.390;1407.120;420.600;104.880;209.358; 91.026;160.327;299.773;100.604;164.040;200.430;180.206;197.776;199.216;114.516;140.504;275.748
2004-07-26 23:05:00;172.824;215.333;127.200;1403.700;419.833;   null;210.646; 90.916;156.517;297.192;101.979;162.200;200.778;179.710;198.982;197.786;115.214;139.034;273.134
2004-07-26 23:10:00;173.374;211.167;123.877;1398.840;423.183;   null;210.638; 90.514;160.816;298.455; 98.972;163.840;199.592;178.220;199.768;199.344;113.858;140.456;277.728
2004-07-26 23:15:00;173.122;213.933;125.157;1405.160;420.017;106.282;209.010; 89.780;160.773;300.197; 98.815;162.700;200.974;178.374;199.540;199.660;114.874;138.992;273.452
2004-07-26 23:20:00;174.240;211.867;126.567;1405.880;423.303;   null;210.494; 90.952;158.253;297.943; 98.119;163.000;200.172;177.534;198.372;197.118;112.984;140.324;274.618
2004-07-26 23:25:00;173.120;215.733;125.833;1399.120;423.630;   null;210.248; 91.582;160.547;296.132; 99.199;160.680;201.112;179.946;197.622;198.606;114.502;141.240;273.476
2004-07-26 23:30:00;173.826;213.700;125.777;1416.800;422.970;106.064;210.492; 90.154;156.127;296.679; 98.222;164.440;197.634;177.154;199.724;196.782;114.412;138.918;275.202
2004-07-26 23:35:00;171.154;212.667;127.157;1414.260;421.703;   null;208.276; 90.308;156.937;297.556; 99.837;161.200;198.856;179.858;201.130;198.426;115.398;138.646;278.428
2004-07-26 23:40:00;171.726;214.600;126.877;1407.160;419.630;   null;211.490; 92.362;157.023;299.335;100.150;162.700;199.686;176.272;199.392;199.030;114.464;140.014;274.532
2004-07-26 23:45:00;173.420;214.333;125.503;1414.520;424.273;105.377;209.652; 90.420;157.180;299.588;100.405;162.400;202.124;179.138;199.558;196.760;114.644;139.238;275.130
2004-07-26 23:50:00;173.170;213.100;125.813;1408.180;422.310;   null;209.538; 90.084;157.540;295.448; 97.187;161.120;202.260;178.336;197.728;196.772;114.588;139.670;274.144
2004-07-26 23:55:00;172.078;211.833;127.877;1419.360;422.750;   null;208.564; 90.130;157.383;297.877; 98.583;161.200;198.072;178.230;197.498;197.174;114.960;139.764;272.836
2004-07-27 00:00:00;173.506;211.933;125.217;1420.200;422.266;104.856;209.668; 90.984;157.680;297.980; 99.870;161.440;201.366;178.508;199.182;196.850;114.904;140.336;273.324
2004-07-27 00:05:00;172.138;210.400;125.160;1406.060;422.843;   null;209.372; 88.882;157.690;297.466; 98.478;162.360;199.184;178.296;198.366;197.300;113.624;140.388;277.464
2004-07-27 00:10:00;173.658;212.067;127.223;1419.280;420.473;   null;208.220; 90.830;157.507;297.638; 98.102;162.280;199.928;179.586;198.028;197.500;114.112;140.504;276.310
2004-07-27 00:15:00;173.310;210.533;123.333;1405.240;415.897;105.689;208.580; 89.950;159.077;298.870; 98.407;160.660;199.252;179.876;198.398;196.660;113.764;139.512;276.136
2004-07-27 00:20:00;173.898;213.867;127.320;1414.480;418.873;   null;207.262; 90.242;156.303;294.591; 98.337;161.400;197.372;177.788;199.602;197.248;112.136;140.840;273.620
2004-07-27 00:25:00;171.694;210.400;126.987;1415.780;417.983;   null;205.854; 89.434;156.990;298.677; 97.392;157.140;199.442;177.784;197.210;197.458;114.674;138.320;273.832
2004-07-27 00:30:00;171.086;209.500;125.493;1413.660;416.087;104.384;205.908; 90.104;157.027;298.357; 97.070;158.700;199.628;178.784;199.192;196.990;114.770;138.940;273.832
2004-07-27 00:35:00;173.636;208.800;125.697;1413.420;416.367;   null;205.100; 90.426;156.170;297.752; 95.849;158.580;199.150;179.724;197.238;199.962;113.846;137.860;272.164
2004-07-27 00:40:00;172.504;208.300;125.930;1415.220;415.867;   null;207.766; 88.560;155.763;295.139; 98.344;160.500;199.650;178.506;198.024;197.008;113.566;137.688;271.874
2004-07-27 00:45:00;175.270;209.667;124.477;1414.940;415.990;105.042;206.060; 90.722;154.880;297.056; 96.942;158.940;199.726;177.934;198.790;197.440;113.686;138.666;271.158
2004-07-27 00:50:00;172.606;210.533;125.103;1409.760;413.587;   null;208.594; 91.046;155.413;297.238; 97.154;160.160;202.102;181.426;197.216;197.902;115.472;138.330;268.778
2004-07-27 00:55:00;169.828;212.667;125.423;1410.260;420.437;   null;207.100; 89.550;157.567;296.279; 96.782;157.820;200.564;178.958;197.594;197.156;114.328;137.770;270.726
2004-07-27 01:00:00;173.842;211.567;127.060;1422.500;417.087;105.368;207.940; 90.428;156.377;297.877; 97.875;161.060;198.554;181.066;200.256;198.044;114.034;136.108;269.646
2004-07-27 01:05:00;171.912;210.433;125.910;1415.740;419.827;   null;205.592; 91.148;158.013;296.200; 98.625;160.380;199.670;179.900;200.560;199.604;114.028;137.492;269.238
2004-07-27 01:10:00;171.828;209.333;125.057;1418.000;419.693;   null;209.582; 91.424;158.110;296.690; 96.752;161.080;200.156;179.360;198.062;197.096;114.480;137.112;269.214
2004-07-27 01:15:00;171.964;211.500;125.543;1413.460;415.580;105.365;209.186; 89.618;156.683;296.474; 97.607;161.260;197.932;179.720;198.016;197.554;114.970;136.104;268.958
2004-07-27 01:20:00;171.488;213.767;124.613;1408.960;421.727;   null;211.428; 90.218;155.143;294.728; 97.135;161.040;199.456;179.132;198.102;196.504;114.386;137.598;271.246
2004-07-27 01:25:00;172.312;211.233;127.460;1405.900;418.100;   null;207.046; 90.098;157.003;294.787; 98.284;160.000;199.738;176.664;195.760;195.290;112.676;138.118;271.328
2004-07-27 01:30:00;174.544;209.633;124.600;1405.040;415.717;104.767;209.974; 91.110;159.680;294.308; 97.211;159.180;199.950;176.770;199.676;194.854;114.518;136.124;267.542
2004-07-27 01:35:00;172.786;208.700;124.850;1415.340;421.663;   null;205.496; 87.736;155.570;295.926; 97.982;161.700;198.106;179.140;198.576;197.052;113.904;137.376;268.364
2004-07-27 01:40:00;172.850;210.000;125.503;1406.460;416.333;   null;208.912; 88.658;157.677;296.953; 97.746;158.540;196.950;176.536;199.800;195.810;114.412;137.884;269.622
2004-07-27 01:45:00;172.310;212.300;126.390;1411.020;419.140;105.903;204.836; 89.626;157.667;295.320; 97.559;161.440;197.878;179.386;196.052;195.198;113.676;137.862;271.484
2004-07-27 01:50:00;172.822;213.600;125.447;1410.780;420.834;   null;210.750; 89.016;156.307;295.252; 98.453;160.300;198.946;177.452;196.482;194.324;113.422;138.288;272.912
2004-07-27 01:55:00;173.354;211.133;126.490;1415.920;421.720;   null;207.224; 89.088;156.957;294.507; 97.168;162.920;198.302;176.244;195.590;195.596;112.692;139.686;271.804
2004-07-27 02:00:00;170.062;213.133;126.140;1419.580;421.120;105.646;209.222; 90.344;159.483;294.190;100.159;162.640;198.352;179.522;197.062;194.698;113.424;137.980;272.930
2004-07-27 02:05:00;170.400;212.667;124.840;1405.940;419.010;   null;207.124; 89.868;156.997;295.012; 98.118;160.780;197.362;177.226;196.404;196.028;112.306;138.334;271.666
2004-07-27 02:10:00;168.990;210.533;125.727;1411.440;417.410;   null;206.178; 89.212;154.973;290.497; 97.550;159.920;198.534;177.640;197.648;194.066;113.044;140.810;271.170
2004-07-27 02:15:00;170.746;212.100;124.443;1415.380;416.090;103.701;206.318; 89.122;153.760;293.204; 97.235;159.200;196.304;175.236;196.010;193.752;112.298;138.608;272.754
2004-07-27 02:20:00;170.122;209.500;124.917;1405.160;412.527;   null;206.108; 88.698;155.607;292.512; 96.578;160.220;197.396;176.054;199.166;195.588;110.878;139.530;272.468
2004-07-27 02:25:00;172.086;208.333;124.253;1405.900;412.477;   null;203.532; 88.526;153.440;292.520; 97.629;157.940;196.680;176.036;195.512;195.970;111.008;137.250;270.268
2004-07-27 02:30:00;168.486;207.933;124.450;1395.960;411.100;103.227;204.336; 88.080;154.210;290.435; 95.860;156.900;195.634;174.466;196.822;196.726;109.830;135.290;269.474
2004-07-27 02:35:00;169.886;209.633;123.957;1398.740;409.443;   null;202.828; 88.738;154.293;293.805; 94.882;156.080;195.868;172.828;197.550;192.944;108.522;135.662;267.360
2004-07-27 02:40:00;169.296;210.900;123.293;1394.080;409.690;   null;203.010; 88.196;150.873;287.657; 94.222;153.700;194.938;172.224;193.092;193.636;107.670;135.076;267.324
2004-07-27 02:45:00;170.068;207.900;123.107;1392.520;403.827;101.495;199.082; 88.594;153.983;289.926; 95.187;156.700;194.218;169.708;193.958;192.138;106.910;135.664;266.884
2004-07-27 02:50:00;169.994;210.967;121.417;1388.000;403.320;   null;201.368; 87.336;150.410;288.480; 94.051;155.300;188.932;170.216;191.978;192.484;106.178;134.272;265.846
2004-07-27 02:55:00;169.368;206.800;121.867;1382.320;397.157;   null;201.560; 86.266;148.337;289.377; 93.767;152.320;189.018;167.770;190.446;194.862;106.096;133.320;265.574
2004-07-27 03:00:00;167.192;205.567;120.480;1372.460;395.560;101.039;200.100; 85.942;150.940;285.944; 93.982;155.140;185.756;166.268;190.590;190.872;106.176;131.864;263.376
2004-07-27 03:05:00;167.818;204.433;121.177;1369.240;397.570;   null;196.188; 84.578;149.530;281.069; 94.297;153.280;185.468;164.112;188.662;189.060;104.886;130.426;259.980
2004-07-27 03:10:00;167.028;207.633;121.323;1360.300;397.283;   null;198.140; 86.884;148.637;281.825; 93.938;152.220;184.270;164.432;187.688;187.804;106.702;132.776;258.630
2004-07-27 03:15:00;166.580;205.733;121.023;1356.840;393.623;101.034;197.554; 87.460;150.133;278.005; 92.221;152.780;183.488;164.216;188.170;188.582;106.732;130.750;255.982
2004-07-27 03:20:00;164.888;204.300;120.507;1334.800;392.147;   null;196.370; 85.694;150.433;275.459; 93.863;152.460;181.910;163.574;187.304;187.852;107.970;130.922;257.504
2004-07-27 03:25:00;165.420;207.167;120.423;1332.060;391.937;   null;199.814; 86.136;149.487;271.580; 92.621;152.080;180.126;162.992;187.202;188.302;106.978;130.742;257.774
2004-07-27 03:30:00;165.444;202.700;120.030;1324.200;395.000;100.377;195.504; 85.850;147.333;271.373; 91.698;151.160;179.824;161.612;186.976;185.066;105.392;128.736;255.184
2004-07-27 03:35:00;167.262;203.233;120.197;1328.060;395.107;   null;197.868; 84.656;150.197;269.429; 90.581;149.460;181.202;165.072;185.022;183.146;107.284;130.400;259.176
2004-07-27 03:40:00;163.206;203.833;118.183;1325.780;390.627;   null;195.504; 85.172;147.923;268.891; 94.775;149.560;180.794;163.880;183.850;184.350;106.180;130.454;257.708
2004-07-27 03:45:00;161.198;202.167;118.387;1312.900;387.053; 98.707;192.166; 85.568;147.577;269.205; 92.868;149.920;180.602;164.426;182.050;183.092;106.460;129.710;258.154
2004-07-27 03:50:00;163.438;203.600;118.787;1312.020;383.796;   null;194.064; 85.940;145.300;269.675; 93.554;148.940;177.718;162.580;182.554;183.114;105.514;128.982;255.158
2004-07-27 03:55:00;165.638;201.867;118.947;1309.540;385.347;   null;192.540; 83.596;145.663;265.216; 91.417;148.140;177.180;159.692;183.294;183.762;105.140;128.242;253.910
2004-07-27 04:00:00;163.326;203.133;119.053;1309.240;388.263; 98.387;194.090; 83.486;147.197;261.272; 91.304;145.540;175.826;162.360;181.906;181.392;103.586;127.158;252.166
2004-07-27 04:05:00;162.876;200.500;117.653;1303.120;382.923;   null;191.714; 84.402;144.530;261.755; 89.342;146.900;176.668;158.996;179.958;180.222;101.710;126.816;251.382
2004-07-27 04:10:00;161.044;200.133;116.773;1310.280;381.840;   null;191.446; 83.244;144.847;264.321; 90.753;146.500;176.020;160.782;179.428;179.096;100.170;126.944;253.010
2004-07-27 04:15:00;162.118;202.833;118.427;1312.140;381.513; 96.945;190.400; 83.700;145.917;260.806; 89.679;146.520;174.468;162.242;178.252;175.972;101.512;123.924;249.204
2004-07-27 04:20:00;162.178;199.233;117.593;1306.980;376.827;   null;191.884; 82.336;142.623;262.391; 89.939;145.660;175.128;160.466;178.688;177.120; 99.832;124.374;247.652
2004-07-27 04:25:00;162.062;200.000;117.537;1296.740;379.237;   null;191.334; 80.502;144.693;259.703; 87.388;146.000;176.556;160.590;178.110;177.610; 99.512;122.732;245.076
2004-07-27 04:30:00;162.138;198.133;117.637;1289.060;374.320; 94.528;187.910; 80.326;143.373;255.741; 87.954;143.900;177.604;158.590;175.756;171.766; 97.806;122.310;246.312
2004-07-27 04:35:00;160.152;198.600;116.007;1295.980;371.730;   null;187.600; 81.374;141.827;257.189; 88.095;146.900;174.722;157.698;176.970;172.468; 99.304;123.504;244.498
2004-07-27 04:40:00;159.458;195.867;115.580;1301.620;372.837;   null;188.310; 80.414;140.287;259.670; 88.719;145.200;173.686;157.670;177.068;173.282;101.258;122.558;243.772
2004-07-27 04:45:00;159.868;198.100;115.377;1291.580;373.173; 96.218;189.120; 80.602;143.273;259.048; 88.532;147.040;172.806;154.250;175.734;170.176;100.134;121.810;243.996
2004-07-27 04:50:00;158.680;198.100;114.713;1291.280;370.620;   null;190.056; 80.850;142.390;255.983; 89.415;147.320;173.964;155.044;175.782;170.706; 99.040;119.912;239.954
2004-07-27 04:55:00;160.762;193.267;115.203;1295.620;373.813;   null;187.486; 80.854;141.183;252.228; 91.616;148.000;172.420;154.018;175.936;172.270;101.128;117.468;237.422
2004-07-27 05:00:00;158.214;196.733;114.953;1299.660;368.197; 95.101;186.988; 80.558;144.923;250.401; 91.604;147.060;171.350;155.612;177.592;169.550;100.462;115.828;232.544
2004-07-27 05:05:00;159.678;192.333;114.957;1296.920;373.517;   null;186.708; 80.786;142.060;254.246; 89.585;145.920;171.200;152.900;177.068;171.310;100.336;116.994;235.582
2004-07-27 05:10:00;160.060;193.133;114.543;1294.760;371.913;   null;189.578; 79.556;143.003;252.584; 88.807;146.320;173.662;153.256;176.682;172.156;101.536;116.408;231.964
2004-07-27 05:15:00;161.834;194.267;116.653;1284.860;370.990; 95.480;186.768; 80.896;142.116;253.631; 89.335;147.020;172.800;154.446;177.518;171.306;101.794;116.988;233.984
2004-07-27 05:20:00;160.156;194.233;115.187;1279.260;373.623;   null;186.248; 79.712;142.820;254.838; 91.025;148.920;173.350;155.616;177.032;170.312;103.014;116.788;233.458
2004-07-27 05:25:00;159.244;194.600;115.317;1275.660;371.190;   null;187.614; 80.880;142.363;252.630; 89.735;146.800;173.476;156.222;176.288;170.938;102.002;117.786;236.928
2004-07-27 05:30:00;160.122;195.967;115.293;1284.420;372.410; 95.079;190.812; 80.846;144.520;253.377; 90.197;148.380;173.592;154.654;176.730;175.696;101.846;118.982;235.822
2004-07-27 05:35:00;161.308;195.400;115.490;1278.480;370.523;   null;187.002; 78.122;143.590;253.838; 90.000;146.560;171.658;155.368;179.232;171.660;102.134;118.072;235.344
2004-07-27 05:40:00;160.308;191.700;115.977;1278.400;372.603;   null;189.398; 79.702;142.243;254.217; 89.475;147.460;172.580;153.292;178.306;173.264;103.028;118.706;238.910
2004-07-27 05:45:00;158.418;193.500;114.257;1275.720;369.790; 94.670;187.800; 80.148;144.570;252.319; 90.328;149.440;171.076;155.748;179.014;173.628;102.772;117.124;236.866
2004-07-27 05:50:00;160.400;196.133;116.263;1279.320;370.200;   null;187.330; 77.936;143.480;254.126; 91.847;147.060;170.262;155.164;177.836;172.254;104.112;118.732;236.544
2004-07-27 05:55:00;160.564;193.033;116.877;1279.920;372.290;   null;188.230; 79.082;141.337;249.682; 90.048;146.200;172.120;153.178;175.974;173.254;102.882;116.922;238.948
2004-07-27 06:00:00;159.070;193.967;114.737;1282.780;372.737; 96.205;188.480; 80.374;143.623;252.101; 90.265;149.660;173.136;155.960;178.820;173.772;104.832;118.384;237.518
2004-07-27 06:05:00;159.332;192.533;116.867;1278.400;375.117;   null;189.966; 79.910;145.173;254.831; 90.698;147.200;172.424;153.394;176.390;172.876;103.832;117.646;238.054
2004-07-27 06:10:00;157.510;192.367;116.573;1278.780;378.224;   null;185.890; 80.328;145.393;251.583; 92.058;149.620;172.152;155.990;177.210;173.004;104.728;118.350;237.192
2004-07-27 06:15:00;157.322;193.667;116.780;1279.780;375.713; 95.892;185.726; 80.210;144.080;254.161; 92.287;150.140;170.352;156.862;179.612;174.540;103.754;118.804;238.464
2004-07-27 06:20:00;159.636;192.100;115.790;1281.440;378.567;   null;190.806; 80.472;143.420;254.036; 91.403;149.840;170.672;156.564;181.730;176.616;104.424;120.622;239.606
2004-07-27 06:25:00;160.040;191.400;115.510;1278.840;379.483;   null;188.146; 80.082;146.313;253.552; 90.608;149.600;171.276;154.418;180.842;178.302;103.494;118.416;238.758
2004-07-27 06:30:00;158.204;195.567;116.697;1282.960;370.450; 96.682;190.612; 80.942;145.210;253.022; 92.088;149.320;173.634;154.234;181.300;177.044;102.120;119.220;240.310
2004-07-27 06:35:00;159.386;192.100;115.400;1276.880;375.013;   null;189.688; 82.142;146.634;252.240; 90.631;147.060;173.216;152.894;181.816;177.074;104.678;119.990;236.286
2004-07-27 06:40:00;157.348;194.733;115.153;1279.440;375.337;   null;187.942; 80.960;143.260;253.587; 92.146;147.880;176.822;153.220;182.298;177.990;104.880;120.086;236.502
2004-07-27 06:45:00;159.712;193.900;114.090;1277.400;375.830; 96.017;185.232; 81.748;142.953;253.115; 90.009;147.140;176.118;154.927;179.024;178.836;104.422;118.048;234.064
2004-07-27 06:50:00;160.568;193.733;115.370;1278.060;372.133;   null;188.006; 83.724;142.593;252.182; 90.337;147.200;174.208;158.206;181.504;178.358;103.678;115.990;235.820
2004-07-27 06:55:00;158.548;193.267;116.047;1277.060;374.123;   null;186.404; 81.710;144.570;250.822; 90.423;148.100;174.136;160.764;181.560;178.770;104.572;117.928;235.864
2004-07-27 07:00:00;159.386;193.633;116.007;1275.520;371.733; 94.830;185.522; 82.464;145.173;252.102; 91.165;149.780;175.374;157.442;180.338;177.290;104.686;118.634;236.468
2004-07-27 07:05:00;161.010;193.467;116.317;1269.580;369.140;   null;184.788; 81.096;144.907;250.901; 91.143;150.500;174.470;158.562;181.940;176.196;103.430;117.794;236.282
2004-07-27 07:10:00;159.482;191.200;115.020;1278.240;367.730;   null;184.744; 79.310;143.827;254.498; 91.247;149.880;177.086;157.126;181.526;176.772;105.284;118.424;236.124
2004-07-27 07:15:00;160.582;195.000;115.837;1284.280;365.384; 93.875;184.046; 79.878;142.010;252.884; 90.915;149.100;175.454;154.330;181.764;176.094;104.818;117.794;236.432
2004-07-27 07:20:00;160.234;193.000;115.773;1296.800;368.997;   null;185.852; 80.322;138.287;256.601; 91.708;147.620;174.280;155.084;181.402;175.320;104.786;119.562;236.034
2004-07-27 07:25:00;161.852;190.167;117.643;1305.640;369.267;   null;184.520; 81.276;140.443;253.853; 88.708;146.300;173.400;152.836;180.832;176.966;103.934;118.116;238.644
2004-07-27 07:30:00;163.164;190.433;118.200;1303.120;368.690; 93.786;183.442; 80.366;141.733;254.835; 87.103;142.760;174.538;152.484;179.308;176.138;104.708;119.290;235.232
2004-07-27 07:35:00;161.346;191.400;116.317;1311.840;369.043;   null;183.482; 78.930;139.230;254.073; 86.590;141.360;171.062;151.856;179.992;177.852;104.930;119.088;235.922
2004-07-27 07:40:00;161.898;191.967;117.420;1317.640;372.347;   null;183.968; 79.644;139.597;252.249; 86.595;141.540;175.084;154.024;180.926;179.788;105.066;116.240;234.242
2004-07-27 07:45:00;161.316;192.300;115.750;1316.460;369.307; 95.257;184.758; 81.978;140.810;254.537; 88.248;141.380;178.818;156.154;180.014;179.236;104.426;114.210;229.614
2004-07-27 07:50:00;160.572;193.167;118.557;1312.960;371.563;   null;184.570; 82.794;138.910;256.463; 86.448;143.600;180.348;159.266;183.024;179.874;104.074;114.204;228.428
2004-07-27 07:55:00;161.774;192.967;116.207;1308.780;372.057;   null;185.934; 83.108;137.450;254.709; 88.886;144.100;181.604;159.564;184.498;182.162;104.610;113.396;227.078
2004-07-27 08:00:00;162.732;196.300;116.927;1309.920;374.987; 95.501;186.524; 85.198;140.973;260.152; 87.698;144.000;181.910;161.346;184.346;180.860;104.990;113.882;228.008
2004-07-27 08:05:00;162.318;197.100;118.440;1310.480;377.753;   null;189.720; 83.260;140.697;261.277; 88.629;142.300;181.600;162.976;184.610;180.724;105.292;112.632;228.016
2004-07-27 08:10:00;161.250;197.000;118.153;1317.080;377.643;   null;191.358; 83.828;140.633;261.398; 88.654;145.080;180.856;162.296;183.274;181.008;105.426;114.336;227.762
2004-07-27 08:15:00;162.280;198.400;119.197;1315.700;376.967; 96.283;189.424; 82.324;142.183;260.203; 90.669;146.420;179.398;160.584;181.790;179.388;105.610;112.638;225.524
2004-07-27 08:20:00;161.558;195.700;119.063;1317.760;379.417;   null;189.912; 83.904;141.370;257.779; 89.225;145.220;178.992;161.640;181.404;179.138;106.016;113.268;224.932
2004-07-27 08:25:00;160.276;198.133;119.363;1312.400;379.250;   null;189.704; 81.050;144.080;257.986; 89.681;147.280;179.812;162.314;182.870;178.812;105.514;112.386;226.468
2004-07-27 08:30:00;161.484;197.867;118.327;1309.420;378.590; 95.120;192.238; 83.240;141.200;256.843; 89.371;146.140;178.946;160.118;181.878;179.388;105.158;112.504;227.302
2004-07-27 08:35:00;160.962;197.533;121.060;1306.860;378.920;   null;190.972; 83.378;144.720;254.975; 89.412;148.140;178.478;159.992;184.004;177.320;103.894;115.886;230.604
2004-07-27 08:40:00;162.200;198.300;118.363;1310.020;378.820;   null;190.696; 83.188;144.167;255.909; 87.767;146.640;177.978;162.180;182.438;179.858;105.062;114.894;230.572
2004-07-27 08:45:00;162.582;198.367;117.000;1301.620;377.517; 95.798;191.444; 82.850;141.383;257.398; 91.459;147.380;178.070;160.090;184.626;179.054;104.542;116.942;231.048
2004-07-27 08:50:00;162.104;199.600;119.290;1300.060;379.950;   null;190.656; 81.766;142.233;261.104; 90.750;146.460;180.376;161.662;183.594;180.760;104.956;115.676;228.354
2004-07-27 08:55:00;162.078;197.667;120.327;1294.720;377.430;   null;190.850; 81.622;140.673;261.829; 90.508;150.560;180.736;161.656;182.866;178.416;106.032;113.544;226.378
2004-07-27 09:00:00;163.266;198.633;117.987;1306.180;380.287; 97.202;191.244; 82.632;146.753;258.370; 89.950;148.200;181.260;159.832;183.562;180.630;104.516;112.836;228.604
2004-07-27 09:05:00;162.828;196.733;119.357;1295.800;378.463;   null;190.100; 83.498;142.457;257.660; 90.200;149.160;180.034;162.494;183.394;180.076;106.150;112.794;225.602
2004-07-27 09:10:00;163.220;197.333;117.560;1307.320;380.713;   null;192.618; 82.646;145.546;256.226; 91.025;148.200;181.334;162.280;183.596;183.184;105.952;114.024;228.380
2004-07-27 09:15:00;162.194;199.900;119.780;1308.980;383.357; 96.882;192.624; 82.254;143.770;257.729; 92.256;150.140;179.124;161.686;181.028;181.704;105.250;113.888;227.834
2004-07-27 09:20:00;163.920;194.000;118.183;1309.240;383.253;   null;192.460; 81.576;146.367;262.228; 89.894;150.580;179.460;160.032;183.176;181.150;106.250;115.984;230.650
2004-07-27 09:25:00;162.822;193.667;118.710;1314.720;381.923;   null;191.096; 81.606;144.900;262.851; 89.175;148.740;180.384;162.120;183.096;181.184;105.374;114.994;232.840
2004-07-27 09:30:00;162.234;197.033;118.953;1308.720;383.400; 96.715;192.268; 82.390;146.277;265.550; 91.383;149.040;179.178;164.536;183.064;180.440;105.294;116.752;232.370
2004-07-27 09:35:00;164.150;196.867;119.390;1316.780;383.123;   null;192.038; 82.014;144.670;263.351; 91.092;149.200;183.282;160.490;184.142;182.638;105.458;117.156;236.170
2004-07-27 09:40:00;164.006;197.533;118.107;1313.560;385.467;   null;192.436; 82.784;147.993;263.420; 89.060;150.760;182.422;159.276;181.988;181.010;106.726;118.866;237.838
2004-07-27 09:45:00;164.614;199.367;119.610;1329.600;386.070; 96.787;193.496; 83.242;146.980;263.039; 92.197;148.720;181.062;158.232;185.228;183.360;105.942;119.964;235.942
2004-07-27 09:50:00;165.454;196.867;119.877;1315.780;387.147;   null;192.970; 83.590;145.743;266.129; 91.282;149.920;180.970;161.228;186.130;184.772;107.344;120.410;238.152
2004-07-27 09:55:00;165.028;200.800;117.967;1319.120;386.390;   null;192.656; 81.754;145.580;268.157; 92.289;150.380;181.956;159.420;184.636;182.724;106.686;119.830;237.882
2004-07-27 10:00:00;164.852;197.267;120.410;1328.620;388.220; 97.832;190.204; 83.512;146.573;263.470; 92.481;150.240;181.082;159.950;188.332;183.006;106.334;121.572;238.114
2004-07-27 10:05:00;164.444;197.667;118.690;1327.040;387.674;   null;194.192; 82.402;144.927;265.059; 90.885;148.940;181.644;161.520;186.076;183.854;106.198;121.528;241.972
2004-07-27 10:10:00;164.952;199.933;119.347;1328.220;389.430;   null;194.886; 82.886;148.257;268.226; 90.828;151.320;183.108;162.384;185.206;182.454;107.744;121.440;242.464
2004-07-27 10:15:00;165.338;199.033;119.753;1341.580;392.147; 98.066;196.446; 84.086;146.480;266.047; 88.975;149.660;183.950;160.412;185.554;183.212;106.564;120.736;241.638
2004-07-27 10:20:00;164.812;198.400;121.370;1328.180;387.253;   null;195.548; 82.792;148.123;269.940; 90.669;148.820;183.008;161.486;185.070;181.314;107.022;122.926;242.008
2004-07-27 10:25:00;166.640;198.533;122.913;1323.800;391.530;   null;195.618; 81.862;152.983;268.134; 92.241;151.180;182.402;160.834;186.082;184.156;108.044;121.580;244.042
2004-07-27 10:30:00;165.850;197.533;121.047;1329.260;388.053; 99.324;195.096; 84.808;146.566;268.387; 91.901;150.080;183.580;161.668;184.634;185.604;107.544;121.800;241.404
2004-07-27 10:35:00;165.896;197.600;121.600;1334.940;389.787;   null;196.660; 83.616;148.283;268.456; 92.103;151.580;184.164;162.804;185.598;184.630;105.298;122.768;242.328
2004-07-27 10:40:00;166.544;201.333;121.633;1326.600;395.357;   null;194.570; 83.934;148.680;268.076; 92.885;151.800;182.796;163.480;186.700;183.772;105.232;123.670;243.256
2004-07-27 10:45:00;165.132;201.300;121.463;1333.600;389.457; 99.125;196.088; 83.870;149.000;269.147; 92.059;152.640;184.412;162.356;186.414;186.568;106.718;121.688;242.566
2004-07-27 10:50:00;165.034;202.633;120.310;1330.500;391.553;   null;194.938; 85.008;146.513;268.250; 92.317;151.680;180.800;162.752;187.426;186.200;107.158;119.204;239.492
2004-07-27 10:55:00;165.902;200.333;121.757;1325.600;395.097;   null;193.202; 83.018;148.667;267.179; 93.651;151.120;184.320;162.270;186.858;184.690;106.140;121.768;239.872
2004-07-27 11:00:00;165.096;198.800;121.743;1331.500;393.717; 99.288;195.250; 84.448;148.983;267.317; 92.813;153.780;184.830;163.736;187.018;187.344;107.986;122.056;242.312
2004-07-27 11:05:00;165.628;199.833;121.833;1331.820;393.443;   null;194.164; 83.514;149.377;271.424; 92.468;153.680;184.392;164.814;185.962;185.380;107.074;122.720;243.200
2004-07-27 11:10:00;166.626;200.433;120.893;1338.300;395.814;   null;197.272; 84.518;149.730;269.871; 93.041;150.480;186.946;164.838;187.892;185.074;109.484;123.766;246.662
2004-07-27 11:15:00;166.544;202.467;121.893;1331.300;396.110;100.576;196.428; 84.070;148.943;273.429; 91.444;152.260;184.728;163.168;184.166;186.644;106.678;123.218;242.748
2004-07-27 11:20:00;166.040;203.233;120.633;1337.340;403.693;   null;196.812; 83.498;149.837;271.668; 92.534;153.020;185.914;165.818;186.030;185.202;109.184;123.620;246.596
2004-07-27 11:25:00;165.668;202.567;121.710;1337.180;399.550;   null;197.678; 83.240;149.600;275.154; 93.982;154.340;187.312;166.160;187.628;184.800;107.762;124.006;245.026
2004-07-27 11:30:00;166.512;201.900;122.650;1330.980;397.737;100.907;199.336; 84.510;150.730;275.154; 95.335;154.120;184.104;165.392;186.422;184.972;106.244;124.016;246.994
2004-07-27 11:35:00;165.742;201.700;121.940;1336.400;401.693;   null;196.708; 84.658;149.803;273.912; 93.507;151.860;185.028;164.074;186.450;185.576;108.036;126.844;248.040
2004-07-27 11:40:00;166.184;203.233;121.080;1340.980;398.827;   null;200.966; 85.476;149.130;273.359; 94.680;152.500;186.522;162.908;187.280;185.214;107.422;126.214;248.648
2004-07-27 11:45:00;167.358;201.633;123.013;1346.260;399.503;101.333;198.464; 85.112;152.197;275.597; 92.648;155.500;185.752;165.642;186.182;184.538;106.358;126.296;248.182
2004-07-27 11:50:00;168.276;205.267;123.387;1348.960;400.253;   null;199.166; 84.414;150.313;272.453; 94.076;155.060;187.974;165.428;185.758;186.346;108.440;124.934;247.702
2004-07-27 11:55:00;165.132;203.300;121.277;1356.960;399.920;   null;201.838; 84.406;152.110;273.178; 94.488;154.020;184.420;165.504;185.396;185.632;106.290;126.608;250.486
2004-07-27 12:00:00;167.684;203.633;122.503;1349.440;404.137;102.392;199.784; 84.420;152.187;273.447; 94.906;155.100;186.716;167.152;187.460;185.808;108.748;125.808;250.700
2004-07-27 12:05:00;166.550;204.333;126.103;1350.580;404.270;   null;199.180; 83.506;153.040;274.222; 94.458;154.480;186.372;166.212;186.314;186.622;109.904;125.474;250.370
2004-07-27 12:10:00;166.836;202.833;122.640;1351.560;406.183;   null;203.134; 84.952;150.810;275.016; 95.067;152.300;187.070;168.126;188.452;186.506;108.196;128.110;251.830
2004-07-27 12:15:00;168.298;204.633;122.847;1351.620;403.690;101.901;202.256; 85.072;152.687;273.973; 96.226;153.140;186.216;167.742;189.710;185.800;109.122;126.812;252.902
2004-07-27 12:20:00;165.860;206.200;123.747;1344.560;406.223;   null;200.874; 85.234;152.897;276.980; 95.102;154.220;188.494;165.370;186.746;188.306;107.994;127.310;250.508
2004-07-27 12:25:00;167.172;207.233;124.063;1358.060;407.480;   null;201.448; 86.758;151.040;278.228; 94.915;155.200;188.320;166.850;191.522;185.352;107.194;127.768;249.698
2004-07-27 12:30:00;169.198;203.200;123.103;1362.480;404.477;101.198;199.124; 85.756;151.457;274.119; 94.552;155.860;188.080;167.826;189.890;187.280;108.342;126.802;252.880
2004-07-27 12:35:00;168.614;206.133;123.223;1364.700;404.057;   null;200.130; 86.246;149.853;274.768; 92.369;153.940;189.114;167.012;189.634;187.484;108.798;125.842;251.126
2004-07-27 12:40:00;167.816;209.533;123.323;1366.760;407.123;   null;199.646; 87.830;151.026;279.675; 93.624;153.960;190.226;168.482;191.156;188.106;108.498;129.180;253.640
2004-07-27 12:45:00;171.508;209.433;123.003;1369.260;408.543;102.686;199.414; 87.116;151.280;275.632; 95.441;152.340;189.604;167.920;190.418;190.382;109.344;128.064;253.176
2004-07-27 12:50:00;170.450;208.567;124.277;1373.120;408.317;   null;199.538; 85.422;153.243;277.705; 95.736;152.540;188.392;167.614;193.990;188.378;108.522;128.662;255.540
2004-07-27 12:55:00;168.564;208.500;125.097;1365.980;408.917;   null;199.564; 87.420;151.003;277.562; 94.943;153.340;191.738;165.914;192.916;188.624;107.484;128.578;253.676
2004-07-27 13:00:00;168.154;207.067;123.203;1369.440;411.933;101.868;199.648; 85.940;151.480;277.290; 94.629;153.120;189.438;168.060;191.694;188.546;109.154;128.086;253.132
2004-07-27 13:05:00;170.322;205.633;124.253;1375.460;411.863;   null;201.382; 85.684;150.250;281.506; 94.115;153.480;191.194;169.906;190.928;188.530;108.916;128.856;252.506
2004-07-27 13:10:00;170.578;206.767;125.140;1376.720;407.373;   null;199.472; 87.946;152.430;281.231; 94.599;155.000;189.772;167.794;188.858;189.986;108.244;129.210;251.082
2004-07-27 13:15:00;171.334;206.567;125.397;1364.700;409.710;103.173;202.292; 84.400;153.130;280.542; 94.396;154.720;189.236;168.810;192.498;189.090;108.262;127.352;251.548
2004-07-27 13:20:00;169.740;205.600;124.413;1367.020;410.923;   null;200.546; 85.800;152.280;276.845; 94.193;154.940;188.890;170.376;189.778;191.056;106.662;129.094;253.690
2004-07-27 13:25:00;168.574;205.967;124.200;1364.400;407.100;   null;201.022; 85.456;152.683;280.468; 95.894;154.120;188.780;168.516;189.698;190.684;107.644;127.206;253.032
2004-07-27 13:30:00;168.198;206.467;126.127;1375.000;409.113;102.769;198.310; 86.090;150.253;280.020; 93.115;153.320;189.028;169.450;191.912;187.692;108.650;127.694;251.982
2004-07-27 13:35:00;169.966;206.333;126.023;1372.240;411.733;   null;200.420; 87.312;151.823;279.882; 94.951;151.160;188.338;168.842;190.220;186.644;108.702;127.040;253.512
2004-07-27 13:40:00;169.238;206.533;124.990;1365.940;412.090;   null;200.728; 87.070;150.287;277.567; 95.222;155.240;189.588;167.392;189.240;189.044;108.914;127.642;250.466
2004-07-27 13:45:00;167.398;208.367;123.530;1355.700;405.027;102.839;199.586; 86.940;152.207;280.225; 94.611;155.020;190.154;168.644;192.222;188.200;108.030;127.152;252.302
2004-07-27 13:50:00;167.830;208.500;123.137;1355.060;408.210;   null;201.654; 86.570;152.507;278.016; 94.434;154.120;189.254;165.746;188.166;187.654;107.842;128.248;254.670
2004-07-27 13:55:00;168.786;206.367;124.837;1360.940;406.400;   null;199.104; 86.426;151.713;278.331; 92.655;153.960;189.990;166.704;189.640;188.764;109.698;127.402;253.486
2004-07-27 14:00:00;168.598;207.033;123.693;1357.540;405.280;103.334;201.110; 86.718;152.957;278.737; 94.904;154.540;187.738;164.818;190.534;188.762;108.610;128.626;254.646
2004-07-27 14:05:00;167.386;209.533;124.790;1361.480;406.547;   null;199.968; 87.082;152.300;278.396; 95.362;154.380;187.212;167.530;190.952;189.554;108.874;128.006;253.112
2004-07-27 14:10:00;167.538;207.933;125.267;1366.240;405.230;   null;201.890; 86.558;151.360;278.012; 94.591;154.280;188.712;168.394;191.406;188.738;107.902;129.040;254.310
2004-07-27 14:15:00;166.010;208.567;124.030;1357.520;402.893;102.122;201.102; 87.808;149.793;278.949; 94.801;153.180;188.582;168.672;189.280;190.016;108.540;127.846;251.676
2004-07-27 14:20:00;168.284;206.367;126.770;1349.680;403.863;   null;199.698; 86.750;152.973;281.817; 94.100;155.740;191.898;167.452;190.638;188.324;107.500;128.202;252.856
2004-07-27 14:25:00;168.236;207.233;124.323;1355.060;406.050;   null;197.680; 86.552;151.273;278.638; 94.546;156.280;189.984;167.084;188.978;189.738;108.492;128.230;252.454
2004-07-27 14:30:00;168.074;209.633;123.700;1353.740;402.917;102.406;199.038; 87.192;152.783;279.917; 95.525;154.160;190.250;167.252;192.078;190.990;109.400;128.332;251.276
2004-07-27 14:35:00;168.576;207.633;124.640;1349.340;407.087;   null;202.178; 87.068;152.603;279.222; 94.849;155.960;189.366;167.744;195.458;191.500;109.100;127.414;252.250
2004-07-27 14:40:00;167.412;210.633;124.917;1348.580;405.767;   null;201.748; 86.154;152.843;279.640; 94.381;155.240;190.760;170.980;192.776;188.932;109.314;127.626;251.750
2004-07-27 14:45:00;168.126;211.100;123.513;1350.500;405.257;101.352;200.838; 86.018;153.440;280.091; 95.329;156.160;191.294;170.326;192.734;191.458;109.960;127.246;253.068
2004-07-27 14:50:00;167.074;207.600;123.567;1356.140;407.987;   null;200.178; 85.958;150.537;278.634; 93.690;156.620;190.034;170.848;192.514;193.022;111.114;127.240;251.522
2004-07-27 14:55:00;169.442;207.533;124.483;1352.060;406.653;   null;199.002; 87.260;150.740;276.352; 94.623;155.860;190.976;170.516;191.562;189.080;110.216;126.288;254.552
2004-07-27 15:00:00;167.606;210.300;124.867;1357.100;408.100;102.605;198.896; 87.062;150.987;279.464; 95.340;154.140;192.462;169.784;191.228;189.586;111.192;129.082;256.108
2004-07-27 15:05:00;168.380;207.900;123.400;1369.480;409.957;   null;201.666; 86.556;152.163;277.360; 93.449;154.080;192.252;172.010;193.902;189.400;112.418;128.868;255.728
2004-07-27 15:10:00;168.492;209.867;125.347;1353.980;407.757;   null;201.086; 86.796;153.053;278.746; 94.340;152.660;192.710;170.536;190.804;189.020;111.606;130.066;256.198
2004-07-27 15:15:00;167.140;209.667;122.660;1364.300;407.323;102.250;199.766; 85.524;151.373;281.990; 94.560;153.880;191.990;170.158;189.352;191.210;112.728;130.718;258.630
2004-07-27 15:20:00;166.604;210.033;123.960;1366.020;406.304;   null;199.092; 87.716;153.733;280.127; 94.648;155.720;192.514;169.590;191.210;191.494;109.924;130.182;256.434
2004-07-27 15:25:00;166.750;208.033;123.557;1360.400;408.714;   null;201.586; 87.322;151.443;282.923; 95.945;155.440;190.928;170.298;191.932;189.680;110.420;131.418;258.536
2004-07-27 15:30:00;168.290;208.867;124.227;1352.960;407.957;103.014;200.486; 86.940;151.103;281.300; 94.739;153.220;190.852;170.980;190.980;191.558;110.546;130.822;258.812
2004-07-27 15:35:00;168.674;210.033;123.410;1362.380;410.637;   null;199.594; 87.456;153.673;280.572; 93.637;156.400;191.172;169.564;191.884;190.126;108.800;130.930;257.552
2004-07-27 15:40:00;168.634;209.733;123.813;1357.800;407.633;   null;199.710; 85.034;151.640;281.991; 93.552;154.820;192.610;169.880;191.670;192.054;108.784;129.598;258.442
2004-07-27 15:45:00;168.052;209.400;125.040;1360.980;406.953;102.352;198.882; 86.244;151.117;283.027; 94.754;154.020;192.888;168.830;189.870;190.134;108.542;130.024;256.520
2004-07-27 15:50:00;168.930;209.400;123.623;1353.200;408.057;   null;200.626; 86.058;152.853;283.024; 95.472;154.660;192.788;170.460;189.480;190.276;109.726;130.724;257.144
2004-07-27 15:55:00;169.512;211.067;122.197;1361.380;404.080;   null;200.732; 87.226;150.233;283.127; 94.142;154.640;192.138;169.228;193.026;189.482;111.078;130.198;256.878
2004-07-27 16:00:00;167.506;209.133;125.237;1347.700;408.477;102.766;200.526; 87.684;151.993;284.374; 95.168;153.260;190.078;170.632;191.140;190.354;108.136;130.732;256.578
2004-07-27 16:05:00;166.956;209.933;124.773;1353.940;409.367;   null;200.178; 87.730;152.037;282.745; 95.053;154.100;192.082;169.256;189.008;193.270;109.298;130.958;258.124
2004-07-27 16:10:00;166.164;212.500;123.143;1350.240;407.503;   null;198.912; 88.258;153.680;278.936; 93.826;155.980;192.260;170.752;190.950;190.936;109.048;131.624;256.576
2004-07-27 16:15:00;168.174;209.667;122.740;1355.860;409.843;101.784;199.982; 87.200;153.120;280.672; 95.082;154.480;193.412;169.624;190.406;192.438;110.056;130.898;256.802
2004-07-27 16:20:00;167.514;208.333;125.037;1354.840;407.413;   null;200.690; 87.336;152.054;281.778; 97.234;155.320;194.058;168.860;188.866;191.238;110.058;130.438;258.000
2004-07-27 16:25:00;169.064;207.500;123.430;1352.960;407.023;   null;204.166; 88.258;152.020;281.295; 94.370;155.460;193.598;170.930;190.808;191.166;109.430;130.200;256.218
2004-07-27 16:30:00;166.636;208.533;123.067;1356.760;405.923;101.309;199.450; 86.692;152.587;280.950; 96.834;154.620;194.650;168.726;191.094;192.200;108.780;131.862;256.220
2004-07-27 16:35:00;169.344;209.967;124.600;1354.480;404.334;   null;198.446; 87.918;151.893;281.950; 93.466;155.300;193.882;168.618;189.408;189.622;110.582;129.292;257.336
2004-07-27 16:40:00;167.770;206.533;122.320;1356.160;402.907;   null;200.242; 87.242;151.270;279.768; 95.235;155.840;193.732;169.258;191.004;190.828;109.446;131.332;258.154
2004-07-27 16:45:00;167.826;210.133;122.757;1360.140;404.260;101.564;200.892; 86.890;153.210;283.958; 95.072;156.760;192.308;169.940;189.212;192.022;110.446;131.288;259.968
2004-07-27 16:50:00;170.062;209.333;121.863;1354.240;403.210;   null;198.306; 86.866;151.883;285.827; 92.624;156.320;193.642;169.810;190.012;189.214;110.018;130.138;257.796
2004-07-27 16:55:00;167.350;209.033;124.070;1365.300;403.153;   null;198.194; 87.204;150.067;284.893; 93.802;156.460;196.786;173.392;189.208;191.870;108.856;131.260;259.590
2004-07-27 17:00:00;167.566;210.167;121.850;1368.700;408.993;102.200;198.980; 87.004;152.647;284.650; 94.702;154.820;191.634;173.406;190.656;189.964;110.156;131.430;259.192
2004-07-27 17:05:00;166.630;207.833;123.037;1376.420;407.130;   null;197.076; 86.808;152.420;285.240; 95.152;155.880;194.372;172.000;191.078;192.232;109.980;130.758;258.218
2004-07-27 17:10:00;167.466;209.267;124.137;1358.720;404.683;   null;201.274; 87.524;150.797;284.962; 96.339;154.980;194.888;172.038;189.662;189.934;110.236;131.530;258.158
2004-07-27 17:15:00;168.122;207.733;121.410;1365.440;406.953;100.963;200.082; 87.904;152.530;285.309; 94.694;153.260;193.154;171.398;189.950;192.370;109.782;132.848;258.838
2004-07-27 17:20:00;167.358;208.000;123.683;1356.620;405.423;   null;199.924; 87.338;150.243;286.278; 94.323;157.160;194.048;171.988;189.580;189.880;108.958;130.800;257.812
2004-07-27 17:25:00;166.062;210.100;123.333;1362.500;402.357;   null;201.992; 87.102;151.677;282.087; 96.190;155.300;194.230;171.402;190.682;191.458;109.096;131.820;258.734
2004-07-27 17:30:00;168.692;207.100;122.383;1360.320;405.430;101.856;200.586; 86.706;151.163;286.072; 94.520;153.240;192.928;169.530;191.706;190.618;109.442;133.292;259.926
2004-07-27 17:35:00;167.608;207.067;124.207;1363.440;405.167;   null;201.690; 86.956;152.107;288.252; 93.885;154.260;193.836;170.984;192.034;191.034;111.262;131.344;260.362
2004-07-27 17:40:00;166.980;208.267;123.090;1352.200;403.843;   null;197.764; 88.288;153.014;286.971; 94.374;155.560;192.130;174.238;190.760;189.696;109.220;131.566;262.582
2004-07-27 17:45:00;166.180;208.167;123.153;1363.100;403.193;101.445;199.992; 85.960;151.543;284.546; 94.704;155.480;195.864;173.414;190.914;189.110;110.462;134.132;260.646
2004-07-27 17:50:00;168.646;206.800;122.617;1365.520;399.433;   null;202.080; 86.222;152.140;285.931; 93.374;153.520;193.368;174.424;190.724;190.308;109.916;133.868;259.584
2004-07-27 17:55:00;167.146;209.067;123.663;1362.820;398.970;   null;198.422; 86.992;153.237;287.699; 94.068;154.240;192.786;174.248;189.904;191.900;109.886;132.508;258.690
2004-07-27 18:00:00;170.428;209.200;123.943;1361.180;401.483;102.222;199.798; 86.756;150.277;286.554; 94.218;155.020;193.904;175.090;190.482;191.812;110.196;131.982;261.138
2004-07-27 18:05:00;168.106;208.900;125.490;1369.700;401.890;   null;202.718; 87.860;151.840;286.382; 94.736;153.740;193.458;172.864;188.784;189.884;110.454;132.718;261.784
2004-07-27 18:10:00;169.480;208.400;121.820;1364.240;403.060;   null;199.902; 87.248;150.947;284.581; 94.927;154.980;193.354;173.900;187.684;191.328;110.944;130.864;261.780
2004-07-27 18:15:00;169.806;207.233;123.437;1365.020;403.797;101.544;202.212; 86.642;150.577;286.589; 94.700;154.720;193.970;172.272;190.820;190.692;111.408;131.740;259.818
2004-07-27 18:20:00;171.490;205.533;123.393;1369.720;402.340;   null;199.082; 86.888;150.934;285.170; 94.927;154.780;195.616;173.466;191.656;190.470;110.428;130.024;257.624
2004-07-27 18:25:00;168.614;204.167;122.637;1364.680;405.347;   null;199.754; 87.576;151.103;282.088; 93.991;154.000;194.086;174.816;189.314;188.982;110.176;131.532;258.928
2004-07-27 18:30:00;167.164;204.167;121.287;1374.660;404.517;101.184;200.108; 86.966;151.263;282.232; 94.304;153.400;192.796;172.350;189.762;190.114;109.880;133.040;258.484
2004-07-27 18:35:00;167.558;204.133;121.983;1367.000;402.897;   null;198.374; 86.732;152.153;284.650; 96.413;155.100;193.514;172.978;189.482;189.624;111.012;130.842;257.636
2004-07-27 18:40:00;168.346;203.533;120.993;1374.540;402.627;   null;199.476; 87.012;152.820;281.226; 93.609;154.960;193.972;174.648;186.738;192.024;110.430;131.266;258.786
2004-07-27 18:45:00;168.826;207.033;123.590;1367.480;402.807;101.215;199.692; 87.392;153.140;284.269; 94.235;153.960;192.678;172.580;188.570;189.228;110.352;132.182;259.390
2004-07-27 18:50:00;168.226;207.667;121.290;1377.360;402.783;   null;199.406; 86.952;151.307;279.737; 94.870;153.540;194.342;172.658;190.738;190.314;111.750;132.396;257.748
2004-07-27 18:55:00;168.356;208.933;122.147;1376.000;402.253;   null;199.162; 87.714;152.513;281.330; 93.426;154.840;193.954;174.592;189.068;189.534;109.728;131.382;257.236
2004-07-27 19:00:00;168.940;208.567;122.893;1371.340;403.903;101.734;198.368; 86.640;154.000;284.166; 96.586;156.440;193.624;172.634;187.554;188.864;111.588;131.056;256.460
2004-07-27 19:05:00;169.654;207.133;123.633;1376.040;399.063;   null;197.830; 86.780;152.923;282.646; 94.506;154.720;194.730;173.048;188.128;190.306;110.316;131.016;256.614
2004-07-27 19:10:00;167.782;209.100;122.010;1367.320;401.413;   null;200.686; 86.950;150.177;282.681; 94.144;158.380;190.794;172.424;187.484;191.430;110.806;130.684;255.980
2004-07-27 19:15:00;169.954;206.400;123.090;1372.100;404.120;101.668;199.632; 86.134;151.947;283.717; 95.431;156.460;193.042;173.506;191.018;189.700;111.676;131.934;254.594
2004-07-27 19:20:00;168.082;207.433;122.410;1373.580;399.243;   null;198.358; 85.798;151.383;279.536; 96.898;158.560;192.678;171.578;190.588;189.616;111.318;131.736;258.396
2004-07-27 19:25:00;169.632;206.833;123.630;1387.500;402.140;   null;198.178; 86.740;152.387;281.648; 97.194;156.760;192.176;174.010;189.976;191.538;109.748;130.554;258.568
2004-07-27 19:30:00;169.702;205.800;124.667;1389.760;399.440;101.454;201.804; 87.148;152.210;285.582; 94.518;156.460;192.200;172.786;188.518;191.288;110.826;130.062;256.980
2004-07-27 19:35:00;169.374;208.733;122.293;1385.080;403.783;   null;201.172; 86.546;152.394;283.062; 95.942;155.940;193.574;172.540;190.888;191.710;111.830;131.322;257.906
2004-07-27 19:40:00;167.598;206.433;122.983;1396.140;402.707;   null;202.722; 87.498;154.293;284.892; 95.813;156.780;193.230;171.936;190.468;191.940;110.626;131.334;258.726
2004-07-27 19:45:00;168.992;207.767;123.423;1385.580;405.893;101.432;204.852; 86.598;153.840;281.718; 94.650;157.340;194.462;172.806;192.566;190.412;111.296;131.828;259.168
2004-07-27 19:50:00;171.100;210.300;123.597;1383.560;404.707;   null;204.152; 87.718;153.350;286.067; 96.074;156.020;193.416;171.958;189.110;190.008;110.772;131.442;257.008
2004-07-27 19:55:00;169.654;207.800;122.453;1386.300;407.977;   null;204.614; 86.560;153.483;282.922; 96.360;157.520;192.860;170.390;190.250;189.856;111.094;131.726;257.160
2004-07-27 20:00:00;170.010;207.367;125.373;1383.780;404.797;102.492;202.450; 85.286;152.004;282.853; 94.628;156.680;193.364;174.314;189.958;191.312;110.138;130.598;258.692
2004-07-27 20:05:00;170.644;208.967;125.387;1376.720;407.717;   null;203.276; 86.922;153.743;286.175; 94.532;156.040;191.212;172.316;189.512;189.792;109.992;130.744;257.016
2004-07-27 20:10:00;168.634;206.900;125.283;1374.780;409.567;   null;203.204; 86.420;152.243;280.232; 95.433;156.980;194.404;172.340;188.224;188.008;111.054;130.312;257.100
2004-07-27 20:15:00;169.992;207.867;123.487;1386.420;407.903;102.580;203.612; 86.708;154.097;283.994; 94.238;156.640;191.756;173.632;190.878;192.448;110.100;130.336;258.358
2004-07-27 20:20:00;170.250;208.100;126.410;1393.020;407.590;   null;203.152; 85.482;151.354;282.403; 95.963;155.540;194.552;171.946;190.714;189.102;109.448;131.642;257.262
2004-07-27 20:25:00;170.724;205.200;125.123;1395.100;406.957;   null;203.236; 85.766;155.260;283.544; 93.976;156.640;192.818;172.924;188.456;191.322;109.066;128.758;255.902
2004-07-27 20:30:00;171.990;207.167;122.983;1379.700;408.027;101.681;201.300; 86.580;154.610;282.957; 92.875;155.420;195.368;172.210;190.632;189.542;109.596;130.210;256.256
2004-07-27 20:35:00;168.984;209.033;121.503;1379.380;405.080;   null;200.440; 86.358;152.640;285.168; 94.085;155.280;194.912;173.444;189.228;191.042;110.364;131.716;258.278
2004-07-27 20:40:00;167.650;205.467;122.497;1385.620;407.640;   null;203.238; 85.384;153.397;284.581; 95.180;153.140;195.860;173.494;193.084;191.578;109.882;131.158;255.618
2004-07-27 20:45:00;168.704;206.333;125.267;1377.980;403.807;101.832;201.518; 86.070;153.313;284.547; 95.693;155.980;192.344;169.690;194.030;192.170;110.076;129.696;257.104
2004-07-27 20:50:00;168.798;209.400;125.007;1384.740;403.437;   null;202.570; 87.740;148.663;287.553; 94.529;155.480;194.862;173.560;191.278;192.822;109.936;131.932;255.816
2004-07-27 20:55:00;170.804;208.000;123.630;1386.640;407.420;   null;199.458; 86.960;151.407;285.858; 94.572;155.740;195.142;173.600;189.172;189.746;110.022;132.292;257.380
2004-07-27 21:00:00;169.674;205.500;124.513;1376.060;405.840;102.213;202.618; 86.812;152.907;285.997; 95.676;156.000;196.122;172.988;192.516;191.630;109.424;130.586;256.574
2004-07-27 21:05:00;169.286;209.700;126.593;1391.500;407.807;   null;201.230; 85.646;154.647;284.786; 97.074;155.200;196.904;171.370;188.604;192.198;109.984;130.314;257.910
2004-07-27 21:10:00;170.986;205.300;125.633;1394.420;406.697;   null;200.488; 87.328;153.703;285.236; 95.461;155.620;193.552;171.972;191.582;192.542;110.258;131.300;257.930
2004-07-27 21:15:00;171.108;207.633;122.947;1384.440;407.117;101.329;201.246; 86.206;153.793;286.445; 93.630;155.640;195.172;171.500;191.058;192.096;111.970;131.186;257.844
2004-07-27 21:20:00;469.782;207.467;125.233;1384.880;407.873;   null;200.816; 85.314;154.390;284.719; 95.328;154.580;195.594;171.886;191.464;190.412;110.356;130.472;256.710
2004-07-27 21:25:00;170.988;206.867;124.650;1384.640;408.247;   null;201.250; 84.992;152.930;286.168; 95.335;156.700;197.466;173.334;190.552;191.728;109.104;131.098;257.972
2004-07-27 21:30:00;169.210;205.467;122.510;1379.680;404.687;101.710;201.614; 86.336;153.330;283.544; 95.101;156.400;194.858;174.588;190.686;190.634;109.636;130.902;257.952
2004-07-27 21:35:00;170.480;208.333;126.343;1380.480;407.533;   null;201.804; 86.658;154.283;285.375; 95.058;156.720;193.178;171.270;190.794;191.020;109.710;130.410;256.266
2004-07-27 21:40:00;171.282;208.033;124.417;1392.520;406.137;   null;199.850; 84.904;153.370;287.343; 94.039;157.600;193.598;173.012;192.336;190.554;112.068;130.946;258.150
2004-07-27 21:45:00;170.318;207.133;125.063;1374.480;402.290;102.512;203.372; 86.130;152.997;285.341; 94.778;155.820;195.206;171.650;190.150;193.184;109.388;130.800;256.832
2004-07-27 21:50:00;170.684;207.133;123.880;1383.280;405.747;   null;201.788; 87.440;152.373;283.027; 94.542;156.520;193.902;172.090;191.442;191.666;110.488;132.900;260.772
2004-07-27 21:55:00;170.402;208.767;124.807;1383.640;404.830;   null;203.924; 86.812;152.867;284.755; 95.630;156.440;192.712;172.788;190.910;190.506;110.600;132.484;257.478
2004-07-27 22:00:00;168.728;210.200;123.867;1383.420;404.903;102.809;205.230; 87.386;151.923;286.899; 94.489;156.740;194.828;173.488;190.510;190.962;110.362;130.542;258.404
2004-07-27 22:05:00;169.194;208.167;123.063;1385.500;405.307;   null;202.472; 86.254;152.480;288.834; 95.080;157.240;194.850;169.928;189.844;190.042;109.704;130.776;258.212
2004-07-27 22:10:00;169.926;206.033;125.500;1384.320;404.484;   null;202.384; 85.610;153.457;287.140; 96.236;156.020;194.386;172.918;193.120;191.478;109.142;131.076;257.734
2004-07-27 22:15:00;169.154;211.967;125.710;1388.800;404.757;102.133;200.388; 86.534;154.570;286.902; 96.466;157.160;192.806;171.002;190.812;191.780;109.314;130.514;259.196
2004-07-27 22:20:00;170.150;208.500;124.680;1383.460;405.483;   null;205.474; 86.452;152.070;283.959; 94.256;156.540;194.294;173.310;189.240;192.030;110.256;129.908;258.796
2004-07-27 22:25:00;170.458;206.033;124.787;1386.060;409.430;   null;201.504; 86.012;154.653;282.225; 95.034;156.220;192.634;175.152;192.070;190.790;110.178;131.716;258.278
2004-07-27 22:30:00;171.422;209.200;124.747;1383.080;407.820;101.223;201.938; 85.866;151.907;285.448; 95.036;157.980;192.110;174.122;192.552;191.746;109.662;131.496;258.686
2004-07-27 22:35:00;168.134;206.667;125.183;1387.500;406.030;   null;200.392; 86.700;151.967;286.764; 94.199;156.060;196.508;174.294;189.054;189.554;110.998;132.146;260.116
2004-07-27 22:40:00;170.676;207.533;125.807;1395.840;405.847;   null;200.248; 85.792;152.800;283.440; 95.943;155.300;194.208;172.526;191.748;190.458;110.520;132.194;260.486
2004-07-27 22:45:00;170.234;208.000;126.600;1392.000;402.917;102.685;203.396; 86.284;149.187;284.616; 96.672;156.400;193.774;170.534;191.352;189.934;109.662;132.862;258.786
2004-07-27 22:50:00;169.962;207.933;125.697;1392.620;404.073;   null;201.888; 85.292;154.673;285.379; 95.254;156.960;190.222;170.976;191.706;189.758;110.026;131.360;259.506
2004-07-27 22:55:00;171.518;209.833;125.847;1387.500;403.967;   null;203.448; 87.362;153.487;286.557; 94.845;158.720;192.436;172.754;191.348;191.788;109.100;131.756;260.700
2004-07-27 23:00:00;169.358;205.900;123.570;1397.500;403.000;103.007;202.042; 86.192;152.300;282.675; 96.183;155.840;193.060;170.420;190.172;191.036;109.970;132.638;259.580
2004-07-27 23:05:00;172.894;209.767;125.580;1393.040;406.927;   null;201.850; 86.632;152.620;283.335; 94.513;158.300;193.842;172.392;191.244;188.190;110.974;131.396;259.304
2004-07-27 23:10:00;169.464;208.033;125.193;1387.200;402.900;   null;200.862; 86.302;152.017;284.166; 95.581;156.780;192.594;170.962;189.914;191.578;110.862;131.966;259.466
2004-07-27 23:15:00;171.180;209.867;123.770;1389.040;405.143;102.557;204.736; 86.100;152.220;282.326; 95.677;157.020;191.402;173.828;188.586;191.852;110.026;133.136;260.628
2004-07-27 23:20:00;170.676;208.167;124.550;1395.940;404.007;   null;202.444; 87.908;151.690;279.592; 94.768;159.000;191.510;171.646;191.812;189.766;109.726;133.746;260.434
2004-07-27 23:25:00;170.772;209.600;124.160;1398.460;403.537;   null;200.766; 85.244;153.887;280.281; 95.865;155.400;191.988;169.436;190.270;190.156;111.106;131.462;260.146
2004-07-27 23:30:00;169.226;207.733;124.803;1390.020;403.343;102.804;201.334; 86.534;152.377;284.026; 95.105;156.880;192.612;168.934;188.610;190.368;110.846;132.266;259.214
2004-07-27 23:35:00;171.090;207.700;122.880;1388.800;404.740;   null;202.132; 87.030;153.217;283.716; 94.694;157.440;191.632;171.808;189.328;188.844;110.000;133.566;261.672
2004-07-27 23:40:00;171.176;207.600;126.877;1397.140;407.737;   null;204.534; 86.016;150.407;281.220; 94.820;155.640;190.894;172.744;189.948;189.596;110.642;130.974;258.922
2004-07-27 23:45:00;171.218;208.133;124.627;1401.620;405.967;102.532;203.180; 86.048;154.777;281.529; 95.268;156.340;193.900;   null;190.302;190.154;110.518;131.890;260.714
2004-07-27 23:50:00;169.940;207.533;123.047;1391.540;404.967;   null;202.338; 87.052;152.683;281.426; 97.971;155.180;191.500;171.855;189.378;190.892;109.692;132.022;261.360
2004-07-27 23:55:00;172.740;208.167;126.273;1396.280;401.120;   null;204.230; 86.142;151.397;285.899; 94.280;157.400;193.896;170.228;188.886;187.042;109.980;132.318;259.502
2004-07-28 00:00:00;170.008;207.800;125.607;1394.100;407.796;103.103;205.302; 86.266;154.517;284.962; 96.806;156.400;191.102;172.342;186.970;190.240;110.394;131.660;262.214
2004-07-28 00:05:00;170.494;207.567;123.273;1396.900;403.063;   null;201.984; 87.774;154.093;277.883; 95.943;157.820;193.712;170.520;189.398;191.716;110.836;132.612;259.704
2004-07-28 00:10:00;171.276;207.433;124.280;1400.480;407.257;   null;203.532; 84.528;152.780;282.050; 96.754;158.420;193.030;170.958;189.592;189.616;109.826;130.258;255.558
2004-07-28 00:15:00;169.932;207.400;124.960;1394.360;405.893;102.805;203.646; 86.730;156.690;281.140; 95.850;158.080;193.864;170.804;191.086;189.810;110.116;132.562;258.494
2004-07-28 00:20:00;171.080;209.433;125.983;1392.520;406.480;   null;204.140; 86.986;153.297;281.973; 96.066;157.100;194.104;171.104;188.222;189.308;109.994;131.982;259.274
2004-07-28 00:25:00;170.220;209.233;125.940;1392.340;407.413;   null;203.738; 86.882;152.873;281.866; 96.553;157.820;193.634;170.524;188.018;191.454;110.936;132.052;259.776
2004-07-28 00:30:00;171.038;208.233;126.167;1394.140;408.960;103.407;204.328; 86.284;152.893;282.147; 97.143;157.600;192.692;170.514;190.524;189.778;110.040;133.034;258.150
2004-07-28 00:35:00;170.800;209.400;125.943;1397.600;408.046;   null;205.344; 87.308;154.680;282.077; 95.438;158.060;192.874;171.244;189.824;190.750;109.480;133.266;256.830
2004-07-28 00:40:00;170.524;209.300;125.337;1390.660;406.410;   null;206.128; 85.306;156.497;282.663; 96.538;156.800;191.872;170.582;191.522;191.108;111.338;132.712;260.890
2004-07-28 00:45:00;171.436;207.967;124.293;1391.220;408.540;101.988;203.632; 85.832;153.793;283.360; 96.515;158.240;192.224;171.502;187.328;190.064;111.476;133.050;262.212
2004-07-28 00:50:00;169.838;207.100;126.740;1389.660;410.563;   null;206.454; 86.682;154.957;279.979; 95.853;156.340;194.168;171.400;190.716;189.164;110.794;134.010;261.424
2004-07-28 00:55:00;170.546;206.367;125.613;1391.660;410.014;   null;204.830; 86.080;155.233;283.250; 98.306;155.620;192.076;173.688;191.362;190.872;112.516;132.196;258.284
2004-07-28 01:00:00;170.744;205.533;124.350;1389.480;409.817;103.239;207.938; 88.156;153.470;280.388; 97.559;159.380;191.446;169.876;187.752;190.056;111.786;132.572;259.786
2004-07-28 01:05:00;169.910;209.900;127.030;1382.000;409.710;   null;207.926; 85.592;155.390;282.344; 98.361;158.380;193.064;170.442;188.750;190.582;110.524;133.114;260.330
2004-07-28 01:10:00;171.266;209.967;126.323;1392.540;414.157;   null;205.040; 85.642;152.883;284.609; 97.397;159.640;195.850;171.544;189.134;189.512;108.916;132.630;259.232
2004-07-28 01:15:00;170.428;206.700;124.803;1391.560;412.937;103.903;206.304; 87.314;155.697;283.178; 96.324;159.700;195.728;171.050;189.924;190.092;110.382;132.782;260.502
2004-07-28 01:20:00;172.500;207.900;126.593;1382.020;411.707;   null;208.474; 85.978;153.540;280.872; 98.435;159.140;194.260;169.944;191.246;190.956;108.910;134.336;260.238
2004-07-28 01:25:00;172.654;207.100;124.873;1389.780;412.827;   null;206.520; 87.470;154.120;280.074; 97.428;157.980;191.404;171.062;189.070;190.086;111.090;132.884;260.476
2004-07-28 01:30:00;169.846;207.500;125.670;1373.320;413.517;103.901;205.364; 86.462;155.907;280.968; 98.553;158.700;192.856;170.570;188.740;191.762;112.054;132.088;261.392
2004-07-28 01:35:00;170.166;207.300;125.033;1391.440;414.367;   null;206.160; 85.320;155.180;283.378; 96.927;158.180;194.060;171.322;191.184;190.110;110.812;133.632;260.008
2004-07-28 01:40:00;171.224;210.833;126.700;1384.480;415.557;   null;206.516; 88.124;152.153;282.534; 97.518;161.220;192.150;170.826;188.238;190.652;111.614;132.728;261.708
2004-07-28 01:45:00;171.844;208.200;126.433;1382.640;414.913;104.276;206.046; 86.156;156.297;284.109; 97.328;159.760;193.900;173.516;188.938;191.718;111.848;133.704;261.542
2004-07-28 01:50:00;171.776;206.700;126.590;1382.460;412.963;   null;206.636; 86.280;156.247;282.710; 98.277;160.520;193.422;169.500;189.280;189.752;111.220;131.934;261.144
2004-07-28 01:55:00;167.836;206.133;125.503;1375.000;414.147;   null;205.310; 87.446;157.693;281.544; 96.426;159.660;194.196;171.468;190.722;189.592;110.588;132.632;262.576
2004-07-28 02:00:00;170.160;205.900;129.803;1377.140;413.987;105.868;208.416; 86.490;156.517;286.593; 98.225;159.360;193.942;172.470;189.892;192.844;110.664;133.222;262.420
2004-07-28 02:05:00;170.668;209.433;125.587;1380.180;416.557;   null;206.274; 86.260;156.320;285.962; 98.240;160.180;191.770;170.930;189.372;189.178;109.558;133.336;261.888
2004-07-28 02:10:00;169.736;211.000;125.713;1375.400;416.220;   null;206.736; 87.400;156.553;287.013; 98.376;161.640;192.628;172.042;190.998;189.186;111.680;134.052;263.068
2004-07-28 02:15:00;169.856;209.833;126.423;1386.300;407.680;104.859;207.976; 86.672;158.410;283.644; 97.138;161.300;193.942;   null;193.204;192.136;111.410;133.746;261.940
2004-07-28 02:20:00;167.806;208.500;126.180;1381.960;414.787;   null;208.206; 87.384;156.090;284.167; 98.122;159.980;192.384;170.038;189.608;189.006;110.572;134.688;262.374
2004-07-28 02:25:00;169.318;209.500;125.317;1383.660;409.920;   null;206.338; 85.848;155.700;285.572; 97.473;158.420;192.788;171.158;192.916;189.268;111.478;133.790;262.836
2004-07-28 02:30:00;171.994;208.433;125.557;1383.500;409.840;105.281;208.924; 87.372;157.717;282.482; 97.107;159.600;192.690;172.070;191.904;189.934;112.080;133.374;264.268
2004-07-28 02:35:00;170.578;209.767;125.100;1375.040;410.197;   null;203.732; 87.470;156.703;286.307; 99.998;160.220;193.392;170.946;191.788;191.530;111.154;134.278;263.620
2004-07-28 02:40:00;171.920;209.033;127.210;1372.680;411.123;   null;206.402; 86.306;159.196;286.448; 97.986;160.940;192.316;170.548;191.260;191.172;110.640;132.112;264.034
2004-07-28 02:45:00;169.422;208.100;124.880;1373.420;411.353;104.648;204.534; 87.734;158.247;286.551; 96.191;160.700;194.000;171.132;192.654;188.900;110.258;133.862;264.308
2004-07-28 02:50:00;170.776;209.733;124.750;1374.460;409.623;   null;204.392; 85.946;157.293;285.039; 97.633;161.220;194.490;172.176;189.490;189.124;111.860;134.546;266.998
2004-07-28 02:55:00;170.950;208.767;125.580;1383.320;408.013;   null;204.550; 85.952;157.070;287.500; 97.677;159.540;193.748;170.604;192.592;191.736;111.622;133.384;263.492
2004-07-28 03:00:00;169.526;207.867;125.377;1381.240;407.913;105.070;204.432; 87.312;160.390;283.247; 98.602;160.120;193.624;173.406;194.682;190.466;110.262;134.614;261.546
2004-07-28 03:05:00;169.476;207.967;125.950;1377.960;411.400;   null;207.010; 87.936;156.757;287.462; 99.097;159.640;193.236;172.006;192.490;189.982;111.676;134.420;262.534
2004-07-28 03:10:00;170.778;207.833;125.010;1380.320;411.550;   null;205.536; 88.584;156.977;288.131; 98.688;159.880;192.056;169.122;193.244;191.332;110.306;134.832;263.976
2004-07-28 03:15:00;171.444;211.600;125.947;1383.500;409.563;104.991;207.446; 88.324;157.373;288.167; 99.059;162.020;192.854;171.134;191.496;188.748;111.568;134.570;263.432
2004-07-28 03:20:00;169.936;207.833;126.167;1380.520;413.260;   null;207.816; 87.720;157.083;285.700; 98.664;158.200;193.132;169.076;196.594;191.542;110.604;132.826;264.764
2004-07-28 03:25:00;167.872;209.167;125.040;1381.280;408.643;   null;206.074; 87.470;157.147;287.286; 97.309;159.900;193.574;170.852;192.726;191.508;110.974;134.360;264.490
2004-07-28 03:30:00;172.070;210.100;125.893;1386.380;404.940;105.597;205.270; 87.596;157.737;286.261; 98.174;160.400;192.634;172.854;191.202;192.632;110.486;132.888;264.368
2004-07-28 03:35:00;169.944;209.633;124.710;1380.880;410.070;   null;206.190; 88.826;158.793;286.505; 97.933;159.500;193.774;171.982;193.868;191.504;112.156;135.502;264.356
2004-07-28 03:40:00;172.060;211.100;128.450;1383.760;408.810;   null;207.804; 87.992;157.557;284.777; 97.983;160.460;193.862;173.614;194.106;190.436;112.136;132.446;265.430
2004-07-28 03:45:00;169.934;208.333;126.613;1368.120;408.910;106.046;207.390; 87.792;157.903;284.842; 96.916;159.160;192.404;171.486;192.080;188.450;110.394;134.498;260.974
2004-07-28 03:50:00;170.356;209.233;125.293;1359.960;410.610;   null;203.822; 88.154;154.583;283.673; 96.979;158.800;195.338;170.920;191.870;190.894;111.282;133.202;263.276
2004-07-28 03:55:00;172.074;210.300;126.253;1373.160;409.290;   null;204.898; 87.978;156.243;283.707; 98.709;158.780;192.902;169.544;192.616;191.624;110.494;133.182;263.914
2004-07-28 04:00:00;169.808;209.633;123.740;1366.280;411.777;104.504;207.696; 87.798;155.073;283.142; 97.740;158.960;194.848;171.596;195.698;192.052;111.016;133.190;259.642
2004-07-28 04:05:00;169.344;209.467;125.107;1362.840;411.770;   null;208.322; 88.406;158.407;284.238; 98.265;159.500;193.334;170.618;194.644;190.418;110.224;134.862;263.212
2004-07-28 04:10:00;168.748;211.900;124.930;1370.120;407.203;   null;206.982; 87.246;157.043;283.915; 98.303;159.860;193.094;171.738;193.778;189.990;111.252;133.172;262.534
2004-07-28 04:15:00;167.890;209.400;124.647;1367.820;411.483;104.075;207.184; 88.000;154.803;286.815; 98.154;156.960;191.606;169.928;194.316;193.282;110.448;133.796;262.580
2004-07-28 04:20:00;169.528;208.267;123.917;1364.040;405.187;   null;207.494; 88.432;157.573;281.446; 98.166;158.780;193.738;171.036;194.752;192.254;110.662;133.370;262.132
2004-07-28 04:25:00;168.400;208.733;124.123;1362.040;404.913;   null;206.138; 87.700;155.827;284.234; 98.983;158.680;192.396;173.396;194.976;191.706;111.156;134.994;261.832
2004-07-28 04:30:00;170.138;208.133;125.057;1363.000;407.800;104.828;205.090; 86.730;157.907;285.153; 97.003;158.780;194.124;172.470;192.218;191.296;111.832;134.300;264.562
2004-07-28 04:35:00;170.338;208.567;124.267;1369.200;407.197;   null;207.324; 86.900;155.553;285.474; 97.849;158.980;192.032;171.058;193.380;191.030;111.606;136.526;262.972
2004-07-28 04:40:00;169.170;208.567;125.320;1366.180;407.477;   null;205.918; 86.974;155.667;283.319; 98.751;159.740;194.836;171.284;192.866;192.194;111.124;135.098;266.462
2004-07-28 04:45:00;169.328;209.500;125.130;1364.980;407.010;105.380;206.638; 86.638;156.310;283.666; 96.977;157.760;192.308;172.046;193.028;192.156;111.366;134.646;263.226

