DATETIME,ESOI,MXCO,ROME,AATB,LMKS,DRBS,MOSC,NEWK,KIEL,CALG,OULU,APTY,FSMT,INVK,NAIN,PWNK,THUL,SOPB,SOPO
2004-07-26 17:45:00,171.156,213.833,127.027,1392.32,419.547,105.826,208.72,90.198,160.067,297.827,100.577,162.84,200.25,178.496,201.75,198.718,112.884,140.354,276.096
2004-07-26 17:50:00,171.866,213.6,125.93,1396.0,419.133,,207.434,90.664,157.927,299.766,99.919,162.32,201.336,177.844,198.644,200.084,114.452,140.646,276.538
2004-07-26 17:55:00,171.72,213.2,125.713,1396.22,420.867,,208.926,91.846,161.773,295.039,100.108,160.24,202.458,178.926,200.908,202.512,114.924,139.122,276.702
2004-07-26 18:00:00,173.124,213.667,125.403,1398.4,415.943,107.473,208.746,90.414,159.763,299.023,101.335,160.7,200.278,179.896,200.404,201.194,115.076,139.946,276.648
2004-07-26 18:05:00,171.658,213.1,125.937,1395.62,423.61,,209.26,91.66,161.273,297.486,98.511,162.1,201.188,178.006,200.944,198.744,113.612,140.796,276.052
2004-07-26 18:10:00,171.18,216.033,125.533,1396.94,419.85,,211.834,90.638,157.433,296.189,98.761,164.52,200.58,178.138,200.06,202.188,115.428,140.196,275.618
2004-07-26 18:15:00,171.626,214.767,124.917,1389.02,420.756,106.014,208.486,90.538,159.573,297.043,98.352,160.86,200.822,176.466,200.89,200.44,114.56,139.62,276.398
2004-07-26 18:20:00,171.846,215.133,126.793,1390.18,420.34,,209.624,91.622,159.887,299.111,99.368,160.18,201.074,178.036,199.162,199.596,114.878,140.544,277.89
2004-07-26 18:25:00,172.662,211.3,125.37,1393.92,421.19,,207.538,90.178,157.17,299.179,98.687,161.14,201.576,178.908,201.512,200.842,115.144,139.368,275.952
2004-07-26 18:30:00,171.4,212.767,125.813,1396.08,425.117,105.323,208.634,89.248,159.637,295.952,98.482,163.58,200.384,178.502,198.172,198.244,115.534,140.822,278.308
2004-07-26 18:35:00,170.224,215.033,125.85,1391.64,420.633,,206.394,90.446,155.77,294.736,98.865,160.32,201.758,179.168,198.532,200.318,114.68,139.94,274.938
2004-07-26 18:40:00,169.834,212.9,126.8,1397.06,419.83,,207.164,91.184,160.39,298.708,99.145,163.06,200.562,178.504,200.34,199.91,114.708,141.468,275.882
2004-07-26 18:45:00,172.438,212.733,125.57,1392.14,422.823,105.336,208.06,91.156,155.767,296.801,100.115,161.54,201.548,179.45,198.226,199.11,113.582,139.718,275.894
2004-07-26 18:50:00,171.33,217.0,126.61,1391.36,417.353,,209.04,90.994,158.72,296.427,99.644,162.42,201.66,179.414,198.472,200.526,114.246,140.23,276.06
2004-07-26 18:55:00,171.064,212.833,126.153,1395.02,419.21,,206.972,91.324,157.773,297.299,98.539,160.54,201.89,179.562,198.55,196.902,116.102,139.558,277.244
2004-07-26 19:00:00,170.584,214.4,125.8,1401.04,419.45,106.267,207.166,90.428,156.07,298.096,99.418,159.62,200.574,180.732,197.776,199.006,114.592,139.794,277.496
2004-07-26 19:05:00,172.348,212.667,125.853,1388.88,421.213,,210.318,90.96,159.533,297.095,98.408,161.08,201.484,180.562,199.962,199.28,114.616,140.228,278.566
2004-07-26 19:10:00,171.188,213.833,125.177,1399.22,417.443,,208.092,89.928,160.02,299.613,98.793,163.62,201.402,178.068,198.192,198.856,113.904,139.888,277.066
2004-07-26 19:15:00,170.91,215.433,124.397,1392.76,422.177,104.843,210.368,89.204,160.637,299.308,97.574,160.58,201.886,181.808,196.474,198.768,113.632,141.204,277.982
2004-07-26 19:20:00,171.146,213.233,126.307,1395.6,419.467,,209.066,90.066,159.863,298.375,98.593,162.0,198.61,178.63,197.564,199.572,116.36,140.708,276.36
2004-07-26 19:25:00,172.26,213.6,124.797,1399.06,418.697,,209.33,90.146,158.29,299.681,98.327,161.98,199.832,180.94,201.546,198.316,113.426,140.558,274.788
2004-07-26 19:30:00,170.656,212.267,127.463,1385.8,415.77,105.316,208.542,90.978,158.12,299.41,99.262,161.26,199.816,180.562,196.87,199.09,114.382,140.79,276.226
2004-07-26 19:35:00,172.324,211.867,125.01,1403.78,421.65,,207.38,91.452,158.747,297.381,98.597,160.7,200.004,179.572,200.588,198.766,113.348,139.036,276.71
2004-07-26 19:40:00,169.246,212.833,125.067,1395.78,419.513,,206.776,90.446,155.457,300.056,98.886,161.54,201.526,179.408,198.334,198.6,114.27,141.178,272.752
2004-07-26 19:45:00,171.474,213.1,125.18,1403.84,419.677,105.839,207.366,90.478,157.563,303.22,97.963,160.28,201.144,180.83,198.088,198.812,114.338,139.806,276.028
2004-07-26 19:50:00,170.75,214.7,125.47,1400.44,423.38,,209.784,90.578,158.517,298.321,99.204,162.96,200.33,181.038,199.898,198.958,113.852,141.004,275.016
2004-07-26 19:55:00,171.072,213.3,126.59,1395.72,417.877,,208.766,93.742,159.873,297.517,98.233,161.52,199.322,177.492,198.424,197.926,115.952,140.314,276.32
2004-07-26 20:00:00,171.8,210.933,124.33,1398.98,420.813,105.323,209.676,91.362,156.95,297.505,98.961,161.06,201.334,178.312,198.472,200.806,114.45,140.88,276.648
2004-07-26 20:05:00,172.002,214.133,125.557,1397.48,420.26,,208.784,90.516,159.34,300.036,97.091,161.32,201.678,179.368,199.58,199.552,115.154,140.846,276.742
2004-07-26 20:10:00,172.882,212.8,126.667,1395.18,421.07,,206.44,89.134,157.517,298.422,98.309,160.52,202.004,180.078,198.63,200.836,115.148,140.352,279.036
2004-07-26 20:15:00,170.298,211.733,125.28,1399.08,420.647,105.419,206.836,88.9,155.733,298.457,99.627,160.54,202.306,180.352,198.058,199.05,114.152,142.154,276.222
2004-07-26 20:20:00,171.182,210.5,125.343,1401.16,419.78,,208.726,90.014,157.78,296.756,97.911,160.38,201.64,180.754,197.636,198.47,115.312,140.122,276.496
2004-07-26 20:25:00,171.288,210.0,124.077,1397.08,422.863,,207.398,90.542,157.16,299.117,98.331,160.4,201.664,179.196,199.92,200.048,115.036,141.616,277.852
2004-07-26 20:30:00,171.068,212.033,126.58,1397.3,420.903,106.717,209.498,91.636,157.007,298.934,98.91,161.74,199.758,179.202,198.31,199.436,115.052,141.1,274.904
2004-07-26 20:35:00,170.674,212.733,124.8,1404.28,417.24,,207.972,90.814,159.357,298.184,98.168,162.22,200.598,178.274,199.436,197.876,115.6,141.518,276.826
2004-07-26 20:40:00,170.59,212.167,125.617,1397.46,420.817,,209.208,92.39,158.023,298.048,100.192,161.84,200.502,180.038,197.614,199.09,114.496,140.546,276.528
2004-07-26 20:45:00,173.452,213.333,126.23,1402.74,419.52,105.526,208.48,90.06,158.31,295.189,97.76,160.34,202.49,179.58,199.6,197.348,116.362,141.14,275.638
2004-07-26 20:50:00,171.332,211.067,124.84,1393.92,416.94,,208.154,90.34,158.334,296.776,97.78,162.08,201.62,182.408,195.724,199.814,113.656,141.552,277.578
2004-07-26 20:55:00,171.81,214.5,124.853,1402.38,421.41,,207.688,91.126,157.617,295.416,99.049,160.68,201.52,180.976,201.174,198.102,114.072,140.704,276.172
2004-07-26 21:00:00,171.912,211.833,125.89,1396.12,421.437,105.691,208.434,91.062,156.773,299.599,97.815,162.6,200.9,179.558,196.978,201.16,116.074,139.284,275.118
2004-07-26 21:05:00,170.36,211.933,124.947,1388.64,419.266,,207.876,90.856,160.147,297.321,97.816,162.6,202.428,178.674,200.894,198.88,115.14,141.054,277.732
2004-07-26 21:10:00,170.716,213.167,126.63,1395.1,420.513,,207.552,90.872,159.516,297.061,98.802,159.32,201.734,178.872,198.772,197.228,114.334,140.75,277.868
2004-07-26 21:15:00,171.08,212.467,124.113,1396.86,417.333,105.61,206.414,89.214,158.127,297.049,99.177,160.76,203.37,179.824,200.256,198.464,115.592,141.386,275.972
2004-07-26 21:20:00,173.162,212.367,125.23,1396.04,421.387,,210.516,89.198,157.927,297.083,99.878,161.34,200.556,180.902,199.55,197.646,113.704,141.53,276.558
2004-07-26 21:25:00,172.422,211.8,125.977,1396.72,422.02,,206.732,89.676,160.89,299.648,100.155,163.04,202.136,181.308,198.604,196.282,115.894,141.202,275.716
2004-07-26 21:30:00,171.08,214.9,126.48,1404.24,416.18,106.13,209.234,90.594,157.493,297.7,98.661,161.14,199.154,179.092,198.336,199.206,114.378,139.486,277.024
2004-07-26 21:35:00,168.84,213.7,125.927,1400.66,422.34,,209.728,90.054,159.503,298.45,100.183,162.16,202.372,180.198,199.138,198.122,114.32,139.782,277.072
2004-07-26 21:40:00,174.018,212.533,124.233,1396.56,423.48,,209.55,90.634,158.257,296.347,100.336,162.4,199.612,180.83,199.388,198.446,113.754,140.138,277.32
2004-07-26 21:45:00,172.712,215.833,127.14,1396.0,418.203,104.773,210.196,89.214,157.487,296.823,99.008,161.34,199.866,181.422,201.726,199.708,115.404,140.684,277.37
2004-07-26 21:50:00,172.718,211.467,126.51,1396.64,420.623,,206.374,90.894,158.54,297.232,99.819,161.48,202.282,181.656,200.234,199.428,115.278,140.06,275.832
2004-07-26 21:55:00,171.634,212.9,126.53,1399.0,420.847,,209.604,91.532,158.333,298.729,100.41,163.5,203.054,179.332,201.112,198.712,113.76,142.02,275.496
2004-07-26 22:00:00,170.344,211.767,127.323,1402.74,423.347,105.088,208.64,90.61,157.227,298.334,99.516,161.1,202.912,180.414,200.482,200.94,115.004,141.048,274.45
2004-07-26 22:05:00,171.594,212.467,126.483,1404.72,422.277,,210.548,90.056,158.63,298.967,99.865,159.86,200.374,177.464,200.818,198.476,114.258,140.708,276.248
2004-07-26 22:10:00,169.958,213.067,124.43,1402.42,419.037,,210.074,89.902,159.167,298.457,99.025,161.14,201.15,180.02,199.248,200.832,115.36,140.578,274.556
2004-07-26 22:15:00,171.18,214.167,126.763,1405.58,424.06,106.633,208.21,90.368,158.093,296.109,101.493,163.2,200.544,177.286,198.394,200.726,116.18,139.786,278.98
2004-07-26 22:20:00,171.41,209.833,124.823,1402.28,423.073,,206.666,90.688,158.853,296.836,100.172,161.08,201.482,180.766,200.832,197.08,113.59,140.322,275.896
2004-07-26 22:25:00,171.596,211.4,126.55,1406.42,420.11,,209.604,89.67,159.167,294.998,99.203,161.78,200.466,180.738,200.638,199.556,113.976,140.428,274.82
2004-07-26 22:30:00,171.752,213.7,125.973,1407.98,423.9,105.272,209.162,89.522,161.547,296.495,99.967,162.58,202.414,180.744,201.68,199.354,114.894,140.816,277.346
2004-07-26 22:35:00,170.76,210.9,127.14,1401.16,422.187,,210.398,90.14,157.797,298.756,100.144,159.96,200.842,178.672,199.614,196.734,115.54,140.478,276.364
2004-07-26 22:40:00,172.056,214.633,126.13,1407.62,419.573,,210.372,89.682,160.117,297.973,98.441,162.36,202.096,181.076,202.074,195.416,115.092,141.434,274.498
2004-07-26 22:45:00,171.868,213.6,126.613,1400.92,422.23,106.252,211.034,89.876,158.357,298.77,99.29,163.0,200.988,178.788,201.092,196.24,114.598,140.6,276.454
2004-07-26 22:50:00,173.106,211.267,127.343,1394.48,419.097,,209.926,91.22,157.437,298.224,101.609,160.66,201.004,178.456,199.454,196.768,114.92,140.12,276.058
2004-07-26 22:55:00,172.624,211.267,126.563,1405.14,422.347,,211.282,90.752,157.993,294.449,99.223,161.44,199.12,180.408,199.592,199.874,114.558,140.386,276.036
2004-07-26 23:00:00,170.592,211.933,126.39,1407.12,420.6,104.88,209.358,91.026,160.327,299.773,100.604,164.04,200.43,180.206,197.776,199.216,114.516,140.504,275.748
2004-07-26 23:05:00,172.824,215.333,127.2,1403.7,419.833,,210.646,90.916,156.517,297.192,101.979,162.2,200.778,179.71,198.982,197.786,115.214,139.034,273.134
2004-07-26 23:10:00,173.374,211.167,123.877,1398.84,423.183,,210.638,90.514,160.816,298.455,98.972,163.84,199.592,178.22,199.768,199.344,113.858,140.456,277.728
2004-07-26 23:15:00,173.122,213.933,125.157,1405.16,420.017,106.282,209.01,89.78,160.773,300.197,98.815,162.7,200.974,178.374,199.54,199.66,114.874,138.992,273.452
2004-07-26 23:20:00,174.24,211.867,126.567,1405.88,423.303,,210.494,90.952,158.253,297.943,98.119,163.0,200.172,177.534,198.372,197.118,112.984,140.324,274.618
2004-07-26 23:25:00,173.12,215.733,125.833,1399.12,423.63,,210.248,91.582,160.547,296.132,99.199,160.68,201.112,179.946,197.622,198.606,114.502,141.24,273.476
2004-07-26 23:30:00,173.826,213.7,125.777,1416.8,422.97,106.064,210.492,90.154,156.127,296.679,98.222,164.44,197.634,177.154,199.724,196.782,114.412,138.918,275.202
2004-07-26 23:35:00,171.154,212.667,127.157,1414.26,421.703,,208.276,90.308,156.937,297.556,99.837,161.2,198.856,179.858,201.13,198.426,115.398,138.646,278.428
2004-07-26 23:40:00,171.726,214.6,126.877,1407.16,419.63,,211.49,92.362,157.023,299.335,100.15,162.7,199.686,176.272,199.392,199.03,114.464,140.014,274.532
2004-07-26 23:45:00,173.42,214.333,125.503,1414.52,424.273,105.377,209.652,90.42,157.18,299.588,100.405,162.4,202.124,179.138,199.558,196.76,114.644,139.238,275.13
2004-07-26 23:50:00,173.17,213.1,125.813,1408.18,422.31,,209.538,90.084,157.54,295.448,97.187,161.12,202.26,178.336,197.728,196.772,114.588,139.67,274.144
2004-07-26 23:55:00,172.078,211.833,127.877,1419.36,422.75,,208.564,90.13,157.383,297.877,98.583,161.2,198.072,178.23,197.498,197.174,114.96,139.764,272.836
2004-07-27 00:00:00,173.506,211.933,125.217,1420.2,422.266,104.856,209.668,90.984,157.68,297.98,99.87,161.44,201.366,178.508,199.182,196.85,114.904,140.336,273.324
2004-07-27 00:05:00,172.138,210.4,125.16,1406.06,422.843,,209.372,88.882,157.69,297.466,98.478,162.36,199.184,178.296,198.366,197.3,113.624,140.388,277.464
2004-07-27 00:10:00,173.658,212.067,127.223,1419.28,420.473,,208.22,90.83,157.507,297.638,98.102,162.28,199.928,179.586,198.028,197.5,114.112,140.504,276.31
2004-07-27 00:15:00,173.31,210.533,123.333,1405.24,415.897,105.689,208.58,89.95,159.077,298.87,98.407,160.66,199.252,179.876,198.398,196.66,113.764,139.512,276.136
2004-07-27 00:20:00,173.898,213.867,127.32,1414.48,418.873,,207.262,90.242,156.303,294.591,98.337,161.4,197.372,177.788,199.602,197.248,112.136,140.84,273.62
2004-07-27 00:25:00,171.694,210.4,126.987,1415.78,417.983,,205.854,89.434,156.99,298.677,97.392,157.14,199.442,177.784,197.21,197.458,114.674,138.32,273.832
2004-07-27 00:30:00,171.086,209.5,125.493,1413.66,416.087,104.384,205.908,90.104,157.027,298.357,97.07,158.7,199.628,178.784,199.192,196.99,114.77,138.94,273.832
2004-07-27 00:35:00,173.636,208.8,125.697,1413.42,416.367,,205.1,90.426,156.17,297.752,95.849,158.58,199.15,179.724,197.238,199.962,113.846,137.86,272.164
2004-07-27 00:40:00,172.504,208.3,125.93,1415.22,415.867,,207.766,88.56,155.763,295.139,98.344,160.5,199.65,178.506,198.024,197.008,113.566,137.688,271.874
2004-07-27 00:45:00,175.27,209.667,124.477,1414.94,415.99,105.042,206.06,90.722,154.88,297.056,96.942,158.94,199.726,177.934,198.79,197.44,113.686,138.666,271.158
2004-07-27 00:50:00,172.606,210.533,125.103,1409.76,413.587,,208.594,91.046,155.413,297.238,97.154,160.16,202.102,181.426,197.216,197.902,115.472,138.33,268.778
2004-07-27 00:55:00,169.828,212.667,125.423,1410.26,420.437,,207.1,89.55,157.567,296.279,96.782,157.82,200.564,178.958,197.594,197.156,114.328,137.77,270.726
2004-07-27 01:00:00,173.842,211.567,127.06,1422.5,417.087,105.368,207.94,90.428,156.377,297.877,97.875,161.06,198.554,181.066,200.256,198.044,114.034,136.108,269.646
2004-07-27 01:05:00,171.912,210.433,125.91,1415.74,419.827,,205.592,91.148,158.013,296.2,98.625,160.38,199.67,179.9,200.56,199.604,114.028,137.492,269.238
2004-07-27 01:10:00,171.828,209.333,125.057,1418.0,419.693,,209.582,91.424,158.11,296.69,96.752,161.08,200.156,179.36,198.062,197.096,114.48,137.112,269.214
2004-07-27 01:15:00,171.964,211.5,125.543,1413.46,415.58,105.365,209.186,89.618,156.683,296.474,97.607,161.26,197.932,179.72,198.016,197.554,114.97,136.104,268.958
2004-07-27 01:20:00,171.488,213.767,124.613,1408.96,421.727,,211.428,90.218,155.143,294.728,97.135,161.04,199.456,179.132,198.102,196.504,114.386,137.598,271.246
2004-07-27 01:25:00,172.312,211.233,127.46,1405.9,418.1,,207.046,90.098,157.003,294.787,98.284,160.0,199.738,176.664,195.76,195.29,112.676,138.118,271.328
2004-07-27 01:30:00,174.544,209.633,124.6,1405.04,415.717,104.767,209.974,91.11,159.68,294.308,97.211,159.18,199.95,176.77,199.676,194.854,114.518,136.124,267.542
2004-07-27 01:35:00,172.786,208.7,124.85,1415.34,421.663,,205.496,87.736,155.57,295.926,97.982,161.7,198.106,179.14,198.576,197.052,113.904,137.376,268.364
2004-07-27 01:40:00,172.85,210.0,125.503,1406.46,416.333,,208.912,88.658,157.677,296.953,97.746,158.54,196.95,176.536,199.8,195.81,114.412,137.884,269.622
2004-07-27 01:45:00,172.31,212.3,126.39,1411.02,419.14,105.903,204.836,89.626,157.667,295.32,97.559,161.44,197.878,179.386,196.052,195.198,113.676,137.862,271.484
2004-07-27 01:50:00,172.822,213.6,125.447,1410.78,420.834,,210.75,89.016,156.307,295.252,98.453,160.3,198.946,177.452,196.482,194.324,113.422,138.288,272.912
2004-07-27 01:55:00,173.354,211.133,126.49,1415.92,421.72,,207.224,89.088,156.957,294.507,97.168,162.92,198.302,176.244,195.59,195.596,112.692,139.686,271.804
2004-07-27 02:00:00,170.062,213.133,126.14,1419.58,421.12,105.646,209.222,90.344,159.483,294.19,100.159,162.64,198.352,179.522,197.062,194.698,113.424,137.98,272.93
2004-07-27 02:05:00,170.4,212.667,124.84,1405.94,419.01,,207.124,89.868,156.997,295.012,98.118,160.78,197.362,177.226,196.404,196.028,112.306,138.334,271.666
2004-07-27 02:10:00,168.99,210.533,125.727,1411.44,417.41,,206.178,89.212,154.973,290.497,97.55,159.92,198.534,177.64,197.648,194.066,113.044,140.81,271.17
2004-07-27 02:15:00,170.746,212.1,124.443,1415.38,416.09,103.701,206.318,89.122,153.76,293.204,97.235,159.2,196.304,175.236,196.01,193.752,112.298,138.608,272.754
2004-07-27 02:20:00,170.122,209.5,124.917,1405.16,412.527,,206.108,88.698,155.607,292.512,96.578,160.22,197.396,176.054,199.166,195.588,110.878,139.53,272.468
2004-07-27 02:25:00,172.086,208.333,124.253,1405.9,412.477,,203.532,88.526,153.44,292.52,97.629,157.94,196.68,176.036,195.512,195.97,111.008,137.25,270.268
2004-07-27 02:30:00,168.486,207.933,124.45,1395.96,411.1,103.227,204.336,88.08,154.21,290.435,95.86,156.9,195.634,174.466,196.822,196.726,109.83,135.29,269.474
2004-07-27 02:35:00,169.886,209.633,123.957,1398.74,409.443,,202.828,88.738,154.293,293.805,94.882,156.08,195.868,172.828,197.55,192.944,108.522,135.662,267.36
2004-07-27 02:40:00,169.296,210.9,123.293,1394.08,409.69,,203.01,88.196,150.873,287.657,94.222,153.7,194.938,172.224,193.092,193.636,107.67,135.076,267.324
2004-07-27 02:45:00,170.068,207.9,123.107,1392.52,403.827,101.495,199.082,88.594,153.983,289.926,95.187,156.7,194.218,169.708,193.958,192.138,106.91,135.664,266.884
2004-07-27 02:50:00,169.994,210.967,121.417,1388.0,403.32,,201.368,87.336,150.41,288.48,94.051,155.3,188.932,170.216,191.978,192.484,106.178,134.272,265.846
2004-07-27 02:55:00,169.368,206.8,121.867,1382.32,397.157,,201.56,86.266,148.337,289.377,93.767,152.32,189.018,167.77,190.446,194.862,106.096,133.32,265.574
2004-07-27 03:00:00,167.192,205.567,120.48,1372.46,395.56,101.039,200.1,85.942,150.94,285.944,93.982,155.14,185.756,166.268,190.59,190.872,106.176,131.864,263.376
2004-07-27 03:05:00,167.818,204.433,121.177,1369.24,397.57,,196.188,84.578,149.53,281.069,94.297,153.28,185.468,164.112,188.662,189.06,104.886,130.426,259.98
2004-07-27 03:10:00,167.028,207.633,121.323,1360.3,397.283,,198.14,86.884,148.637,281.825,93.938,152.22,184.27,164.432,187.688,187.804,106.702,132.776,258.63
2004-07-27 03:15:00,166.58,205.733,121.023,1356.84,393.623,101.034,197.554,87.46,150.133,278.005,92.221,152.78,183.488,164.216,188.17,188.582,106.732,130.75,255.982
2004-07-27 03:20:00,164.888,204.3,120.507,1334.8,392.147,,196.37,85.694,150.433,275.459,93.863,152.46,181.91,163.574,187.304,187.852,107.97,130.922,257.504
2004-07-27 03:25:00,165.42,207.167,120.423,1332.06,391.937,,199.814,86.136,149.487,271.58,92.621,152.08,180.126,162.992,187.202,188.302,106.978,130.742,257.774
2004-07-27 03:30:00,165.444,202.7,120.03,1324.2,395.0,100.377,195.504,85.85,147.333,271.373,91.698,151.16,179.824,161.612,186.976,185.066,105.392,128.736,255.184
2004-07-27 03:35:00,167.262,203.233,120.197,1328.06,395.107,,197.868,84.656,150.197,269.429,90.581,149.46,181.202,165.072,185.022,183.146,107.284,130.4,259.176
2004-07-27 03:40:00,163.206,203.833,118.183,1325.78,390.627,,195.504,85.172,147.923,268.891,94.775,149.56,180.794,163.88,183.85,184.35,106.18,130.454,257.708
2004-07-27 03:45:00,161.198,202.167,118.387,1312.9,387.053,98.707,192.166,85.568,147.577,269.205,92.868,149.92,180.602,164.426,182.05,183.092,106.46,129.71,258.154
2004-07-27 03:50:00,163.438,203.6,118.787,1312.02,383.796,,194.064,85.94,145.3,269.675,93.554,148.94,177.718,162.58,182.554,183.114,105.514,128.982,255.158
2004-07-27 03:55:00,165.638,201.867,118.947,1309.54,385.347,,192.54,83.596,145.663,265.216,91.417,148.14,177.18,159.692,183.294,183.762,105.14,128.242,253.91
2004-07-27 04:00:00,163.326,203.133,119.053,1309.24,388.263,98.387,194.09,83.486,147.197,261.272,91.304,145.54,175.826,162.36,181.906,181.392,103.586,127.158,252.166
2004-07-27 04:05:00,162.876,200.5,117.653,1303.12,382.923,,191.714,84.402,144.53,261.755,89.342,146.9,176.668,158.996,179.958,180.222,101.71,126.816,251.382
2004-07-27 04:10:00,161.044,200.133,116.773,1310.28,381.84,,191.446,83.244,144.847,264.321,90.753,146.5,176.02,160.782,179.428,179.096,100.17,126.944,253.01
2004-07-27 04:15:00,162.118,202.833,118.427,1312.14,381.513,96.945,190.4,83.7,145.917,260.806,89.679,146.52,174.468,162.242,178.252,175.972,101.512,123.924,249.204
2004-07-27 04:20:00,162.178,199.233,117.593,1306.98,376.827,,191.884,82.336,142.623,262.391,89.939,145.66,175.128,160.466,178.688,177.12,99.832,124.374,247.652
2004-07-27 04:25:00,162.062,200.0,117.537,1296.74,379.237,,191.334,80.502,144.693,259.703,87.388,146.0,176.556,160.59,178.11,177.61,99.512,122.732,245.076
2004-07-27 04:30:00,162.138,198.133,117.637,1289.06,374.32,94.528,187.91,80.326,143.373,255.741,87.954,143.9,177.604,158.59,175.756,171.766,97.806,122.31,246.312
2004-07-27 04:35:00,160.152,198.6,116.007,1295.98,371.73,,187.6,81.374,141.827,257.189,88.095,146.9,174.722,157.698,176.97,172.468,99.304,123.504,244.498
2004-07-27 04:40:00,159.458,195.867,115.58,1301.62,372.837,,188.31,80.414,140.287,259.67,88.719,145.2,173.686,157.67,177.068,173.282,101.258,122.558,243.772
2004-07-27 04:45:00,159.868,198.1,115.377,1291.58,373.173,96.218,189.12,80.602,143.273,259.048,88.532,147.04,172.806,154.25,175.734,170.176,100.134,121.81,243.996
2004-07-27 04:50:00,158.68,198.1,114.713,1291.28,370.62,,190.056,80.85,142.39,255.983,89.415,147.32,173.964,155.044,175.782,170.706,99.04,119.912,239.954
2004-07-27 04:55:00,160.762,193.267,115.203,1295.62,373.813,,187.486,80.854,141.183,252.228,91.616,148.0,172.42,154.018,175.936,172.27,101.128,117.468,237.422
2004-07-27 05:00:00,158.214,196.733,114.953,1299.66,368.197,95.101,186.988,80.558,144.923,250.401,91.604,147.06,171.35,155.612,177.592,169.55,100.462,115.828,232.544
2004-07-27 05:05:00,159.678,192.333,114.957,1296.92,373.517,,186.708,80.786,142.06,254.246,89.585,145.92,171.2,152.9,177.068,171.31,100.336,116.994,235.582
2004-07-27 05:10:00,160.06,193.133,114.543,1294.76,371.913,,189.578,79.556,143.003,252.584,88.807,146.32,173.662,153.256,176.682,172.156,101.536,116.408,231.964
2004-07-27 05:15:00,161.834,194.267,116.653,1284.86,370.99,95.48,186.768,80.896,142.116,253.631,89.335,147.02,172.8,154.446,177.518,171.306,101.794,116.988,233.984
2004-07-27 05:20:00,160.156,194.233,115.187,1279.26,373.623,,186.248,79.712,142.82,254.838,91.025,148.92,173.35,155.616,177.032,170.312,103.014,116.788,233.458
2004-07-27 05:25:00,159.244,194.6,115.317,1275.66,371.19,,187.614,80.88,142.363,252.63,89.735,146.8,173.476,156.222,176.288,170.938,102.002,117.786,236.928
2004-07-27 05:30:00,160.122,195.967,115.293,1284.42,372.41,95.079,190.812,80.846,144.52,253.377,90.197,148.38,173.592,154.654,176.73,175.696,101.846,118.982,235.822
2004-07-27 05:35:00,161.308,195.4,115.49,1278.48,370.523,,187.002,78.122,143.59,253.838,90.0,146.56,171.658,155.368,179.232,171.66,102.134,118.072,235.344
2004-07-27 05:40:00,160.308,191.7,115.977,1278.4,372.603,,189.398,79.702,142.243,254.217,89.475,147.46,172.58,153.292,178.306,173.264,103.028,118.706,238.91
2004-07-27 05:45:00,158.418,193.5,114.257,1275.72,369.79,94.67,187.8,80.148,144.57,252.319,90.328,149.44,171.076,155.748,179.014,173.628,102.772,117.124,236.866
2004-07-27 05:50:00,160.4,196.133,116.263,1279.32,370.2,,187.33,77.936,143.48,254.126,91.847,147.06,170.262,155.164,177.836,172.254,104.112,118.732,236.544
2004-07-27 05:55:00,160.564,193.033,116.877,1279.92,372.29,,188.23,79.082,141.337,249.682,90.048,146.2,172.12,153.178,175.974,173.254,102.882,116.922,238.948
2004-07-27 06:00:00,159.07,193.967,114.737,1282.78,372.737,96.205,188.48,80.374,143.623,252.101,90.265,149.66,173.136,155.96,178.82,173.772,104.832,118.384,237.518
2004-07-27 06:05:00,159.332,192.533,116.867,1278.4,375.117,,189.966,79.91,145.173,254.831,90.698,147.2,172.424,153.394,176.39,172.876,103.832,117.646,238.054
2004-07-27 06:10:00,157.51,192.367,116.573,1278.78,378.224,,185.89,80.328,145.393,251.583,92.058,149.62,172.152,155.99,177.21,173.004,104.728,118.35,237.192
2004-07-27 06:15:00,157.322,193.667,116.78,1279.78,375.713,95.892,185.726,80.21,144.08,254.161,92.287,150.14,170.352,156.862,179.612,174.54,103.754,118.804,238.464
2004-07-27 06:20:00,159.636,192.1,115.79,1281.44,378.567,,190.806,80.472,143.42,254.036,91.403,149.84,170.672,156.564,181.73,176.616,104.424,120.622,239.606
2004-07-27 06:25:00,160.04,191.4,115.51,1278.84,379.483,,188.146,80.082,146.313,253.552,90.608,149.6,171.276,154.418,180.842,178.302,103.494,118.416,238.758
2004-07-27 06:30:00,158.204,195.567,116.697,1282.96,370.45,96.682,190.612,80.942,145.21,253.022,92.088,149.32,173.634,154.234,181.3,177.044,102.12,119.22,240.31
2004-07-27 06:35:00,159.386,192.1,115.4,1276.88,375.013,,189.688,82.142,146.634,252.24,90.631,147.06,173.216,152.894,181.816,177.074,104.678,119.99,236.286
2004-07-27 06:40:00,157.348,194.733,115.153,1279.44,375.337,,187.942,80.96,143.26,253.587,92.146,147.88,176.822,153.22,182.298,177.99,104.88,120.086,236.502
2004-07-27 06:45:00,159.712,193.9,114.09,1277.4,375.83,96.017,185.232,81.748,142.953,253.115,90.009,147.14,176.118,154.927,179.024,178.836,104.422,118.048,234.064
2004-07-27 06:50:00,160.568,193.733,115.37,1278.06,372.133,,188.006,83.724,142.593,252.182,90.337,147.2,174.208,158.206,181.504,178.358,103.678,115.99,235.82
2004-07-27 06:55:00,158.548,193.267,116.047,1277.06,374.123,,186.404,81.71,144.57,250.822,90.423,148.1,174.136,160.764,181.56,178.77,104.572,117.928,235.864
2004-07-27 07:00:00,159.386,193.633,116.007,1275.52,371.733,94.83,185.522,82.464,145.173,252.102,91.165,149.78,175.374,157.442,180.338,177.29,104.686,118.634,236.468
2004-07-27 07:05:00,161.01,193.467,116.317,1269.58,369.14,,184.788,81.096,144.907,250.901,91.143,150.5,174.47,158.562,181.94,176.196,103.43,117.794,236.282
2004-07-27 07:10:00,159.482,191.2,115.02,1278.24,367.73,,184.744,79.31,143.827,254.498,91.247,149.88,177.086,157.126,181.526,176.772,105.284,118.424,236.124
2004-07-27 07:15:00,160.582,195.0,115.837,1284.28,365.384,93.875,184.046,79.878,142.01,252.884,90.915,149.1,175.454,154.33,181.764,176.094,104.818,117.794,236.432
2004-07-27 07:20:00,160.234,193.0,115.773,1296.8,368.997,,185.852,80.322,138.287,256.601,91.708,147.62,174.28,155.084,181.402,175.32,104.786,119.562,236.034
2004-07-27 07:25:00,161.852,190.167,117.643,1305.64,369.267,,184.52,81.276,140.443,253.853,88.708,146.3,173.4,152.836,180.832,176.966,103.934,118.116,238.644
2004-07-27 07:30:00,163.164,190.433,118.2,1303.12,368.69,93.786,183.442,80.366,141.733,254.835,87.103,142.76,174.538,152.484,179.308,176.138,104.708,119.29,235.232
2004-07-27 07:35:00,161.346,191.4,116.317,1311.84,369.043,,183.482,78.93,139.23,254.073,86.59,141.36,171.062,151.856,179.992,177.852,104.93,119.088,235.922
2004-07-27 07:40:00,161.898,191.967,117.42,1317.64,372.347,,183.968,79.644,139.597,252.249,86.595,141.54,175.084,154.024,180.926,179.788,105.066,116.24,234.242
2004-07-27 07:45:00,161.316,192.3,115.75,1316.46,369.307,95.257,184.758,81.978,140.81,254.537,88.248,141.38,178.818,156.154,180.014,179.236,104.426,114.21,229.614
2004-07-27 07:50:00,160.572,193.167,118.557,1312.96,371.563,,184.57,82.794,138.91,256.463,86.448,143.6,180.348,159.266,183.024,179.874,104.074,114.204,228.428
2004-07-27 07:55:00,161.774,192.967,116.207,1308.78,372.057,,185.934,83.108,137.45,254.709,88.886,144.1,181.604,159.564,184.498,182.162,104.61,113.396,227.078
2004-07-27 08:00:00,162.732,196.3,116.927,1309.92,374.987,95.501,186.524,85.198,140.973,260.152,87.698,144.0,181.91,161.346,184.346,180.86,104.99,113.882,228.008
2004-07-27 08:05:00,162.318,197.1,118.44,1310.48,377.753,,189.72,83.26,140.697,261.277,88.629,142.3,181.6,162.976,184.61,180.724,105.292,112.632,228.016
2004-07-27 08:10:00,161.25,197.0,118.153,1317.08,377.643,,191.358,83.828,140.633,261.398,88.654,145.08,180.856,162.296,183.274,181.008,105.426,114.336,227.762
2004-07-27 08:15:00,162.28,198.4,119.197,1315.7,376.967,96.283,189.424,82.324,142.183,260.203,90.669,146.42,179.398,160.584,181.79,179.388,105.61,112.638,225.524
2004-07-27 08:20:00,161.558,195.7,119.063,1317.76,379.417,,189.912,83.904,141.37,257.779,89.225,145.22,178.992,161.64,181.404,179.138,106.016,113.268,224.932
2004-07-27 08:25:00,160.276,198.133,119.363,1312.4,379.25,,189.704,81.05,144.08,257.986,89.681,147.28,179.812,162.314,182.87,178.812,105.514,112.386,226.468
2004-07-27 08:30:00,161.484,197.867,118.327,1309.42,378.59,95.12,192.238,83.24,141.2,256.843,89.371,146.14,178.946,160.118,181.878,179.388,105.158,112.504,227.302
2004-07-27 08:35:00,160.962,197.533,121.06,1306.86,378.92,,190.972,83.378,144.72,254.975,89.412,148.14,178.478,159.992,184.004,177.32,103.894,115.886,230.604
2004-07-27 08:40:00,162.2,198.3,118.363,1310.02,378.82,,190.696,83.188,144.167,255.909,87.767,146.64,177.978,162.18,182.438,179.858,105.062,114.894,230.572
2004-07-27 08:45:00,162.582,198.367,117.0,1301.62,377.517,95.798,191.444,82.85,141.383,257.398,91.459,147.38,178.07,160.09,184.626,179.054,104.542,116.942,231.048
2004-07-27 08:50:00,162.104,199.6,119.29,1300.06,379.95,,190.656,81.766,142.233,261.104,90.75,146.46,180.376,161.662,183.594,180.76,104.956,115.676,228.354
2004-07-27 08:55:00,162.078,197.667,120.327,1294.72,377.43,,190.85,81.622,140.673,261.829,90.508,150.56,180.736,161.656,182.866,178.416,106.032,113.544,226.378
2004-07-27 09:00:00,163.266,198.633,117.987,1306.18,380.287,97.202,191.244,82.632,146.753,258.37,89.95,148.2,181.26,159.832,183.562,180.63,104.516,112.836,228.604
2004-07-27 09:05:00,162.828,196.733,119.357,1295.8,378.463,,190.1,83.498,142.457,257.66,90.2,149.16,180.034,162.494,183.394,180.076,106.15,112.794,225.602
2004-07-27 09:10:00,163.22,197.333,117.56,1307.32,380.713,,192.618,82.646,145.546,256.226,91.025,148.2,181.334,162.28,183.596,183.184,105.952,114.024,228.38
2004-07-27 09:15:00,162.194,199.9,119.78,1308.98,383.357,96.882,192.624,82.254,143.77,257.729,92.256,150.14,179.124,161.686,181.028,181.704,105.25,113.888,227.834
2004-07-27 09:20:00,163.92,194.0,118.183,1309.24,383.253,,192.46,81.576,146.367,262.228,89.894,150.58,179.46,160.032,183.176,181.15,106.25,115.984,230.65
2004-07-27 09:25:00,162.822,193.667,118.71,1314.72,381.923,,191.096,81.606,144.9,262.851,89.175,148.74,180.384,162.12,183.096,181.184,105.374,114.994,232.84
2004-07-27 09:30:00,162.234,197.033,118.953,1308.72,383.4,96.715,192.268,82.39,146.277,265.55,91.383,149.04,179.178,164.536,183.064,180.44,105.294,116.752,232.37
2004-07-27 09:35:00,164.15,196.867,119.39,1316.78,383.123,,192.038,82.014,144.67,263.351,91.092,149.2,183.282,160.49,184.142,182.638,105.458,117.156,236.17
2004-07-27 09:40:00,164.006,197.533,118.107,1313.56,385.467,,192.436,82.784,147.993,263.42,89.06,150.76,182.422,159.276,181.988,181.01,106.726,118.866,237.838
2004-07-27 09:45:00,164.614,199.367,119.61,1329.6,386.07,96.787,193.496,83.242,146.98,263.039,92.197,148.72,181.062,158.232,185.228,183.36,105.942,119.964,235.942
2004-07-27 09:50:00,165.454,196.867,119.877,1315.78,387.147,,192.97,83.59,145.743,266.129,91.282,149.92,180.97,161.228,186.13,184.772,107.344,120.41,238.152
2004-07-27 09:55:00,165.028,200.8,117.967,1319.12,386.39,,192.656,81.754,145.58,268.157,92.289,150.38,181.956,159.42,184.636,182.724,106.686,119.83,237.882
2004-07-27 10:00:00,164.852,197.267,120.41,1328.62,388.22,97.832,190.204,83.512,146.573,263.47,92.481,150.24,181.082,159.95,188.332,183.006,106.334,121.572,238.114
2004-07-27 10:05:00,164.444,197.667,118.69,1327.04,387.674,,194.192,82.402,144.927,265.059,90.885,148.94,181.644,161.52,186.076,183.854,106.198,121.528,241.972
2004-07-27 10:10:00,164.952,199.933,119.347,1328.22,389.43,,194.886,82.886,148.257,268.226,90.828,151.32,183.108,162.384,185.206,182.454,107.744,121.44,242.464
2004-07-27 10:15:00,165.338,199.033,119.753,1341.58,392.147,98.066,196.446,84.086,146.48,266.047,88.975,149.66,183.95,160.412,185.554,183.212,106.564,120.736,241.638
2004-07-27 10:20:00,164.812,198.4,121.37,1328.18,387.253,,195.548,82.792,148.123,269.94,90.669,148.82,183.008,161.486,185.07,181.314,107.022,122.926,242.008
2004-07-27 10:25:00,166.64,198.533,122.913,1323.8,391.53,,195.618,81.862,152.983,268.134,92.241,151.18,182.402,160.834,186.082,184.156,108.044,121.58,244.042
2004-07-27 10:30:00,165.85,197.533,121.047,1329.26,388.053,99.324,195.096,84.808,146.566,268.387,91.901,150.08,183.58,161.668,184.634,185.604,107.544,121.8,241.404
2004-07-27 10:35:00,165.896,197.6,121.6,1334.94,389.787,,196.66,83.616,148.283,268.456,92.103,151.58,184.164,162.804,185.598,184.63,105.298,122.768,242.328
2004-07-27 10:40:00,166.544,201.333,121.633,1326.6,395.357,,194.57,83.934,148.68,268.076,92.885,151.8,182.796,163.48,186.7,183.772,105.232,123.67,243.256
2004-07-27 10:45:00,165.132,201.3,121.463,1333.6,389.457,99.125,196.088,83.87,149.0,269.147,92.059,152.64,184.412,162.356,186.414,186.568,106.718,121.688,242.566
2004-07-27 10:50:00,165.034,202.633,120.31,1330.5,391.553,,194.938,85.008,146.513,268.25,92.317,151.68,180.8,162.752,187.426,186.2,107.158,119.204,239.492
2004-07-27 10:55:00,165.902,200.333,121.757,1325.6,395.097,,193.202,83.018,148.667,267.179,93.651,151.12,184.32,162.27,186.858,184.69,106.14,121.768,239.872
2004-07-27 11:00:00,165.096,198.8,121.743,1331.5,393.717,99.288,195.25,84.448,148.983,267.317,92.813,153.78,184.83,163.736,187.018,187.344,107.986,122.056,242.312
2004-07-27 11:05:00,165.628,199.833,121.833,1331.82,393.443,,194.164,83.514,149.377,271.424,92.468,153.68,184.392,164.814,185.962,185.38,107.074,122.72,243.2
2004-07-27 11:10:00,166.626,200.433,120.893,1338.3,395.814,,197.272,84.518,149.73,269.871,93.041,150.48,186.946,164.838,187.892,185.074,109.484,123.766,246.662
2004-07-27 11:15:00,166.544,202.467,121.893,1331.3,396.11,100.576,196.428,84.07,148.943,273.429,91.444,152.26,184.728,163.168,184.166,186.644,106.678,123.218,242.748
2004-07-27 11:20:00,166.04,203.233,120.633,1337.34,403.693,,196.812,83.498,149.837,271.668,92.534,153.02,185.914,165.818,186.03,185.202,109.184,123.62,246.596
2004-07-27 11:25:00,165.668,202.567,121.71,1337.18,399.55,,197.678,83.24,149.6,275.154,93.982,154.34,187.312,166.16,187.628,184.8,107.762,124.006,245.026
2004-07-27 11:30:00,166.512,201.9,122.65,1330.98,397.737,100.907,199.336,84.51,150.73,275.154,95.335,154.12,184.104,165.392,186.422,184.972,106.244,124.016,246.994
2004-07-27 11:35:00,165.742,201.7,121.94,1336.4,401.693,,196.708,84.658,149.803,273.912,93.507,151.86,185.028,164.074,186.45,185.576,108.036,126.844,248.04
2004-07-27 11:40:00,166.184,203.233,121.08,1340.98,398.827,,200.966,85.476,149.13,273.359,94.68,152.5,186.522,162.908,187.28,185.214,107.422,126.214,248.648
2004-07-27 11:45:00,167.358,201.633,123.013,1346.26,399.503,101.333,198.464,85.112,152.197,275.597,92.648,155.5,185.752,165.642,186.182,184.538,106.358,126.296,248.182
2004-07-27 11:50:00,168.276,205.267,123.387,1348.96,400.253,,199.166,84.414,150.313,272.453,94.076,155.06,187.974,165.428,185.758,186.346,108.44,124.934,247.702
2004-07-27 11:55:00,165.132,203.3,121.277,1356.96,399.92,,201.838,84.406,152.11,273.178,94.488,154.02,184.42,165.504,185.396,185.632,106.29,126.608,250.486
2004-07-27 12:00:00,167.684,203.633,122.503,1349.44,404.137,102.392,199.784,84.42,152.187,273.447,94.906,155.1,186.716,167.152,187.46,185.808,108.748,125.808,250.7
2004-07-27 12:05:00,166.55,204.333,126.103,1350.58,404.27,,199.18,83.506,153.04,274.222,94.458,154.48,186.372,166.212,186.314,186.622,109.904,125.474,250.37
2004-07-27 12:10:00,166.836,202.833,122.64,1351.56,406.183,,203.134,84.952,150.81,275.016,95.067,152.3,187.07,168.126,188.452,186.506,108.196,128.11,251.83
2004-07-27 12:15:00,168.298,204.633,122.847,1351.62,403.69,101.901,202.256,85.072,152.687,273.973,96.226,153.14,186.216,167.742,189.71,185.8,109.122,126.812,252.902
2004-07-27 12:20:00,165.86,206.2,123.747,1344.56,406.223,,200.874,85.234,152.897,276.98,95.102,154.22,188.494,165.37,186.746,188.306,107.994,127.31,250.508
2004-07-27 12:25:00,167.172,207.233,124.063,1358.06,407.48,,201.448,86.758,151.04,278.228,94.915,155.2,188.32,166.85,191.522,185.352,107.194,127.768,249.698
2004-07-27 12:30:00,169.198,203.2,123.103,1362.48,404.477,101.198,199.124,85.756,151.457,274.119,94.552,155.86,188.08,167.826,189.89,187.28,108.342,126.802,252.88
2004-07-27 12:35:00,168.614,206.133,123.223,1364.7,404.057,,200.13,86.246,149.853,274.768,92.369,153.94,189.114,167.012,189.634,187.484,108.798,125.842,251.126
2004-07-27 12:40:00,167.816,209.533,123.323,1366.76,407.123,,199.646,87.83,151.026,279.675,93.624,153.96,190.226,168.482,191.156,188.106,108.498,129.18,253.64
2004-07-27 12:45:00,171.508,209.433,123.003,1369.26,408.543,102.686,199.414,87.116,151.28,275.632,95.441,152.34,189.604,167.92,190.418,190.382,109.344,128.064,253.176
2004-07-27 12:50:00,170.45,208.567,124.277,1373.12,408.317,,199.538,85.422,153.243,277.705,95.736,152.54,188.392,167.614,193.99,188.378,108.522,128.662,255.54
2004-07-27 12:55:00,168.564,208.5,125.097,1365.98,408.917,,199.564,87.42,151.003,277.562,94.943,153.34,191.738,165.914,192.916,188.624,107.484,128.578,253.676
2004-07-27 13:00:00,168.154,207.067,123.203,1369.44,411.933,101.868,199.648,85.94,151.48,277.29,94.629,153.12,189.438,168.06,191.694,188.546,109.154,128.086,253.132
2004-07-27 13:05:00,170.322,205.633,124.253,1375.46,411.863,,201.382,85.684,150.25,281.506,94.115,153.48,191.194,169.906,190.928,188.53,108.916,128.856,252.506
2004-07-27 13:10:00,170.578,206.767,125.14,1376.72,407.373,,199.472,87.946,152.43,281.231,94.599,155.0,189.772,167.794,188.858,189.986,108.244,129.21,251.082
2004-07-27 13:15:00,171.334,206.567,125.397,1364.7,409.71,103.173,202.292,84.4,153.13,280.542,94.396,154.72,189.236,168.81,192.498,189.09,108.262,127.352,251.548
2004-07-27 13:20:00,169.74,205.6,124.413,1367.02,410.923,,200.546,85.8,152.28,276.845,94.193,154.94,188.89,170.376,189.778,191.056,106.662,129.094,253.69
2004-07-27 13:25:00,168.574,205.967,124.2,1364.4,407.1,,201.022,85.456,152.683,280.468,95.894,154.12,188.78,168.516,189.698,190.684,107.644,127.206,253.032
2004-07-27 13:30:00,168.198,206.467,126.127,1375.0,409.113,102.769,198.31,86.09,150.253,280.02,93.115,153.32,189.028,169.45,191.912,187.692,108.65,127.694,251.982
2004-07-27 13:35:00,169.966,206.333,126.023,1372.24,411.733,,200.42,87.312,151.823,279.882,94.951,151.16,188.338,168.842,190.22,186.644,108.702,127.04,253.512
2004-07-27 13:40:00,169.238,206.533,124.99,1365.94,412.09,,200.728,87.07,150.287,277.567,95.222,155.24,189.588,167.392,189.24,189.044,108.914,127.642,250.466
2004-07-27 13:45:00,167.398,208.367,123.53,1355.7,405.027,102.839,199.586,86.94,152.207,280.225,94.611,155.02,190.154,168.644,192.222,188.2,108.03,127.152,252.302
2004-07-27 13:50:00,167.83,208.5,123.137,1355.06,408.21,,201.654,86.57,152.507,278.016,94.434,154.12,189.254,165.746,188.166,187.654,107.842,128.248,254.67
2004-07-27 13:55:00,168.786,206.367,124.837,1360.94,406.4,,199.104,86.426,151.713,278.331,92.655,153.96,189.99,166.704,189.64,188.764,109.698,127.402,253.486
2004-07-27 14:00:00,168.598,207.033,123.693,1357.54,405.28,103.334,201.11,86.718,152.957,278.737,94.904,154.54,187.738,164.818,190.534,188.762,108.61,128.626,254.646
2004-07-27 14:05:00,167.386,209.533,124.79,1361.48,406.547,,199.968,87.082,152.3,278.396,95.362,154.38,187.212,167.53,190.952,189.554,108.874,128.006,253.112
2004-07-27 14:10:00,167.538,207.933,125.267,1366.24,405.23,,201.89,86.558,151.36,278.012,94.591,154.28,188.712,168.394,191.406,188.738,107.902,129.04,254.31
2004-07-27 14:15:00,166.01,208.567,124.03,1357.52,402.893,102.122,201.102,87.808,149.793,278.949,94.801,153.18,188.582,168.672,189.28,190.016,108.54,127.846,251.676
2004-07-27 14:20:00,168.284,206.367,126.77,1349.68,403.863,,199.698,86.75,152.973,281.817,94.1,155.74,191.898,167.452,190.638,188.324,107.5,128.202,252.856
2004-07-27 14:25:00,168.236,207.233,124.323,1355.06,406.05,,197.68,86.552,151.273,278.638,94.546,156.28,189.984,167.084,188.978,189.738,108.492,128.23,252.454
2004-07-27 14:30:00,168.074,209.633,123.7,1353.74,402.917,102.406,199.038,87.192,152.783,279.917,95.525,154.16,190.25,167.252,192.078,190.99,109.4,128.332,251.276
2004-07-27 14:35:00,168.576,207.633,124.64,1349.34,407.087,,202.178,87.068,152.603,279.222,94.849,155.96,189.366,167.744,195.458,191.5,109.1,127.414,252.25
2004-07-27 14:40:00,167.412,210.633,124.917,1348.58,405.767,,201.748,86.154,152.843,279.64,94.381,155.24,190.76,170.98,192.776,188.932,109.314,127.626,251.75
2004-07-27 14:45:00,168.126,211.1,123.513,1350.5,405.257,101.352,200.838,86.018,153.44,280.091,95.329,156.16,191.294,170.326,192.734,191.458,109.96,127.246,253.068
2004-07-27 14:50:00,167.074,207.6,123.567,1356.14,407.987,,200.178,85.958,150.537,278.634,93.69,156.62,190.034,170.848,192.514,193.022,111.114,127.24,251.522
2004-07-27 14:55:00,169.442,207.533,124.483,1352.06,406.653,,199.002,87.26,150.74,276.352,94.623,155.86,190.976,170.516,191.562,189.08,110.216,126.288,254.552
2004-07-27 15:00:00,167.606,210.3,124.867,1357.1,408.1,102.605,198.896,87.062,150.987,279.464,95.34,154.14,192.462,169.784,191.228,189.586,111.192,129.082,256.108
2004-07-27 15:05:00,168.38,207.9,123.4,1369.48,409.957,,201.666,86.556,152.163,277.36,93.449,154.08,192.252,172.01,193.902,189.4,112.418,128.868,255.728
2004-07-27 15:10:00,168.492,209.867,125.347,1353.98,407.757,,201.086,86.796,153.053,278.746,94.34,152.66,192.71,170.536,190.804,189.02,111.606,130.066,256.198
2004-07-27 15:15:00,167.14,209.667,122.66,1364.3,407.323,102.25,199.766,85.524,151.373,281.99,94.56,153.88,191.99,170.158,189.352,191.21,112.728,130.718,258.63
2004-07-27 15:20:00,166.604,210.033,123.96,1366.02,406.304,,199.092,87.716,153.733,280.127,94.648,155.72,192.514,169.59,191.21,191.494,109.924,130.182,256.434
2004-07-27 15:25:00,166.75,208.033,123.557,1360.4,408.714,,201.586,87.322,151.443,282.923,95.945,155.44,190.928,170.298,191.932,189.68,110.42,131.418,258.536
2004-07-27 15:30:00,168.29,208.867,124.227,1352.96,407.957,103.014,200.486,86.94,151.103,281.3,94.739,153.22,190.852,170.98,190.98,191.558,110.546,130.822,258.812
2004-07-27 15:35:00,168.674,210.033,123.41,1362.38,410.637,,199.594,87.456,153.673,280.572,93.637,156.4,191.172,169.564,191.884,190.126,108.8,130.93,257.552
2004-07-27 15:40:00,168.634,209.733,123.813,1357.8,407.633,,199.71,85.034,151.64,281.991,93.552,154.82,192.61,169.88,191.67,192.054,108.784,129.598,258.442
2004-07-27 15:45:00,168.052,209.4,125.04,1360.98,406.953,102.352,198.882,86.244,151.117,283.027,94.754,154.02,192.888,168.83,189.87,190.134,108.542,130.024,256.52
2004-07-27 15:50:00,168.93,209.4,123.623,1353.2,408.057,,200.626,86.058,152.853,283.024,95.472,154.66,192.788,170.46,189.48,190.276,109.726,130.724,257.144
2004-07-27 15:55:00,169.512,211.067,122.197,1361.38,404.08,,200.732,87.226,150.233,283.127,94.142,154.64,192.138,169.228,193.026,189.482,111.078,130.198,256.878
2004-07-27 16:00:00,167.506,209.133,125.237,1347.7,408.477,102.766,200.526,87.684,151.993,284.374,95.168,153.26,190.078,170.632,191.14,190.354,108.136,130.732,256.578
2004-07-27 16:05:00,166.956,209.933,124.773,1353.94,409.367,,200.178,87.73,152.037,282.745,95.053,154.1,192.082,169.256,189.008,193.27,109.298,130.958,258.124
2004-07-27 16:10:00,166.164,212.5,123.143,1350.24,407.503,,198.912,88.258,153.68,278.936,93.826,155.98,192.26,170.752,190.95,190.936,109.048,131.624,256.576
2004-07-27 16:15:00,168.174,209.667,122.74,1355.86,409.843,101.784,199.982,87.2,153.12,280.672,95.082,154.48,193.412,169.624,190.406,192.438,110.056,130.898,256.802
2004-07-27 16:20:00,167.514,208.333,125.037,1354.84,407.413,,200.69,87.336,152.054,281.778,97.234,155.32,194.058,168.86,188.866,191.238,110.058,130.438,258.0
2004-07-27 16:25:00,169.064,207.5,123.43,1352.96,407.023,,204.166,88.258,152.02,281.295,94.37,155.46,193.598,170.93,190.808,191.166,109.43,130.2,256.218
2004-07-27 16:30:00,166.636,208.533,123.067,1356.76,405.923,101.309,199.45,86.692,152.587,280.95,96.834,154.62,194.65,168.726,191.094,192.2,108.78,131.862,256.22
2004-07-27 16:35:00,169.344,209.967,124.6,1354.48,404.334,,198.446,87.918,151.893,281.95,93.466,155.3,193.882,168.618,189.408,189.622,110.582,129.292,257.336
2004-07-27 16:40:00,167.77,206.533,122.32,1356.16,402.907,,200.242,87.242,151.27,279.768,95.235,155.84,193.732,169.258,191.004,190.828,109.446,131.332,258.154
2004-07-27 16:45:00,167.826,210.133,122.757,1360.14,404.26,101.564,200.892,86.89,153.21,283.958,95.072,156.76,192.308,169.94,189.212,192.022,110.446,131.288,259.968
2004-07-27 16:50:00,170.062,209.333,121.863,1354.24,403.21,,198.306,86.866,151.883,285.827,92.624,156.32,193.642,169.81,190.012,189.214,110.018,130.138,257.796
2004-07-27 16:55:00,167.35,209.033,124.07,1365.3,403.153,,198.194,87.204,150.067,284.893,93.802,156.46,196.786,173.392,189.208,191.87,108.856,131.26,259.59
2004-07-27 17:00:00,167.566,210.167,121.85,1368.7,408.993,102.2,198.98,87.004,152.647,284.65,94.702,154.82,191.634,173.406,190.656,189.964,110.156,131.43,259.192
2004-07-27 17:05:00,166.63,207.833,123.037,1376.42,407.13,,197.076,86.808,152.42,285.24,95.152,155.88,194.372,172.0,191.078,192.232,109.98,130.758,258.218
2004-07-27 17:10:00,167.466,209.267,124.137,1358.72,404.683,,201.274,87.524,150.797,284.962,96.339,154.98,194.888,172.038,189.662,189.934,110.236,131.53,258.158
2004-07-27 17:15:00,168.122,207.733,121.41,1365.44,406.953,100.963,200.082,87.904,152.53,285.309,94.694,153.26,193.154,171.398,189.95,192.37,109.782,132.848,258.838
2004-07-27 17:20:00,167.358,208.0,123.683,1356.62,405.423,,199.924,87.338,150.243,286.278,94.323,157.16,194.048,171.988,189.58,189.88,108.958,130.8,257.812
2004-07-27 17:25:00,166.062,210.1,123.333,1362.5,402.357,,201.992,87.102,151.677,282.087,96.19,155.3,194.23,171.402,190.682,191.458,109.096,131.82,258.734
2004-07-27 17:30:00,168.692,207.1,122.383,1360.32,405.43,101.856,200.586,86.706,151.163,286.072,94.52,153.24,192.928,169.53,191.706,190.618,109.442,133.292,259.926
2004-07-27 17:35:00,167.608,207.067,124.207,1363.44,405.167,,201.69,86.956,152.107,288.252,93.885,154.26,193.836,170.984,192.034,191.034,111.262,131.344,260.362
2004-07-27 17:40:00,166.98,208.267,123.09,1352.2,403.843,,197.764,88.288,153.014,286.971,94.374,155.56,192.13,174.238,190.76,189.696,109.22,131.566,262.582
2004-07-27 17:45:00,166.18,208.167,123.153,1363.1,403.193,101.445,199.992,85.96,151.543,284.546,94.704,155.48,195.864,173.414,190.914,189.11,110.462,134.132,260.646
2004-07-27 17:50:00,168.646,206.8,122.617,1365.52,399.433,,202.08,86.222,152.14,285.931,93.374,153.52,193.368,174.424,190.724,190.308,109.916,133.868,259.584
2004-07-27 17:55:00,167.146,209.067,123.663,1362.82,398.97,,198.422,86.992,153.237,287.699,94.068,154.24,192.786,174.248,189.904,191.9,109.886,132.508,258.69
2004-07-27 18:00:00,170.428,209.2,123.943,1361.18,401.483,102.222,199.798,86.756,150.277,286.554,94.218,155.02,193.904,175.09,190.482,191.812,110.196,131.982,261.138
2004-07-27 18:05:00,168.106,208.9,125.49,1369.7,401.89,,202.718,87.86,151.84,286.382,94.736,153.74,193.458,172.864,188.784,189.884,110.454,132.718,261.784
2004-07-27 18:10:00,169.48,208.4,121.82,1364.24,403.06,,199.902,87.248,150.947,284.581,94.927,154.98,193.354,173.9,187.684,191.328,110.944,130.864,261.78
2004-07-27 18:15:00,169.806,207.233,123.437,1365.02,403.797,101.544,202.212,86.642,150.577,286.589,94.7,154.72,193.97,172.272,190.82,190.692,111.408,131.74,259.818
2004-07-27 18:20:00,171.49,205.533,123.393,1369.72,402.34,,199.082,86.888,150.934,285.17,94.927,154.78,195.616,173.466,191.656,190.47,110.428,130.024,257.624
2004-07-27 18:25:00,168.614,204.167,122.637,1364.68,405.347,,199.754,87.576,151.103,282.088,93.991,154.0,194.086,174.816,189.314,188.982,110.176,131.532,258.928
2004-07-27 18:30:00,167.164,204.167,121.287,1374.66,404.517,101.184,200.108,86.966,151.263,282.232,94.304,153.4,192.796,172.35,189.762,190.114,109.88,133.04,258.484
2004-07-27 18:35:00,167.558,204.133,121.983,1367.0,402.897,,198.374,86.732,152.153,284.65,96.413,155.1,193.514,172.978,189.482,189.624,111.012,130.842,257.636
2004-07-27 18:40:00,168.346,203.533,120.993,1374.54,402.627,,199.476,87.012,152.82,281.226,93.609,154.96,193.972,174.648,186.738,192.024,110.43,131.266,258.786
2004-07-27 18:45:00,168.826,207.033,123.59,1367.48,402.807,101.215,199.692,87.392,153.14,284.269,94.235,153.96,192.678,172.58,188.57,189.228,110.352,132.182,259.39
2004-07-27 18:50:00,168.226,207.667,121.29,1377.36,402.783,,199.406,86.952,151.307,279.737,94.87,153.54,194.342,172.658,190.738,190.314,111.75,132.396,257.748
2004-07-27 18:55:00,168.356,208.933,122.147,1376.0,402.253,,199.162,87.714,152.513,281.33,93.426,154.84,193.954,174.592,189.068,189.534,109.728,131.382,257.236
2004-07-27 19:00:00,168.94,208.567,122.893,1371.34,403.903,101.734,198.368,86.64,154.0,284.166,96.586,156.44,193.624,172.634,187.554,188.864,111.588,131.056,256.46
2004-07-27 19:05:00,169.654,207.133,123.633,1376.04,399.063,,197.83,86.78,152.923,282.646,94.506,154.72,194.73,173.048,188.128,190.306,110.316,131.016,256.614
2004-07-27 19:10:00,167.782,209.1,122.01,1367.32,401.413,,200.686,86.95,150.177,282.681,94.144,158.38,190.794,172.424,187.484,191.43,110.806,130.684,255.98
2004-07-27 19:15:00,169.954,206.4,123.09,1372.1,404.12,101.668,199.632,86.134,151.947,283.717,95.431,156.46,193.042,173.506,191.018,189.7,111.676,131.934,254.594
2004-07-27 19:20:00,168.082,207.433,122.41,1373.58,399.243,,198.358,85.798,151.383,279.536,96.898,158.56,192.678,171.578,190.588,189.616,111.318,131.736,258.396
2004-07-27 19:25:00,169.632,206.833,123.63,1387.5,402.14,,198.178,86.74,152.387,281.648,97.194,156.76,192.176,174.01,189.976,191.538,109.748,130.554,258.568
2004-07-27 19:30:00,169.702,205.8,124.667,1389.76,399.44,101.454,201.804,87.148,152.21,285.582,94.518,156.46,192.2,172.786,188.518,191.288,110.826,130.062,256.98
2004-07-27 19:35:00,169.374,208.733,122.293,1385.08,403.783,,201.172,86.546,152.394,283.062,95.942,155.94,193.574,172.54,190.888,191.71,111.83,131.322,257.906
2004-07-27 19:40:00,167.598,206.433,122.983,1396.14,402.707,,202.722,87.498,154.293,284.892,95.813,156.78,193.23,171.936,190.468,191.94,110.626,131.334,258.726
2004-07-27 19:45:00,168.992,207.767,123.423,1385.58,405.893,101.432,204.852,86.598,153.84,281.718,94.65,157.34,194.462,172.806,192.566,190.412,111.296,131.828,259.168
2004-07-27 19:50:00,171.1,210.3,123.597,1383.56,404.707,,204.152,87.718,153.35,286.067,96.074,156.02,193.416,171.958,189.11,190.008,110.772,131.442,257.008
2004-07-27 19:55:00,169.654,207.8,122.453,1386.3,407.977,,204.614,86.56,153.483,282.922,96.36,157.52,192.86,170.39,190.25,189.856,111.094,131.726,257.16
2004-07-27 20:00:00,170.01,207.367,125.373,1383.78,404.797,102.492,202.45,85.286,152.004,282.853,94.628,156.68,193.364,174.314,189.958,191.312,110.138,130.598,258.692
2004-07-27 20:05:00,170.644,208.967,125.387,1376.72,407.717,,203.276,86.922,153.743,286.175,94.532,156.04,191.212,172.316,189.512,189.792,109.992,130.744,257.016
2004-07-27 20:10:00,168.634,206.9,125.283,1374.78,409.567,,203.204,86.42,152.243,280.232,95.433,156.98,194.404,172.34,188.224,188.008,111.054,130.312,257.1
2004-07-27 20:15:00,169.992,207.867,123.487,1386.42,407.903,102.58,203.612,86.708,154.097,283.994,94.238,156.64,191.756,173.632,190.878,192.448,110.1,130.336,258.358
2004-07-27 20:20:00,170.25,208.1,126.41,1393.02,407.59,,203.152,85.482,151.354,282.403,95.963,155.54,194.552,171.946,190.714,189.102,109.448,131.642,257.262
2004-07-27 20:25:00,170.724,205.2,125.123,1395.1,406.957,,203.236,85.766,155.26,283.544,93.976,156.64,192.818,172.924,188.456,191.322,109.066,128.758,255.902
2004-07-27 20:30:00,171.99,207.167,122.983,1379.7,408.027,101.681,201.3,86.58,154.61,282.957,92.875,155.42,195.368,172.21,190.632,189.542,109.596,130.21,256.256
2004-07-27 20:35:00,168.984,209.033,121.503,1379.38,405.08,,200.44,86.358,152.64,285.168,94.085,155.28,194.912,173.444,189.228,191.042,110.364,131.716,258.278
2004-07-27 20:40:00,167.65,205.467,122.497,1385.62,407.64,,203.238,85.384,153.397,284.581,95.18,153.14,195.86,173.494,193.084,191.578,109.882,131.158,255.618
2004-07-27 20:45:00,168.704,206.333,125.267,1377.98,403.807,101.832,201.518,86.07,153.313,284.547,95.693,155.98,192.344,169.69,194.03,192.17,110.076,129.696,257.104
2004-07-27 20:50:00,168.798,209.4,125.007,1384.74,403.437,,202.57,87.74,148.663,287.553,94.529,155.48,194.862,173.56,191.278,192.822,109.936,131.932,255.816
2004-07-27 20:55:00,170.804,208.0,123.63,1386.64,407.42,,199.458,86.96,151.407,285.858,94.572,155.74,195.142,173.6,189.172,189.746,110.022,132.292,257.38
2004-07-27 21:00:00,169.674,205.5,124.513,1376.06,405.84,102.213,202.618,86.812,152.907,285.997,95.676,156.0,196.122,172.988,192.516,191.63,109.424,130.586,256.574
2004-07-27 21:05:00,169.286,209.7,126.593,1391.5,407.807,,201.23,85.646,154.647,284.786,97.074,155.2,196.904,171.37,188.604,192.198,109.984,130.314,257.91
2004-07-27 21:10:00,170.986,205.3,125.633,1394.42,406.697,,200.488,87.328,153.703,285.236,95.461,155.62,193.552,171.972,191.582,192.542,110.258,131.3,257.93
2004-07-27 21:15:00,171.108,207.633,122.947,1384.44,407.117,101.329,201.246,86.206,153.793,286.445,93.63,155.64,195.172,171.5,191.058,192.096,111.97,131.186,257.844
2004-07-27 21:20:00,,207.467,125.233,1384.88,407.873,,200.816,85.314,154.39,284.719,95.328,154.58,195.594,171.886,191.464,190.412,110.356,130.472,256.71
2004-07-27 21:25:00,170.988,206.867,124.65,1384.64,408.247,,201.25,84.992,152.93,286.168,95.335,156.7,197.466,173.334,190.552,191.728,109.104,131.098,257.972
2004-07-27 21:30:00,169.21,205.467,122.51,1379.68,404.687,101.71,201.614,86.336,153.33,283.544,95.101,156.4,194.858,174.588,190.686,190.634,109.636,130.902,257.952
2004-07-27 21:35:00,170.48,208.333,126.343,1380.48,407.533,,201.804,86.658,154.283,285.375,95.058,156.72,193.178,171.27,190.794,191.02,109.71,130.41,256.266
2004-07-27 21:40:00,171.282,208.033,124.417,1392.52,406.137,,199.85,84.904,153.37,287.343,94.039,157.6,193.598,173.012,192.336,190.554,112.068,130.946,258.15
2004-07-27 21:45:00,170.318,207.133,125.063,1374.48,402.29,102.512,203.372,86.13,152.997,285.341,94.778,155.82,195.206,171.65,190.15,193.184,109.388,130.8,256.832
2004-07-27 21:50:00,170.684,207.133,123.88,1383.28,405.747,,201.788,87.44,152.373,283.027,94.542,156.52,193.902,172.09,191.442,191.666,110.488,132.9,260.772
2004-07-27 21:55:00,170.402,208.767,124.807,1383.64,404.83,,203.924,86.812,152.867,284.755,95.63,156.44,192.712,172.788,190.91,190.506,110.6,132.484,257.478
2004-07-27 22:00:00,168.728,210.2,123.867,1383.42,404.903,102.809,205.23,87.386,151.923,286.899,94.489,156.74,194.828,173.488,190.51,190.962,110.362,130.542,258.404
2004-07-27 22:05:00,169.194,208.167,123.063,1385.5,405.307,,202.472,86.254,152.48,288.834,95.08,157.24,194.85,169.928,189.844,190.042,109.704,130.776,258.212
2004-07-27 22:10:00,169.926,206.033,125.5,1384.32,404.484,,202.384,85.61,153.457,287.14,96.236,156.02,194.386,172.918,193.12,191.478,109.142,131.076,257.734
2004-07-27 22:15:00,169.154,211.967,125.71,1388.8,404.757,102.133,200.388,86.534,154.57,286.902,96.466,157.16,192.806,171.002,190.812,191.78,109.314,130.514,259.196
2004-07-27 22:20:00,170.15,208.5,124.68,1383.46,405.483,,205.474,86.452,152.07,283.959,94.256,156.54,194.294,173.31,189.24,192.03,110.256,129.908,258.796
2004-07-27 22:25:00,170.458,206.033,124.787,1386.06,409.43,,201.504,86.012,154.653,282.225,95.034,156.22,192.634,175.152,192.07,190.79,110.178,131.716,258.278
2004-07-27 22:30:00,171.422,209.2,124.747,1383.08,407.82,101.223,201.938,85.866,151.907,285.448,95.036,157.98,192.11,174.122,192.552,191.746,109.662,131.496,258.686
2004-07-27 22:35:00,168.134,206.667,125.183,1387.5,406.03,,200.392,86.7,151.967,286.764,94.199,156.06,196.508,174.294,189.054,189.554,110.998,132.146,260.116
2004-07-27 22:40:00,170.676,207.533,125.807,1395.84,405.847,,200.248,85.792,152.8,283.44,95.943,155.3,194.208,172.526,191.748,190.458,110.52,132.194,260.486
2004-07-27 22:45:00,170.234,208.0,126.6,1392.0,402.917,102.685,203.396,86.284,149.187,284.616,96.672,156.4,193.774,170.534,191.352,189.934,109.662,132.862,258.786
2004-07-27 22:50:00,169.962,207.933,125.697,1392.62,404.073,,201.888,85.292,154.673,285.379,95.254,156.96,190.222,170.976,191.706,189.758,110.026,131.36,259.506
2004-07-27 22:55:00,171.518,209.833,125.847,1387.5,403.967,,203.448,87.362,153.487,286.557,94.845,158.72,192.436,172.754,191.348,191.788,109.1,131.756,260.7
2004-07-27 23:00:00,169.358,205.9,123.57,1397.5,403.0,103.007,202.042,86.192,152.3,282.675,96.183,155.84,193.06,170.42,190.172,191.036,109.97,132.638,259.58
2004-07-27 23:05:00,172.894,209.767,125.58,1393.04,406.927,,201.85,86.632,152.62,283.335,94.513,158.3,193.842,172.392,191.244,188.19,110.974,131.396,259.304
2004-07-27 23:10:00,169.464,208.033,125.193,1387.2,402.9,,200.862,86.302,152.017,284.166,95.581,156.78,192.594,170.962,189.914,191.578,110.862,131.966,259.466
2004-07-27 23:15:00,171.18,209.867,123.77,1389.04,405.143,102.557,204.736,86.1,152.22,282.326,95.677,157.02,191.402,173.828,188.586,191.852,110.026,133.136,260.628
2004-07-27 23:20:00,170.676,208.167,124.55,1395.94,404.007,,202.444,87.908,151.69,279.592,94.768,159.0,191.51,171.646,191.812,189.766,109.726,133.746,260.434
2004-07-27 23:25:00,170.772,209.6,124.16,1398.46,403.537,,200.766,85.244,153.887,280.281,95.865,155.4,191.988,169.436,190.27,190.156,111.106,131.462,260.146
2004-07-27 23:30:00,169.226,207.733,124.803,1390.02,403.343,102.804,201.334,86.534,152.377,284.026,95.105,156.88,192.612,168.934,188.61,190.368,110.846,132.266,259.214
2004-07-27 23:35:00,171.09,207.7,122.88,1388.8,404.74,,202.132,87.03,153.217,283.716,94.694,157.44,191.632,171.808,189.328,188.844,110.0,133.566,261.672
2004-07-27 23:40:00,171.176,207.6,126.877,1397.14,407.737,,204.534,86.016,150.407,281.22,94.82,155.64,190.894,172.744,189.948,189.596,110.642,130.974,258.922
2004-07-27 23:45:00,171.218,208.133,124.627,1401.62,405.967,102.532,203.18,86.048,154.777,281.529,95.268,156.34,193.9,,190.302,190.154,110.518,131.89,260.714
2004-07-27 23:50:00,169.94,207.533,123.047,1391.54,404.967,,202.338,87.052,152.683,281.426,97.971,155.18,191.5,171.855,189.378,190.892,109.692,132.022,261.36
2004-07-27 23:55:00,172.74,208.167,126.273,1396.28,401.12,,204.23,86.142,151.397,285.899,94.28,157.4,193.896,170.228,188.886,187.042,109.98,132.318,259.502
2004-07-28 00:00:00,170.008,207.8,125.607,1394.1,407.796,103.103,205.302,86.266,154.517,284.962,96.806,156.4,191.102,172.342,186.97,190.24,110.394,131.66,262.214
2004-07-28 00:05:00,170.494,207.567,123.273,1396.9,403.063,,201.984,87.774,154.093,277.883,95.943,157.82,193.712,170.52,189.398,191.716,110.836,132.612,259.704
2004-07-28 00:10:00,171.276,207.433,124.28,1400.48,407.257,,203.532,84.528,152.78,282.05,96.754,158.42,193.03,170.958,189.592,189.616,109.826,130.258,255.558
2004-07-28 00:15:00,169.932,207.4,124.96,1394.36,405.893,102.805,203.646,86.73,156.69,281.14,95.85,158.08,193.864,170.804,191.086,189.81,110.116,132.562,258.494
2004-07-28 00:20:00,171.08,209.433,125.983,1392.52,406.48,,204.14,86.986,153.297,281.973,96.066,157.1,194.104,171.104,188.222,189.308,109.994,131.982,259.274
2004-07-28 00:25:00,170.22,209.233,125.94,1392.34,407.413,,203.738,86.882,152.873,281.866,96.553,157.82,193.634,170.524,188.018,191.454,110.936,132.052,259.776
2004-07-28 00:30:00,171.038,208.233,126.167,1394.14,408.96,103.407,204.328,86.284,152.893,282.147,97.143,157.6,192.692,170.514,190.524,189.778,110.04,133.034,258.15
2004-07-28 00:35:00,170.8,209.4,125.943,1397.6,408.046,,205.344,87.308,154.68,282.077,95.438,158.06,192.874,171.244,189.824,190.75,109.48,133.266,256.83
2004-07-28 00:40:00,170.524,209.3,125.337,1390.66,406.41,,206.128,85.306,156.497,282.663,96.538,156.8,191.872,170.582,191.522,191.108,111.338,132.712,260.89
2004-07-28 00:45:00,171.436,207.967,124.293,1391.22,408.54,101.988,203.632,85.832,153.793,283.36,96.515,158.24,192.224,171.502,187.328,190.064,111.476,133.05,262.212
2004-07-28 00:50:00,169.838,207.1,126.74,1389.66,410.563,,206.454,86.682,154.957,279.979,95.853,156.34,194.168,171.4,190.716,189.164,110.794,134.01,261.424
2004-07-28 00:55:00,170.546,206.367,125.613,1391.66,410.014,,204.83,86.08,155.233,283.25,98.306,155.62,192.076,173.688,191.362,190.872,112.516,132.196,258.284
2004-07-28 01:00:00,170.744,205.533,124.35,1389.48,409.817,103.239,207.938,88.156,153.47,280.388,97.559,159.38,191.446,169.876,187.752,190.056,111.786,132.572,259.786
2004-07-28 01:05:00,169.91,209.9,127.03,1382.0,409.71,,207.926,85.592,155.39,282.344,98.361,158.38,193.064,170.442,188.75,190.582,110.524,133.114,260.33
2004-07-28 01:10:00,171.266,209.967,126.323,1392.54,414.157,,205.04,85.642,152.883,284.609,97.397,159.64,195.85,171.544,189.134,189.512,108.916,132.63,259.232
2004-07-28 01:15:00,170.428,206.7,124.803,1391.56,412.937,103.903,206.304,87.314,155.697,283.178,96.324,159.7,195.728,171.05,189.924,190.092,110.382,132.782,260.502
2004-07-28 01:20:00,172.5,207.9,126.593,1382.02,411.707,,208.474,85.978,153.54,280.872,98.435,159.14,194.26,169.944,191.246,190.956,108.91,134.336,260.238
2004-07-28 01:25:00,172.654,207.1,124.873,1389.78,412.827,,206.52,87.47,154.12,280.074,97.428,157.98,191.404,171.062,189.07,190.086,111.09,132.884,260.476
2004-07-28 01:30:00,169.846,207.5,125.67,1373.32,413.517,103.901,205.364,86.462,155.907,280.968,98.553,158.7,192.856,170.57,188.74,191.762,112.054,132.088,261.392
2004-07-28 01:35:00,170.166,207.3,125.033,1391.44,414.367,,206.16,85.32,155.18,283.378,96.927,158.18,194.06,171.322,191.184,190.11,110.812,133.632,260.008
2004-07-28 01:40:00,171.224,210.833,126.7,1384.48,415.557,,206.516,88.124,152.153,282.534,97.518,161.22,192.15,170.826,188.238,190.652,111.614,132.728,261.708
2004-07-28 01:45:00,171.844,208.2,126.433,1382.64,414.913,104.276,206.046,86.156,156.297,284.109,97.328,159.76,193.9,173.516,188.938,191.718,111.848,133.704,261.542
2004-07-28 01:50:00,171.776,206.7,126.59,1382.46,412.963,,206.636,86.28,156.247,282.71,98.277,160.52,193.422,169.5,189.28,189.752,111.22,131.934,261.144
2004-07-28 01:55:00,167.836,206.133,125.503,1375.0,414.147,,205.31,87.446,157.693,281.544,96.426,159.66,194.196,171.468,190.722,189.592,110.588,132.632,262.576
2004-07-28 02:00:00,170.16,205.9,129.803,1377.14,413.987,105.868,208.416,86.49,156.517,286.593,98.225,159.36,193.942,172.47,189.892,192.844,110.664,133.222,262.42
2004-07-28 02:05:00,170.668,209.433,125.587,1380.18,416.557,,206.274,86.26,156.32,285.962,98.24,160.18,191.77,170.93,189.372,189.178,109.558,133.336,261.888
2004-07-28 02:10:00,169.736,211.0,125.713,1375.4,416.22,,206.736,87.4,156.553,287.013,98.376,161.64,192.628,172.042,190.998,189.186,111.68,134.052,263.068
2004-07-28 02:15:00,169.856,209.833,126.423,1386.3,407.68,104.859,207.976,86.672,158.41,283.644,97.138,161.3,193.942,,193.204,192.136,111.41,133.746,261.94
2004-07-28 02:20:00,167.806,208.5,126.18,1381.96,414.787,,208.206,87.384,156.09,284.167,98.122,159.98,192.384,170.038,189.608,189.006,110.572,134.688,262.374
2004-07-28 02:25:00,169.318,209.5,125.317,1383.66,409.92,,206.338,85.848,155.7,285.572,97.473,158.42,192.788,171.158,192.916,189.268,111.478,133.79,262.836
2004-07-28 02:30:00,171.994,208.433,125.557,1383.5,409.84,105.281,208.924,87.372,157.717,282.482,97.107,159.6,192.69,172.07,191.904,189.934,112.08,133.374,264.268
2004-07-28 02:35:00,170.578,209.767,125.1,1375.04,410.197,,203.732,87.47,156.703,286.307,99.998,160.22,193.392,170.946,191.788,191.53,111.154,134.278,263.62
2004-07-28 02:40:00,171.92,209.033,127.21,1372.68,411.123,,206.402,86.306,159.196,286.448,97.986,160.94,192.316,170.548,191.26,191.172,110.64,132.112,264.034
2004-07-28 02:45:00,169.422,208.1,124.88,1373.42,411.353,104.648,204.534,87.734,158.247,286.551,96.191,160.7,194.0,171.132,192.654,188.9,110.258,133.862,264.308
2004-07-28 02:50:00,170.776,209.733,124.75,1374.46,409.623,,204.392,85.946,157.293,285.039,97.633,161.22,194.49,172.176,189.49,189.124,111.86,134.546,266.998
2004-07-28 02:55:00,170.95,208.767,125.58,1383.32,408.013,,204.55,85.952,157.07,287.5,97.677,159.54,193.748,170.604,192.592,191.736,111.622,133.384,263.492
2004-07-28 03:00:00,169.526,207.867,125.377,1381.24,407.913,105.07,204.432,87.312,160.39,283.247,98.602,160.12,193.624,173.406,194.682,190.466,110.262,134.614,261.546
2004-07-28 03:05:00,169.476,207.967,125.95,1377.96,411.4,,207.01,87.936,156.757,287.462,99.097,159.64,193.236,172.006,192.49,189.982,111.676,134.42,262.534
2004-07-28 03:10:00,170.778,207.833,125.01,1380.32,411.55,,205.536,88.584,156.977,288.131,98.688,159.88,192.056,169.122,193.244,191.332,110.306,134.832,263.976
2004-07-28 03:15:00,171.444,211.6,125.947,1383.5,409.563,104.991,207.446,88.324,157.373,288.167,99.059,162.02,192.854,171.134,191.496,188.748,111.568,134.57,263.432
2004-07-28 03:20:00,169.936,207.833,126.167,1380.52,413.26,,207.816,87.72,157.083,285.7,98.664,158.2,193.132,169.076,196.594,191.542,110.604,132.826,264.764
2004-07-28 03:25:00,167.872,209.167,125.04,1381.28,408.643,,206.074,87.47,157.147,287.286,97.309,159.9,193.574,170.852,192.726,191.508,110.974,134.36,264.49
2004-07-28 03:30:00,172.07,210.1,125.893,1386.38,404.94,105.597,205.27,87.596,157.737,286.261,98.174,160.4,192.634,172.854,191.202,192.632,110.486,132.888,264.368
2004-07-28 03:35:00,169.944,209.633,124.71,1380.88,410.07,,206.19,88.826,158.793,286.505,97.933,159.5,193.774,171.982,193.868,191.504,112.156,135.502,264.356
2004-07-28 03:40:00,172.06,211.1,128.45,1383.76,408.81,,207.804,87.992,157.557,284.777,97.983,160.46,193.862,173.614,194.106,190.436,112.136,132.446,265.43
2004-07-28 03:45:00,169.934,208.333,126.613,1368.12,408.91,106.046,207.39,87.792,157.903,284.842,96.916,159.16,192.404,171.486,192.08,188.45,110.394,134.498,260.974
2004-07-28 03:50:00,170.356,209.233,125.293,1359.96,410.61,,203.822,88.154,154.583,283.673,96.979,158.8,195.338,170.92,191.87,190.894,111.282,133.202,263.276
2004-07-28 03:55:00,172.074,210.3,126.253,1373.16,409.29,,204.898,87.978,156.243,283.707,98.709,158.78,192.902,169.544,192.616,191.624,110.494,133.182,263.914
2004-07-28 04:00:00,169.808,209.633,123.74,1366.28,411.777,104.504,207.696,87.798,155.073,283.142,97.74,158.96,194.848,171.596,195.698,192.052,111.016,133.19,259.642
2004-07-28 04:05:00,169.344,209.467,125.107,1362.84,411.77,,208.322,88.406,158.407,284.238,98.265,159.5,193.334,170.618,194.644,190.418,110.224,134.862,263.212
2004-07-28 04:10:00,168.748,211.9,124.93,1370.12,407.203,,206.982,87.246,157.043,283.915,98.303,159.86,193.094,171.738,193.778,189.99,111.252,133.172,262.534
2004-07-28 04:15:00,167.89,209.4,124.647,1367.82,411.483,104.075,207.184,88.0,154.803,286.815,98.154,156.96,191.606,169.928,194.316,193.282,110.448,133.796,262.58
2004-07-28 04:20:00,169.528,208.267,123.917,1364.04,405.187,,207.494,88.432,157.573,281.446,98.166,158.78,193.738,171.036,194.752,192.254,110.662,133.37,262.132
2004-07-28 04:25:00,168.4,208.733,124.123,1362.04,404.913,,206.138,87.7,155.827,284.234,98.983,158.68,192.396,173.396,194.976,191.706,111.156,134.994,261.832
2004-07-28 04:30:00,170.138,208.133,125.057,1363.0,407.8,104.828,205.09,86.73,157.907,285.153,97.003,158.78,194.124,172.47,192.218,191.296,111.832,134.3,264.562
2004-07-28 04:35:00,170.338,208.567,124.267,1369.2,407.197,,207.324,86.9,155.553,285.474,97.849,158.98,192.032,171.058,193.38,191.03,111.606,136.526,262.972
2004-07-28 04:40:00,169.17,208.567,125.32,1366.18,407.477,,205.918,86.974,155.667,283.319,98.751,159.74,194.836,171.284,192.866,192.194,111.124,135.098,266.462
2004-07-28 04:45:00,169.328,209.5,125.13,1364.98,407.01,105.38,206.638,86.638,156.31,283.666,96.977,157.76,192.308,172.046,193.028,192.156,111.366,134.646,263.226
