DATETIME,MXCO,ROME,AATB,LMKS,DRBS,MOSC,NEWK,KIEL,CALG,OULU,APTY,FSMT,INVK,NAIN,PWNK,THUL,SOPB,SOPO
2005-08-24 01:10:00,216.567,149.447,1404.12,439.05,,219.154,94.228,166.977,312.716,101.919,166.48,210.94,187.206,208.726,,120.248,152.254,295.206
2005-08-24 01:15:00,217.7,148.527,1411.58,438.763,109.232,219.122,94.778,165.72,312.844,102.424,167.02,207.532,185.826,207.178,,119.882,153.222,293.446
2005-08-24 01:20:00,219.4,149.76,1405.84,443.603,,217.356,95.254,166.343,314.079,102.876,170.66,207.558,187.78,207.192,,119.278,152.152,295.536
2005-08-24 01:25:00,215.533,149.597,1401.94,440.163,,219.306,94.006,165.31,312.649,101.018,165.1,209.722,185.686,207.156,,118.376,152.194,295.88
2005-08-24 01:30:00,218.133,150.85,1404.68,437.564,109.676,219.234,94.18,166.06,312.249,102.612,167.26,208.626,186.778,209.784,,120.25,152.06,295.606
2005-08-24 01:35:00,218.767,148.49,1402.48,440.733,,216.768,96.12,167.197,309.646,103.885,167.96,209.97,187.216,208.986,,119.732,153.038,296.128
2005-08-24 01:40:00,215.5,148.43,1409.32,438.863,,220.646,93.566,166.783,309.547,102.38,169.46,207.916,185.552,206.974,207.416,119.354,153.048,294.888
2005-08-24 01:45:00,216.4,149.06,1407.94,440.34,109.79,219.61,94.81,168.49,309.974,104.009,169.82,209.27,186.602,209.608,207.598,118.29,153.6,296.866
2005-08-24 01:50:00,215.933,152.43,1402.24,439.77,,219.31,94.616,165.597,312.378,104.116,168.88,210.148,185.638,206.824,209.702,118.65,152.59,295.71
2005-08-24 01:55:00,217.1,149.02,1402.84,439.187,,221.718,95.452,165.787,312.411,102.913,167.26,210.052,183.806,206.792,209.432,119.012,154.122,297.228
2005-08-24 02:00:00,216.233,149.41,1413.54,441.053,108.447,221.82,94.802,164.67,311.944,103.232,168.58,208.948,186.296,208.284,208.116,120.014,153.42,292.894
2005-08-24 02:05:00,217.033,149.52,1409.52,439.997,,221.142,94.412,165.767,310.908,103.516,168.68,211.876,186.17,206.186,207.584,118.148,153.36,294.412
2005-08-24 02:10:00,216.5,150.307,1401.38,439.783,,220.354,93.396,164.957,313.412,103.853,169.42,208.726,186.516,208.554,210.036,119.66,152.356,293.878
2005-08-24 02:15:00,217.8,151.357,1407.88,438.543,109.111,221.518,93.48,165.477,311.409,103.918,166.74,209.48,183.344,207.042,207.64,119.476,152.742,291.684
2005-08-24 02:20:00,221.0,151.24,1401.9,441.01,,219.216,93.91,166.136,311.704,103.994,170.84,209.11,186.56,207.608,207.018,119.096,152.562,295.696
2005-08-24 02:25:00,213.467,148.417,1408.44,445.627,,222.538,93.636,166.11,307.45,103.924,166.56,208.128,185.552,206.072,206.854,118.096,152.67,291.138
2005-08-24 02:30:00,217.067,151.677,1403.6,443.723,109.9,220.86,94.496,167.957,312.973,102.229,168.4,209.314,186.496,208.332,206.852,118.978,152.63,294.0
2005-08-24 02:35:00,218.1,150.153,1408.66,442.737,,220.684,94.46,166.61,311.201,103.369,167.36,210.808,186.132,209.314,209.672,119.88,151.644,294.37
2005-08-24 02:40:00,216.833,148.91,1401.46,442.647,,220.654,95.024,165.43,310.493,103.987,167.88,209.468,186.686,205.914,207.338,119.706,154.844,294.942
2005-08-24 02:45:00,216.867,150.607,1400.9,438.303,108.734,219.944,95.278,166.35,312.533,104.293,169.3,210.934,187.154,208.398,207.22,118.842,154.45,293.94
2005-08-24 02:50:00,215.033,148.213,1410.6,441.083,,220.034,93.632,167.337,315.501,102.195,169.06,206.916,186.6,208.056,208.834,119.8,153.926,296.186
2005-08-24 02:55:00,217.4,150.4,1412.66,439.013,,219.144,94.08,166.637,311.382,104.917,171.32,207.53,184.956,207.416,207.534,119.302,153.536,296.282
2005-08-24 03:00:00,216.3,150.303,1410.8,441.533,109.391,221.304,95.502,166.567,310.135,105.16,170.18,208.24,185.974,205.442,206.724,119.422,152.324,295.444
2005-08-24 03:05:00,219.867,149.827,1403.44,440.52,,222.678,93.964,168.17,311.04,103.025,169.6,207.81,186.08,206.266,206.682,119.584,151.702,296.162
2005-08-24 03:10:00,218.0,149.04,1405.14,440.263,,221.632,94.738,166.513,308.124,103.837,167.94,211.094,185.146,206.25,208.244,120.056,154.216,295.432
2005-08-24 03:15:00,219.7,148.29,1410.72,441.153,110.352,219.044,93.792,164.82,310.972,102.739,169.14,207.892,184.626,207.358,209.3,119.734,152.316,294.264
2005-08-24 03:20:00,216.9,149.763,1404.46,445.18,,220.858,94.632,164.853,310.235,103.415,167.66,210.24,186.366,206.032,206.798,119.868,152.726,293.018
2005-08-24 03:25:00,218.567,150.757,1399.98,442.403,,220.798,93.296,166.263,310.478,104.012,169.96,209.522,185.622,208.886,207.75,118.646,151.798,295.97
2005-08-24 03:30:00,217.1,147.47,1399.4,442.43,109.267,219.92,93.882,166.677,314.062,105.783,169.02,208.858,185.234,207.674,206.502,119.394,150.95,294.718
2005-08-24 03:35:00,219.167,148.203,1414.72,439.26,,223.082,94.498,165.673,309.674,105.104,168.22,209.814,184.406,208.098,207.454,118.8,152.478,294.606
2005-08-24 03:40:00,217.467,150.493,1412.7,444.73,,220.818,93.04,166.903,310.025,105.042,170.4,210.024,187.672,208.07,207.064,119.322,153.324,295.53
2005-08-24 03:45:00,217.467,150.027,1407.5,438.12,109.741,221.426,95.306,166.387,310.468,104.736,168.62,208.982,185.94,208.028,208.064,119.37,152.924,295.374
2005-08-24 03:50:00,215.833,149.617,1402.62,445.593,,218.926,94.02,166.15,308.095,104.776,166.86,207.992,184.174,205.194,205.376,118.906,152.33,294.426
2005-08-24 03:55:00,215.7,149.55,1399.88,443.307,,224.124,92.944,165.003,308.236,104.856,168.02,210.78,185.296,206.25,208.436,117.58,152.556,294.594
2005-08-24 04:00:00,213.867,151.047,1404.56,440.14,107.716,221.49,94.054,163.297,308.98,104.617,169.86,208.644,186.924,205.832,206.33,118.992,151.584,292.428
2005-08-24 04:05:00,216.3,150.69,1402.88,439.453,,222.454,93.384,166.167,310.514,103.23,167.84,206.622,187.838,207.086,206.308,119.822,152.758,292.112
2005-08-24 04:10:00,216.867,151.003,1400.46,440.563,,219.444,93.282,163.257,309.188,104.355,168.34,208.806,186.38,206.828,206.234,119.046,151.568,290.662
2005-08-24 04:15:00,213.333,149.303,1405.36,441.873,107.836,219.672,93.412,165.36,310.581,102.993,168.14,209.078,185.84,206.616,206.212,118.954,152.296,295.08
2005-08-24 04:20:00,216.133,149.103,1410.82,441.577,,221.686,92.316,163.737,307.67,104.636,169.9,208.986,186.878,208.384,206.502,119.498,152.952,295.79
2005-08-24 04:25:00,216.667,148.883,1402.74,442.193,,220.612,92.356,166.053,312.238,102.87,169.44,207.974,187.21,209.212,206.038,119.424,153.31,294.5
2005-08-24 04:30:00,217.967,149.693,1404.46,439.583,108.042,219.344,92.76,165.787,307.861,103.638,169.6,208.794,186.06,205.332,205.934,118.342,152.41,293.092
2005-08-24 04:35:00,214.967,149.577,1396.52,440.26,,219.626,93.55,166.373,311.235,102.684,170.08,208.274,187.572,206.49,206.022,119.214,150.678,293.554
2005-08-24 04:40:00,217.833,150.147,1405.28,444.553,,220.064,92.918,164.383,308.429,103.803,170.24,208.394,188.156,206.588,208.258,117.964,152.404,291.124
2005-08-24 04:45:00,214.8,150.493,1400.16,441.917,108.873,220.272,94.438,163.323,309.163,104.3,170.58,208.664,185.646,207.042,206.056,119.474,153.418,293.668
2005-08-24 04:50:00,211.2,148.68,1399.3,443.017,,222.5,94.088,164.06,310.375,103.749,170.68,211.24,185.582,207.51,204.752,119.182,151.388,293.954
2005-08-24 04:55:00,215.433,150.24,1403.5,440.827,,219.758,92.938,164.887,308.804,103.778,170.28,209.094,184.518,205.678,207.212,119.014,153.528,293.142
2005-08-24 05:00:00,215.833,150.06,1410.18,442.55,110.94,220.608,93.516,165.18,309.68,104.274,169.32,210.034,186.63,205.742,207.19,118.454,152.488,295.036
2005-08-24 05:05:00,214.7,151.593,1400.18,442.29,,220.324,93.432,168.467,311.849,103.277,168.98,208.56,186.852,205.71,207.614,120.104,152.604,293.552
2005-08-24 05:10:00,216.267,150.35,1407.14,443.19,,221.976,94.498,165.09,308.88,103.762,171.54,208.744,184.782,208.448,205.842,119.502,152.348,292.72
2005-08-24 05:15:00,213.567,150.317,1403.6,440.413,109.236,224.172,92.77,164.95,310.582,103.468,169.86,207.514,183.934,207.584,205.6,119.998,153.18,294.344
2005-08-24 05:20:00,213.867,148.23,1402.6,441.02,,221.272,93.366,168.28,311.022,104.26,167.62,209.648,186.338,206.424,206.398,120.072,151.244,295.412
2005-08-24 05:25:00,217.8,149.003,1402.9,444.687,,218.656,94.316,167.403,310.654,103.534,170.12,209.208,186.108,208.342,208.302,119.626,151.68,294.002
2005-08-24 05:30:00,216.867,150.003,1403.94,442.893,109.358,221.766,95.112,166.584,310.915,105.437,169.08,207.86,183.628,205.988,205.096,119.04,151.888,295.866
2005-08-24 05:35:00,214.567,150.457,1405.46,442.2,,220.51,95.106,168.754,311.188,104.352,169.58,207.966,184.894,206.744,206.678,119.252,152.072,293.658
2005-08-24 05:40:00,215.133,148.96,1406.08,436.793,,221.578,94.52,168.633,309.221,104.177,168.32,207.856,183.712,206.532,206.79,119.974,152.376,291.66
2005-08-24 05:45:00,217.467,150.543,1404.14,439.883,110.834,220.82,93.896,169.087,309.588,103.492,170.96,209.126,186.54,206.736,205.954,119.412,151.432,292.758
2005-08-24 05:50:00,213.633,148.92,1410.04,442.593,,221.868,95.076,167.277,310.388,104.77,169.32,209.548,186.474,209.66,205.142,119.318,152.774,293.904
2005-08-24 05:55:00,216.5,151.54,1407.3,440.993,,223.554,93.102,167.133,309.895,105.483,169.0,208.418,186.616,206.522,206.478,119.546,153.732,292.858
2005-08-24 06:00:00,215.467,150.93,1408.96,440.95,110.398,224.278,94.19,166.38,307.688,105.453,168.26,209.372,184.854,209.546,205.684,119.392,150.152,293.438
2005-08-24 06:05:00,216.367,149.01,1393.58,443.407,,221.45,93.546,167.233,311.088,105.1,168.44,209.002,184.726,207.644,207.086,119.236,151.756,291.274
2005-08-24 06:10:00,217.967,151.707,1397.26,444.153,,221.396,94.122,164.797,308.288,103.738,169.58,210.22,187.732,204.86,206.25,118.502,152.17,290.976
2005-08-24 06:15:00,219.033,149.757,1399.96,439.553,109.838,223.22,95.286,167.34,308.021,103.861,167.44,207.596,185.148,204.264,208.398,119.392,151.98,292.16
2005-08-24 06:20:00,216.667,148.717,1396.08,443.377,,220.736,95.352,165.933,310.7,103.338,166.02,206.654,186.298,204.598,206.366,118.04,153.004,295.184
2005-08-24 06:25:00,214.267,149.88,1401.4,440.7,,221.956,93.68,169.71,308.137,102.297,169.22,208.774,183.446,205.006,205.918,116.686,151.786,293.188
2005-08-24 06:30:00,215.9,150.233,1387.56,438.983,109.118,222.172,92.608,164.783,308.67,105.425,171.1,206.942,183.768,204.722,205.192,119.008,151.67,291.962
2005-08-24 06:35:00,214.167,150.993,1387.82,439.9,,221.974,92.436,165.563,307.788,104.303,168.68,207.43,184.746,205.774,206.212,116.43,151.788,291.084
2005-08-24 06:40:00,214.833,148.403,1394.48,440.947,,221.716,93.818,165.187,309.369,104.051,171.52,204.818,182.688,206.366,202.966,117.748,153.98,291.016
2005-08-24 06:45:00,215.033,151.503,1392.04,439.56,109.895,222.162,93.146,166.423,311.206,103.792,169.0,208.65,183.022,206.428,208.268,117.93,152.058,293.544
2005-08-24 06:50:00,213.733,150.527,1396.66,439.197,,222.308,93.332,167.707,309.803,103.1,168.9,205.474,186.126,206.01,206.318,118.664,151.754,292.304
2005-08-24 06:55:00,215.567,149.043,1399.42,439.42,,221.802,92.758,167.077,308.005,105.934,168.28,208.306,182.474,205.746,208.734,117.052,152.83,292.038
2005-08-24 07:00:00,217.467,149.38,1402.82,438.547,110.045,220.514,93.894,167.87,309.975,105.44,167.66,207.694,183.716,208.264,207.14,117.64,151.176,292.736
2005-08-24 07:05:00,214.933,148.047,1400.94,442.077,,222.084,93.304,168.343,305.195,105.995,168.6,205.38,183.904,207.536,204.962,118.754,152.116,291.686
2005-08-24 07:10:00,217.5,152.36,1400.14,441.113,,222.55,93.116,169.26,308.495,103.752,168.12,208.386,182.24,205.652,203.776,116.754,151.57,290.526
2005-08-24 07:15:00,215.633,150.147,1400.48,441.047,110.059,220.868,93.602,167.457,308.604,103.945,169.1,203.936,186.562,205.404,202.214,116.946,152.272,294.144
2005-08-24 07:20:00,216.2,149.4,1406.14,439.397,,221.028,93.394,165.5,303.177,104.223,170.5,205.406,182.382,203.664,203.834,118.544,150.99,293.752
2005-08-24 07:25:00,215.6,150.5,1397.72,441.184,,222.796,93.79,168.043,304.862,103.754,168.24,205.44,183.906,204.328,205.444,116.344,150.278,294.04
2005-08-24 07:30:00,216.033,150.427,1409.76,441.267,109.795,222.464,92.678,166.417,305.693,103.856,169.58,204.552,183.642,204.04,205.736,117.586,150.162,293.55
2005-08-24 07:35:00,215.233,148.273,1402.78,441.767,,221.628,93.842,166.317,305.541,104.694,168.96,203.17,181.97,204.942,203.408,116.958,152.276,294.634
2005-08-24 07:40:00,214.433,150.023,1401.66,441.427,,220.678,93.674,167.22,303.954,104.095,169.56,205.12,181.708,203.53,205.504,117.176,150.992,292.584
2005-08-24 07:45:00,214.567,150.067,1397.46,436.47,110.275,219.174,92.644,167.233,304.872,103.502,168.82,206.86,183.836,200.356,200.55,117.06,151.03,292.002
2005-08-24 07:50:00,214.533,146.93,1397.56,442.82,,223.05,91.75,166.19,302.613,105.056,170.38,204.146,181.184,201.83,201.604,117.632,150.934,290.178
2005-08-24 07:55:00,217.267,148.917,1403.1,435.983,,220.72,91.434,166.617,302.844,104.647,170.78,201.068,181.57,202.084,201.176,117.386,149.902,289.654
2005-08-24 08:00:00,213.4,148.36,1395.02,438.313,108.916,221.018,92.482,166.817,299.8,104.732,169.74,203.802,182.606,203.828,201.326,116.586,151.428,289.206
2005-08-24 08:05:00,213.567,150.593,1388.88,438.22,,222.14,91.332,166.263,299.734,103.905,168.5,202.062,182.24,201.128,200.788,117.014,148.864,289.976
2005-08-24 08:10:00,213.667,148.383,1403.6,435.73,,220.728,92.29,166.613,302.178,105.054,168.04,202.984,178.104,203.012,199.778,116.774,149.948,289.632
2005-08-24 08:15:00,215.0,148.553,1393.9,440.293,110.899,219.06,93.326,166.253,303.821,103.955,169.58,201.886,181.494,205.654,201.394,118.314,149.48,291.564
2005-08-24 08:20:00,214.933,148.677,1411.54,440.227,,219.676,92.914,166.24,303.555,104.561,168.52,202.314,182.156,206.716,200.926,118.362,150.172,290.686
2005-08-24 08:25:00,213.367,146.887,1393.88,436.7,,222.004,92.398,167.63,299.163,104.098,168.82,203.374,179.814,203.666,200.406,117.77,149.062,289.972
2005-08-24 08:30:00,214.833,147.74,1399.08,434.673,109.516,220.282,92.298,163.83,299.306,104.418,167.72,202.058,182.924,202.428,199.608,116.836,149.984,291.27
2005-08-24 08:35:00,213.433,149.903,1397.42,435.93,,222.06,92.256,165.506,298.513,105.583,167.8,202.3,183.288,206.844,196.392,116.98,150.69,292.04
2005-08-24 08:40:00,214.567,148.18,1389.74,435.187,,217.436,91.702,168.557,299.657,104.15,170.0,203.036,182.31,207.206,201.822,117.346,150.39,292.23
2005-08-24 08:45:00,214.433,149.413,1396.18,435.85,109.31,219.736,92.124,167.927,299.074,102.186,170.1,201.986,183.014,203.872,201.392,117.374,148.788,289.128
2005-08-24 08:50:00,214.233,148.767,1398.36,436.29,,218.032,91.2,165.36,298.709,104.323,168.66,203.364,182.664,205.808,201.498,118.392,148.546,291.048
2005-08-24 08:55:00,212.767,148.683,1391.64,434.56,,217.002,92.274,168.897,298.442,103.168,168.46,202.236,181.13,202.184,200.514,117.37,149.39,288.512
2005-08-24 09:00:00,214.5,149.357,1387.52,434.093,108.632,220.794,93.314,166.663,299.937,106.216,167.44,201.506,180.582,200.288,200.704,117.102,149.35,287.634
2005-08-24 09:05:00,214.567,148.35,1372.14,432.087,,218.924,91.584,166.11,294.707,103.702,169.98,197.654,178.52,200.472,198.59,116.268,150.384,287.998
2005-08-24 09:10:00,213.733,149.12,1375.6,437.126,,217.26,90.73,167.193,291.173,103.132,166.38,197.448,177.7,197.67,196.38,113.53,146.018,283.656
2005-08-24 09:15:00,210.533,147.937,1378.18,435.99,109.297,218.166,91.244,163.737,290.629,101.98,165.7,197.238,175.438,199.0,197.352,113.12,144.732,283.278
2005-08-24 09:20:00,210.933,148.543,1380.86,435.717,,216.94,92.112,165.923,289.257,101.584,164.02,198.54,175.138,198.278,197.092,111.362,145.016,284.508
2005-08-24 09:25:00,212.233,145.71,1372.52,432.757,,216.08,92.898,165.3,292.476,99.334,166.08,196.808,175.326,199.29,197.452,112.988,146.522,284.84
2005-08-24 09:30:00,211.933,147.823,1378.3,428.277,107.349,216.114,91.724,162.147,293.996,101.724,165.78,196.546,175.222,197.502,197.206,113.742,148.932,286.858
2005-08-24 09:35:00,210.567,148.067,1387.46,434.377,,218.168,93.114,163.343,295.272,103.058,163.74,197.948,175.972,201.112,198.224,114.156,147.76,289.392
2005-08-24 09:40:00,211.567,147.3,1380.18,435.66,,216.646,92.386,164.693,297.975,99.784,164.86,197.284,176.506,200.548,197.53,115.658,148.016,288.84
2005-08-24 09:45:00,215.133,150.933,1384.6,436.84,108.278,217.52,92.334,162.62,297.794,101.717,166.04,200.328,177.482,200.668,199.904,115.692,148.508,287.028
2005-08-24 09:50:00,217.933,145.443,1381.52,436.973,,213.462,92.52,162.423,297.679,102.121,165.84,199.198,175.842,200.088,199.632,115.138,149.36,288.118
2005-08-24 09:55:00,214.633,145.5,1382.48,432.133,,213.004,93.032,165.253,300.853,100.504,165.46,201.316,178.344,201.884,200.712,115.498,148.136,286.71
2005-08-24 10:00:00,212.5,144.65,1382.74,431.72,107.877,214.43,92.822,162.883,300.209,102.694,166.26,200.778,178.08,205.324,199.336,114.502,147.37,284.084
2005-08-24 10:05:00,216.7,147.363,1388.38,430.597,,211.314,91.976,162.047,298.96,101.524,166.6,200.866,178.768,199.424,202.568,115.32,148.88,286.26
2005-08-24 10:10:00,215.033,147.47,1391.74,433.443,,214.33,92.18,160.23,297.878,101.902,164.06,201.336,180.594,202.058,202.178,117.534,149.752,287.664
2005-08-24 10:15:00,213.433,149.36,1391.84,435.04,107.379,212.908,93.404,160.51,298.808,99.206,162.54,203.98,178.382,203.08,202.07,116.368,148.574,285.884
2005-08-24 10:20:00,213.633,148.82,1392.1,439.423,,212.674,92.442,160.06,296.849,97.717,163.0,202.616,177.446,200.504,201.284,117.474,146.274,286.43
2005-08-24 10:25:00,213.667,147.277,1404.52,439.0,,210.784,91.848,161.19,294.774,98.408,162.3,199.208,177.9,196.896,201.934,115.722,147.142,284.054
2005-08-24 10:30:00,211.967,150.563,1407.34,438.953,107.573,212.936,92.56,161.14,297.396,98.588,161.18,199.534,178.492,199.128,196.68,114.044,145.504,280.534
2005-08-24 10:35:00,214.1,150.91,1414.64,440.236,,213.872,89.842,160.557,296.933,97.024,160.46,200.24,176.586,199.442,201.014,115.362,146.042,281.002
2005-08-24 10:40:00,209.3,149.643,1420.22,440.717,,213.358,91.334,163.25,293.232,99.241,162.74,199.33,174.928,198.734,200.22,113.558,144.966,279.526
2005-08-24 10:45:00,212.5,151.67,1419.74,443.727,108.474,214.274,91.194,160.233,294.41,99.316,161.36,200.092,176.53,199.588,197.024,112.444,144.014,278.834
2005-08-24 10:50:00,213.8,152.697,1414.58,447.16,,216.14,90.11,160.29,292.936,100.038,162.24,199.01,175.718,199.84,196.254,112.952,143.81,278.608
2005-08-24 10:55:00,213.4,151.23,1428.84,447.89,,217.84,91.71,161.797,291.446,100.789,161.78,197.506,175.642,198.932,200.562,113.046,143.292,280.89
2005-08-24 11:00:00,212.433,151.587,1416.2,449.293,110.272,216.644,91.492,162.933,293.882,101.729,162.38,197.264,175.446,196.982,198.188,112.492,143.892,277.75
2005-08-24 11:05:00,210.2,151.447,1414.64,447.737,,216.32,89.184,162.916,293.617,100.789,161.16,198.558,174.646,197.738,197.692,112.372,144.618,279.32
2005-08-24 11:10:00,211.633,151.073,1416.38,446.71,,214.134,91.388,161.467,291.1,100.493,163.34,198.64,174.396,197.576,197.774,112.984,143.036,278.806
2005-08-24 11:15:00,214.6,150.373,1411.6,443.89,108.956,215.542,90.594,161.397,291.251,99.127,161.04,199.136,176.262,197.652,196.85,112.852,141.73,276.186
2005-08-24 11:20:00,214.533,150.537,1412.28,443.793,,214.254,90.818,162.033,292.226,98.673,161.94,196.268,173.86,197.638,198.538,114.29,143.954,276.54
2005-08-24 11:25:00,212.533,150.21,1417.08,440.297,,215.006,92.314,160.263,288.384,101.083,161.18,197.242,176.504,201.088,197.52,112.94,142.676,279.084
2005-08-24 11:30:00,214.2,148.443,1408.04,439.124,109.05,212.84,90.21,164.263,290.238,99.061,160.88,198.452,176.022,197.28,198.206,114.896,143.276,277.608
2005-08-24 11:35:00,213.967,149.417,1400.02,435.203,,211.618,91.034,162.133,289.788,101.211,160.56,199.008,175.474,200.164,197.714,114.638,142.862,277.462
2005-08-24 11:40:00,211.867,148.503,1395.92,433.307,,212.748,90.242,160.25,288.296,98.41,162.56,198.126,174.62,200.526,197.866,113.672,142.18,277.584
2005-08-24 11:45:00,213.1,147.03,1386.2,435.393,106.716,211.474,91.278,159.74,292.77,98.495,162.02,198.16,175.676,199.22,197.86,114.658,142.628,278.054
2005-08-24 11:50:00,210.267,147.31,1387.82,433.453,,213.598,90.096,159.593,294.196,101.074,163.94,197.77,174.432,199.794,199.9,114.596,141.974,277.37
2005-08-24 11:55:00,213.333,148.927,1389.14,432.71,,212.108,90.49,160.72,289.94,100.516,160.34,196.804,175.34,198.774,195.482,114.732,142.912,275.432
2005-08-24 12:00:00,211.033,147.867,1389.42,433.08,106.848,212.29,89.958,162.967,290.423,99.894,161.96,197.072,174.632,198.2,198.776,113.482,143.798,277.612
2005-08-24 12:05:00,213.7,147.783,1394.84,435.48,,211.812,90.842,160.663,289.973,99.924,163.88,198.152,177.7,198.594,198.23,113.484,144.356,277.482
2005-08-24 12:10:00,210.667,148.67,1398.18,433.787,,214.96,91.128,159.247,292.921,100.529,162.8,197.43,175.91,199.3,197.722,115.148,143.516,278.49
2005-08-24 12:15:00,213.2,147.237,1397.0,436.293,107.497,213.316,92.58,161.297,292.424,100.651,161.54,199.756,175.356,197.874,199.166,113.29,143.866,279.6
2005-08-24 12:20:00,214.6,149.303,1399.74,432.44,,212.404,90.45,160.18,290.901,100.619,162.0,199.92,175.212,199.888,200.578,112.53,143.884,280.408
2005-08-24 12:25:00,213.2,148.827,1402.08,436.103,,213.522,92.416,162.46,295.77,99.962,163.02,197.638,177.014,200.24,200.49,114.356,144.286,280.386
2005-08-24 12:30:00,213.567,150.1,1404.8,436.897,107.575,212.89,91.946,160.737,292.359,100.14,161.7,199.124,177.892,199.606,200.228,113.716,147.498,281.888
2005-08-24 12:35:00,211.533,150.017,1408.52,434.653,,215.206,92.81,160.613,295.122,99.154,160.12,200.428,177.698,200.252,199.26,113.01,144.132,278.254
2005-08-24 12:40:00,216.233,151.11,1407.18,437.84,,209.574,91.576,160.317,298.007,100.051,159.96,198.634,177.472,197.442,198.98,113.224,145.284,283.664
2005-08-24 12:45:00,218.067,149.45,1408.7,439.257,107.843,213.732,91.814,162.573,296.252,97.983,161.4,200.432,175.56,201.5,199.05,113.238,146.096,283.09
2005-08-24 12:50:00,215.567,149.25,1407.02,442.317,,213.206,92.898,161.177,294.179,99.052,160.88,199.678,177.288,198.696,198.88,114.314,144.994,281.35
2005-08-24 12:55:00,212.633,149.17,1403.94,437.033,,212.098,90.77,162.56,293.3,99.92,164.3,201.424,176.86,199.822,199.918,113.502,146.884,283.868
2005-08-24 13:00:00,214.867,150.973,1409.06,438.243,109.008,211.74,91.004,163.267,295.472,100.14,163.8,201.064,179.336,198.41,198.922,113.93,144.802,281.466
2005-08-24 13:05:00,215.233,150.11,1413.76,437.69,,215.52,90.162,162.183,294.377,100.112,163.14,201.03,178.042,202.026,198.778,113.262,145.11,279.558
2005-08-24 13:10:00,214.133,147.8,1412.68,439.103,,214.21,91.726,163.16,294.378,100.788,161.32,200.412,177.962,199.864,199.37,113.402,144.618,282.426
2005-08-24 13:15:00,213.633,149.753,1407.14,441.963,108.337,213.928,91.852,165.037,294.293,98.246,161.02,199.95,174.946,200.55,201.552,113.73,145.18,278.184
2005-08-24 13:20:00,214.867,149.003,1402.12,437.857,,211.362,92.026,161.277,292.582,99.658,160.46,198.73,178.092,198.506,201.224,113.494,145.18,281.804
2005-08-24 13:25:00,212.867,150.997,1398.38,437.177,,212.988,91.4,161.15,293.563,100.226,160.9,199.362,173.576,199.43,201.312,113.062,144.924,281.738
2005-08-24 13:30:00,212.233,147.927,1389.5,432.663,107.629,210.984,92.388,162.457,292.135,98.873,161.38,198.614,173.05,201.412,199.742,113.326,143.486,279.316
2005-08-24 13:35:00,213.167,147.74,1394.1,434.64,,210.52,91.27,161.484,291.832,100.778,159.94,198.35,176.622,200.354,200.512,114.682,144.402,281.09
2005-08-24 13:40:00,212.8,148.953,1393.3,430.37,,212.07,92.296,161.783,294.823,99.872,162.12,197.33,175.366,198.004,198.652,113.748,145.574,280.306
2005-08-24 13:45:00,213.6,147.83,1386.86,434.833,106.947,215.228,91.368,159.337,294.872,99.933,162.4,200.42,175.278,198.806,200.446,112.406,145.502,280.398
2005-08-24 13:50:00,211.6,147.653,1395.8,431.147,,212.96,89.914,160.983,290.194,99.257,161.72,199.352,176.498,201.744,198.902,113.752,143.632,281.03
2005-08-24 13:55:00,212.2,150.343,1393.28,433.956,,209.842,91.058,161.733,291.925,98.427,161.68,199.872,173.866,199.574,197.502,114.01,143.05,281.842
2005-08-24 14:00:00,213.867,148.773,1394.76,434.867,107.925,212.59,89.834,163.314,291.226,100.33,162.0,197.778,174.412,198.676,197.814,113.132,144.012,278.756
2005-08-24 14:05:00,212.367,149.18,1385.44,429.817,,209.694,90.86,159.684,289.784,99.655,159.8,198.262,174.182,196.014,197.784,111.766,146.392,283.944
2005-08-24 14:10:00,213.267,149.087,1383.86,434.263,,212.518,91.664,159.437,289.35,100.039,161.18,197.372,173.816,199.13,196.826,113.558,143.942,279.3
2005-08-24 14:15:00,215.3,147.177,1381.38,431.133,107.039,211.446,92.22,161.83,292.165,97.755,159.5,196.916,174.166,197.43,198.684,113.188,143.25,278.74
2005-08-24 14:20:00,212.767,148.743,1382.68,429.41,,210.664,90.84,162.763,292.544,99.982,159.82,196.226,174.788,195.97,198.97,112.43,143.414,275.862
2005-08-24 14:25:00,211.8,148.317,1383.24,429.79,,211.344,90.374,160.134,290.509,99.182,160.02,199.5,174.338,197.124,197.152,112.51,144.624,280.464
2005-08-24 14:30:00,212.4,146.273,1376.32,431.553,107.59,212.684,90.654,158.66,293.526,100.399,160.18,198.348,176.742,200.356,197.614,112.436,143.662,278.926
2005-08-24 14:35:00,212.767,147.137,1382.1,431.817,,210.398,91.896,159.757,290.842,98.339,160.06,197.218,176.054,195.358,199.416,112.528,144.244,277.988
2005-08-24 14:40:00,212.333,147.977,1386.86,430.59,,210.644,93.516,156.2,296.318,98.527,159.4,199.374,174.138,196.992,197.348,111.84,144.084,278.362
2005-08-24 14:45:00,210.033,148.737,1383.74,429.71,106.589,211.604,92.114,158.63,292.544,97.886,159.94,198.764,177.056,200.56,198.048,111.07,143.412,277.634
2005-08-24 14:50:00,210.8,147.113,1387.18,426.357,,211.56,92.62,160.177,294.6,97.426,161.86,198.692,175.696,200.754,197.834,113.628,144.926,279.452
2005-08-24 14:55:00,212.9,150.96,1384.48,431.017,,210.01,91.97,161.697,291.89,98.082,157.98,197.058,176.046,197.616,197.21,112.254,142.376,279.184
2005-08-24 15:00:00,214.5,149.34,1397.64,426.8,106.622,211.414,89.962,160.37,292.878,100.065,158.8,196.574,176.582,197.19,196.048,112.244,142.14,279.806
2005-08-24 15:05:00,210.633,147.413,1378.84,429.573,,209.974,90.836,159.307,292.244,97.001,158.42,194.96,172.51,198.832,198.17,112.512,144.708,276.336
2005-08-24 15:10:00,215.933,147.04,1394.78,430.163,,208.998,90.282,158.51,290.185,97.619,158.22,195.134,173.778,197.652,194.922,111.586,143.674,277.538
2005-08-24 15:15:00,212.1,147.273,1390.92,427.037,107.507,208.806,91.248,160.43,287.303,98.015,160.22,196.158,176.166,195.54,197.83,112.872,143.472,278.1
2005-08-24 15:20:00,211.467,147.633,1380.94,427.623,,206.836,90.61,159.363,289.361,98.143,159.66,196.02,176.724,197.62,195.766,112.744,144.26,278.88
2005-08-24 15:25:00,210.267,145.683,1378.4,429.913,,210.612,91.376,158.927,287.337,97.202,159.84,197.4,173.612,196.926,195.862,112.154,142.322,277.866
2005-08-24 15:30:00,211.4,145.98,1381.34,426.11,107.537,209.238,91.9,159.327,287.861,98.058,160.26,196.12,171.966,197.07,198.138,112.196,142.6,274.816
2005-08-24 15:35:00,210.667,147.067,1375.62,425.173,,209.884,91.216,158.003,286.435,99.367,158.12,196.364,173.24,197.224,196.55,112.206,142.682,277.118
2005-08-24 15:40:00,212.2,147.223,1362.54,427.013,,209.03,90.374,159.43,288.983,98.709,157.3,195.886,173.636,196.556,197.438,112.062,141.368,277.976
2005-08-24 15:45:00,212.1,148.097,1371.18,429.924,107.312,208.248,91.51,158.667,288.157,96.884,159.12,194.644,171.458,196.266,197.504,113.17,141.614,275.412
2005-08-24 15:50:00,211.7,147.877,1366.48,427.963,,208.318,90.746,157.83,286.92,97.828,159.3,196.816,174.31,197.802,195.594,113.0,141.578,275.416
2005-08-24 15:55:00,210.967,145.41,1357.08,427.877,,210.046,89.712,158.467,288.669,98.845,158.4,194.942,174.664,196.962,196.748,112.894,143.172,278.824
2005-08-24 16:00:00,211.7,147.56,1368.08,429.403,106.475,210.778,92.68,158.167,288.669,98.719,158.06,196.084,172.512,196.628,197.458,111.986,144.104,275.91
2005-08-24 16:05:00,211.233,147.84,1369.4,429.013,,212.594,91.038,159.11,288.736,99.241,159.92,195.05,172.24,198.504,198.74,112.04,142.692,279.294
2005-08-24 16:10:00,211.367,148.077,1357.02,426.287,,211.782,91.644,160.433,288.109,99.964,161.02,196.03,173.954,197.418,195.712,113.368,141.444,276.408
2005-08-24 16:15:00,210.633,146.14,1353.38,427.083,106.699,209.292,91.858,160.197,287.54,99.626,160.6,193.922,172.706,197.964,195.22,111.586,141.324,276.302
2005-08-24 16:20:00,210.267,146.517,1342.3,425.48,,209.642,89.172,158.4,285.867,97.395,160.3,195.282,171.646,195.862,195.894,111.228,139.88,275.342
2005-08-24 16:25:00,212.133,145.6,1344.64,425.267,,210.486,90.568,158.653,285.364,98.179,158.5,196.838,174.618,196.512,196.686,113.16,140.44,273.396
2005-08-24 16:30:00,213.167,147.387,1337.0,425.587,105.873,206.842,90.482,159.887,287.407,98.631,158.26,195.482,173.428,197.584,197.316,111.756,139.542,273.704
2005-08-24 16:35:00,211.467,147.43,1343.72,424.47,,208.37,90.14,160.543,289.75,98.292,158.12,193.952,171.042,195.942,194.79,113.028,142.34,274.352
2005-08-24 16:40:00,212.233,146.037,1338.62,428.247,,206.964,90.378,158.293,288.186,97.191,160.5,196.09,173.202,195.366,196.792,110.788,141.398,272.658
2005-08-24 16:45:00,209.833,147.727,1339.48,423.043,106.374,209.584,91.108,158.363,286.109,97.83,157.36,194.784,172.096,195.51,195.14,111.738,139.852,275.064
2005-08-24 16:50:00,210.267,144.813,1345.96,423.4,,209.29,90.82,159.257,286.913,97.516,159.36,195.376,173.33,196.004,196.002,111.612,140.856,276.198
2005-08-24 16:55:00,209.167,145.287,1347.1,421.137,,207.854,91.27,155.803,287.382,96.72,159.7,195.87,172.814,196.5,195.158,112.124,141.324,276.828
2005-08-24 17:00:00,207.233,146.553,1343.52,426.25,105.859,208.304,89.542,157.64,283.93,98.754,158.58,196.04,170.866,196.564,195.262,112.334,140.678,272.976
2005-08-24 17:05:00,209.167,145.58,1359.52,421.784,,209.206,89.784,157.637,285.338,97.55,159.86,196.964,171.786,195.36,197.4,110.696,140.172,275.386
2005-08-24 17:10:00,207.7,143.197,1348.58,422.573,,210.576,90.358,159.683,286.543,95.624,158.36,193.582,172.872,194.958,194.762,111.882,141.246,274.476
2005-08-24 17:15:00,210.167,145.883,1335.88,423.38,104.62,206.05,90.104,157.017,287.793,96.959,159.3,195.578,172.406,194.05,195.28,110.684,141.568,272.722
2005-08-24 17:20:00,210.067,145.877,1363.56,424.083,,210.084,91.396,158.317,285.573,96.555,158.2,193.282,172.066,198.184,194.842,111.438,140.052,274.32
2005-08-24 17:25:00,211.1,146.22,1348.74,419.537,,208.676,90.98,157.42,287.013,98.258,157.48,195.764,172.05,197.904,195.88,110.696,140.336,271.58
2005-08-24 17:30:00,210.4,145.313,1357.76,420.88,105.646,209.638,90.644,158.58,287.808,97.077,157.52,194.562,172.042,196.136,194.888,110.212,139.11,274.466
2005-08-24 17:35:00,209.333,148.803,1353.22,423.69,,208.998,90.774,156.613,285.17,99.276,159.02,196.29,172.686,195.44,196.218,111.314,140.394,273.442
2005-08-24 17:40:00,210.7,145.03,1356.14,419.927,,208.926,89.876,157.057,287.506,97.824,159.28,195.462,174.094,195.16,195.514,110.734,139.608,273.856
2005-08-24 17:45:00,211.0,144.99,1350.12,425.263,105.573,209.446,90.518,158.413,287.306,96.91,159.08,193.316,174.334,195.37,193.954,112.24,138.79,273.284
2005-08-24 17:50:00,210.367,148.29,1353.32,426.267,,208.168,89.546,157.246,286.511,97.293,159.6,197.036,171.52,196.928,195.042,112.576,140.458,274.914
2005-08-24 17:55:00,210.967,145.97,1352.94,424.733,,206.984,92.662,159.263,288.923,97.307,159.76,196.654,172.89,197.246,195.182,111.748,139.048,270.514
2005-08-24 18:00:00,209.0,145.403,1348.64,425.637,105.925,208.828,91.996,157.807,285.847,97.227,158.68,194.82,173.522,196.814,196.442,111.454,140.388,271.88
2005-08-24 18:05:00,210.4,146.467,1367.46,422.59,,209.156,90.702,158.307,287.449,97.619,160.04,194.876,173.056,195.524,196.842,110.716,139.154,268.572
2005-08-24 18:10:00,212.9,145.337,1340.18,421.426,,208.576,91.286,158.557,287.986,98.013,159.28,194.332,172.328,198.406,196.422,111.8,138.344,271.314
2005-08-24 18:15:00,211.567,148.227,1347.16,422.823,105.893,205.696,90.188,157.71,284.634,97.21,160.34,195.806,170.356,198.724,193.676,112.468,138.2,271.42
2005-08-24 18:20:00,211.367,146.66,1351.74,424.15,,207.822,90.238,157.47,285.244,97.673,157.82,194.382,173.174,197.714,194.488,111.72,140.088,272.096
2005-08-24 18:25:00,214.2,147.123,1338.88,419.917,,209.56,92.2,159.83,287.399,98.124,159.46,194.206,172.344,198.806,195.404,111.3,138.974,271.826
2005-08-24 18:30:00,211.967,145.58,1359.94,423.247,105.605,210.388,91.13,158.72,286.694,98.898,158.9,191.992,172.972,198.382,195.198,111.686,137.914,270.14
2005-08-24 18:35:00,212.5,145.837,1337.32,424.06,,207.666,91.6,155.993,286.325,98.727,157.68,195.98,171.068,196.804,194.744,111.738,139.166,271.264
2005-08-24 18:40:00,210.867,148.197,1345.28,429.043,,207.404,90.228,158.773,285.56,98.521,159.7,193.2,172.716,197.6,195.208,112.19,140.28,271.886
2005-08-24 18:45:00,212.267,146.37,1351.64,423.607,106.193,208.776,90.672,158.437,290.688,98.868,158.92,196.916,170.24,198.922,196.912,111.562,141.626,272.18
2005-08-24 18:50:00,210.8,146.497,1347.84,424.55,,207.936,91.05,158.18,289.782,98.475,159.9,196.196,174.278,198.516,198.63,111.604,142.284,273.424
2005-08-24 18:55:00,212.8,145.617,1345.56,417.833,,204.116,92.612,159.18,289.044,98.183,160.88,196.652,174.77,199.024,199.674,111.796,142.898,277.924
2005-08-24 19:00:00,213.267,145.017,1348.26,420.277,106.528,207.924,91.71,157.693,287.7,97.693,158.3,194.638,172.748,200.802,197.016,112.314,143.108,277.47
2005-08-24 19:05:00,212.4,146.257,1336.6,421.06,,207.144,90.714,161.026,288.338,99.958,158.84,195.952,173.516,197.736,197.938,112.826,143.874,278.562
2005-08-24 19:10:00,212.533,145.907,1365.12,425.333,,208.716,90.486,161.56,291.828,97.591,159.26,195.692,173.84,196.656,198.096,111.238,143.528,277.816
2005-08-24 19:15:00,210.933,148.893,1341.92,424.23,106.406,209.95,92.09,159.32,291.292,98.758,158.82,198.64,172.786,199.244,196.936,112.478,143.11,277.266
2005-08-24 19:20:00,214.867,147.223,1345.68,425.307,,207.648,91.202,157.577,290.117,97.71,160.64,196.79,172.464,198.368,198.568,110.894,141.88,277.266
2005-08-24 19:25:00,214.933,145.393,1348.24,424.467,,207.716,91.494,160.156,291.426,98.97,160.52,197.456,173.664,201.024,198.094,113.07,142.718,276.94
2005-08-24 19:30:00,214.567,147.223,1355.54,426.413,106.484,208.358,91.8,160.04,290.621,98.094,161.06,197.334,173.69,200.248,202.074,111.472,141.53,277.262
2005-08-24 19:35:00,212.8,147.73,1341.2,423.313,,206.042,91.462,158.633,290.396,98.713,161.72,196.344,173.416,200.248,199.132,112.052,142.55,276.484
2005-08-24 19:40:00,213.6,145.907,1347.96,429.92,,208.85,91.366,158.97,287.978,100.107,157.54,198.672,173.11,199.37,199.156,111.508,141.62,275.634
2005-08-24 19:45:00,213.1,146.583,1355.88,427.27,106.975,210.198,91.154,160.29,295.199,100.617,159.42,199.12,174.322,202.052,198.424,112.186,141.51,275.008
2005-08-24 19:50:00,215.833,146.38,1347.66,423.27,,209.61,90.708,159.26,292.065,98.565,158.12,198.322,174.366,198.334,200.542,112.434,141.99,275.15
2005-08-24 19:55:00,212.5,146.813,1353.66,423.493,,211.008,92.238,157.253,293.936,99.454,160.24,197.592,175.488,197.864,199.46,112.112,142.36,273.716
2005-08-24 20:00:00,212.333,145.447,1348.06,425.04,106.546,212.112,92.95,159.293,292.827,99.824,158.76,198.744,172.896,198.874,199.336,112.858,141.366,274.622
2005-08-24 20:05:00,212.167,145.79,1338.76,426.937,,209.42,91.088,158.357,293.263,97.675,163.12,200.508,173.434,201.162,197.916,112.484,142.66,274.55
2005-08-24 20:10:00,211.5,144.973,1344.24,425.373,,210.908,91.43,158.52,293.432,98.665,160.3,197.558,174.074,198.99,201.774,112.162,141.424,275.566
2005-08-24 20:15:00,214.433,145.697,1337.86,422.567,106.223,207.598,90.374,157.733,292.973,97.555,160.3,201.258,174.978,195.928,202.392,113.324,141.93,274.846
2005-08-24 20:20:00,213.7,146.317,1331.98,422.91,,208.196,91.208,161.414,293.97,97.46,161.98,198.748,177.57,199.084,198.564,112.414,142.186,275.82
2005-08-24 20:25:00,213.833,144.177,1339.1,425.377,,210.0,91.186,158.523,293.196,97.736,161.76,200.152,175.506,198.626,201.004,112.368,143.35,277.858
2005-08-24 20:30:00,212.733,145.33,1333.78,419.98,104.744,209.1,91.698,160.447,292.917,99.588,162.82,200.296,174.984,200.408,200.376,112.608,140.472,276.978
2005-08-24 20:35:00,213.0,144.47,1334.88,420.523,,206.12,91.414,158.647,294.028,99.638,157.72,198.424,175.278,196.172,197.634,111.4,140.468,272.478
2005-08-24 20:40:00,214.333,147.07,1335.54,421.58,,207.62,91.76,160.447,291.224,98.809,161.82,198.412,175.076,198.176,198.998,111.332,140.172,272.424
2005-08-24 20:45:00,212.967,144.77,1332.32,416.807,105.335,205.726,90.234,159.063,294.769,98.935,158.52,197.168,175.248,200.136,200.81,110.774,140.338,272.218
2005-08-24 20:50:00,213.133,141.75,1342.7,419.67,,207.204,89.834,158.49,294.668,98.547,158.38,196.182,176.424,197.758,197.198,113.278,141.152,274.168
2005-08-24 20:55:00,210.9,145.38,1333.26,417.533,,208.49,91.214,158.357,293.368,97.528,159.84,198.458,175.356,195.884,197.484,112.71,140.752,273.968
2005-08-24 21:00:00,212.933,146.333,1341.28,422.147,105.031,209.028,90.848,157.447,293.379,98.833,159.12,200.648,175.772,197.354,200.812,111.66,140.364,273.014
2005-08-24 21:05:00,211.233,145.727,1336.62,414.74,,206.958,90.244,156.187,293.346,99.455,160.46,199.612,175.022,196.762,199.212,113.62,139.016,272.768
2005-08-24 21:10:00,211.3,146.187,1330.54,418.523,,207.926,90.662,155.127,296.326,98.5,158.76,200.03,177.928,200.276,199.88,110.848,138.612,271.112
2005-08-24 21:15:00,210.733,144.927,1335.42,419.557,105.107,206.766,91.522,156.96,293.774,99.593,161.34,199.154,175.068,199.104,198.532,111.206,138.906,270.216
2005-08-24 21:20:00,211.3,145.89,1337.86,420.4,,209.186,91.534,155.467,293.504,97.164,157.72,199.296,174.702,200.39,197.138,113.088,138.308,272.306
2005-08-24 21:25:00,212.8,142.86,1335.82,416.57,,209.604,90.856,156.987,292.763,98.171,156.02,199.706,174.27,198.552,195.076,112.054,138.514,270.142
2005-08-24 21:30:00,211.433,144.213,1358.14,418.647,104.916,205.898,90.278,156.627,288.374,97.944,159.02,198.394,174.664,196.894,197.162,112.318,139.284,268.896
2005-08-24 21:35:00,210.933,144.057,1326.88,417.023,,207.33,90.182,157.753,290.78,97.441,158.26,199.75,175.8,197.962,200.292,113.534,137.532,269.932
2005-08-24 21:40:00,208.533,143.877,1344.88,419.75,,209.208,91.424,156.89,293.28,97.479,158.78,196.106,173.684,197.568,200.874,112.884,138.208,272.102
2005-08-24 21:45:00,212.567,144.227,1337.84,421.0,105.072,211.676,92.116,155.13,288.49,98.039,157.66,197.49,173.348,199.888,200.342,112.442,138.382,269.672
2005-08-24 21:50:00,211.233,143.99,1348.86,421.32,,207.976,91.07,156.903,288.295,99.494,159.7,198.404,176.318,196.616,198.116,113.078,138.86,268.286
2005-08-24 21:55:00,211.9,143.11,1335.16,419.037,,205.952,91.444,158.34,287.93,98.368,158.56,199.63,173.888,199.332,199.034,111.278,138.726,271.826
2005-08-24 22:00:00,212.333,143.687,1357.84,417.497,104.999,208.29,91.51,155.043,288.622,97.9,160.18,199.098,176.448,199.572,198.314,112.148,139.19,272.102
2005-08-24 22:05:00,212.1,144.68,1340.84,415.713,,207.752,90.648,156.837,290.996,98.36,158.86,198.992,174.43,197.598,197.89,110.962,138.46,272.222
2005-08-24 22:10:00,213.2,145.53,1344.92,418.62,,206.86,92.172,157.223,292.42,97.057,160.52,198.876,175.342,195.44,200.318,112.71,139.43,270.032
2005-08-24 22:15:00,210.667,144.567,1342.22,418.723,105.886,207.66,90.938,158.466,288.257,97.813,158.76,198.888,173.936,198.022,201.712,113.162,139.386,269.666
2005-08-24 22:20:00,210.367,144.177,1346.24,415.803,,206.356,89.892,158.08,289.884,97.473,160.34,197.222,175.264,198.252,201.796,113.192,139.978,267.62
2005-08-24 22:25:00,210.5,144.683,1333.28,416.92,,209.4,91.718,156.447,290.471,97.374,159.26,198.744,174.592,197.354,199.682,112.482,138.744,268.384
2005-08-24 22:30:00,209.667,145.547,1337.16,417.843,104.724,206.968,89.966,156.03,287.476,98.06,159.04,198.362,175.06,196.708,200.344,111.726,139.468,269.586
2005-08-24 22:35:00,213.7,143.41,1332.36,417.603,,207.512,91.134,155.88,291.803,98.538,160.98,196.512,175.486,195.642,198.668,112.566,138.518,268.66
2005-08-24 22:40:00,211.833,144.3,1332.16,418.01,,202.67,89.704,156.35,291.667,96.915,159.18,197.534,175.848,197.546,202.6,113.394,139.106,271.226
2005-08-24 22:45:00,210.933,145.107,1336.72,417.54,104.756,204.754,89.828,159.096,289.934,97.568,159.02,197.728,175.006,193.314,198.928,113.168,138.482,269.754
2005-08-24 22:50:00,210.033,145.057,1340.16,417.0,,208.5,89.766,156.18,289.01,99.567,161.06,198.526,173.368,195.982,200.328,113.642,138.426,268.508
2005-08-24 22:55:00,208.267,143.46,1348.38,416.013,,208.232,90.5,158.977,293.264,98.238,161.14,195.042,175.428,197.668,199.932,113.18,140.194,270.674
2005-08-24 23:00:00,211.233,144.117,1339.7,415.74,105.112,205.424,90.386,158.263,290.214,98.959,160.16,197.66,176.91,198.696,200.986,112.17,139.57,269.808
2005-08-24 23:05:00,210.633,145.417,1342.94,418.56,,204.018,90.832,156.217,290.426,99.252,159.32,198.406,175.056,198.828,200.482,113.426,138.654,267.82
2005-08-24 23:10:00,213.167,144.133,1349.12,416.737,,205.438,89.962,155.94,292.332,97.011,159.04,196.422,174.196,197.03,200.284,112.298,139.572,268.594
2005-08-24 23:15:00,209.9,141.007,1345.9,417.583,,205.888,89.862,157.787,291.107,97.633,161.18,197.626,175.48,195.7,200.926,112.022,138.148,271.25
2005-08-24 23:20:00,210.233,144.383,1364.3,419.887,,206.236,89.784,157.7,295.293,96.842,160.2,197.374,174.854,194.436,200.134,113.312,137.908,270.324
2005-08-24 23:25:00,212.033,143.637,1338.32,416.677,,205.262,91.706,157.657,295.02,98.375,159.3,197.15,175.548,196.628,198.264,112.236,138.536,268.676
2005-08-24 23:30:00,213.8,144.627,1338.36,413.99,,202.926,90.382,156.903,296.993,97.197,159.38,197.396,174.376,195.514,202.524,112.934,138.5,269.544
2005-08-24 23:35:00,213.633,143.427,1344.68,416.933,,206.606,90.886,156.34,294.69,98.704,160.7,201.442,179.268,196.472,200.338,111.474,138.302,269.732
2005-08-24 23:40:00,212.567,145.313,1353.98,417.223,,205.67,91.402,156.77,296.836,97.251,160.64,197.268,177.392,197.78,199.456,113.188,137.35,269.478
2005-08-24 23:45:00,211.4,142.973,1343.08,414.197,,206.28,90.724,154.97,293.907,96.632,159.96,200.638,174.55,195.0,198.538,114.072,138.83,269.288
2005-08-24 23:50:00,210.933,142.263,1347.06,413.417,,206.134,90.644,158.49,293.848,96.186,160.26,200.28,175.864,195.752,199.512,112.312,138.906,270.928
2005-08-24 23:55:00,209.733,142.38,1340.66,417.313,,206.902,90.228,156.18,294.258,97.507,159.08,200.968,176.934,195.184,199.45,111.852,138.52,269.502
2005-08-25 00:00:00,209.933,141.633,1354.24,414.68,,210.056,90.126,155.657,293.304,96.832,156.56,200.34,176.34,192.73,198.652,112.406,138.98,267.658
2005-08-25 00:05:00,212.633,144.157,1344.06,415.9,,204.286,91.044,155.43,294.394,96.45,159.04,196.712,177.598,196.192,198.538,112.884,138.36,267.77
2005-08-25 00:10:00,210.967,144.13,1360.74,416.53,,205.536,89.41,156.907,292.828,98.267,158.54,198.674,176.24,195.404,196.774,111.072,137.258,269.686
2005-08-25 00:15:00,207.933,144.893,1344.5,415.14,,205.89,90.26,155.417,291.95,96.887,157.34,198.28,175.088,196.098,198.438,112.78,139.73,269.63
2005-08-25 00:20:00,211.867,143.9,1352.52,415.157,,205.992,91.31,156.253,294.575,97.656,158.26,198.64,174.308,195.074,197.122,112.19,138.378,267.476
2005-08-25 00:25:00,209.6,144.63,1342.42,414.82,,206.604,89.064,154.263,294.405,98.135,158.98,197.748,178.098,195.654,196.814,111.892,138.328,269.416
2005-08-25 00:30:00,209.867,145.277,1347.38,413.497,,210.478,89.814,157.837,292.64,96.764,158.28,196.318,174.46,193.612,197.064,112.568,137.328,270.088
2005-08-25 00:35:00,212.633,144.403,1342.22,417.717,,205.77,89.384,159.467,290.558,97.247,157.88,197.95,173.874,195.204,196.678,112.446,138.14,268.08
2005-08-25 00:40:00,209.4,145.487,1366.94,416.23,,206.008,90.944,155.763,293.673,96.724,157.9,197.224,174.686,196.598,197.836,112.054,139.156,269.974
2005-08-25 00:45:00,209.133,142.317,1339.86,414.753,,204.604,90.734,156.777,294.083,96.855,158.54,196.294,175.468,194.916,197.682,111.792,137.914,268.856
2005-08-25 00:50:00,209.433,142.767,1360.06,419.2,,205.938,90.732,158.23,293.683,97.223,158.16,198.364,173.982,194.544,198.318,111.53,137.21,269.43
2005-08-25 00:55:00,208.967,143.967,1357.16,414.88,,204.872,91.51,156.75,296.041,97.142,158.12,200.314,174.522,195.394,199.474,113.062,137.878,269.25
2005-08-25 01:00:00,211.167,144.447,1354.2,412.8,,208.39,89.538,157.16,295.62,97.375,159.98,197.424,175.332,196.956,198.946,113.338,138.528,266.952
2005-08-25 01:05:00,212.0,145.493,1348.84,417.537,,206.682,89.908,155.15,293.025,96.401,160.2,199.1,174.006,195.618,199.03,112.088,137.344,268.79
2005-08-25 01:10:00,210.5,143.483,1351.88,412.837,,205.864,88.906,155.12,291.548,97.173,156.72,200.876,175.64,194.024,198.296,111.416,137.206,269.21
2005-08-25 01:15:00,210.767,143.577,1349.58,410.6,,206.066,88.49,156.553,297.464,95.881,159.12,201.116,175.972,195.648,197.192,112.224,138.066,270.958
2005-08-25 01:20:00,207.833,144.947,1348.56,415.013,,204.512,89.306,156.407,293.196,95.429,158.7,200.198,175.56,193.972,196.156,112.524,138.608,268.328
2005-08-25 01:25:00,209.933,143.567,1353.86,416.473,,206.808,91.006,155.836,294.333,96.938,159.1,200.974,174.124,197.368,199.532,112.716,138.474,267.302
2005-08-25 01:30:00,209.6,145.177,1354.24,414.623,,205.422,90.394,156.967,293.0,96.318,158.72,199.954,174.25,195.926,197.92,113.882,138.17,267.736
2005-08-25 01:35:00,212.167,144.743,1359.5,413.223,,205.882,89.428,156.2,295.46,96.612,157.32,200.758,173.872,195.618,197.376,113.046,137.498,267.612
2005-08-25 01:40:00,210.333,145.277,1351.06,416.687,,206.644,88.798,154.68,295.392,97.357,156.12,203.322,177.384,197.402,195.118,112.358,137.174,267.076
2005-08-25 01:45:00,212.167,143.303,1350.08,415.603,,208.82,89.97,156.893,294.265,96.1,158.1,200.662,176.174,195.656,196.678,112.546,137.736,267.222
2005-08-25 01:50:00,210.233,145.907,1354.46,415.767,,209.882,89.702,155.937,295.996,96.828,160.18,201.084,175.322,194.06,196.118,112.108,136.57,269.718
2005-08-25 01:55:00,210.9,144.75,1358.98,416.157,,209.312,89.514,156.243,297.478,98.391,157.5,200.064,176.818,195.108,197.318,112.912,137.328,267.918
2005-08-25 02:00:00,208.6,143.107,1372.64,417.537,,209.056,88.886,157.057,292.384,97.962,157.88,202.216,174.484,195.904,195.848,112.454,137.436,266.772
2005-08-25 02:05:00,207.267,145.693,1347.64,412.733,,207.522,89.566,153.93,292.864,98.909,157.7,199.61,175.136,193.872,195.732,110.982,137.256,267.274
2005-08-25 02:10:00,207.6,143.653,1354.04,416.46,,205.742,88.54,155.23,295.847,97.581,158.44,200.18,174.498,191.514,197.332,112.274,135.874,268.058
2005-08-25 02:15:00,210.433,142.983,1360.54,415.78,,208.292,86.992,156.0,293.488,97.787,159.18,199.05,176.846,193.168,196.432,112.064,136.38,269.036
2005-08-25 02:20:00,207.867,144.323,1355.12,420.84,,204.99,88.414,155.357,294.044,95.76,159.66,200.316,175.542,192.818,194.816,111.692,137.448,268.462
2005-08-25 02:25:00,210.467,144.157,1362.6,414.303,,207.4,89.09,157.216,293.737,97.353,157.76,200.068,176.486,195.524,196.172,112.968,136.822,267.408
2005-08-25 02:30:00,207.367,146.877,1368.54,415.52,,212.388,89.082,154.667,292.237,97.892,158.08,199.9,175.382,195.574,196.292,113.378,137.756,268.986
2005-08-25 02:35:00,209.533,144.55,1360.86,417.5,,207.08,88.438,153.667,290.743,98.039,157.82,201.204,175.068,194.8,195.898,111.65,137.768,269.212
2005-08-25 02:40:00,210.7,145.393,1354.68,414.48,,207.492,89.534,158.763,291.458,96.993,157.84,200.492,174.882,191.588,195.888,113.29,138.074,266.876
2005-08-25 02:45:00,207.233,142.65,1358.36,418.157,,207.444,88.376,157.023,292.519,97.194,157.3,199.626,176.822,193.914,195.116,112.908,138.296,267.982
2005-08-25 02:50:00,209.2,144.22,1359.54,415.21,,205.05,89.648,155.983,291.43,98.487,156.5,197.682,176.792,193.704,195.746,112.578,138.222,268.24
2005-08-25 02:55:00,209.033,144.677,1365.4,416.583,,205.67,88.626,154.9,293.804,98.114,159.36,197.688,177.934,194.546,193.908,111.412,137.078,268.618
2005-08-25 03:00:00,209.3,144.933,1361.08,414.81,,207.082,89.778,154.677,292.631,96.52,160.64,197.684,175.394,191.926,192.87,112.024,138.242,270.206
2005-08-25 03:05:00,208.367,144.93,1369.62,417.177,,208.498,88.576,156.72,292.177,97.269,158.24,198.49,175.378,193.47,195.112,113.336,137.01,269.9
2005-08-25 03:10:00,209.5,144.783,1356.26,417.24,,207.922,88.804,154.493,291.389,97.572,157.4,198.65,177.752,191.428,195.09,111.164,137.61,266.794
2005-08-25 03:15:00,210.967,145.643,1360.56,417.59,,208.01,88.12,155.937,291.922,96.61,157.84,198.188,174.748,191.484,194.474,112.046,137.136,268.168
2005-08-25 03:20:00,206.767,143.843,1364.86,414.447,,207.292,89.396,155.317,292.47,97.769,157.36,199.32,177.402,195.286,196.194,112.164,136.756,269.438
2005-08-25 03:25:00,209.467,145.207,1360.68,417.71,,207.844,89.002,157.907,290.963,97.609,158.36,199.058,175.972,194.382,193.41,112.156,139.638,270.348
2005-08-25 03:30:00,209.667,146.313,1356.48,418.887,,209.292,88.07,157.027,293.65,97.103,158.1,199.938,177.722,194.254,197.286,113.278,135.95,270.182
2005-08-25 03:35:00,208.6,145.853,1361.9,416.43,,208.956,88.082,155.197,293.068,97.894,157.42,199.78,176.926,194.138,194.73,111.344,137.486,267.83
2005-08-25 03:40:00,208.133,143.76,1370.66,422.687,,208.578,88.21,155.147,294.127,96.711,156.94,197.752,175.924,191.036,195.802,111.534,137.634,268.48
2005-08-25 03:45:00,209.5,145.01,1365.08,419.37,,209.812,89.064,158.723,289.719,96.898,158.48,200.816,177.476,192.842,193.784,112.246,138.89,265.864
2005-08-25 03:50:00,208.8,144.747,1365.92,417.183,,207.468,89.59,157.303,292.53,97.508,158.48,199.216,175.814,192.28,195.028,111.79,137.022,268.492
2005-08-25 03:55:00,207.3,145.49,1366.82,416.107,,209.148,87.888,156.343,291.265,97.437,160.26,197.16,175.154,193.298,194.8,112.27,138.06,267.776
2005-08-25 04:00:00,210.367,145.873,1366.7,414.207,,208.838,87.63,158.253,289.212,98.938,157.7,196.524,176.31,192.968,194.556,112.286,138.41,266.956
2005-08-25 04:05:00,208.2,144.093,1376.7,418.167,,208.518,90.3,156.277,287.98,98.969,158.0,197.13,177.764,194.154,194.734,111.736,139.056,270.232
2005-08-25 04:10:00,210.3,143.917,1375.14,416.48,,207.508,89.874,156.77,291.709,97.824,158.12,196.492,179.388,194.134,195.996,111.34,138.882,267.62
2005-08-25 04:15:00,208.6,144.67,1369.86,419.403,,207.856,88.98,157.617,290.238,96.7,158.18,195.34,177.734,194.13,195.896,112.55,138.448,266.954
2005-08-25 04:20:00,207.433,143.827,1366.8,416.0,,207.796,86.694,157.01,289.15,98.796,158.4,197.24,176.596,194.724,193.222,112.898,136.194,267.524
2005-08-25 04:25:00,208.067,144.693,1360.14,412.62,,207.968,87.582,156.82,291.709,97.098,159.08,198.452,176.416,193.036,193.342,111.486,139.202,270.908
2005-08-25 04:30:00,208.667,143.813,1385.08,415.587,,204.86,87.884,155.997,289.896,96.832,159.16,198.646,178.726,192.6,193.67,112.69,137.34,269.338
2005-08-25 04:35:00,209.7,144.503,1370.8,414.397,,206.838,89.174,156.517,289.246,98.222,159.3,198.24,176.364,194.276,192.33,111.788,138.204,268.462
2005-08-25 04:40:00,206.167,145.65,1382.32,416.533,,208.212,89.01,156.393,289.821,98.699,160.0,199.384,176.616,192.684,194.05,111.552,139.226,269.766
2005-08-25 04:45:00,209.2,145.617,1370.16,417.224,,210.758,89.91,159.283,289.308,97.429,157.66,197.738,176.734,192.882,194.828,110.776,138.248,270.474
2005-08-25 04:50:00,208.6,144.49,1381.32,414.477,,209.584,88.12,155.3,287.087,98.007,158.9,195.67,177.15,194.016,193.564,112.082,138.498,270.902
2005-08-25 04:55:00,210.033,146.35,1373.3,415.56,,208.428,88.408,157.987,288.619,99.027,157.96,194.216,177.736,194.004,193.802,111.16,137.284,269.056
2005-08-25 05:00:00,210.333,144.057,1368.98,415.36,,203.87,88.5,159.517,285.272,99.17,160.0,196.006,176.518,193.578,193.712,110.196,139.366,272.306
2005-08-25 05:05:00,207.467,144.093,1366.96,415.403,,208.36,89.274,154.683,288.961,97.399,160.34,195.858,177.076,193.972,193.944,111.712,138.684,268.866
2005-08-25 05:10:00,209.567,143.963,1372.14,415.78,,209.018,89.864,158.033,287.463,97.95,159.84,198.788,177.588,193.162,193.178,112.406,138.646,270.462
2005-08-25 05:15:00,207.2,144.613,1368.56,416.967,,206.364,87.694,155.61,290.225,97.584,159.28,197.016,175.262,193.602,191.89,111.57,138.324,268.638
2005-08-25 05:20:00,207.5,147.227,1390.7,421.607,,209.616,88.44,154.363,287.39,98.77,159.98,196.884,177.544,192.724,194.666,111.878,138.34,269.516
2005-08-25 05:25:00,209.067,146.07,1370.76,417.847,,208.608,88.6,158.083,288.653,98.687,159.44,198.962,176.068,192.502,195.224,112.73,137.662,269.646
2005-08-25 05:30:00,208.033,148.397,1378.38,416.32,,210.824,90.566,157.873,283.975,97.993,160.44,195.962,176.032,192.056,192.714,111.844,138.512,268.73
2005-08-25 05:35:00,208.4,145.853,1375.48,418.483,,207.228,90.2,158.883,286.81,97.888,159.22,197.374,176.616,196.134,192.46,111.882,136.968,267.976
2005-08-25 05:40:00,208.967,144.403,1372.96,417.61,,208.946,88.956,157.387,288.716,96.631,158.02,196.758,175.672,194.556,193.952,112.68,138.752,269.716
2005-08-25 05:45:00,207.867,144.423,1383.3,417.597,,210.242,90.396,157.276,288.136,97.151,158.8,196.908,176.448,196.156,192.8,111.156,139.318,271.13
2005-08-25 05:50:00,208.367,144.0,1373.56,420.53,,207.91,89.834,157.443,284.928,97.861,162.72,195.396,177.654,192.278,192.566,111.85,139.884,270.142
2005-08-25 05:55:00,207.5,147.967,1373.22,417.147,,207.11,88.572,155.567,288.135,99.19,160.02,197.522,176.53,194.318,192.306,110.784,138.728,270.646
2005-08-25 06:00:00,208.367,145.383,1368.7,418.267,,208.728,90.634,159.19,286.634,98.796,159.54,196.074,176.39,194.5,194.04,111.776,139.5,268.978
2005-08-25 06:05:00,209.267,144.597,1368.88,419.61,,207.844,89.038,157.32,285.132,97.429,159.26,195.512,174.916,194.312,193.094,111.546,137.274,270.33
2005-08-25 06:10:00,208.3,145.877,1379.62,420.74,,210.196,88.174,156.59,286.122,98.597,158.64,197.364,176.832,195.746,193.936,111.206,138.42,270.276
2005-08-25 06:15:00,210.3,146.177,1373.82,421.087,,211.228,89.778,157.75,286.459,99.256,159.7,197.444,175.924,192.608,194.332,112.364,139.012,270.668
2005-08-25 06:20:00,208.167,146.09,1387.32,418.773,,207.022,87.882,157.487,285.128,97.902,160.86,197.53,175.136,194.266,193.828,112.552,139.666,273.152
2005-08-25 06:25:00,206.567,145.707,1380.72,419.35,,209.334,87.454,159.95,284.754,98.183,158.92,193.542,177.054,193.972,192.848,112.668,138.608,271.856
2005-08-25 06:30:00,210.233,145.2,1398.88,419.673,104.201,208.896,88.782,158.62,283.253,98.31,161.66,197.046,174.65,194.03,194.304,112.398,139.878,270.224
2005-08-25 06:35:00,208.133,142.12,1381.4,418.087,,207.582,88.458,156.76,288.402,98.638,160.6,197.402,175.75,193.842,193.86,112.62,140.22,271.708
2005-08-25 06:40:00,210.1,144.017,1395.44,418.64,,210.776,88.736,158.157,288.266,99.027,161.94,196.13,176.342,193.34,193.232,112.146,140.138,269.954
2005-08-25 06:45:00,208.2,145.973,1381.68,422.423,104.713,213.842,88.256,156.583,287.448,100.144,159.58,196.158,175.806,195.164,194.406,113.136,137.534,269.776
2005-08-25 06:50:00,208.267,146.323,1396.58,420.78,,210.838,89.088,158.057,287.107,97.524,160.16,196.2,175.962,193.882,195.226,111.75,139.692,271.654
2005-08-25 06:55:00,209.667,146.643,1400.1,421.09,,212.744,89.782,157.437,287.277,98.945,161.42,195.74,176.226,196.134,195.386,111.318,138.766,270.706
2005-08-25 07:00:00,207.2,147.207,1381.46,419.993,105.058,212.33,90.696,158.24,287.14,98.271,160.14,197.134,173.806,194.136,192.92,110.894,139.594,272.506
2005-08-25 07:05:00,209.667,144.85,1406.12,418.46,,209.076,87.642,157.863,283.663,98.051,159.74,195.758,174.954,194.714,195.37,112.222,138.546,271.366
2005-08-25 07:10:00,207.367,144.773,1390.72,427.063,,210.996,87.984,159.026,285.163,97.831,161.52,196.298,176.752,196.304,193.774,110.348,139.282,271.728
2005-08-25 07:15:00,208.867,144.607,1382.32,422.95,105.558,210.842,89.594,157.16,284.345,98.873,160.08,194.364,177.656,192.708,195.302,112.628,140.694,270.182
2005-08-25 07:20:00,206.767,145.99,1385.86,420.803,,212.814,90.098,157.22,286.522,98.143,160.16,195.668,174.862,194.514,194.006,113.608,139.944,273.202
2005-08-25 07:25:00,209.7,144.65,1388.62,421.583,,213.256,89.488,158.257,286.902,98.723,160.44,197.226,175.17,195.388,193.38,111.298,140.334,270.978
2005-08-25 07:30:00,208.633,147.2,1384.96,424.293,105.889,211.676,89.256,157.91,287.681,100.266,159.78,195.534,177.018,194.858,194.802,112.106,139.726,269.196
2005-08-25 07:35:00,209.733,144.007,1402.0,421.947,,208.482,88.996,155.917,287.885,96.884,161.28,194.498,175.92,194.078,193.822,112.022,141.436,271.904
2005-08-25 07:40:00,208.733,144.663,1381.96,420.873,,210.758,90.608,156.263,283.592,98.517,161.0,197.606,174.448,195.11,193.766,113.01,139.142,271.186
2005-08-25 07:45:00,211.2,147.277,1377.38,423.32,105.41,207.71,88.82,158.48,287.102,98.473,162.16,197.248,175.818,195.396,197.738,112.312,141.192,272.3
2005-08-25 07:50:00,206.767,144.447,1391.12,423.823,,212.824,89.846,160.286,284.342,99.008,158.9,195.312,176.524,194.39,196.778,111.682,140.556,272.488
2005-08-25 07:55:00,210.0,145.677,1381.82,423.853,,210.518,87.254,158.89,286.66,98.017,162.9,193.456,175.916,191.82,196.256,112.042,140.194,272.168
2005-08-25 08:00:00,209.133,147.07,1394.74,426.257,105.608,211.142,87.86,156.743,286.658,100.032,159.34,194.65,175.706,193.692,195.242,112.654,139.256,273.794
2005-08-25 08:05:00,209.967,146.333,1386.9,426.59,,210.366,90.038,157.177,285.943,97.819,162.36,194.35,174.316,197.646,193.432,111.61,139.592,273.406
2005-08-25 08:10:00,209.6,146.28,1392.58,422.103,,211.05,87.688,160.597,284.069,99.831,163.28,196.618,175.996,194.552,194.542,114.342,139.122,273.536
2005-08-25 08:15:00,211.6,148.623,1381.16,423.927,104.936,214.144,88.896,160.273,287.784,99.009,162.46,197.456,178.61,194.534,196.254,111.512,139.892,273.822
2005-08-25 08:20:00,210.467,147.803,1390.8,422.107,,211.432,90.118,157.436,287.715,97.152,159.92,192.546,175.034,195.254,198.824,111.432,139.552,271.696
2005-08-25 08:25:00,212.267,148.173,1389.54,428.133,,210.092,89.694,160.737,286.352,99.03,161.72,194.502,174.176,193.658,195.9,112.87,140.194,272.242
2005-08-25 08:30:00,211.167,146.803,1378.46,423.68,106.011,211.51,89.462,159.123,287.443,99.351,162.24,194.5,173.206,195.806,195.266,112.468,140.83,275.014
2005-08-25 08:35:00,208.467,146.68,1386.62,422.576,,213.83,89.112,158.183,289.461,98.859,162.32,193.676,173.642,194.084,193.514,112.616,140.612,275.09
2005-08-25 08:40:00,210.367,147.63,1386.22,423.677,,213.244,90.074,159.48,286.8,99.394,164.38,193.992,176.932,195.75,195.998,113.006,139.602,272.422
2005-08-25 08:45:00,210.667,146.537,1381.24,426.847,105.751,210.786,89.044,159.117,288.123,98.407,161.86,196.034,173.51,197.338,194.004,111.446,139.488,272.77
2005-08-25 08:50:00,213.033,147.11,1380.76,425.037,,212.07,91.382,162.133,286.63,100.047,162.7,194.636,177.048,194.394,194.758,111.95,141.084,272.472
2005-08-25 08:55:00,209.967,147.37,1394.42,427.46,,211.352,91.174,159.443,288.676,100.639,161.92,196.34,174.778,196.412,197.468,111.984,140.778,274.782
2005-08-25 09:00:00,209.467,146.407,1380.94,425.443,105.038,211.394,89.746,160.223,288.676,100.077,161.82,195.436,173.742,195.446,193.75,112.16,141.396,275.298
2005-08-25 09:05:00,209.667,147.04,1399.38,424.097,,212.518,88.982,161.623,291.166,98.081,161.48,195.036,173.464,194.538,194.82,111.354,141.084,275.714
2005-08-25 09:10:00,210.233,147.007,1390.14,425.433,,211.908,91.05,161.917,287.044,99.751,161.44,193.858,175.898,197.03,195.042,112.29,140.52,274.62
2005-08-25 09:15:00,211.467,147.92,1375.8,422.33,105.489,212.646,89.808,160.907,289.631,99.366,162.7,195.7,174.484,196.44,196.77,112.012,143.322,272.15
2005-08-25 09:20:00,209.1,146.36,1378.46,426.283,,212.456,89.344,160.703,290.081,99.812,166.0,194.58,173.938,192.878,193.724,111.272,142.272,273.606
2005-08-25 09:25:00,209.767,147.42,1373.46,423.847,,213.128,90.75,159.22,289.638,100.565,163.94,197.582,175.408,195.372,194.364,113.41,139.974,275.148
2005-08-25 09:30:00,209.133,145.817,1385.44,428.44,105.15,211.472,89.276,162.947,290.566,99.627,163.1,196.1,174.946,196.392,194.57,112.444,140.906,274.932
2005-08-25 09:35:00,210.133,146.617,1385.94,424.513,,213.22,88.436,160.513,288.689,98.809,162.68,196.984,174.448,196.342,196.166,112.402,138.612,274.406
2005-08-25 09:40:00,210.3,148.12,1378.82,427.037,,213.858,89.686,160.257,287.253,98.27,162.04,196.722,174.09,194.71,195.094,113.014,141.632,275.906
2005-08-25 09:45:00,210.867,147.24,1384.88,422.557,106.757,214.402,89.848,160.49,289.507,98.871,162.6,193.488,174.376,195.738,192.616,112.228,141.378,273.786
2005-08-25 09:50:00,210.6,146.437,1383.92,422.983,,211.416,89.894,159.167,285.512,99.143,162.52,196.986,173.884,193.796,194.082,111.448,141.234,274.856
2005-08-25 09:55:00,209.233,146.693,1378.38,430.577,,211.994,90.342,160.697,286.844,99.332,163.0,194.948,173.386,195.938,193.594,113.188,140.46,273.116
2005-08-25 10:00:00,209.467,147.723,1380.56,430.313,106.047,210.072,90.892,160.433,287.117,100.312,162.68,196.544,173.72,194.648,194.372,111.376,139.702,273.906
2005-08-25 10:05:00,210.033,146.933,1373.18,426.92,,213.514,89.606,159.647,284.284,99.243,161.06,195.092,174.514,195.954,193.37,111.258,141.102,274.62
2005-08-25 10:10:00,211.633,148.003,1375.96,428.747,,213.006,89.252,158.877,288.386,99.951,163.16,194.678,174.17,195.47,195.314,113.05,139.898,275.984
2005-08-25 10:15:00,212.967,148.01,1376.96,431.117,105.417,213.318,89.018,160.06,288.317,101.003,163.28,195.062,172.752,195.16,194.208,111.658,140.658,277.432
2005-08-25 10:20:00,211.233,146.503,1367.3,428.12,,213.868,89.564,159.794,286.062,99.421,161.54,197.096,173.662,195.632,193.618,112.692,141.71,277.7
2005-08-25 10:25:00,213.633,149.74,1375.92,427.397,,213.998,90.122,158.77,286.749,100.285,163.18,195.538,172.49,196.708,195.124,112.868,141.242,276.336
2005-08-25 10:30:00,210.733,148.217,1372.36,426.123,106.032,214.022,90.454,161.74,285.45,100.332,162.32,194.986,174.446,196.388,196.242,112.184,141.45,274.976
2005-08-25 10:35:00,210.733,146.037,1381.86,428.023,,212.498,88.978,164.217,286.852,101.298,162.24,194.52,173.962,196.162,194.54,113.79,141.392,272.738
2005-08-25 10:40:00,209.367,148.173,1367.22,425.92,,212.226,89.24,161.353,289.076,100.317,163.46,196.096,178.934,197.514,196.082,112.976,142.392,276.738
2005-08-25 10:45:00,211.467,147.763,1373.74,426.387,106.753,212.622,90.686,159.45,286.373,100.331,161.14,196.044,173.304,196.86,195.132,112.926,141.104,275.93
2005-08-25 10:50:00,210.067,150.703,1370.0,432.0,,214.518,89.512,163.153,287.708,100.074,162.54,195.322,175.068,196.714,195.29,112.56,142.55,276.368
2005-08-25 10:55:00,210.8,147.69,1371.1,430.52,,212.302,89.216,162.07,287.194,100.355,162.34,196.59,174.164,195.68,197.06,112.458,142.184,275.368
2005-08-25 11:00:00,211.1,148.62,1365.7,432.833,106.208,215.312,89.536,160.2,286.441,100.696,161.9,196.178,173.908,196.306,196.152,113.206,140.426,274.624
2005-08-25 11:05:00,210.767,148.047,1376.1,433.587,,214.446,89.378,159.78,288.055,101.31,162.08,194.772,174.126,196.856,197.704,111.28,140.646,274.404
2005-08-25 11:10:00,212.933,147.53,1374.16,427.033,,217.112,91.078,161.75,290.826,99.013,163.04,197.506,173.652,195.866,195.286,112.2,140.296,278.514
2005-08-25 11:15:00,211.533,147.703,1375.56,429.297,106.213,215.182,89.956,162.056,287.336,100.471,163.36,196.554,173.048,197.082,198.43,113.436,141.348,277.262
2005-08-25 11:20:00,210.967,147.667,1385.02,427.98,,217.04,91.184,163.213,287.164,100.466,161.9,198.906,173.538,196.742,198.366,112.224,142.716,276.744
2005-08-25 11:25:00,210.1,147.19,1382.26,431.377,,215.472,90.52,161.11,286.104,101.686,164.5,194.984,174.28,198.396,197.472,112.882,142.172,277.556
2005-08-25 11:30:00,211.233,149.337,1382.04,431.75,107.121,215.296,90.17,160.517,287.506,99.771,162.36,196.048,176.288,197.584,199.238,112.722,142.33,277.72
2005-08-25 11:35:00,212.767,148.323,1372.72,431.187,,212.67,91.696,163.163,287.815,101.258,163.22,196.662,172.97,196.982,196.246,113.148,142.432,277.144
2005-08-25 11:40:00,213.833,148.253,1365.28,433.093,,218.326,90.948,159.653,287.236,100.356,163.68,197.49,173.884,199.18,196.344,112.002,142.164,275.51
2005-08-25 11:45:00,212.2,148.67,1373.36,429.293,106.275,214.79,90.64,161.24,287.507,98.839,164.1,193.934,172.426,200.662,193.918,113.7,142.314,276.178
2005-08-25 11:50:00,212.4,148.757,1387.58,429.617,,217.194,92.912,159.977,289.977,101.507,163.06,196.056,174.538,198.752,194.348,113.01,142.424,277.524
2005-08-25 11:55:00,210.1,149.007,1369.02,430.24,,217.042,90.388,161.713,290.697,100.535,162.92,196.434,174.37,197.668,196.31,112.898,142.162,277.432
2005-08-25 12:00:00,213.1,149.22,1377.44,433.793,107.105,215.122,91.37,161.703,289.19,99.725,163.08,197.028,174.858,199.378,196.416,112.8,141.034,275.966
2005-08-25 12:05:00,211.767,148.483,1366.94,432.283,,216.2,90.756,160.563,287.682,100.511,164.3,197.532,176.48,196.704,195.408,112.84,141.148,276.362
