MXCO    ROME    AATB    LMKS    DRBS    MOSC    NEWK    KIEL    CALG    OULU    APTY    FSMT    INVK    NAIN    PWNK    THUL    SOPB    SOPO
2005-08-24 01:10:00;216.567;149.447;1404.120;439.050;   null;219.154; 94.228;166.977;312.716;101.919;166.480;210.940;187.206;208.726;   null;120.248;152.254;295.206
2005-08-24 01:15:00;217.700;148.527;1411.580;438.763;109.232;219.122; 94.778;165.720;312.844;102.424;167.020;207.532;185.826;207.178;   null;119.882;153.222;293.446
2005-08-24 01:20:00;219.400;149.760;1405.840;443.603;   null;217.356; 95.254;166.343;314.079;102.876;170.660;207.558;187.780;207.192;   null;119.278;152.152;295.536
2005-08-24 01:25:00;215.533;149.597;1401.940;440.163;   null;219.306; 94.006;165.310;312.649;101.018;165.100;209.722;185.686;207.156;   null;118.376;152.194;295.880
2005-08-24 01:30:00;218.133;150.850;1404.680;437.564;109.676;219.234; 94.180;166.060;312.249;102.612;167.260;208.626;186.778;209.784;   null;120.250;152.060;295.606
2005-08-24 01:35:00;218.767;148.490;1402.480;440.733;   null;216.768; 96.120;167.197;309.646;103.885;167.960;209.970;187.216;208.986;   null;119.732;153.038;296.128
2005-08-24 01:40:00;215.500;148.430;1409.320;438.863;   null;220.646; 93.566;166.783;309.547;102.380;169.460;207.916;185.552;206.974;207.416;119.354;153.048;294.888
2005-08-24 01:45:00;216.400;149.060;1407.940;440.340;109.790;219.610; 94.810;168.490;309.974;104.009;169.820;209.270;186.602;209.608;207.598;118.290;153.600;296.866
2005-08-24 01:50:00;215.933;152.430;1402.240;439.770;   null;219.310; 94.616;165.597;312.378;104.116;168.880;210.148;185.638;206.824;209.702;118.650;152.590;295.710
2005-08-24 01:55:00;217.100;149.020;1402.840;439.187;   null;221.718; 95.452;165.787;312.411;102.913;167.260;210.052;183.806;206.792;209.432;119.012;154.122;297.228
2005-08-24 02:00:00;216.233;149.410;1413.540;441.053;108.447;221.820; 94.802;164.670;311.944;103.232;168.580;208.948;186.296;208.284;208.116;120.014;153.420;292.894
2005-08-24 02:05:00;217.033;149.520;1409.520;439.997;   null;221.142; 94.412;165.767;310.908;103.516;168.680;211.876;186.170;206.186;207.584;118.148;153.360;294.412
2005-08-24 02:10:00;216.500;150.307;1401.380;439.783;   null;220.354; 93.396;164.957;313.412;103.853;169.420;208.726;186.516;208.554;210.036;119.660;152.356;293.878
2005-08-24 02:15:00;217.800;151.357;1407.880;438.543;109.111;221.518; 93.480;165.477;311.409;103.918;166.740;209.480;183.344;207.042;207.640;119.476;152.742;291.684
2005-08-24 02:20:00;221.000;151.240;1401.900;441.010;   null;219.216; 93.910;166.136;311.704;103.994;170.840;209.110;186.560;207.608;207.018;119.096;152.562;295.696
2005-08-24 02:25:00;213.467;148.417;1408.440;445.627;   null;222.538; 93.636;166.110;307.450;103.924;166.560;208.128;185.552;206.072;206.854;118.096;152.670;291.138
2005-08-24 02:30:00;217.067;151.677;1403.600;443.723;109.900;220.860; 94.496;167.957;312.973;102.229;168.400;209.314;186.496;208.332;206.852;118.978;152.630;294.000
2005-08-24 02:35:00;218.100;150.153;1408.660;442.737;   null;220.684; 94.460;166.610;311.201;103.369;167.360;210.808;186.132;209.314;209.672;119.880;151.644;294.370
2005-08-24 02:40:00;216.833;148.910;1401.460;442.647;   null;220.654; 95.024;165.430;310.493;103.987;167.880;209.468;186.686;205.914;207.338;119.706;154.844;294.942
2005-08-24 02:45:00;216.867;150.607;1400.900;438.303;108.734;219.944; 95.278;166.350;312.533;104.293;169.300;210.934;187.154;208.398;207.220;118.842;154.450;293.940
2005-08-24 02:50:00;215.033;148.213;1410.600;441.083;   null;220.034; 93.632;167.337;315.501;102.195;169.060;206.916;186.600;208.056;208.834;119.800;153.926;296.186
2005-08-24 02:55:00;217.400;150.400;1412.660;439.013;   null;219.144; 94.080;166.637;311.382;104.917;171.320;207.530;184.956;207.416;207.534;119.302;153.536;296.282
2005-08-24 03:00:00;216.300;150.303;1410.800;441.533;109.391;221.304; 95.502;166.567;310.135;105.160;170.180;208.240;185.974;205.442;206.724;119.422;152.324;295.444
2005-08-24 03:05:00;219.867;149.827;1403.440;440.520;   null;222.678; 93.964;168.170;311.040;103.025;169.600;207.810;186.080;206.266;206.682;119.584;151.702;296.162
2005-08-24 03:10:00;218.000;149.040;1405.140;440.263;   null;221.632; 94.738;166.513;308.124;103.837;167.940;211.094;185.146;206.250;208.244;120.056;154.216;295.432
2005-08-24 03:15:00;219.700;148.290;1410.720;441.153;110.352;219.044; 93.792;164.820;310.972;102.739;169.140;207.892;184.626;207.358;209.300;119.734;152.316;294.264
2005-08-24 03:20:00;216.900;149.763;1404.460;445.180;   null;220.858; 94.632;164.853;310.235;103.415;167.660;210.240;186.366;206.032;206.798;119.868;152.726;293.018
2005-08-24 03:25:00;218.567;150.757;1399.980;442.403;   null;220.798; 93.296;166.263;310.478;104.012;169.960;209.522;185.622;208.886;207.750;118.646;151.798;295.970
2005-08-24 03:30:00;217.100;147.470;1399.400;442.430;109.267;219.920; 93.882;166.677;314.062;105.783;169.020;208.858;185.234;207.674;206.502;119.394;150.950;294.718
2005-08-24 03:35:00;219.167;148.203;1414.720;439.260;   null;223.082; 94.498;165.673;309.674;105.104;168.220;209.814;184.406;208.098;207.454;118.800;152.478;294.606
2005-08-24 03:40:00;217.467;150.493;1412.700;444.730;   null;220.818; 93.040;166.903;310.025;105.042;170.400;210.024;187.672;208.070;207.064;119.322;153.324;295.530
2005-08-24 03:45:00;217.467;150.027;1407.500;438.120;109.741;221.426; 95.306;166.387;310.468;104.736;168.620;208.982;185.940;208.028;208.064;119.370;152.924;295.374
2005-08-24 03:50:00;215.833;149.617;1402.620;445.593;   null;218.926; 94.020;166.150;308.095;104.776;166.860;207.992;184.174;205.194;205.376;118.906;152.330;294.426
2005-08-24 03:55:00;215.700;149.550;1399.880;443.307;   null;224.124; 92.944;165.003;308.236;104.856;168.020;210.780;185.296;206.250;208.436;117.580;152.556;294.594
2005-08-24 04:00:00;213.867;151.047;1404.560;440.140;107.716;221.490; 94.054;163.297;308.980;104.617;169.860;208.644;186.924;205.832;206.330;118.992;151.584;292.428
2005-08-24 04:05:00;216.300;150.690;1402.880;439.453;   null;222.454; 93.384;166.167;310.514;103.230;167.840;206.622;187.838;207.086;206.308;119.822;152.758;292.112
2005-08-24 04:10:00;216.867;151.003;1400.460;440.563;   null;219.444; 93.282;163.257;309.188;104.355;168.340;208.806;186.380;206.828;206.234;119.046;151.568;290.662
2005-08-24 04:15:00;213.333;149.303;1405.360;441.873;107.836;219.672; 93.412;165.360;310.581;102.993;168.140;209.078;185.840;206.616;206.212;118.954;152.296;295.080
2005-08-24 04:20:00;216.133;149.103;1410.820;441.577;   null;221.686; 92.316;163.737;307.670;104.636;169.900;208.986;186.878;208.384;206.502;119.498;152.952;295.790
2005-08-24 04:25:00;216.667;148.883;1402.740;442.193;   null;220.612; 92.356;166.053;312.238;102.870;169.440;207.974;187.210;209.212;206.038;119.424;153.310;294.500
2005-08-24 04:30:00;217.967;149.693;1404.460;439.583;108.042;219.344; 92.760;165.787;307.861;103.638;169.600;208.794;186.060;205.332;205.934;118.342;152.410;293.092
2005-08-24 04:35:00;214.967;149.577;1396.520;440.260;   null;219.626; 93.550;166.373;311.235;102.684;170.080;208.274;187.572;206.490;206.022;119.214;150.678;293.554
2005-08-24 04:40:00;217.833;150.147;1405.280;444.553;   null;220.064; 92.918;164.383;308.429;103.803;170.240;208.394;188.156;206.588;208.258;117.964;152.404;291.124
2005-08-24 04:45:00;214.800;150.493;1400.160;441.917;108.873;220.272; 94.438;163.323;309.163;104.300;170.580;208.664;185.646;207.042;206.056;119.474;153.418;293.668
2005-08-24 04:50:00;211.200;148.680;1399.300;443.017;   null;222.500; 94.088;164.060;310.375;103.749;170.680;211.240;185.582;207.510;204.752;119.182;151.388;293.954
2005-08-24 04:55:00;215.433;150.240;1403.500;440.827;   null;219.758; 92.938;164.887;308.804;103.778;170.280;209.094;184.518;205.678;207.212;119.014;153.528;293.142
2005-08-24 05:00:00;215.833;150.060;1410.180;442.550;110.940;220.608; 93.516;165.180;309.680;104.274;169.320;210.034;186.630;205.742;207.190;118.454;152.488;295.036
2005-08-24 05:05:00;214.700;151.593;1400.180;442.290;   null;220.324; 93.432;168.467;311.849;103.277;168.980;208.560;186.852;205.710;207.614;120.104;152.604;293.552
2005-08-24 05:10:00;216.267;150.350;1407.140;443.190;   null;221.976; 94.498;165.090;308.880;103.762;171.540;208.744;184.782;208.448;205.842;119.502;152.348;292.720
2005-08-24 05:15:00;213.567;150.317;1403.600;440.413;109.236;224.172; 92.770;164.950;310.582;103.468;169.860;207.514;183.934;207.584;205.600;119.998;153.180;294.344
2005-08-24 05:20:00;213.867;148.230;1402.600;441.020;   null;221.272; 93.366;168.280;311.022;104.260;167.620;209.648;186.338;206.424;206.398;120.072;151.244;295.412
2005-08-24 05:25:00;217.800;149.003;1402.900;444.687;   null;218.656; 94.316;167.403;310.654;103.534;170.120;209.208;186.108;208.342;208.302;119.626;151.680;294.002
2005-08-24 05:30:00;216.867;150.003;1403.940;442.893;109.358;221.766; 95.112;166.584;310.915;105.437;169.080;207.860;183.628;205.988;205.096;119.040;151.888;295.866
2005-08-24 05:35:00;214.567;150.457;1405.460;442.200;   null;220.510; 95.106;168.754;311.188;104.352;169.580;207.966;184.894;206.744;206.678;119.252;152.072;293.658
2005-08-24 05:40:00;215.133;148.960;1406.080;436.793;   null;221.578; 94.520;168.633;309.221;104.177;168.320;207.856;183.712;206.532;206.790;119.974;152.376;291.660
2005-08-24 05:45:00;217.467;150.543;1404.140;439.883;110.834;220.820; 93.896;169.087;309.588;103.492;170.960;209.126;186.540;206.736;205.954;119.412;151.432;292.758
2005-08-24 05:50:00;213.633;148.920;1410.040;442.593;   null;221.868; 95.076;167.277;310.388;104.770;169.320;209.548;186.474;209.660;205.142;119.318;152.774;293.904
2005-08-24 05:55:00;216.500;151.540;1407.300;440.993;   null;223.554; 93.102;167.133;309.895;105.483;169.000;208.418;186.616;206.522;206.478;119.546;153.732;292.858
2005-08-24 06:00:00;215.467;150.930;1408.960;440.950;110.398;224.278; 94.190;166.380;307.688;105.453;168.260;209.372;184.854;209.546;205.684;119.392;150.152;293.438
2005-08-24 06:05:00;216.367;149.010;1393.580;443.407;   null;221.450; 93.546;167.233;311.088;105.100;168.440;209.002;184.726;207.644;207.086;119.236;151.756;291.274
2005-08-24 06:10:00;217.967;151.707;1397.260;444.153;   null;221.396; 94.122;164.797;308.288;103.738;169.580;210.220;187.732;204.860;206.250;118.502;152.170;290.976
2005-08-24 06:15:00;219.033;149.757;1399.960;439.553;109.838;223.220; 95.286;167.340;308.021;103.861;167.440;207.596;185.148;204.264;208.398;119.392;151.980;292.160
2005-08-24 06:20:00;216.667;148.717;1396.080;443.377;   null;220.736; 95.352;165.933;310.700;103.338;166.020;206.654;186.298;204.598;206.366;118.040;153.004;295.184
2005-08-24 06:25:00;214.267;149.880;1401.400;440.700;   null;221.956; 93.680;169.710;308.137;102.297;169.220;208.774;183.446;205.006;205.918;116.686;151.786;293.188
2005-08-24 06:30:00;215.900;150.233;1387.560;438.983;109.118;222.172; 92.608;164.783;308.670;105.425;171.100;206.942;183.768;204.722;205.192;119.008;151.670;291.962
2005-08-24 06:35:00;214.167;150.993;1387.820;439.900;   null;221.974; 92.436;165.563;307.788;104.303;168.680;207.430;184.746;205.774;206.212;116.430;151.788;291.084
2005-08-24 06:40:00;214.833;148.403;1394.480;440.947;   null;221.716; 93.818;165.187;309.369;104.051;171.520;204.818;182.688;206.366;202.966;117.748;153.980;291.016
2005-08-24 06:45:00;215.033;151.503;1392.040;439.560;109.895;222.162; 93.146;166.423;311.206;103.792;169.000;208.650;183.022;206.428;208.268;117.930;152.058;293.544
2005-08-24 06:50:00;213.733;150.527;1396.660;439.197;   null;222.308; 93.332;167.707;309.803;103.100;168.900;205.474;186.126;206.010;206.318;118.664;151.754;292.304
2005-08-24 06:55:00;215.567;149.043;1399.420;439.420;   null;221.802; 92.758;167.077;308.005;105.934;168.280;208.306;182.474;205.746;208.734;117.052;152.830;292.038
2005-08-24 07:00:00;217.467;149.380;1402.820;438.547;110.045;220.514; 93.894;167.870;309.975;105.440;167.660;207.694;183.716;208.264;207.140;117.640;151.176;292.736
2005-08-24 07:05:00;214.933;148.047;1400.940;442.077;   null;222.084; 93.304;168.343;305.195;105.995;168.600;205.380;183.904;207.536;204.962;118.754;152.116;291.686
2005-08-24 07:10:00;217.500;152.360;1400.140;441.113;   null;222.550; 93.116;169.260;308.495;103.752;168.120;208.386;182.240;205.652;203.776;116.754;151.570;290.526
2005-08-24 07:15:00;215.633;150.147;1400.480;441.047;110.059;220.868; 93.602;167.457;308.604;103.945;169.100;203.936;186.562;205.404;202.214;116.946;152.272;294.144
2005-08-24 07:20:00;216.200;149.400;1406.140;439.397;   null;221.028; 93.394;165.500;303.177;104.223;170.500;205.406;182.382;203.664;203.834;118.544;150.990;293.752
2005-08-24 07:25:00;215.600;150.500;1397.720;441.184;   null;222.796; 93.790;168.043;304.862;103.754;168.240;205.440;183.906;204.328;205.444;116.344;150.278;294.040
2005-08-24 07:30:00;216.033;150.427;1409.760;441.267;109.795;222.464; 92.678;166.417;305.693;103.856;169.580;204.552;183.642;204.040;205.736;117.586;150.162;293.550
2005-08-24 07:35:00;215.233;148.273;1402.780;441.767;   null;221.628; 93.842;166.317;305.541;104.694;168.960;203.170;181.970;204.942;203.408;116.958;152.276;294.634
2005-08-24 07:40:00;214.433;150.023;1401.660;441.427;   null;220.678; 93.674;167.220;303.954;104.095;169.560;205.120;181.708;203.530;205.504;117.176;150.992;292.584
2005-08-24 07:45:00;214.567;150.067;1397.460;436.470;110.275;219.174; 92.644;167.233;304.872;103.502;168.820;206.860;183.836;200.356;200.550;117.060;151.030;292.002
2005-08-24 07:50:00;214.533;146.930;1397.560;442.820;   null;223.050; 91.750;166.190;302.613;105.056;170.380;204.146;181.184;201.830;201.604;117.632;150.934;290.178
2005-08-24 07:55:00;217.267;148.917;1403.100;435.983;   null;220.720; 91.434;166.617;302.844;104.647;170.780;201.068;181.570;202.084;201.176;117.386;149.902;289.654
2005-08-24 08:00:00;213.400;148.360;1395.020;438.313;108.916;221.018; 92.482;166.817;299.800;104.732;169.740;203.802;182.606;203.828;201.326;116.586;151.428;289.206
2005-08-24 08:05:00;213.567;150.593;1388.880;438.220;   null;222.140; 91.332;166.263;299.734;103.905;168.500;202.062;182.240;201.128;200.788;117.014;148.864;289.976
2005-08-24 08:10:00;213.667;148.383;1403.600;435.730;   null;220.728; 92.290;166.613;302.178;105.054;168.040;202.984;178.104;203.012;199.778;116.774;149.948;289.632
2005-08-24 08:15:00;215.000;148.553;1393.900;440.293;110.899;219.060; 93.326;166.253;303.821;103.955;169.580;201.886;181.494;205.654;201.394;118.314;149.480;291.564
2005-08-24 08:20:00;214.933;148.677;1411.540;440.227;   null;219.676; 92.914;166.240;303.555;104.561;168.520;202.314;182.156;206.716;200.926;118.362;150.172;290.686
2005-08-24 08:25:00;213.367;146.887;1393.880;436.700;   null;222.004; 92.398;167.630;299.163;104.098;168.820;203.374;179.814;203.666;200.406;117.770;149.062;289.972
2005-08-24 08:30:00;214.833;147.740;1399.080;434.673;109.516;220.282; 92.298;163.830;299.306;104.418;167.720;202.058;182.924;202.428;199.608;116.836;149.984;291.270
2005-08-24 08:35:00;213.433;149.903;1397.420;435.930;   null;222.060; 92.256;165.506;298.513;105.583;167.800;202.300;183.288;206.844;196.392;116.980;150.690;292.040
2005-08-24 08:40:00;214.567;148.180;1389.740;435.187;   null;217.436; 91.702;168.557;299.657;104.150;170.000;203.036;182.310;207.206;201.822;117.346;150.390;292.230
2005-08-24 08:45:00;214.433;149.413;1396.180;435.850;109.310;219.736; 92.124;167.927;299.074;102.186;170.100;201.986;183.014;203.872;201.392;117.374;148.788;289.128
2005-08-24 08:50:00;214.233;148.767;1398.360;436.290;   null;218.032; 91.200;165.360;298.709;104.323;168.660;203.364;182.664;205.808;201.498;118.392;148.546;291.048
2005-08-24 08:55:00;212.767;148.683;1391.640;434.560;   null;217.002; 92.274;168.897;298.442;103.168;168.460;202.236;181.130;202.184;200.514;117.370;149.390;288.512
2005-08-24 09:00:00;214.500;149.357;1387.520;434.093;108.632;220.794; 93.314;166.663;299.937;106.216;167.440;201.506;180.582;200.288;200.704;117.102;149.350;287.634
2005-08-24 09:05:00;214.567;148.350;1372.140;432.087;   null;218.924; 91.584;166.110;294.707;103.702;169.980;197.654;178.520;200.472;198.590;116.268;150.384;287.998
2005-08-24 09:10:00;213.733;149.120;1375.600;437.126;   null;217.260; 90.730;167.193;291.173;103.132;166.380;197.448;177.700;197.670;196.380;113.530;146.018;283.656
2005-08-24 09:15:00;210.533;147.937;1378.180;435.990;109.297;218.166; 91.244;163.737;290.629;101.980;165.700;197.238;175.438;199.000;197.352;113.120;144.732;283.278
2005-08-24 09:20:00;210.933;148.543;1380.860;435.717;   null;216.940; 92.112;165.923;289.257;101.584;164.020;198.540;175.138;198.278;197.092;111.362;145.016;284.508
2005-08-24 09:25:00;212.233;145.710;1372.520;432.757;   null;216.080; 92.898;165.300;292.476; 99.334;166.080;196.808;175.326;199.290;197.452;112.988;146.522;284.840
2005-08-24 09:30:00;211.933;147.823;1378.300;428.277;107.349;216.114; 91.724;162.147;293.996;101.724;165.780;196.546;175.222;197.502;197.206;113.742;148.932;286.858
2005-08-24 09:35:00;210.567;148.067;1387.460;434.377;   null;218.168; 93.114;163.343;295.272;103.058;163.740;197.948;175.972;201.112;198.224;114.156;147.760;289.392
2005-08-24 09:40:00;211.567;147.300;1380.180;435.660;   null;216.646; 92.386;164.693;297.975; 99.784;164.860;197.284;176.506;200.548;197.530;115.658;148.016;288.840
2005-08-24 09:45:00;215.133;150.933;1384.600;436.840;108.278;217.520; 92.334;162.620;297.794;101.717;166.040;200.328;177.482;200.668;199.904;115.692;148.508;287.028
2005-08-24 09:50:00;217.933;145.443;1381.520;436.973;   null;213.462; 92.520;162.423;297.679;102.121;165.840;199.198;175.842;200.088;199.632;115.138;149.360;288.118
2005-08-24 09:55:00;214.633;145.500;1382.480;432.133;   null;213.004; 93.032;165.253;300.853;100.504;165.460;201.316;178.344;201.884;200.712;115.498;148.136;286.710
2005-08-24 10:00:00;212.500;144.650;1382.740;431.720;107.877;214.430; 92.822;162.883;300.209;102.694;166.260;200.778;178.080;205.324;199.336;114.502;147.370;284.084
2005-08-24 10:05:00;216.700;147.363;1388.380;430.597;   null;211.314; 91.976;162.047;298.960;101.524;166.600;200.866;178.768;199.424;202.568;115.320;148.880;286.260
2005-08-24 10:10:00;215.033;147.470;1391.740;433.443;   null;214.330; 92.180;160.230;297.878;101.902;164.060;201.336;180.594;202.058;202.178;117.534;149.752;287.664
2005-08-24 10:15:00;213.433;149.360;1391.840;435.040;107.379;212.908; 93.404;160.510;298.808; 99.206;162.540;203.980;178.382;203.080;202.070;116.368;148.574;285.884
2005-08-24 10:20:00;213.633;148.820;1392.100;439.423;   null;212.674; 92.442;160.060;296.849; 97.717;163.000;202.616;177.446;200.504;201.284;117.474;146.274;286.430
2005-08-24 10:25:00;213.667;147.277;1404.520;439.000;   null;210.784; 91.848;161.190;294.774; 98.408;162.300;199.208;177.900;196.896;201.934;115.722;147.142;284.054
2005-08-24 10:30:00;211.967;150.563;1407.340;438.953;107.573;212.936; 92.560;161.140;297.396; 98.588;161.180;199.534;178.492;199.128;196.680;114.044;145.504;280.534
2005-08-24 10:35:00;214.100;150.910;1414.640;440.236;   null;213.872; 89.842;160.557;296.933; 97.024;160.460;200.240;176.586;199.442;201.014;115.362;146.042;281.002
2005-08-24 10:40:00;209.300;149.643;1420.220;440.717;   null;213.358; 91.334;163.250;293.232; 99.241;162.740;199.330;174.928;198.734;200.220;113.558;144.966;279.526
2005-08-24 10:45:00;212.500;151.670;1419.740;443.727;108.474;214.274; 91.194;160.233;294.410; 99.316;161.360;200.092;176.530;199.588;197.024;112.444;144.014;278.834
2005-08-24 10:50:00;213.800;152.697;1414.580;447.160;   null;216.140; 90.110;160.290;292.936;100.038;162.240;199.010;175.718;199.840;196.254;112.952;143.810;278.608
2005-08-24 10:55:00;213.400;151.230;1428.840;447.890;   null;217.840; 91.710;161.797;291.446;100.789;161.780;197.506;175.642;198.932;200.562;113.046;143.292;280.890
2005-08-24 11:00:00;212.433;151.587;1416.200;449.293;110.272;216.644; 91.492;162.933;293.882;101.729;162.380;197.264;175.446;196.982;198.188;112.492;143.892;277.750
2005-08-24 11:05:00;210.200;151.447;1414.640;447.737;   null;216.320; 89.184;162.916;293.617;100.789;161.160;198.558;174.646;197.738;197.692;112.372;144.618;279.320
2005-08-24 11:10:00;211.633;151.073;1416.380;446.710;   null;214.134; 91.388;161.467;291.100;100.493;163.340;198.640;174.396;197.576;197.774;112.984;143.036;278.806
2005-08-24 11:15:00;214.600;150.373;1411.600;443.890;108.956;215.542; 90.594;161.397;291.251; 99.127;161.040;199.136;176.262;197.652;196.850;112.852;141.730;276.186
2005-08-24 11:20:00;214.533;150.537;1412.280;443.793;   null;214.254; 90.818;162.033;292.226; 98.673;161.940;196.268;173.860;197.638;198.538;114.290;143.954;276.540
2005-08-24 11:25:00;212.533;150.210;1417.080;440.297;   null;215.006; 92.314;160.263;288.384;101.083;161.180;197.242;176.504;201.088;197.520;112.940;142.676;279.084
2005-08-24 11:30:00;214.200;148.443;1408.040;439.124;109.050;212.840; 90.210;164.263;290.238; 99.061;160.880;198.452;176.022;197.280;198.206;114.896;143.276;277.608
2005-08-24 11:35:00;213.967;149.417;1400.020;435.203;   null;211.618; 91.034;162.133;289.788;101.211;160.560;199.008;175.474;200.164;197.714;114.638;142.862;277.462
2005-08-24 11:40:00;211.867;148.503;1395.920;433.307;   null;212.748; 90.242;160.250;288.296; 98.410;162.560;198.126;174.620;200.526;197.866;113.672;142.180;277.584
2005-08-24 11:45:00;213.100;147.030;1386.200;435.393;106.716;211.474; 91.278;159.740;292.770; 98.495;162.020;198.160;175.676;199.220;197.860;114.658;142.628;278.054
2005-08-24 11:50:00;210.267;147.310;1387.820;433.453;   null;213.598; 90.096;159.593;294.196;101.074;163.940;197.770;174.432;199.794;199.900;114.596;141.974;277.370
2005-08-24 11:55:00;213.333;148.927;1389.140;432.710;   null;212.108; 90.490;160.720;289.940;100.516;160.340;196.804;175.340;198.774;195.482;114.732;142.912;275.432
2005-08-24 12:00:00;211.033;147.867;1389.420;433.080;106.848;212.290; 89.958;162.967;290.423; 99.894;161.960;197.072;174.632;198.200;198.776;113.482;143.798;277.612
2005-08-24 12:05:00;213.700;147.783;1394.840;435.480;   null;211.812; 90.842;160.663;289.973; 99.924;163.880;198.152;177.700;198.594;198.230;113.484;144.356;277.482
2005-08-24 12:10:00;210.667;148.670;1398.180;433.787;   null;214.960; 91.128;159.247;292.921;100.529;162.800;197.430;175.910;199.300;197.722;115.148;143.516;278.490
2005-08-24 12:15:00;213.200;147.237;1397.000;436.293;107.497;213.316; 92.580;161.297;292.424;100.651;161.540;199.756;175.356;197.874;199.166;113.290;143.866;279.600
2005-08-24 12:20:00;214.600;149.303;1399.740;432.440;   null;212.404; 90.450;160.180;290.901;100.619;162.000;199.920;175.212;199.888;200.578;112.530;143.884;280.408
2005-08-24 12:25:00;213.200;148.827;1402.080;436.103;   null;213.522; 92.416;162.460;295.770; 99.962;163.020;197.638;177.014;200.240;200.490;114.356;144.286;280.386
2005-08-24 12:30:00;213.567;150.100;1404.800;436.897;107.575;212.890; 91.946;160.737;292.359;100.140;161.700;199.124;177.892;199.606;200.228;113.716;147.498;281.888
2005-08-24 12:35:00;211.533;150.017;1408.520;434.653;   null;215.206; 92.810;160.613;295.122; 99.154;160.120;200.428;177.698;200.252;199.260;113.010;144.132;278.254
2005-08-24 12:40:00;216.233;151.110;1407.180;437.840;   null;209.574; 91.576;160.317;298.007;100.051;159.960;198.634;177.472;197.442;198.980;113.224;145.284;283.664
2005-08-24 12:45:00;218.067;149.450;1408.700;439.257;107.843;213.732; 91.814;162.573;296.252; 97.983;161.400;200.432;175.560;201.500;199.050;113.238;146.096;283.090
2005-08-24 12:50:00;215.567;149.250;1407.020;442.317;   null;213.206; 92.898;161.177;294.179; 99.052;160.880;199.678;177.288;198.696;198.880;114.314;144.994;281.350
2005-08-24 12:55:00;212.633;149.170;1403.940;437.033;   null;212.098; 90.770;162.560;293.300; 99.920;164.300;201.424;176.860;199.822;199.918;113.502;146.884;283.868
2005-08-24 13:00:00;214.867;150.973;1409.060;438.243;109.008;211.740; 91.004;163.267;295.472;100.140;163.800;201.064;179.336;198.410;198.922;113.930;144.802;281.466
2005-08-24 13:05:00;215.233;150.110;1413.760;437.690;   null;215.520; 90.162;162.183;294.377;100.112;163.140;201.030;178.042;202.026;198.778;113.262;145.110;279.558
2005-08-24 13:10:00;214.133;147.800;1412.680;439.103;   null;214.210; 91.726;163.160;294.378;100.788;161.320;200.412;177.962;199.864;199.370;113.402;144.618;282.426
2005-08-24 13:15:00;213.633;149.753;1407.140;441.963;108.337;213.928; 91.852;165.037;294.293; 98.246;161.020;199.950;174.946;200.550;201.552;113.730;145.180;278.184
2005-08-24 13:20:00;214.867;149.003;1402.120;437.857;   null;211.362; 92.026;161.277;292.582; 99.658;160.460;198.730;178.092;198.506;201.224;113.494;145.180;281.804
2005-08-24 13:25:00;212.867;150.997;1398.380;437.177;   null;212.988; 91.400;161.150;293.563;100.226;160.900;199.362;173.576;199.430;201.312;113.062;144.924;281.738
2005-08-24 13:30:00;212.233;147.927;1389.500;432.663;107.629;210.984; 92.388;162.457;292.135; 98.873;161.380;198.614;173.050;201.412;199.742;113.326;143.486;279.316
2005-08-24 13:35:00;213.167;147.740;1394.100;434.640;   null;210.520; 91.270;161.484;291.832;100.778;159.940;198.350;176.622;200.354;200.512;114.682;144.402;281.090
2005-08-24 13:40:00;212.800;148.953;1393.300;430.370;   null;212.070; 92.296;161.783;294.823; 99.872;162.120;197.330;175.366;198.004;198.652;113.748;145.574;280.306
2005-08-24 13:45:00;213.600;147.830;1386.860;434.833;106.947;215.228; 91.368;159.337;294.872; 99.933;162.400;200.420;175.278;198.806;200.446;112.406;145.502;280.398
2005-08-24 13:50:00;211.600;147.653;1395.800;431.147;   null;212.960; 89.914;160.983;290.194; 99.257;161.720;199.352;176.498;201.744;198.902;113.752;143.632;281.030
2005-08-24 13:55:00;212.200;150.343;1393.280;433.956;   null;209.842; 91.058;161.733;291.925; 98.427;161.680;199.872;173.866;199.574;197.502;114.010;143.050;281.842
2005-08-24 14:00:00;213.867;148.773;1394.760;434.867;107.925;212.590; 89.834;163.314;291.226;100.330;162.000;197.778;174.412;198.676;197.814;113.132;144.012;278.756
2005-08-24 14:05:00;212.367;149.180;1385.440;429.817;   null;209.694; 90.860;159.684;289.784; 99.655;159.800;198.262;174.182;196.014;197.784;111.766;146.392;283.944
2005-08-24 14:10:00;213.267;149.087;1383.860;434.263;   null;212.518; 91.664;159.437;289.350;100.039;161.180;197.372;173.816;199.130;196.826;113.558;143.942;279.300
2005-08-24 14:15:00;215.300;147.177;1381.380;431.133;107.039;211.446; 92.220;161.830;292.165; 97.755;159.500;196.916;174.166;197.430;198.684;113.188;143.250;278.740
2005-08-24 14:20:00;212.767;148.743;1382.680;429.410;   null;210.664; 90.840;162.763;292.544; 99.982;159.820;196.226;174.788;195.970;198.970;112.430;143.414;275.862
2005-08-24 14:25:00;211.800;148.317;1383.240;429.790;   null;211.344; 90.374;160.134;290.509; 99.182;160.020;199.500;174.338;197.124;197.152;112.510;144.624;280.464
2005-08-24 14:30:00;212.400;146.273;1376.320;431.553;107.590;212.684; 90.654;158.660;293.526;100.399;160.180;198.348;176.742;200.356;197.614;112.436;143.662;278.926
2005-08-24 14:35:00;212.767;147.137;1382.100;431.817;   null;210.398; 91.896;159.757;290.842; 98.339;160.060;197.218;176.054;195.358;199.416;112.528;144.244;277.988
2005-08-24 14:40:00;212.333;147.977;1386.860;430.590;   null;210.644; 93.516;156.200;296.318; 98.527;159.400;199.374;174.138;196.992;197.348;111.840;144.084;278.362
2005-08-24 14:45:00;210.033;148.737;1383.740;429.710;106.589;211.604; 92.114;158.630;292.544; 97.886;159.940;198.764;177.056;200.560;198.048;111.070;143.412;277.634
2005-08-24 14:50:00;210.800;147.113;1387.180;426.357;   null;211.560; 92.620;160.177;294.600; 97.426;161.860;198.692;175.696;200.754;197.834;113.628;144.926;279.452
2005-08-24 14:55:00;212.900;150.960;1384.480;431.017;   null;210.010; 91.970;161.697;291.890; 98.082;157.980;197.058;176.046;197.616;197.210;112.254;142.376;279.184
2005-08-24 15:00:00;214.500;149.340;1397.640;426.800;106.622;211.414; 89.962;160.370;292.878;100.065;158.800;196.574;176.582;197.190;196.048;112.244;142.140;279.806
2005-08-24 15:05:00;210.633;147.413;1378.840;429.573;   null;209.974; 90.836;159.307;292.244; 97.001;158.420;194.960;172.510;198.832;198.170;112.512;144.708;276.336
2005-08-24 15:10:00;215.933;147.040;1394.780;430.163;   null;208.998; 90.282;158.510;290.185; 97.619;158.220;195.134;173.778;197.652;194.922;111.586;143.674;277.538
2005-08-24 15:15:00;212.100;147.273;1390.920;427.037;107.507;208.806; 91.248;160.430;287.303; 98.015;160.220;196.158;176.166;195.540;197.830;112.872;143.472;278.100
2005-08-24 15:20:00;211.467;147.633;1380.940;427.623;   null;206.836; 90.610;159.363;289.361; 98.143;159.660;196.020;176.724;197.620;195.766;112.744;144.260;278.880
2005-08-24 15:25:00;210.267;145.683;1378.400;429.913;   null;210.612; 91.376;158.927;287.337; 97.202;159.840;197.400;173.612;196.926;195.862;112.154;142.322;277.866
2005-08-24 15:30:00;211.400;145.980;1381.340;426.110;107.537;209.238; 91.900;159.327;287.861; 98.058;160.260;196.120;171.966;197.070;198.138;112.196;142.600;274.816
2005-08-24 15:35:00;210.667;147.067;1375.620;425.173;   null;209.884; 91.216;158.003;286.435; 99.367;158.120;196.364;173.240;197.224;196.550;112.206;142.682;277.118
2005-08-24 15:40:00;212.200;147.223;1362.540;427.013;   null;209.030; 90.374;159.430;288.983; 98.709;157.300;195.886;173.636;196.556;197.438;112.062;141.368;277.976
2005-08-24 15:45:00;212.100;148.097;1371.180;429.924;107.312;208.248; 91.510;158.667;288.157; 96.884;159.120;194.644;171.458;196.266;197.504;113.170;141.614;275.412
2005-08-24 15:50:00;211.700;147.877;1366.480;427.963;   null;208.318; 90.746;157.830;286.920; 97.828;159.300;196.816;174.310;197.802;195.594;113.000;141.578;275.416
2005-08-24 15:55:00;210.967;145.410;1357.080;427.877;   null;210.046; 89.712;158.467;288.669; 98.845;158.400;194.942;174.664;196.962;196.748;112.894;143.172;278.824
2005-08-24 16:00:00;211.700;147.560;1368.080;429.403;106.475;210.778; 92.680;158.167;288.669; 98.719;158.060;196.084;172.512;196.628;197.458;111.986;144.104;275.910
2005-08-24 16:05:00;211.233;147.840;1369.400;429.013;   null;212.594; 91.038;159.110;288.736; 99.241;159.920;195.050;172.240;198.504;198.740;112.040;142.692;279.294
2005-08-24 16:10:00;211.367;148.077;1357.020;426.287;   null;211.782; 91.644;160.433;288.109; 99.964;161.020;196.030;173.954;197.418;195.712;113.368;141.444;276.408
2005-08-24 16:15:00;210.633;146.140;1353.380;427.083;106.699;209.292; 91.858;160.197;287.540; 99.626;160.600;193.922;172.706;197.964;195.220;111.586;141.324;276.302
2005-08-24 16:20:00;210.267;146.517;1342.300;425.480;   null;209.642; 89.172;158.400;285.867; 97.395;160.300;195.282;171.646;195.862;195.894;111.228;139.880;275.342
2005-08-24 16:25:00;212.133;145.600;1344.640;425.267;   null;210.486; 90.568;158.653;285.364; 98.179;158.500;196.838;174.618;196.512;196.686;113.160;140.440;273.396
2005-08-24 16:30:00;213.167;147.387;1337.000;425.587;105.873;206.842; 90.482;159.887;287.407; 98.631;158.260;195.482;173.428;197.584;197.316;111.756;139.542;273.704
2005-08-24 16:35:00;211.467;147.430;1343.720;424.470;   null;208.370; 90.140;160.543;289.750; 98.292;158.120;193.952;171.042;195.942;194.790;113.028;142.340;274.352
2005-08-24 16:40:00;212.233;146.037;1338.620;428.247;   null;206.964; 90.378;158.293;288.186; 97.191;160.500;196.090;173.202;195.366;196.792;110.788;141.398;272.658
2005-08-24 16:45:00;209.833;147.727;1339.480;423.043;106.374;209.584; 91.108;158.363;286.109; 97.830;157.360;194.784;172.096;195.510;195.140;111.738;139.852;275.064
2005-08-24 16:50:00;210.267;144.813;1345.960;423.400;   null;209.290; 90.820;159.257;286.913; 97.516;159.360;195.376;173.330;196.004;196.002;111.612;140.856;276.198
2005-08-24 16:55:00;209.167;145.287;1347.100;421.137;   null;207.854; 91.270;155.803;287.382; 96.720;159.700;195.870;172.814;196.500;195.158;112.124;141.324;276.828
2005-08-24 17:00:00;207.233;146.553;1343.520;426.250;105.859;208.304; 89.542;157.640;283.930; 98.754;158.580;196.040;170.866;196.564;195.262;112.334;140.678;272.976
2005-08-24 17:05:00;209.167;145.580;1359.520;421.784;   null;209.206; 89.784;157.637;285.338; 97.550;159.860;196.964;171.786;195.360;197.400;110.696;140.172;275.386
2005-08-24 17:10:00;207.700;143.197;1348.580;422.573;   null;210.576; 90.358;159.683;286.543; 95.624;158.360;193.582;172.872;194.958;194.762;111.882;141.246;274.476
2005-08-24 17:15:00;210.167;145.883;1335.880;423.380;104.620;206.050; 90.104;157.017;287.793; 96.959;159.300;195.578;172.406;194.050;195.280;110.684;141.568;272.722
2005-08-24 17:20:00;210.067;145.877;1363.560;424.083;   null;210.084; 91.396;158.317;285.573; 96.555;158.200;193.282;172.066;198.184;194.842;111.438;140.052;274.320
2005-08-24 17:25:00;211.100;146.220;1348.740;419.537;   null;208.676; 90.980;157.420;287.013; 98.258;157.480;195.764;172.050;197.904;195.880;110.696;140.336;271.580
2005-08-24 17:30:00;210.400;145.313;1357.760;420.880;105.646;209.638; 90.644;158.580;287.808; 97.077;157.520;194.562;172.042;196.136;194.888;110.212;139.110;274.466
2005-08-24 17:35:00;209.333;148.803;1353.220;423.690;   null;208.998; 90.774;156.613;285.170; 99.276;159.020;196.290;172.686;195.440;196.218;111.314;140.394;273.442
2005-08-24 17:40:00;210.700;145.030;1356.140;419.927;   null;208.926; 89.876;157.057;287.506; 97.824;159.280;195.462;174.094;195.160;195.514;110.734;139.608;273.856
2005-08-24 17:45:00;211.000;144.990;1350.120;425.263;105.573;209.446; 90.518;158.413;287.306; 96.910;159.080;193.316;174.334;195.370;193.954;112.240;138.790;273.284
2005-08-24 17:50:00;210.367;148.290;1353.320;426.267;   null;208.168; 89.546;157.246;286.511; 97.293;159.600;197.036;171.520;196.928;195.042;112.576;140.458;274.914
2005-08-24 17:55:00;210.967;145.970;1352.940;424.733;   null;206.984; 92.662;159.263;288.923; 97.307;159.760;196.654;172.890;197.246;195.182;111.748;139.048;270.514
2005-08-24 18:00:00;209.000;145.403;1348.640;425.637;105.925;208.828; 91.996;157.807;285.847; 97.227;158.680;194.820;173.522;196.814;196.442;111.454;140.388;271.880
2005-08-24 18:05:00;210.400;146.467;1367.460;422.590;   null;209.156; 90.702;158.307;287.449; 97.619;160.040;194.876;173.056;195.524;196.842;110.716;139.154;268.572
2005-08-24 18:10:00;212.900;145.337;1340.180;421.426;   null;208.576; 91.286;158.557;287.986; 98.013;159.280;194.332;172.328;198.406;196.422;111.800;138.344;271.314
2005-08-24 18:15:00;211.567;148.227;1347.160;422.823;105.893;205.696; 90.188;157.710;284.634; 97.210;160.340;195.806;170.356;198.724;193.676;112.468;138.200;271.420
2005-08-24 18:20:00;211.367;146.660;1351.740;424.150;   null;207.822; 90.238;157.470;285.244; 97.673;157.820;194.382;173.174;197.714;194.488;111.720;140.088;272.096
2005-08-24 18:25:00;214.200;147.123;1338.880;419.917;   null;209.560; 92.200;159.830;287.399; 98.124;159.460;194.206;172.344;198.806;195.404;111.300;138.974;271.826
2005-08-24 18:30:00;211.967;145.580;1359.940;423.247;105.605;210.388; 91.130;158.720;286.694; 98.898;158.900;191.992;172.972;198.382;195.198;111.686;137.914;270.140
2005-08-24 18:35:00;212.500;145.837;1337.320;424.060;   null;207.666; 91.600;155.993;286.325; 98.727;157.680;195.980;171.068;196.804;194.744;111.738;139.166;271.264
2005-08-24 18:40:00;210.867;148.197;1345.280;429.043;   null;207.404; 90.228;158.773;285.560; 98.521;159.700;193.200;172.716;197.600;195.208;112.190;140.280;271.886
2005-08-24 18:45:00;212.267;146.370;1351.640;423.607;106.193;208.776; 90.672;158.437;290.688; 98.868;158.920;196.916;170.240;198.922;196.912;111.562;141.626;272.180
2005-08-24 18:50:00;210.800;146.497;1347.840;424.550;   null;207.936; 91.050;158.180;289.782; 98.475;159.900;196.196;174.278;198.516;198.630;111.604;142.284;273.424
2005-08-24 18:55:00;212.800;145.617;1345.560;417.833;   null;204.116; 92.612;159.180;289.044; 98.183;160.880;196.652;174.770;199.024;199.674;111.796;142.898;277.924
2005-08-24 19:00:00;213.267;145.017;1348.260;420.277;106.528;207.924; 91.710;157.693;287.700; 97.693;158.300;194.638;172.748;200.802;197.016;112.314;143.108;277.470
2005-08-24 19:05:00;212.400;146.257;1336.600;421.060;   null;207.144; 90.714;161.026;288.338; 99.958;158.840;195.952;173.516;197.736;197.938;112.826;143.874;278.562
2005-08-24 19:10:00;212.533;145.907;1365.120;425.333;   null;208.716; 90.486;161.560;291.828; 97.591;159.260;195.692;173.840;196.656;198.096;111.238;143.528;277.816
2005-08-24 19:15:00;210.933;148.893;1341.920;424.230;106.406;209.950; 92.090;159.320;291.292; 98.758;158.820;198.640;172.786;199.244;196.936;112.478;143.110;277.266
2005-08-24 19:20:00;214.867;147.223;1345.680;425.307;   null;207.648; 91.202;157.577;290.117; 97.710;160.640;196.790;172.464;198.368;198.568;110.894;141.880;277.266
2005-08-24 19:25:00;214.933;145.393;1348.240;424.467;   null;207.716; 91.494;160.156;291.426; 98.970;160.520;197.456;173.664;201.024;198.094;113.070;142.718;276.940
2005-08-24 19:30:00;214.567;147.223;1355.540;426.413;106.484;208.358; 91.800;160.040;290.621; 98.094;161.060;197.334;173.690;200.248;202.074;111.472;141.530;277.262
2005-08-24 19:35:00;212.800;147.730;1341.200;423.313;   null;206.042; 91.462;158.633;290.396; 98.713;161.720;196.344;173.416;200.248;199.132;112.052;142.550;276.484
2005-08-24 19:40:00;213.600;145.907;1347.960;429.920;   null;208.850; 91.366;158.970;287.978;100.107;157.540;198.672;173.110;199.370;199.156;111.508;141.620;275.634
2005-08-24 19:45:00;213.100;146.583;1355.880;427.270;106.975;210.198; 91.154;160.290;295.199;100.617;159.420;199.120;174.322;202.052;198.424;112.186;141.510;275.008
2005-08-24 19:50:00;215.833;146.380;1347.660;423.270;   null;209.610; 90.708;159.260;292.065; 98.565;158.120;198.322;174.366;198.334;200.542;112.434;141.990;275.150
2005-08-24 19:55:00;212.500;146.813;1353.660;423.493;   null;211.008; 92.238;157.253;293.936; 99.454;160.240;197.592;175.488;197.864;199.460;112.112;142.360;273.716
2005-08-24 20:00:00;212.333;145.447;1348.060;425.040;106.546;212.112; 92.950;159.293;292.827; 99.824;158.760;198.744;172.896;198.874;199.336;112.858;141.366;274.622
2005-08-24 20:05:00;212.167;145.790;1338.760;426.937;   null;209.420; 91.088;158.357;293.263; 97.675;163.120;200.508;173.434;201.162;197.916;112.484;142.660;274.550
2005-08-24 20:10:00;211.500;144.973;1344.240;425.373;   null;210.908; 91.430;158.520;293.432; 98.665;160.300;197.558;174.074;198.990;201.774;112.162;141.424;275.566
2005-08-24 20:15:00;214.433;145.697;1337.860;422.567;106.223;207.598; 90.374;157.733;292.973; 97.555;160.300;201.258;174.978;195.928;202.392;113.324;141.930;274.846
2005-08-24 20:20:00;213.700;146.317;1331.980;422.910;   null;208.196; 91.208;161.414;293.970; 97.460;161.980;198.748;177.570;199.084;198.564;112.414;142.186;275.820
2005-08-24 20:25:00;213.833;144.177;1339.100;425.377;   null;210.000; 91.186;158.523;293.196; 97.736;161.760;200.152;175.506;198.626;201.004;112.368;143.350;277.858
2005-08-24 20:30:00;212.733;145.330;1333.780;419.980;104.744;209.100; 91.698;160.447;292.917; 99.588;162.820;200.296;174.984;200.408;200.376;112.608;140.472;276.978
2005-08-24 20:35:00;213.000;144.470;1334.880;420.523;   null;206.120; 91.414;158.647;294.028; 99.638;157.720;198.424;175.278;196.172;197.634;111.400;140.468;272.478
2005-08-24 20:40:00;214.333;147.070;1335.540;421.580;   null;207.620; 91.760;160.447;291.224; 98.809;161.820;198.412;175.076;198.176;198.998;111.332;140.172;272.424
2005-08-24 20:45:00;212.967;144.770;1332.320;416.807;105.335;205.726; 90.234;159.063;294.769; 98.935;158.520;197.168;175.248;200.136;200.810;110.774;140.338;272.218
2005-08-24 20:50:00;213.133;141.750;1342.700;419.670;   null;207.204; 89.834;158.490;294.668; 98.547;158.380;196.182;176.424;197.758;197.198;113.278;141.152;274.168
2005-08-24 20:55:00;210.900;145.380;1333.260;417.533;   null;208.490; 91.214;158.357;293.368; 97.528;159.840;198.458;175.356;195.884;197.484;112.710;140.752;273.968
2005-08-24 21:00:00;212.933;146.333;1341.280;422.147;105.031;209.028; 90.848;157.447;293.379; 98.833;159.120;200.648;175.772;197.354;200.812;111.660;140.364;273.014
2005-08-24 21:05:00;211.233;145.727;1336.620;414.740;   null;206.958; 90.244;156.187;293.346; 99.455;160.460;199.612;175.022;196.762;199.212;113.620;139.016;272.768
2005-08-24 21:10:00;211.300;146.187;1330.540;418.523;   null;207.926; 90.662;155.127;296.326; 98.500;158.760;200.030;177.928;200.276;199.880;110.848;138.612;271.112
2005-08-24 21:15:00;210.733;144.927;1335.420;419.557;105.107;206.766; 91.522;156.960;293.774; 99.593;161.340;199.154;175.068;199.104;198.532;111.206;138.906;270.216
2005-08-24 21:20:00;211.300;145.890;1337.860;420.400;   null;209.186; 91.534;155.467;293.504; 97.164;157.720;199.296;174.702;200.390;197.138;113.088;138.308;272.306
2005-08-24 21:25:00;212.800;142.860;1335.820;416.570;   null;209.604; 90.856;156.987;292.763; 98.171;156.020;199.706;174.270;198.552;195.076;112.054;138.514;270.142
2005-08-24 21:30:00;211.433;144.213;1358.140;418.647;104.916;205.898; 90.278;156.627;288.374; 97.944;159.020;198.394;174.664;196.894;197.162;112.318;139.284;268.896
2005-08-24 21:35:00;210.933;144.057;1326.880;417.023;   null;207.330; 90.182;157.753;290.780; 97.441;158.260;199.750;175.800;197.962;200.292;113.534;137.532;269.932
2005-08-24 21:40:00;208.533;143.877;1344.880;419.750;   null;209.208; 91.424;156.890;293.280; 97.479;158.780;196.106;173.684;197.568;200.874;112.884;138.208;272.102
2005-08-24 21:45:00;212.567;144.227;1337.840;421.000;105.072;211.676; 92.116;155.130;288.490; 98.039;157.660;197.490;173.348;199.888;200.342;112.442;138.382;269.672
2005-08-24 21:50:00;211.233;143.990;1348.860;421.320;   null;207.976; 91.070;156.903;288.295; 99.494;159.700;198.404;176.318;196.616;198.116;113.078;138.860;268.286
2005-08-24 21:55:00;211.900;143.110;1335.160;419.037;   null;205.952; 91.444;158.340;287.930; 98.368;158.560;199.630;173.888;199.332;199.034;111.278;138.726;271.826
2005-08-24 22:00:00;212.333;143.687;1357.840;417.497;104.999;208.290; 91.510;155.043;288.622; 97.900;160.180;199.098;176.448;199.572;198.314;112.148;139.190;272.102
2005-08-24 22:05:00;212.100;144.680;1340.840;415.713;   null;207.752; 90.648;156.837;290.996; 98.360;158.860;198.992;174.430;197.598;197.890;110.962;138.460;272.222
2005-08-24 22:10:00;213.200;145.530;1344.920;418.620;   null;206.860; 92.172;157.223;292.420; 97.057;160.520;198.876;175.342;195.440;200.318;112.710;139.430;270.032
2005-08-24 22:15:00;210.667;144.567;1342.220;418.723;105.886;207.660; 90.938;158.466;288.257; 97.813;158.760;198.888;173.936;198.022;201.712;113.162;139.386;269.666
2005-08-24 22:20:00;210.367;144.177;1346.240;415.803;   null;206.356; 89.892;158.080;289.884; 97.473;160.340;197.222;175.264;198.252;201.796;113.192;139.978;267.620
2005-08-24 22:25:00;210.500;144.683;1333.280;416.920;   null;209.400; 91.718;156.447;290.471; 97.374;159.260;198.744;174.592;197.354;199.682;112.482;138.744;268.384
2005-08-24 22:30:00;209.667;145.547;1337.160;417.843;104.724;206.968; 89.966;156.030;287.476; 98.060;159.040;198.362;175.060;196.708;200.344;111.726;139.468;269.586
2005-08-24 22:35:00;213.700;143.410;1332.360;417.603;   null;207.512; 91.134;155.880;291.803; 98.538;160.980;196.512;175.486;195.642;198.668;112.566;138.518;268.660
2005-08-24 22:40:00;211.833;144.300;1332.160;418.010;   null;202.670; 89.704;156.350;291.667; 96.915;159.180;197.534;175.848;197.546;202.600;113.394;139.106;271.226
2005-08-24 22:45:00;210.933;145.107;1336.720;417.540;104.756;204.754; 89.828;159.096;289.934; 97.568;159.020;197.728;175.006;193.314;198.928;113.168;138.482;269.754
2005-08-24 22:50:00;210.033;145.057;1340.160;417.000;   null;208.500; 89.766;156.180;289.010; 99.567;161.060;198.526;173.368;195.982;200.328;113.642;138.426;268.508
2005-08-24 22:55:00;208.267;143.460;1348.380;416.013;   null;208.232; 90.500;158.977;293.264; 98.238;161.140;195.042;175.428;197.668;199.932;113.180;140.194;270.674
2005-08-24 23:00:00;211.233;144.117;1339.700;415.740;105.112;205.424; 90.386;158.263;290.214; 98.959;160.160;197.660;176.910;198.696;200.986;112.170;139.570;269.808
2005-08-24 23:05:00;210.633;145.417;1342.940;418.560;   null;204.018; 90.832;156.217;290.426; 99.252;159.320;198.406;175.056;198.828;200.482;113.426;138.654;267.820
2005-08-24 23:10:00;213.167;144.133;1349.120;416.737;   null;205.438; 89.962;155.940;292.332; 97.011;159.040;196.422;174.196;197.030;200.284;112.298;139.572;268.594
2005-08-24 23:15:00;209.900;141.007;1345.900;417.583;   null;205.888; 89.862;157.787;291.107; 97.633;161.180;197.626;175.480;195.700;200.926;112.022;138.148;271.250
2005-08-24 23:20:00;210.233;144.383;1364.300;419.887;   null;206.236; 89.784;157.700;295.293; 96.842;160.200;197.374;174.854;194.436;200.134;113.312;137.908;270.324
2005-08-24 23:25:00;212.033;143.637;1338.320;416.677;   null;205.262; 91.706;157.657;295.020; 98.375;159.300;197.150;175.548;196.628;198.264;112.236;138.536;268.676
2005-08-24 23:30:00;213.800;144.627;1338.360;413.990;   null;202.926; 90.382;156.903;296.993; 97.197;159.380;197.396;174.376;195.514;202.524;112.934;138.500;269.544
2005-08-24 23:35:00;213.633;143.427;1344.680;416.933;   null;206.606; 90.886;156.340;294.690; 98.704;160.700;201.442;179.268;196.472;200.338;111.474;138.302;269.732
2005-08-24 23:40:00;212.567;145.313;1353.980;417.223;   null;205.670; 91.402;156.770;296.836; 97.251;160.640;197.268;177.392;197.780;199.456;113.188;137.350;269.478
2005-08-24 23:45:00;211.400;142.973;1343.080;414.197;   null;206.280; 90.724;154.970;293.907; 96.632;159.960;200.638;174.550;195.000;198.538;114.072;138.830;269.288
2005-08-24 23:50:00;210.933;142.263;1347.060;413.417;   null;206.134; 90.644;158.490;293.848; 96.186;160.260;200.280;175.864;195.752;199.512;112.312;138.906;270.928
2005-08-24 23:55:00;209.733;142.380;1340.660;417.313;   null;206.902; 90.228;156.180;294.258; 97.507;159.080;200.968;176.934;195.184;199.450;111.852;138.520;269.502
2005-08-25 00:00:00;209.933;141.633;1354.240;414.680;   null;210.056; 90.126;155.657;293.304; 96.832;156.560;200.340;176.340;192.730;198.652;112.406;138.980;267.658
2005-08-25 00:05:00;212.633;144.157;1344.060;415.900;   null;204.286; 91.044;155.430;294.394; 96.450;159.040;196.712;177.598;196.192;198.538;112.884;138.360;267.770
2005-08-25 00:10:00;210.967;144.130;1360.740;416.530;   null;205.536; 89.410;156.907;292.828; 98.267;158.540;198.674;176.240;195.404;196.774;111.072;137.258;269.686
2005-08-25 00:15:00;207.933;144.893;1344.500;415.140;   null;205.890; 90.260;155.417;291.950; 96.887;157.340;198.280;175.088;196.098;198.438;112.780;139.730;269.630
2005-08-25 00:20:00;211.867;143.900;1352.520;415.157;   null;205.992; 91.310;156.253;294.575; 97.656;158.260;198.640;174.308;195.074;197.122;112.190;138.378;267.476
2005-08-25 00:25:00;209.600;144.630;1342.420;414.820;   null;206.604; 89.064;154.263;294.405; 98.135;158.980;197.748;178.098;195.654;196.814;111.892;138.328;269.416
2005-08-25 00:30:00;209.867;145.277;1347.380;413.497;   null;210.478; 89.814;157.837;292.640; 96.764;158.280;196.318;174.460;193.612;197.064;112.568;137.328;270.088
2005-08-25 00:35:00;212.633;144.403;1342.220;417.717;   null;205.770; 89.384;159.467;290.558; 97.247;157.880;197.950;173.874;195.204;196.678;112.446;138.140;268.080
2005-08-25 00:40:00;209.400;145.487;1366.940;416.230;   null;206.008; 90.944;155.763;293.673; 96.724;157.900;197.224;174.686;196.598;197.836;112.054;139.156;269.974
2005-08-25 00:45:00;209.133;142.317;1339.860;414.753;   null;204.604; 90.734;156.777;294.083; 96.855;158.540;196.294;175.468;194.916;197.682;111.792;137.914;268.856
2005-08-25 00:50:00;209.433;142.767;1360.060;419.200;   null;205.938; 90.732;158.230;293.683; 97.223;158.160;198.364;173.982;194.544;198.318;111.530;137.210;269.430
2005-08-25 00:55:00;208.967;143.967;1357.160;414.880;   null;204.872; 91.510;156.750;296.041; 97.142;158.120;200.314;174.522;195.394;199.474;113.062;137.878;269.250
2005-08-25 01:00:00;211.167;144.447;1354.200;412.800;   null;208.390; 89.538;157.160;295.620; 97.375;159.980;197.424;175.332;196.956;198.946;113.338;138.528;266.952
2005-08-25 01:05:00;212.000;145.493;1348.840;417.537;   null;206.682; 89.908;155.150;293.025; 96.401;160.200;199.100;174.006;195.618;199.030;112.088;137.344;268.790
2005-08-25 01:10:00;210.500;143.483;1351.880;412.837;   null;205.864; 88.906;155.120;291.548; 97.173;156.720;200.876;175.640;194.024;198.296;111.416;137.206;269.210
2005-08-25 01:15:00;210.767;143.577;1349.580;410.600;   null;206.066; 88.490;156.553;297.464; 95.881;159.120;201.116;175.972;195.648;197.192;112.224;138.066;270.958
2005-08-25 01:20:00;207.833;144.947;1348.560;415.013;   null;204.512; 89.306;156.407;293.196; 95.429;158.700;200.198;175.560;193.972;196.156;112.524;138.608;268.328
2005-08-25 01:25:00;209.933;143.567;1353.860;416.473;   null;206.808; 91.006;155.836;294.333; 96.938;159.100;200.974;174.124;197.368;199.532;112.716;138.474;267.302
2005-08-25 01:30:00;209.600;145.177;1354.240;414.623;   null;205.422; 90.394;156.967;293.000; 96.318;158.720;199.954;174.250;195.926;197.920;113.882;138.170;267.736
2005-08-25 01:35:00;212.167;144.743;1359.500;413.223;   null;205.882; 89.428;156.200;295.460; 96.612;157.320;200.758;173.872;195.618;197.376;113.046;137.498;267.612
2005-08-25 01:40:00;210.333;145.277;1351.060;416.687;   null;206.644; 88.798;154.680;295.392; 97.357;156.120;203.322;177.384;197.402;195.118;112.358;137.174;267.076
2005-08-25 01:45:00;212.167;143.303;1350.080;415.603;   null;208.820; 89.970;156.893;294.265; 96.100;158.100;200.662;176.174;195.656;196.678;112.546;137.736;267.222
2005-08-25 01:50:00;210.233;145.907;1354.460;415.767;   null;209.882; 89.702;155.937;295.996; 96.828;160.180;201.084;175.322;194.060;196.118;112.108;136.570;269.718
2005-08-25 01:55:00;210.900;144.750;1358.980;416.157;   null;209.312; 89.514;156.243;297.478; 98.391;157.500;200.064;176.818;195.108;197.318;112.912;137.328;267.918
2005-08-25 02:00:00;208.600;143.107;1372.640;417.537;   null;209.056; 88.886;157.057;292.384; 97.962;157.880;202.216;174.484;195.904;195.848;112.454;137.436;266.772
2005-08-25 02:05:00;207.267;145.693;1347.640;412.733;   null;207.522; 89.566;153.930;292.864; 98.909;157.700;199.610;175.136;193.872;195.732;110.982;137.256;267.274
2005-08-25 02:10:00;207.600;143.653;1354.040;416.460;   null;205.742; 88.540;155.230;295.847; 97.581;158.440;200.180;174.498;191.514;197.332;112.274;135.874;268.058
2005-08-25 02:15:00;210.433;142.983;1360.540;415.780;   null;208.292; 86.992;156.000;293.488; 97.787;159.180;199.050;176.846;193.168;196.432;112.064;136.380;269.036
2005-08-25 02:20:00;207.867;144.323;1355.120;420.840;   null;204.990; 88.414;155.357;294.044; 95.760;159.660;200.316;175.542;192.818;194.816;111.692;137.448;268.462
2005-08-25 02:25:00;210.467;144.157;1362.600;414.303;   null;207.400; 89.090;157.216;293.737; 97.353;157.760;200.068;176.486;195.524;196.172;112.968;136.822;267.408
2005-08-25 02:30:00;207.367;146.877;1368.540;415.520;   null;212.388; 89.082;154.667;292.237; 97.892;158.080;199.900;175.382;195.574;196.292;113.378;137.756;268.986
2005-08-25 02:35:00;209.533;144.550;1360.860;417.500;   null;207.080; 88.438;153.667;290.743; 98.039;157.820;201.204;175.068;194.800;195.898;111.650;137.768;269.212
2005-08-25 02:40:00;210.700;145.393;1354.680;414.480;   null;207.492; 89.534;158.763;291.458; 96.993;157.840;200.492;174.882;191.588;195.888;113.290;138.074;266.876
2005-08-25 02:45:00;207.233;142.650;1358.360;418.157;   null;207.444; 88.376;157.023;292.519; 97.194;157.300;199.626;176.822;193.914;195.116;112.908;138.296;267.982
2005-08-25 02:50:00;209.200;144.220;1359.540;415.210;   null;205.050; 89.648;155.983;291.430; 98.487;156.500;197.682;176.792;193.704;195.746;112.578;138.222;268.240
2005-08-25 02:55:00;209.033;144.677;1365.400;416.583;   null;205.670; 88.626;154.900;293.804; 98.114;159.360;197.688;177.934;194.546;193.908;111.412;137.078;268.618
2005-08-25 03:00:00;209.300;144.933;1361.080;414.810;   null;207.082; 89.778;154.677;292.631; 96.520;160.640;197.684;175.394;191.926;192.870;112.024;138.242;270.206
2005-08-25 03:05:00;208.367;144.930;1369.620;417.177;   null;208.498; 88.576;156.720;292.177; 97.269;158.240;198.490;175.378;193.470;195.112;113.336;137.010;269.900
2005-08-25 03:10:00;209.500;144.783;1356.260;417.240;   null;207.922; 88.804;154.493;291.389; 97.572;157.400;198.650;177.752;191.428;195.090;111.164;137.610;266.794
2005-08-25 03:15:00;210.967;145.643;1360.560;417.590;   null;208.010; 88.120;155.937;291.922; 96.610;157.840;198.188;174.748;191.484;194.474;112.046;137.136;268.168
2005-08-25 03:20:00;206.767;143.843;1364.860;414.447;   null;207.292; 89.396;155.317;292.470; 97.769;157.360;199.320;177.402;195.286;196.194;112.164;136.756;269.438
2005-08-25 03:25:00;209.467;145.207;1360.680;417.710;   null;207.844; 89.002;157.907;290.963; 97.609;158.360;199.058;175.972;194.382;193.410;112.156;139.638;270.348
2005-08-25 03:30:00;209.667;146.313;1356.480;418.887;   null;209.292; 88.070;157.027;293.650; 97.103;158.100;199.938;177.722;194.254;197.286;113.278;135.950;270.182
2005-08-25 03:35:00;208.600;145.853;1361.900;416.430;   null;208.956; 88.082;155.197;293.068; 97.894;157.420;199.780;176.926;194.138;194.730;111.344;137.486;267.830
2005-08-25 03:40:00;208.133;143.760;1370.660;422.687;   null;208.578; 88.210;155.147;294.127; 96.711;156.940;197.752;175.924;191.036;195.802;111.534;137.634;268.480
2005-08-25 03:45:00;209.500;145.010;1365.080;419.370;   null;209.812; 89.064;158.723;289.719; 96.898;158.480;200.816;177.476;192.842;193.784;112.246;138.890;265.864
2005-08-25 03:50:00;208.800;144.747;1365.920;417.183;   null;207.468; 89.590;157.303;292.530; 97.508;158.480;199.216;175.814;192.280;195.028;111.790;137.022;268.492
2005-08-25 03:55:00;207.300;145.490;1366.820;416.107;   null;209.148; 87.888;156.343;291.265; 97.437;160.260;197.160;175.154;193.298;194.800;112.270;138.060;267.776
2005-08-25 04:00:00;210.367;145.873;1366.700;414.207;   null;208.838; 87.630;158.253;289.212; 98.938;157.700;196.524;176.310;192.968;194.556;112.286;138.410;266.956
2005-08-25 04:05:00;208.200;144.093;1376.700;418.167;   null;208.518; 90.300;156.277;287.980; 98.969;158.000;197.130;177.764;194.154;194.734;111.736;139.056;270.232
2005-08-25 04:10:00;210.300;143.917;1375.140;416.480;   null;207.508; 89.874;156.770;291.709; 97.824;158.120;196.492;179.388;194.134;195.996;111.340;138.882;267.620
2005-08-25 04:15:00;208.600;144.670;1369.860;419.403;   null;207.856; 88.980;157.617;290.238; 96.700;158.180;195.340;177.734;194.130;195.896;112.550;138.448;266.954
2005-08-25 04:20:00;207.433;143.827;1366.800;416.000;   null;207.796; 86.694;157.010;289.150; 98.796;158.400;197.240;176.596;194.724;193.222;112.898;136.194;267.524
2005-08-25 04:25:00;208.067;144.693;1360.140;412.620;   null;207.968; 87.582;156.820;291.709; 97.098;159.080;198.452;176.416;193.036;193.342;111.486;139.202;270.908
2005-08-25 04:30:00;208.667;143.813;1385.080;415.587;   null;204.860; 87.884;155.997;289.896; 96.832;159.160;198.646;178.726;192.600;193.670;112.690;137.340;269.338
2005-08-25 04:35:00;209.700;144.503;1370.800;414.397;   null;206.838; 89.174;156.517;289.246; 98.222;159.300;198.240;176.364;194.276;192.330;111.788;138.204;268.462
2005-08-25 04:40:00;206.167;145.650;1382.320;416.533;   null;208.212; 89.010;156.393;289.821; 98.699;160.000;199.384;176.616;192.684;194.050;111.552;139.226;269.766
2005-08-25 04:45:00;209.200;145.617;1370.160;417.224;   null;210.758; 89.910;159.283;289.308; 97.429;157.660;197.738;176.734;192.882;194.828;110.776;138.248;270.474
2005-08-25 04:50:00;208.600;144.490;1381.320;414.477;   null;209.584; 88.120;155.300;287.087; 98.007;158.900;195.670;177.150;194.016;193.564;112.082;138.498;270.902
2005-08-25 04:55:00;210.033;146.350;1373.300;415.560;   null;208.428; 88.408;157.987;288.619; 99.027;157.960;194.216;177.736;194.004;193.802;111.160;137.284;269.056
2005-08-25 05:00:00;210.333;144.057;1368.980;415.360;   null;203.870; 88.500;159.517;285.272; 99.170;160.000;196.006;176.518;193.578;193.712;110.196;139.366;272.306
2005-08-25 05:05:00;207.467;144.093;1366.960;415.403;   null;208.360; 89.274;154.683;288.961; 97.399;160.340;195.858;177.076;193.972;193.944;111.712;138.684;268.866
2005-08-25 05:10:00;209.567;143.963;1372.140;415.780;   null;209.018; 89.864;158.033;287.463; 97.950;159.840;198.788;177.588;193.162;193.178;112.406;138.646;270.462
2005-08-25 05:15:00;207.200;144.613;1368.560;416.967;   null;206.364; 87.694;155.610;290.225; 97.584;159.280;197.016;175.262;193.602;191.890;111.570;138.324;268.638
2005-08-25 05:20:00;207.500;147.227;1390.700;421.607;   null;209.616; 88.440;154.363;287.390; 98.770;159.980;196.884;177.544;192.724;194.666;111.878;138.340;269.516
2005-08-25 05:25:00;209.067;146.070;1370.760;417.847;   null;208.608; 88.600;158.083;288.653; 98.687;159.440;198.962;176.068;192.502;195.224;112.730;137.662;269.646
2005-08-25 05:30:00;208.033;148.397;1378.380;416.320;   null;210.824; 90.566;157.873;283.975; 97.993;160.440;195.962;176.032;192.056;192.714;111.844;138.512;268.730
2005-08-25 05:35:00;208.400;145.853;1375.480;418.483;   null;207.228; 90.200;158.883;286.810; 97.888;159.220;197.374;176.616;196.134;192.460;111.882;136.968;267.976
2005-08-25 05:40:00;208.967;144.403;1372.960;417.610;   null;208.946; 88.956;157.387;288.716; 96.631;158.020;196.758;175.672;194.556;193.952;112.680;138.752;269.716
2005-08-25 05:45:00;207.867;144.423;1383.300;417.597;   null;210.242; 90.396;157.276;288.136; 97.151;158.800;196.908;176.448;196.156;192.800;111.156;139.318;271.130
2005-08-25 05:50:00;208.367;144.000;1373.560;420.530;   null;207.910; 89.834;157.443;284.928; 97.861;162.720;195.396;177.654;192.278;192.566;111.850;139.884;270.142
2005-08-25 05:55:00;207.500;147.967;1373.220;417.147;   null;207.110; 88.572;155.567;288.135; 99.190;160.020;197.522;176.530;194.318;192.306;110.784;138.728;270.646
2005-08-25 06:00:00;208.367;145.383;1368.700;418.267;   null;208.728; 90.634;159.190;286.634; 98.796;159.540;196.074;176.390;194.500;194.040;111.776;139.500;268.978
2005-08-25 06:05:00;209.267;144.597;1368.880;419.610;   null;207.844; 89.038;157.320;285.132; 97.429;159.260;195.512;174.916;194.312;193.094;111.546;137.274;270.330
2005-08-25 06:10:00;208.300;145.877;1379.620;420.740;   null;210.196; 88.174;156.590;286.122; 98.597;158.640;197.364;176.832;195.746;193.936;111.206;138.420;270.276
2005-08-25 06:15:00;210.300;146.177;1373.820;421.087;   null;211.228; 89.778;157.750;286.459; 99.256;159.700;197.444;175.924;192.608;194.332;112.364;139.012;270.668
2005-08-25 06:20:00;208.167;146.090;1387.320;418.773;   null;207.022; 87.882;157.487;285.128; 97.902;160.860;197.530;175.136;194.266;193.828;112.552;139.666;273.152
2005-08-25 06:25:00;206.567;145.707;1380.720;419.350;   null;209.334; 87.454;159.950;284.754; 98.183;158.920;193.542;177.054;193.972;192.848;112.668;138.608;271.856
2005-08-25 06:30:00;210.233;145.200;1398.880;419.673;104.201;208.896; 88.782;158.620;283.253; 98.310;161.660;197.046;174.650;194.030;194.304;112.398;139.878;270.224
2005-08-25 06:35:00;208.133;142.120;1381.400;418.087;   null;207.582; 88.458;156.760;288.402; 98.638;160.600;197.402;175.750;193.842;193.860;112.620;140.220;271.708
2005-08-25 06:40:00;210.100;144.017;1395.440;418.640;   null;210.776; 88.736;158.157;288.266; 99.027;161.940;196.130;176.342;193.340;193.232;112.146;140.138;269.954
2005-08-25 06:45:00;208.200;145.973;1381.680;422.423;104.713;213.842; 88.256;156.583;287.448;100.144;159.580;196.158;175.806;195.164;194.406;113.136;137.534;269.776
2005-08-25 06:50:00;208.267;146.323;1396.580;420.780;   null;210.838; 89.088;158.057;287.107; 97.524;160.160;196.200;175.962;193.882;195.226;111.750;139.692;271.654
2005-08-25 06:55:00;209.667;146.643;1400.100;421.090;   null;212.744; 89.782;157.437;287.277; 98.945;161.420;195.740;176.226;196.134;195.386;111.318;138.766;270.706
2005-08-25 07:00:00;207.200;147.207;1381.460;419.993;105.058;212.330; 90.696;158.240;287.140; 98.271;160.140;197.134;173.806;194.136;192.920;110.894;139.594;272.506
2005-08-25 07:05:00;209.667;144.850;1406.120;418.460;   null;209.076; 87.642;157.863;283.663; 98.051;159.740;195.758;174.954;194.714;195.370;112.222;138.546;271.366
2005-08-25 07:10:00;207.367;144.773;1390.720;427.063;   null;210.996; 87.984;159.026;285.163; 97.831;161.520;196.298;176.752;196.304;193.774;110.348;139.282;271.728
2005-08-25 07:15:00;208.867;144.607;1382.320;422.950;105.558;210.842; 89.594;157.160;284.345; 98.873;160.080;194.364;177.656;192.708;195.302;112.628;140.694;270.182
2005-08-25 07:20:00;206.767;145.990;1385.860;420.803;   null;212.814; 90.098;157.220;286.522; 98.143;160.160;195.668;174.862;194.514;194.006;113.608;139.944;273.202
2005-08-25 07:25:00;209.700;144.650;1388.620;421.583;   null;213.256; 89.488;158.257;286.902; 98.723;160.440;197.226;175.170;195.388;193.380;111.298;140.334;270.978
2005-08-25 07:30:00;208.633;147.200;1384.960;424.293;105.889;211.676; 89.256;157.910;287.681;100.266;159.780;195.534;177.018;194.858;194.802;112.106;139.726;269.196
2005-08-25 07:35:00;209.733;144.007;1402.000;421.947;   null;208.482; 88.996;155.917;287.885; 96.884;161.280;194.498;175.920;194.078;193.822;112.022;141.436;271.904
2005-08-25 07:40:00;208.733;144.663;1381.960;420.873;   null;210.758; 90.608;156.263;283.592; 98.517;161.000;197.606;174.448;195.110;193.766;113.010;139.142;271.186
2005-08-25 07:45:00;211.200;147.277;1377.380;423.320;105.410;207.710; 88.820;158.480;287.102; 98.473;162.160;197.248;175.818;195.396;197.738;112.312;141.192;272.300
2005-08-25 07:50:00;206.767;144.447;1391.120;423.823;   null;212.824; 89.846;160.286;284.342; 99.008;158.900;195.312;176.524;194.390;196.778;111.682;140.556;272.488
2005-08-25 07:55:00;210.000;145.677;1381.820;423.853;   null;210.518; 87.254;158.890;286.660; 98.017;162.900;193.456;175.916;191.820;196.256;112.042;140.194;272.168
2005-08-25 08:00:00;209.133;147.070;1394.740;426.257;105.608;211.142; 87.860;156.743;286.658;100.032;159.340;194.650;175.706;193.692;195.242;112.654;139.256;273.794
2005-08-25 08:05:00;209.967;146.333;1386.900;426.590;   null;210.366; 90.038;157.177;285.943; 97.819;162.360;194.350;174.316;197.646;193.432;111.610;139.592;273.406
2005-08-25 08:10:00;209.600;146.280;1392.580;422.103;   null;211.050; 87.688;160.597;284.069; 99.831;163.280;196.618;175.996;194.552;194.542;114.342;139.122;273.536
2005-08-25 08:15:00;211.600;148.623;1381.160;423.927;104.936;214.144; 88.896;160.273;287.784; 99.009;162.460;197.456;178.610;194.534;196.254;111.512;139.892;273.822
2005-08-25 08:20:00;210.467;147.803;1390.800;422.107;   null;211.432; 90.118;157.436;287.715; 97.152;159.920;192.546;175.034;195.254;198.824;111.432;139.552;271.696
2005-08-25 08:25:00;212.267;148.173;1389.540;428.133;   null;210.092; 89.694;160.737;286.352; 99.030;161.720;194.502;174.176;193.658;195.900;112.870;140.194;272.242
2005-08-25 08:30:00;211.167;146.803;1378.460;423.680;106.011;211.510; 89.462;159.123;287.443; 99.351;162.240;194.500;173.206;195.806;195.266;112.468;140.830;275.014
2005-08-25 08:35:00;208.467;146.680;1386.620;422.576;   null;213.830; 89.112;158.183;289.461; 98.859;162.320;193.676;173.642;194.084;193.514;112.616;140.612;275.090
2005-08-25 08:40:00;210.367;147.630;1386.220;423.677;   null;213.244; 90.074;159.480;286.800; 99.394;164.380;193.992;176.932;195.750;195.998;113.006;139.602;272.422
2005-08-25 08:45:00;210.667;146.537;1381.240;426.847;105.751;210.786; 89.044;159.117;288.123; 98.407;161.860;196.034;173.510;197.338;194.004;111.446;139.488;272.770
2005-08-25 08:50:00;213.033;147.110;1380.760;425.037;   null;212.070; 91.382;162.133;286.630;100.047;162.700;194.636;177.048;194.394;194.758;111.950;141.084;272.472
2005-08-25 08:55:00;209.967;147.370;1394.420;427.460;   null;211.352; 91.174;159.443;288.676;100.639;161.920;196.340;174.778;196.412;197.468;111.984;140.778;274.782
2005-08-25 09:00:00;209.467;146.407;1380.940;425.443;105.038;211.394; 89.746;160.223;288.676;100.077;161.820;195.436;173.742;195.446;193.750;112.160;141.396;275.298
2005-08-25 09:05:00;209.667;147.040;1399.380;424.097;   null;212.518; 88.982;161.623;291.166; 98.081;161.480;195.036;173.464;194.538;194.820;111.354;141.084;275.714
2005-08-25 09:10:00;210.233;147.007;1390.140;425.433;   null;211.908; 91.050;161.917;287.044; 99.751;161.440;193.858;175.898;197.030;195.042;112.290;140.520;274.620
2005-08-25 09:15:00;211.467;147.920;1375.800;422.330;105.489;212.646; 89.808;160.907;289.631; 99.366;162.700;195.700;174.484;196.440;196.770;112.012;143.322;272.150
2005-08-25 09:20:00;209.100;146.360;1378.460;426.283;   null;212.456; 89.344;160.703;290.081; 99.812;166.000;194.580;173.938;192.878;193.724;111.272;142.272;273.606
2005-08-25 09:25:00;209.767;147.420;1373.460;423.847;   null;213.128; 90.750;159.220;289.638;100.565;163.940;197.582;175.408;195.372;194.364;113.410;139.974;275.148
2005-08-25 09:30:00;209.133;145.817;1385.440;428.440;105.150;211.472; 89.276;162.947;290.566; 99.627;163.100;196.100;174.946;196.392;194.570;112.444;140.906;274.932
2005-08-25 09:35:00;210.133;146.617;1385.940;424.513;   null;213.220; 88.436;160.513;288.689; 98.809;162.680;196.984;174.448;196.342;196.166;112.402;138.612;274.406
2005-08-25 09:40:00;210.300;148.120;1378.820;427.037;   null;213.858; 89.686;160.257;287.253; 98.270;162.040;196.722;174.090;194.710;195.094;113.014;141.632;275.906
2005-08-25 09:45:00;210.867;147.240;1384.880;422.557;106.757;214.402; 89.848;160.490;289.507; 98.871;162.600;193.488;174.376;195.738;192.616;112.228;141.378;273.786
2005-08-25 09:50:00;210.600;146.437;1383.920;422.983;   null;211.416; 89.894;159.167;285.512; 99.143;162.520;196.986;173.884;193.796;194.082;111.448;141.234;274.856
2005-08-25 09:55:00;209.233;146.693;1378.380;430.577;   null;211.994; 90.342;160.697;286.844; 99.332;163.000;194.948;173.386;195.938;193.594;113.188;140.460;273.116
2005-08-25 10:00:00;209.467;147.723;1380.560;430.313;106.047;210.072; 90.892;160.433;287.117;100.312;162.680;196.544;173.720;194.648;194.372;111.376;139.702;273.906
2005-08-25 10:05:00;210.033;146.933;1373.180;426.920;   null;213.514; 89.606;159.647;284.284; 99.243;161.060;195.092;174.514;195.954;193.370;111.258;141.102;274.620
2005-08-25 10:10:00;211.633;148.003;1375.960;428.747;   null;213.006; 89.252;158.877;288.386; 99.951;163.160;194.678;174.170;195.470;195.314;113.050;139.898;275.984
2005-08-25 10:15:00;212.967;148.010;1376.960;431.117;105.417;213.318; 89.018;160.060;288.317;101.003;163.280;195.062;172.752;195.160;194.208;111.658;140.658;277.432
2005-08-25 10:20:00;211.233;146.503;1367.300;428.120;   null;213.868; 89.564;159.794;286.062; 99.421;161.540;197.096;173.662;195.632;193.618;112.692;141.710;277.700
2005-08-25 10:25:00;213.633;149.740;1375.920;427.397;   null;213.998; 90.122;158.770;286.749;100.285;163.180;195.538;172.490;196.708;195.124;112.868;141.242;276.336
2005-08-25 10:30:00;210.733;148.217;1372.360;426.123;106.032;214.022; 90.454;161.740;285.450;100.332;162.320;194.986;174.446;196.388;196.242;112.184;141.450;274.976
2005-08-25 10:35:00;210.733;146.037;1381.860;428.023;   null;212.498; 88.978;164.217;286.852;101.298;162.240;194.520;173.962;196.162;194.540;113.790;141.392;272.738
2005-08-25 10:40:00;209.367;148.173;1367.220;425.920;   null;212.226; 89.240;161.353;289.076;100.317;163.460;196.096;178.934;197.514;196.082;112.976;142.392;276.738
2005-08-25 10:45:00;211.467;147.763;1373.740;426.387;106.753;212.622; 90.686;159.450;286.373;100.331;161.140;196.044;173.304;196.860;195.132;112.926;141.104;275.930
2005-08-25 10:50:00;210.067;150.703;1370.000;432.000;   null;214.518; 89.512;163.153;287.708;100.074;162.540;195.322;175.068;196.714;195.290;112.560;142.550;276.368
2005-08-25 10:55:00;210.800;147.690;1371.100;430.520;   null;212.302; 89.216;162.070;287.194;100.355;162.340;196.590;174.164;195.680;197.060;112.458;142.184;275.368
2005-08-25 11:00:00;211.100;148.620;1365.700;432.833;106.208;215.312; 89.536;160.200;286.441;100.696;161.900;196.178;173.908;196.306;196.152;113.206;140.426;274.624
2005-08-25 11:05:00;210.767;148.047;1376.100;433.587;   null;214.446; 89.378;159.780;288.055;101.310;162.080;194.772;174.126;196.856;197.704;111.280;140.646;274.404
2005-08-25 11:10:00;212.933;147.530;1374.160;427.033;   null;217.112; 91.078;161.750;290.826; 99.013;163.040;197.506;173.652;195.866;195.286;112.200;140.296;278.514
2005-08-25 11:15:00;211.533;147.703;1375.560;429.297;106.213;215.182; 89.956;162.056;287.336;100.471;163.360;196.554;173.048;197.082;198.430;113.436;141.348;277.262
2005-08-25 11:20:00;210.967;147.667;1385.020;427.980;   null;217.040; 91.184;163.213;287.164;100.466;161.900;198.906;173.538;196.742;198.366;112.224;142.716;276.744
2005-08-25 11:25:00;210.100;147.190;1382.260;431.377;   null;215.472; 90.520;161.110;286.104;101.686;164.500;194.984;174.280;198.396;197.472;112.882;142.172;277.556
2005-08-25 11:30:00;211.233;149.337;1382.040;431.750;107.121;215.296; 90.170;160.517;287.506; 99.771;162.360;196.048;176.288;197.584;199.238;112.722;142.330;277.720
2005-08-25 11:35:00;212.767;148.323;1372.720;431.187;   null;212.670; 91.696;163.163;287.815;101.258;163.220;196.662;172.970;196.982;196.246;113.148;142.432;277.144
2005-08-25 11:40:00;213.833;148.253;1365.280;433.093;   null;218.326; 90.948;159.653;287.236;100.356;163.680;197.490;173.884;199.180;196.344;112.002;142.164;275.510
2005-08-25 11:45:00;212.200;148.670;1373.360;429.293;106.275;214.790; 90.640;161.240;287.507; 98.839;164.100;193.934;172.426;200.662;193.918;113.700;142.314;276.178
2005-08-25 11:50:00;212.400;148.757;1387.580;429.617;   null;217.194; 92.912;159.977;289.977;101.507;163.060;196.056;174.538;198.752;194.348;113.010;142.424;277.524
2005-08-25 11:55:00;210.100;149.007;1369.020;430.240;   null;217.042; 90.388;161.713;290.697;100.535;162.920;196.434;174.370;197.668;196.310;112.898;142.162;277.432
2005-08-25 12:00:00;213.100;149.220;1377.440;433.793;107.105;215.122; 91.370;161.703;289.190; 99.725;163.080;197.028;174.858;199.378;196.416;112.800;141.034;275.966
2005-08-25 12:05:00;211.767;148.483;1366.940;432.283;   null;216.200; 90.756;160.563;287.682;100.511;164.300;197.532;176.480;196.704;195.408;112.840;141.148;276.362

