ESOI    ATHN    MXCO    ROME    AATB    LMKS    DRBS    MOSC    NEWK    KIEL    CALG    OULU    APTY    FSMT    INVK    NAIN    PWNK    THUL    SOPB    SOPO
2003-11-20 03:00:00;163.390; 53.377;203.633;121.723;1318.560;373.140; 98.999;195.510; 84.334;149.320;272.863; 91.897;151.500;184.844;166.004;182.140;181.708;105.408; 42.592;243.496
2003-11-20 03:05:00;166.922; 52.293;205.800;123.747;1324.780;378.737;   null;196.840; 84.492;147.610;273.952; 93.544;151.620;185.696;164.914;182.944;180.824;104.246; 41.654;248.256
2003-11-20 03:10:00;162.044; 51.947;206.000;124.053;1313.280;376.643;   null;197.546; 85.180;146.857;273.597; 92.689;151.240;185.590;164.020;179.898;183.560;106.162; 41.736;242.944
2003-11-20 03:15:00;167.254; 53.043;204.867;121.847;1307.180;375.693; 99.933;198.016; 84.346;148.120;274.352; 93.155;150.280;185.424;163.718;180.434;183.462;107.454; 42.020;244.654
2003-11-20 03:20:00;164.510; 54.267;206.000;120.487;1318.040;376.493;   null;196.708; 84.548;148.617;273.534; 93.927;152.100;184.786;164.718;183.266;182.418;105.764; 42.380;244.304
2003-11-20 03:25:00;167.596; 52.770;206.400;120.807;1308.920;376.863;   null;197.494; 84.706;146.933;275.012; 93.782;150.760;184.342;164.036;181.108;184.022;106.344; 42.296;245.324
2003-11-20 03:30:00;167.054; 53.423;207.533;121.573;1311.680;376.387; 99.751;198.520; 84.410;149.017;273.345; 93.743;150.380;185.110;164.932;179.930;180.520;105.714; 42.204;244.720
2003-11-20 03:35:00;165.084; 52.130;204.000;121.647;1315.040;374.580;   null;199.288; 85.858;149.933;274.280; 92.461;152.480;185.332;165.682;181.396;181.576;106.744; 41.950;247.558
2003-11-20 03:40:00;164.826; 52.540;206.400;120.640;1315.540;375.033;   null;198.022; 84.444;149.403;274.071; 91.955;148.440;185.184;165.510;181.278;183.544;106.930; 42.142;245.718
2003-11-20 03:45:00;164.426; 52.187;206.967;120.190;1313.000;378.620; 99.170;197.416; 84.860;147.980;272.013; 94.329;150.800;183.882;164.618;182.846;184.348;106.258; 41.656;246.414
2003-11-20 03:50:00;163.768; 52.110;209.033;120.443;1317.700;377.170;   null;199.290; 85.110;148.637;276.687; 93.143;149.380;186.114;163.778;181.752;181.950;105.378; 41.080;245.776
2003-11-20 03:55:00;165.116; 53.193;208.100;121.180;1320.060;378.237;   null;197.334; 83.340;147.700;276.124; 92.039;150.540;186.264;163.976;181.080;184.226;105.684; 42.244;245.926
2003-11-20 04:00:00;166.802; 53.117;202.967;120.437;1310.433;377.753; 98.795;198.670; 84.532;148.863;275.662; 95.512;151.400;185.318;163.724;181.768;182.866;106.464; 42.220;245.320
2003-11-20 04:05:00;165.462; 51.857;205.067;119.487;1313.820;376.600;   null;197.186; 84.620;150.793;276.255; 91.064;151.140;184.106;167.256;180.086;182.796;106.054; 41.232;246.648
2003-11-20 04:10:00;168.860; 51.887;204.633;121.523;1313.040;379.727;   null;197.888; 85.702;148.427;275.201; 92.616;150.620;183.656;165.456;181.984;182.826;106.168; 42.382;244.996
2003-11-20 04:15:00;166.420; 52.083;207.433;121.367;1318.560;379.383; 98.870;197.444; 84.806;151.533;274.101; 93.287;151.660;186.260;163.648;181.974;183.332;106.110; 42.412;245.818
2003-11-20 04:20:00;165.758; 53.530;208.767;122.250;1311.280;377.367;   null;196.774; 82.954;148.273;276.405; 92.497;149.420;183.616;164.994;181.852;182.856;106.986; 42.574;246.238
2003-11-20 04:25:00;164.982; 51.817;205.533;121.120;1316.360;378.843;   null;198.152; 84.694;150.610;274.904; 92.147;151.700;185.452;165.046;180.834;182.284;106.424; 42.228;245.554
2003-11-20 04:30:00;167.140; 52.397;206.700;120.923;1311.760;379.753; 97.727;199.270; 83.122;148.550;277.341; 92.152;150.180;185.112;165.760;180.898;184.082;105.998; 41.670;244.968
2003-11-20 04:35:00;168.442; 52.447;204.800;121.233;1313.700;379.557;   null;196.828; 86.118;150.276;274.097; 92.474;150.040;184.886;164.080;180.544;183.196;105.752; 41.648;246.584
2003-11-20 04:40:00;166.258; 52.750;204.267;120.713;1311.720;377.316;   null;198.548; 86.508;148.163;276.037; 92.476;150.700;182.410;165.890;180.274;183.942;108.148; 41.986;243.082
2003-11-20 04:45:00;167.958; 53.577;203.933;122.670;1317.740;378.137; 98.718;196.828; 86.036;146.817;274.212; 93.607;151.200;186.286;164.352;181.604;185.340;106.258; 41.430;242.708
2003-11-20 04:50:00;167.190; 51.417;203.267;122.100;1311.080;381.740;   null;200.112; 85.838;147.440;273.320; 93.467;150.540;187.034;165.178;180.992;183.564;106.020; 42.056;243.926
2003-11-20 04:55:00;166.682; 51.467;205.267;122.810;1315.860;375.033;   null;197.722; 84.368;149.157;275.994; 90.969;149.620;183.246;165.172;181.550;184.504;106.942; 41.710;244.632
2003-11-20 05:00:00;167.404; 52.170;204.933;121.293;1313.580;376.493; 99.103;197.504; 84.538;146.563;276.345; 94.418;150.300;184.896;165.762;180.536;184.008;106.110; 42.224;245.014
2003-11-20 05:05:00;165.768; 52.760;205.833;121.960;1316.900;380.203;   null;197.838; 86.936;148.030;274.255; 93.151;152.120;185.924;164.776;180.476;183.790;106.450; 42.780;245.922
2003-11-20 05:10:00;166.150; 53.733;207.333;119.967;1316.540;378.673;   null;196.754; 84.928;148.917;273.313; 93.579;149.420;183.454;165.810;182.092;183.340;107.198; 41.942;244.962
2003-11-20 05:15:00;165.554; 52.677;204.800;122.310;1321.380;380.590; 99.477;200.180; 85.040;148.800;272.544; 93.565;149.720;186.330;164.750;182.102;183.838;107.060; 41.672;246.960
2003-11-20 05:20:00;167.290; 53.950;207.000;122.960;1315.140;379.246;   null;200.564; 85.340;147.917;276.055; 93.343;149.920;184.510;163.260;180.586;184.078;106.738; 41.904;244.758
2003-11-20 05:25:00;165.328; 52.553;203.767;122.843;1310.620;379.540;   null;198.674; 84.830;147.960;274.831; 94.900;150.940;185.160;164.066;180.354;184.134;106.856; 42.152;246.198
2003-11-20 05:30:00;166.968; 50.933;204.067;122.203;1317.000;382.217;100.636;198.210; 86.150;150.177;273.648; 93.253;149.960;184.700;164.240;181.816;183.246;106.510; 41.596;245.336
2003-11-20 05:35:00;166.696; 52.667;205.967;121.337;1313.120;380.260;   null;199.904; 84.746;147.763;274.648; 90.440;149.820;186.994;164.444;179.158;183.852;106.128; 42.596;247.004
2003-11-20 05:40:00;167.040; 52.237;205.167;122.057;1315.600;377.387;   null;200.028; 85.794;146.070;274.776; 92.167;149.460;184.456;164.840;181.730;184.146;107.474; 41.638;245.034
2003-11-20 05:45:00;167.180; 53.630;205.933;122.943;1306.860;381.163;100.058;201.236; 84.588;150.347;276.661; 92.871;149.960;185.412;167.000;181.626;182.654;105.630; 41.650;244.798
2003-11-20 05:50:00;168.196; 54.780;206.933;123.023;1315.360;383.754;   null;198.440; 84.740;150.593;275.131; 93.176;150.180;185.740;164.624;180.048;185.158;107.070; 42.474;245.854
2003-11-20 05:55:00;167.852; 52.450;206.133;121.707;1311.000;382.463;   null;200.078; 84.918;150.627;274.825; 93.268;148.940;182.742;163.304;181.092;182.660;106.622; 42.100;247.756
2003-11-20 06:00:00;167.446; 53.560;206.200;122.137;1319.720;381.430;100.674;201.774; 85.376;147.837;277.877; 95.023;148.880;185.034;163.894;181.410;183.528;107.570; 41.904;243.964
2003-11-20 06:05:00;167.976; 53.570;207.500;123.023;1306.680;380.956;   null;200.202; 84.756;147.450;274.415; 91.715;149.860;184.832;165.278;180.040;182.286;106.826; 42.294;248.172
2003-11-20 06:10:00;167.756; 53.340;206.867;121.930;1314.240;382.067;   null;198.080; 84.466;150.163;274.898; 90.820;151.420;183.640;164.308;183.312;183.688;105.780; 42.006;245.842
2003-11-20 06:15:00;166.706; 54.143;205.667;121.857;1309.880;382.940;100.334;196.760; 84.896;150.477;272.352; 92.478;150.300;184.374;162.916;182.262;184.474;107.946; 42.522;244.812
2003-11-20 06:20:00;166.950; 52.647;207.667;121.073;1316.740;382.413;   null;199.668; 86.600;148.650;274.912; 93.143;151.600;185.696;161.790;180.438;182.846;105.928; 41.408;246.158
2003-11-20 06:25:00;166.232; 52.043;207.667;121.960;1315.800;380.107;   null;200.904; 84.854;150.047;275.249; 91.650;148.780;184.620;163.804;182.554;182.956;105.582; 42.472;244.546
2003-11-20 06:30:00;165.746; 52.553;204.900;123.397;1307.940;375.770;100.926;199.064; 85.542;147.923;275.161; 92.469;150.740;184.872;164.666;182.234;184.782;106.110; 42.110;246.282
2003-11-20 06:35:00;166.596; 52.640;206.633;122.943;1308.940;381.790;   null;199.768; 84.856;150.157;274.878; 92.038;151.120;183.154;163.434;181.056;183.494;107.970; 42.562;249.094
2003-11-20 06:40:00;165.826; 53.073;205.833;121.430;1313.120;380.380;   null;200.112; 86.944;150.460;275.644; 94.171;149.800;183.128;162.594;181.030;182.268;106.184; 42.994;248.028
2003-11-20 06:45:00;166.262; 52.040;203.500;122.897;1314.180;384.737;101.481;201.630; 87.078;150.833;275.258; 93.274;149.440;183.812;163.446;184.034;182.632;105.696; 41.860;246.678
2003-11-20 06:50:00;166.778; 52.667;205.867;121.917;1311.600;380.393;   null;199.102; 85.956;152.527;275.886; 92.585;150.020;183.954;162.208;181.950;183.372;106.842; 42.026;248.282
2003-11-20 06:55:00;165.696; 52.053;204.967;121.823;1310.540;384.060;   null;197.936; 85.606;149.363;277.842; 92.625;150.320;185.518;165.514;180.048;183.364;106.970; 42.558;247.976
2003-11-20 07:00:00;169.116; 53.083;206.533;121.497;1314.520;380.590;100.044;200.112; 84.672;150.530;275.099; 92.512;148.120;183.996;167.198;181.878;182.822;106.394; 42.360;246.602
2003-11-20 07:05:00;167.602; 53.010;208.067;121.853;1315.060;386.840;   null;197.946; 86.444;150.443;276.459; 93.743;153.260;185.500;165.024;181.390;185.344;107.138; 42.124;243.418
2003-11-20 07:10:00;166.494; 52.357;206.533;121.837;1299.780;380.833;   null;198.834; 84.918;149.630;272.545; 91.312;151.840;185.940;163.408;184.318;183.080;105.912; 41.884;246.326
2003-11-20 07:15:00;164.318; 52.237;206.100;122.637;1312.260;385.930; 99.770;198.510; 84.128;150.287;274.657; 93.099;151.200;186.044;163.328;182.116;184.306;106.162; 42.080;245.048
2003-11-20 07:20:00;168.836; 52.387;207.700;122.567;1305.320;385.013;   null;200.598; 84.834;151.050;273.420; 91.441;151.760;184.782;164.296;179.528;184.276;106.470; 42.358;245.356
2003-11-20 07:25:00;165.636; 52.557;206.700;122.417;1308.940;385.027;   null;201.566; 84.786;148.573;277.292; 93.853;150.940;185.178;163.772;181.116;185.058;107.518; 42.324;245.826
2003-11-20 07:30:00;166.224; 52.587;203.667;122.447;1308.680;387.093; 99.965;200.554; 83.108;149.183;275.799; 92.573;151.340;184.816;165.158;181.662;185.030;106.280; 42.744;247.190
2003-11-20 07:35:00;167.910; 53.057;205.300;123.653;1311.440;386.680;   null;200.280; 83.574;150.090;278.558; 92.385;151.040;184.390;166.118;180.928;183.596;107.262; 43.078;246.698
2003-11-20 07:40:00;167.478; 51.957;207.433;124.900;1306.540;382.767;   null;198.112; 85.056;150.310;275.572; 94.634;151.920;185.372;163.972;179.904;184.062;106.384; 41.670;248.352
2003-11-20 07:45:00;168.494; 52.927;202.333;120.210;1302.660;385.073;100.592;195.584; 84.224;152.137;277.073; 94.613;151.620;185.180;163.566;178.858;183.074;104.942; 42.306;247.642
2003-11-20 07:50:00;167.158; 52.090;206.367;122.747;1306.720;384.863;   null;198.398; 83.676;148.703;275.916; 94.113;151.600;184.342;163.714;178.130;183.496;105.156; 41.788;246.520
2003-11-20 07:55:00;165.758; 53.490;207.500;119.607;1302.380;386.840;   null;198.666; 83.696;149.377;277.712; 94.382;151.380;183.226;164.536;180.792;183.160;105.304; 42.380;249.132
2003-11-20 08:00:00;167.012; 53.047;208.033;120.627;1304.940;383.890; 99.735;199.014; 83.686;150.680;275.720; 95.172;150.500;184.542;163.654;177.632;183.436;103.904; 41.734;245.686
2003-11-20 08:05:00;167.138; 51.773;205.300;122.260;1304.640;384.543;   null;198.366; 83.556;148.617;275.396; 91.556;150.560;183.016;163.542;176.768;182.066;104.752; 41.338;246.264
2003-11-20 08:10:00;168.440; 52.290;207.267;122.797;1301.040;383.103;   null;199.326; 84.942;150.946;275.254; 95.625;151.780;186.406;164.734;177.582;181.806;104.040; 42.360;248.774
2003-11-20 08:15:00;165.374; 51.060;205.467;123.293;1298.340;385.767; 99.880;198.728; 83.586;150.680;274.967; 93.518;151.180;184.276;165.914;177.484;181.544;103.838; 42.410;247.796
2003-11-20 08:20:00;165.494; 52.397;204.767;122.197;1298.820;386.287;   null;198.984; 85.090;148.830;276.475; 93.747;151.100;186.600;164.054;177.534;181.738;104.584; 42.106;247.324
2003-11-20 08:25:00;165.618; 52.850;207.000;122.067;1303.920;387.530;   null;199.532; 83.178;147.700;273.055; 94.172;152.180;183.552;164.060;177.424;179.596;104.676; 41.664;244.756
2003-11-20 08:30:00;164.102; 52.503;206.667;120.847;1302.380;386.026; 99.667;197.730; 85.212;150.457;272.827; 92.788;150.960;184.568;163.608;178.428;180.422;103.790; 42.626;249.128
2003-11-20 08:35:00;164.978; 51.250;207.100;121.783;1310.680;384.467;   null;197.948; 84.240;149.713;272.965; 93.211;150.740;185.236;163.872;179.922;180.200;103.184; 42.430;248.850
2003-11-20 08:40:00;166.874; 52.920;207.867;120.890;1304.080;385.763;   null;197.538; 84.402;148.170;273.363; 93.335;152.260;184.552;161.046;179.782;180.898;104.152; 41.904;246.868
2003-11-20 08:45:00;166.128; 53.773;203.100;122.197;1302.200;382.550; 98.757;195.758; 84.898;149.770;270.167; 91.654;150.960;183.578;162.308;178.124;179.556;103.910; 41.340;249.894
2003-11-20 08:50:00;168.538; 52.290;203.700;122.783;1313.480;384.163;   null;197.990; 84.556;148.664;271.147; 92.125;149.400;180.672;164.200;178.932;180.206;103.294; 42.708;247.668
2003-11-20 08:55:00;164.912; 53.037;206.833;119.630;1306.260;382.543;   null;195.928; 84.268;148.090;270.040; 92.510;149.820;181.532;161.760;176.198;179.414;104.168; 42.896;248.792
2003-11-20 09:00:00;167.182; 51.290;203.900;119.543;1307.560;381.753;100.695;198.262; 85.522;147.230;266.573; 92.539;150.380;179.696;162.922;178.036;179.606;104.064; 41.882;249.378
2003-11-20 09:05:00;167.058; 54.070;206.867;123.140;1303.600;383.767;   null;197.002; 83.892;150.140;269.092; 92.266;149.640;181.000;160.802;175.060;178.322;103.408; 42.556;247.486
2003-11-20 09:10:00;167.144; 51.060;202.467;120.810;1301.760;379.903;   null;193.928; 84.250;147.373;266.868; 90.439;150.160;179.400;160.108;176.590;179.336;104.684; 41.984;245.260
2003-11-20 09:15:00;165.740; 52.227;204.900;119.353;1309.240;379.654; 99.821;196.810; 84.982;150.647;270.499; 92.594;149.960;179.598;161.028;176.874;178.802;103.888; 41.924;246.984
2003-11-20 09:20:00;165.974; 52.037;204.767;121.833;1301.600;378.793;   null;197.808; 83.494;148.117;266.212; 92.522;151.200;180.096;160.458;176.690;181.528;104.356; 41.754;247.374
2003-11-20 09:25:00;167.376; 50.773;205.933;119.623;1304.440;378.820;   null;196.732; 82.662;149.210;267.422; 92.630;149.020;179.382;160.448;177.532;179.138;102.958; 42.460;248.024
2003-11-20 09:30:00;165.258; 52.300;206.000;118.920;1303.520;377.927; 98.978;198.320; 83.752;148.377;266.994; 93.493;149.400;179.984;161.660;177.574;177.902;103.870; 42.102;248.920
2003-11-20 09:35:00;164.802; 51.630;206.700;119.707;1300.360;379.403;   null;198.456; 82.446;145.817;267.584; 92.413;149.240;181.140;162.142;176.160;180.592;104.972; 42.486;249.516
2003-11-20 09:40:00;166.526; 52.353;203.667;124.847;1301.600;380.697;   null;196.584; 82.972;147.603;268.174; 92.827;150.800;181.318;161.450;176.700;180.104;103.594; 42.210;246.722
2003-11-20 09:45:00;166.432; 52.297;203.567;121.957;1302.660;381.893; 99.993;194.146; 82.590;148.470;265.644; 92.011;149.720;178.650;160.082;174.920;178.428;103.978; 41.904;245.274
2003-11-20 09:50:00;167.340; 54.120;204.867;121.270;1298.240;381.883;   null;198.042; 82.764;146.773;266.261; 94.411;148.960;179.362;159.148;176.682;179.740;103.096; 41.474;244.848
2003-11-20 09:55:00;167.624; 53.930;203.167;121.710;1297.960;381.490;   null;195.866; 82.968;147.843;266.525; 92.187;149.900;180.266;158.780;175.780;179.420;103.340; 41.256;245.650
2003-11-20 10:00:00;167.974; 52.157;205.167;120.413;1302.200;385.270; 99.151;196.530; 82.622;147.140;267.153; 91.663;150.180;179.790;159.676;176.506;177.068;103.502; 41.502;242.378
2003-11-20 10:05:00;168.026; 54.110;202.867;122.097;1298.780;383.360;   null;197.572; 83.276;146.637;265.315; 94.685;148.600;179.914;159.000;178.254;177.576;103.290; 41.400;242.066
2003-11-20 10:10:00;167.542; 52.093;201.133;121.057;1300.180;383.530;   null;197.370; 82.558;149.300;267.480; 91.909;149.060;179.780;159.016;175.092;180.508;102.928; 41.412;242.464
2003-11-20 10:15:00;165.306; 52.357;202.033;121.500;1291.940;383.910; 98.665;198.302; 82.774;148.467;266.097; 92.804;148.900;179.364;158.632;175.826;177.934;101.984; 40.586;240.794
2003-11-20 10:20:00;165.436; 52.423;204.133;121.600;1301.460;382.877;   null;197.208; 81.494;149.923;267.610; 91.341;149.280;180.426;158.288;175.016;177.592;102.782; 41.222;241.188
2003-11-20 10:25:00;166.674; 52.650;203.533;120.513;1295.380;383.100;   null;196.614; 81.568;149.097;265.016; 91.532;147.500;179.298;158.302;176.900;177.778;101.370; 39.972;239.468
2003-11-20 10:30:00;167.922; 51.260;202.633;121.413;1296.200;380.893; 97.981;198.104; 83.540;149.026;263.923; 91.687;149.100;178.576;156.814;175.894;178.272;102.024; 40.184;240.682
2003-11-20 10:35:00;164.434; 51.810;200.733;121.293;1298.540;385.660;   null;196.496; 83.456;146.456;264.811; 92.290;148.260;177.946;160.280;173.536;179.358;102.632; 40.540;240.572
2003-11-20 10:40:00;166.458; 52.410;202.233;121.623;1293.480;381.403;   null;197.266; 83.198;147.657;266.785; 92.697;147.640;178.032;156.554;176.522;178.656;103.316; 40.688;239.418
2003-11-20 10:45:00;166.422; 53.140;200.600;121.113;1293.720;384.080; 98.039;196.160; 83.614;146.970;267.443; 88.833;146.840;176.652;159.428;175.848;178.310;102.938; 40.680;237.578
2003-11-20 10:50:00;167.558; 53.000;200.067;120.580;1292.320;380.957;   null;195.002; 83.680;146.027;268.068; 91.278;147.500;178.242;158.502;176.472;180.098;101.972; 40.600;239.574
2003-11-20 10:55:00;165.880; 53.630;200.467;120.183;1288.300;375.383;   null;193.326; 83.774;145.863;266.487; 88.865;145.600;177.494;159.402;176.666;177.402;103.192; 40.322;240.216
2003-11-20 11:00:00;164.600; 53.447;198.733;120.170;1278.680;374.220; 97.791;192.400; 82.672;145.093;263.155; 88.449;145.280;177.348;159.168;174.326;175.450;103.092; 40.802;239.146
2003-11-20 11:05:00;165.310; 51.253;200.833;121.973;1276.080;372.363;   null;191.246; 82.624;144.900;264.138; 90.480;144.560;179.220;159.194;176.666;179.816;102.548; 40.672;239.568
2003-11-20 11:10:00;163.038; 52.083;199.267;119.010;1271.980;368.900;   null;190.754; 82.912;141.170;265.198; 88.511;144.820;177.538;158.686;175.994;176.376;104.022; 40.714;239.008
2003-11-20 11:15:00;164.012; 52.280;200.067;117.800;1270.600;369.943; 96.077;191.630; 81.248;144.217;265.260; 88.593;144.360;177.044;158.320;175.466;178.680;102.090; 40.696;240.690
2003-11-20 11:20:00;164.510; 52.917;200.000;117.187;1268.900;369.017;   null;189.572; 82.042;145.743;264.925; 89.220;144.860;178.370;160.710;175.396;177.408;103.560; 40.882;241.602
2003-11-20 11:25:00;163.120; 52.053;201.567;117.340;1273.260;373.567;   null;189.432; 84.106;143.337;263.026; 88.906;145.120;177.944;157.982;173.908;179.322;103.910; 41.390;241.570
2003-11-20 11:30:00;163.776; 51.600;199.967;119.510;1268.520;372.743; 96.730;193.020; 82.230;145.030;264.085; 90.437;144.480;176.212;158.856;176.586;178.400;104.176; 40.184;238.942
2003-11-20 11:35:00;162.602; 52.113;200.100;118.057;1264.460;372.580;   null;192.586; 83.776;142.867;264.679; 87.983;143.340;178.694;157.464;177.036;177.898;102.764; 40.524;236.136
2003-11-20 11:40:00;162.856; 51.250;200.467;118.487;1275.140;375.310;   null;189.746; 82.960;143.960;265.473; 91.226;147.160;178.972;158.092;176.788;179.674;103.164; 39.820;236.190
2003-11-20 11:45:00;163.612; 52.877;199.233;119.840;1271.580;374.177; 96.834;190.648; 82.116;145.160;267.885; 90.829;145.260;179.138;158.592;176.530;178.672;102.776; 40.068;235.468
2003-11-20 11:50:00;164.092; 51.207;201.033;119.330;1272.400;372.050;   null;190.334; 81.802;143.607;268.147; 90.786;147.980;179.820;159.484;176.292;180.940;103.858; 40.296;237.704
2003-11-20 11:55:00;163.300; 52.010;201.067;118.843;1269.400;372.156;   null;191.174; 82.808;144.317;265.017; 89.738;145.880;181.568;158.728;178.186;179.066;103.374; 39.988;236.350
2003-11-20 12:00:00;163.602; 50.413;201.533;120.393;1272.300;375.420; 97.793;189.232; 83.074;146.320;268.203; 90.049;147.280;180.660;160.898;177.338;177.624;102.976; 40.436;235.318
2003-11-20 12:05:00;164.826; 51.877;204.600;119.660;1278.760;374.183;   null;191.298; 83.612;145.553;268.399; 88.770;147.840;180.356;159.392;179.068;181.338;103.274; 40.070;235.686
2003-11-20 12:10:00;164.880; 51.950;201.867;121.387;1288.940;374.737;   null;192.208; 81.892;142.963;271.156; 90.735;145.980;183.096;161.244;179.070;181.508;104.082; 40.588;238.656
2003-11-20 12:15:00;164.692; 51.780;199.900;120.640;1291.860;378.300; 98.286;190.984; 83.554;145.797;267.768; 90.100;145.320;181.546;160.950;178.234;182.346;105.894; 39.848;238.382
2003-11-20 12:20:00;165.482; 52.147;202.700;122.030;1292.960;378.683;   null;192.746; 84.362;145.426;270.922; 90.451;147.620;184.182;162.150;180.522;182.894;105.140; 40.830;241.540
2003-11-20 12:25:00;164.776; 53.187;201.067;119.547;1290.140;376.617;   null;193.762; 82.692;147.237;269.923; 90.130;147.020;181.086;162.054;181.680;180.890;103.994; 40.668;238.238
2003-11-20 12:30:00;166.324; 52.427;200.733;120.143;1296.540;378.190; 97.991;191.894; 82.592;144.037;269.956; 90.389;146.100;181.828;158.854;178.102;181.016;104.918; 40.918;242.058
2003-11-20 12:35:00;166.520; 52.747;201.800;119.873;1296.680;377.793;   null;190.880; 85.074;145.673;271.156; 91.972;148.860;183.316;160.616;179.030;180.660;104.754; 41.148;240.348
2003-11-20 12:40:00;165.168; 51.787;200.467;122.187;1295.400;375.480;   null;191.626; 82.864;144.127;270.190; 91.209;145.840;183.388;163.876;177.898;179.648;104.898; 41.064;241.546
2003-11-20 12:45:00;166.760; 52.733;204.200;120.117;1290.320;380.183; 97.218;193.832; 83.138;146.060;272.682; 89.808;146.640;184.260;162.856;178.194;181.326;104.484; 40.806;239.380
2003-11-20 12:50:00;165.876; 52.173;201.733;120.420;1300.840;377.960;   null;192.668; 83.830;142.630;270.117; 89.881;148.160;182.794;163.356;180.212;184.280;105.242; 40.550;238.644
2003-11-20 12:55:00;165.930; 52.243;201.967;121.197;1293.820;378.127;   null;189.670; 82.770;144.467;270.719; 88.892;144.780;181.244;161.384;180.296;181.198;106.070; 40.184;238.468
2003-11-20 13:00:00;163.818; 52.257;201.833;120.917;1290.620;376.843; 96.392;190.316; 82.780;146.313;271.551; 90.683;144.440;182.202;163.024;179.380;180.856;103.686; 41.056;237.974
2003-11-20 13:05:00;165.964; 51.350;201.800;119.890;1293.280;377.113;   null;193.174; 83.258;144.577;271.416; 90.523;146.100;181.634;163.320;178.578;182.058;105.496; 40.546;240.890
2003-11-20 13:10:00;164.082; 52.113;203.067;119.463;1297.780;375.030;   null;190.122; 83.876;143.560;269.754; 88.737;145.080;181.358;163.266;179.470;184.682;104.410; 40.862;240.614
2003-11-20 13:15:00;167.670; 52.873;203.933;120.047;1293.920;377.233; 97.286;188.894; 82.442;145.547;272.013; 90.784;146.180;183.642;162.008;181.634;182.362;   null; 40.950;240.228
2003-11-20 13:20:00;166.438; 52.050;202.967;121.607;1297.120;374.447;   null;191.228; 84.184;143.873;269.908; 89.180;148.500;183.348;162.436;179.420;181.208;104.014; 40.754;241.362
2003-11-20 13:25:00;166.942; 51.597;204.033;119.450;1294.740;378.517;   null;192.320; 83.622;143.803;272.008; 89.102;147.660;182.590;163.958;179.540;181.502;104.322; 40.282;238.146
2003-11-20 13:30:00;165.106; 53.013;203.967;121.253;1295.760;376.737; 97.109;188.982; 83.086;144.483;268.810; 88.082;145.820;180.926;161.438;179.368;181.906;104.724; 40.822;238.568
2003-11-20 13:35:00;166.068; 52.483;203.000;118.680;1295.760;374.493;   null;189.152; 82.250;144.163;270.439; 90.549;147.000;180.976;161.512;180.322;181.434;104.422; 40.876;236.472
2003-11-20 13:40:00;162.830; 52.343;200.000;119.287;1300.880;376.177;   null;189.078; 82.256;142.900;273.713; 88.933;146.620;182.200;161.190;180.956;180.888;104.026; 40.328;235.650
2003-11-20 13:45:00;167.458; 52.510;201.933;120.587;1303.740;377.470; 97.203;189.510; 83.412;143.920;270.573; 90.333;146.320;183.796;162.172;178.516;178.690;104.052; 40.192;237.372
2003-11-20 13:50:00;165.348; 51.677;204.667;121.287;1303.400;378.707;   null;191.116; 81.826;144.270;272.307; 90.047;144.900;181.954;162.002;179.812;181.174;104.152; 40.138;234.382
2003-11-20 13:55:00;163.574; 51.000;202.600;120.643;1306.440;378.396;   null;190.388; 83.432;143.537;268.329; 88.023;144.780;182.382;164.020;180.964;181.084;105.088; 40.034;238.060
2003-11-20 14:00:00;166.546; 52.230;203.000;119.993;1311.340;376.390; 97.810;188.170; 82.776;144.373;270.800; 90.537;143.620;180.920;161.970;177.588;180.322;104.352; 39.738;237.056
2003-11-20 14:05:00;165.618; 53.103;202.600;119.390;1304.120;378.800;   null;190.128; 82.158;143.757;268.716; 89.763;143.860;181.832;160.978;177.530;178.630;103.922; 39.908;236.670
2003-11-20 14:10:00;165.230; 52.697;203.967;120.373;1303.060;378.333;   null;189.816; 82.574;144.217;266.129; 88.580;143.240;180.782;162.576;176.062;176.720;103.882; 40.350;237.624
2003-11-20 14:15:00;165.010; 52.133;201.300;118.163;1301.300;379.810; 97.026;192.448; 82.640;143.737;264.981; 91.100;145.580;178.648;160.470;177.144;176.380;101.784; 39.864;237.026
2003-11-20 14:20:00;164.986; 53.330;202.633;120.757;1299.140;378.900;   null;191.738; 83.088;144.183;264.419; 89.355;143.060;178.734;158.408;173.600;176.638;102.160; 40.288;237.304
2003-11-20 14:25:00;165.132; 51.373;204.100;119.793;1292.680;377.427;   null;191.358; 83.026;143.780;266.860; 89.654;145.660;179.188;157.672;176.316;177.282;102.952; 39.468;237.720
2003-11-20 14:30:00;166.286; 53.383;202.700;119.757;1300.260;380.443; 97.681;192.486; 84.336;142.937;262.454; 90.108;144.040;179.368;157.914;176.738;179.022;102.576; 40.294;236.646
2003-11-20 14:35:00;166.016; 51.057;204.800;121.873;1287.820;381.267;   null;188.478; 81.946;144.173;265.982; 88.074;144.140;178.324;158.150;174.958;176.590;102.518; 41.388;238.398
2003-11-20 14:40:00;166.268; 52.430;202.767;120.013;1286.740;377.633;   null;193.208; 83.798;144.603;263.914; 87.052;142.020;178.428;158.364;176.416;178.670;103.022; 40.556;239.944
2003-11-20 14:45:00;164.162; 52.457;202.100;121.927;1286.520;380.577; 96.362;191.184; 81.358;143.607;264.098; 88.088;146.280;177.544;159.470;175.766;176.570;103.268; 40.924;236.900
2003-11-20 14:50:00;163.982; 52.800;203.500;120.130;1275.520;377.130;   null;191.356; 82.232;145.810;263.482; 88.272;146.480;177.078;158.210;175.460;177.600;102.162; 40.372;236.610
2003-11-20 14:55:00;163.616; 52.620;201.867;122.560;1289.020;377.663;   null;191.466; 82.346;144.180;265.075; 90.007;143.220;177.696;159.004;174.942;178.478;101.828; 40.586;237.078
2003-11-20 15:00:00;164.512; 52.930;201.800;120.663;1284.460;379.200; 96.807;191.738; 83.458;142.623;263.526; 89.843;143.480;179.598;160.036;174.622;176.472;101.596; 40.034;235.486
2003-11-20 15:05:00;163.386; 51.097;203.300;120.587;1280.220;376.137;   null;188.516; 81.500;142.450;264.200; 88.389;143.940;179.546;160.008;175.394;177.116;103.354; 39.984;234.758
2003-11-20 15:10:00;164.026; 53.080;203.667;123.463;1281.080;376.430;   null;192.630; 83.302;142.300;266.853; 88.478;142.940;178.390;158.912;175.132;176.362;101.144; 38.916;235.738
2003-11-20 15:15:00;165.424; 51.663;201.833;119.317;1286.420;381.797; 97.025;189.644; 82.554;143.233;263.920; 88.710;142.740;178.760;158.800;174.958;176.886;102.064; 40.550;236.740
2003-11-20 15:20:00;165.086; 52.527;203.167;120.087;1291.740;379.020;   null;189.982; 82.014;142.273;264.425; 87.985;143.080;177.928;155.076;175.820;176.190;101.574; 39.314;235.536
2003-11-20 15:25:00;166.808; 53.647;202.300;120.837;1285.460;379.447;   null;189.588; 82.308;143.880;264.846; 87.268;143.460;176.264;157.148;174.896;178.158;102.194; 39.742;237.132
2003-11-20 15:30:00;163.416; 52.710;204.033;121.113;1291.080;376.370; 97.955;188.168; 82.924;143.940;262.280; 88.298;144.380;179.862;157.022;177.070;177.468;103.000; 40.062;235.602
2003-11-20 15:35:00;166.252; 51.637;204.833;121.563;1293.040;376.697;   null;189.486; 83.010;147.303;266.305; 89.007;142.620;179.058;156.968;175.170;178.472;102.720; 39.910;236.372
2003-11-20 15:40:00;167.280; 52.507;201.900;122.013;1296.000;378.540;   null;191.844; 83.038;141.550;266.128; 87.738;144.020;176.292;159.508;175.694;178.212;101.972; 40.612;236.236
2003-11-20 15:45:00;166.430; 51.820;204.233;120.507;1296.400;379.073; 97.623;190.900; 82.738;142.500;262.821; 90.221;143.180;177.976;158.496;174.298;175.886;100.574; 39.728;236.074
2003-11-20 15:50:00;164.880; 52.790;204.167;122.823;1294.960;377.817;   null;190.530; 82.404;141.970;263.518; 90.013;142.620;178.642;158.780;173.992;178.596;101.394; 39.568;239.966
2003-11-20 15:55:00;164.232; 53.330;203.233;120.403;1298.300;378.090;   null;186.846; 82.368;140.170;268.883; 89.378;143.640;177.834;158.068;174.146;176.146;101.410; 40.768;235.590
2003-11-20 16:00:00;164.044; 53.367;204.200;119.090;1298.480;377.743; 96.795;189.390; 84.170;143.510;263.058; 90.114;143.740;176.990;157.988;176.212;175.598;100.544; 40.158;236.442
2003-11-20 16:05:00;165.118; 52.410;202.467;122.730;1292.720;377.933;   null;189.542; 83.858;145.313;265.595; 89.584;146.020;179.416;157.266;176.348;176.310;102.524; 40.434;236.688
2003-11-20 16:10:00;165.526; 53.047;205.833;120.347;1300.540;376.550;   null;189.746; 83.036;141.577;263.194; 89.633;145.200;178.640;157.830;175.590;177.408;102.082; 40.528;237.194
2003-11-20 16:15:00;166.998; 53.057;206.367;122.377;1300.200;379.090; 97.551;189.876; 82.524;140.797;263.363; 89.899;147.960;176.668;157.016;176.038;176.906;102.294; 40.388;235.570
2003-11-20 16:20:00;167.376; 52.417;204.100;121.017;1294.420;377.600;   null;189.962; 81.666;144.890;264.039; 90.273;146.640;179.050;157.198;175.768;178.086;104.424; 40.384;235.520
2003-11-20 16:25:00;168.232; 52.880;202.767;122.430;1309.360;381.067;   null;189.832; 83.996;146.223;265.418; 90.010;148.580;178.788;160.218;176.620;176.122;104.018; 40.634;234.336
2003-11-20 16:30:00;166.184; 54.127;204.067;122.847;1316.900;379.943; 97.689;192.128; 85.086;144.457;267.060; 89.802;146.000;181.166;161.816;178.828;177.754;103.842; 40.182;236.460
2003-11-20 16:35:00;167.232; 52.047;206.967;124.327;1319.960;380.483;   null;191.056; 85.022;145.573;268.931; 90.879;147.320;184.086;160.376;178.884;181.084;103.068; 39.754;237.524
2003-11-20 16:40:00;167.648; 54.230;206.533;121.377;1313.600;379.633;   null;188.308; 83.106;144.510;269.263; 91.176;147.060;181.148;160.838;178.184;180.434;104.122; 40.116;235.962
2003-11-20 16:45:00;167.148; 53.453;210.167;121.727;1313.360;379.580; 97.558;190.710; 84.060;145.620;271.976; 91.319;146.460;180.938;162.546;177.592;180.724;103.712; 40.636;236.396
2003-11-20 16:50:00;168.632; 53.993;206.267;121.310;1311.780;380.823;   null;189.700; 83.810;144.713;272.445; 90.593;146.920;180.790;158.982;177.238;180.572;103.758; 40.052;235.796
2003-11-20 16:55:00;169.018; 53.627;209.567;121.827;1313.620;380.123;   null;189.184; 84.276;145.583;271.708; 91.572;148.260;185.066;162.032;179.422;180.392;104.458; 40.008;236.248
2003-11-20 17:00:00;168.614; 53.523;209.133;122.750;1318.160;379.457; 98.007;185.688; 85.472;145.700;270.105; 90.524;146.080;182.554;160.684;179.654;181.226;104.718; 39.398;233.666
2003-11-20 17:05:00;167.010; 55.437;207.300;121.030;1318.700;379.020;   null;188.562; 84.368;143.033;270.573; 88.791;146.580;181.846;161.566;176.684;178.556;105.256; 39.412;234.286
2003-11-20 17:10:00;169.948; 53.773;210.967;123.987;1320.240;379.550;   null;191.514; 84.842;145.453;269.385; 91.212;144.080;183.186;160.928;179.096;179.836;103.196; 40.676;235.102
2003-11-20 17:15:00;168.198; 53.897;209.100;123.910;1328.200;380.467; 98.273;189.200; 84.512;142.583;269.996; 90.317;147.040;181.562;159.222;178.256;181.360;103.402; 40.134;237.762
2003-11-20 17:20:00;167.968; 53.533;207.633;123.467;1333.380;381.397;   null;188.606; 84.550;142.277;269.852; 88.674;147.320;180.498;161.644;179.580;181.424;103.920; 40.080;236.248
2003-11-20 17:25:00;169.208; 52.570;208.933;125.567;1336.700;379.684;   null;189.014; 84.300;146.010;269.921; 89.627;145.640;181.148;160.894;177.418;180.000;103.124; 40.502;236.780
2003-11-20 17:30:00;169.456; 55.993;211.433;125.017;1333.760;382.853; 98.185;189.582; 84.146;143.803;271.003; 89.983;146.280;180.786;162.660;178.070;180.542;102.448; 39.834;236.914
2003-11-20 17:35:00;170.258; 54.560;208.967;124.563;1330.260;382.797;   null;191.270; 84.728;145.753;272.193; 90.698;146.400;182.774;161.510;178.074;180.618;104.702; 39.570;238.948
2003-11-20 17:40:00;170.070; 54.107;210.800;123.927;1325.480;381.370;   null;190.464; 85.264;142.996;271.716; 90.528;148.860;183.666;161.646;177.382;180.096;103.600; 40.312;234.914
2003-11-20 17:45:00;167.390; 54.467;210.933;122.927;1331.380;387.200; 98.207;190.008; 84.718;144.413;269.880; 89.411;145.940;180.830;161.294;175.702;179.138;104.444; 40.834;235.362
2003-11-20 17:50:00;170.410; 52.687;212.267;126.233;1332.860;385.947;   null;191.390; 84.142;146.390;270.493; 90.770;146.040;181.618;163.160;177.114;179.982;103.552; 40.558;236.056
2003-11-20 17:55:00;170.424; 54.173;210.367;123.850;1343.940;385.307;   null;190.512; 83.558;145.277;271.167; 87.847;145.340;181.530;159.964;176.404;180.318;103.916; 39.906;235.688
2003-11-20 18:00:00;171.400; 53.910;212.467;125.167;1349.380;384.133; 99.194;190.540; 84.266;145.423;271.207; 88.690;146.880;183.986;161.216;180.228;180.734;103.284; 40.368;237.128
2003-11-20 18:05:00;171.754; 53.997;210.467;123.117;1355.740;385.850;   null;191.560; 84.890;143.370;270.758; 90.666;145.000;182.116;162.762;178.558;180.834;104.324; 40.924;235.298
2003-11-20 18:10:00;172.762; 54.803;212.067;124.343;1352.120;385.650;   null;190.698; 84.986;144.370;272.045; 90.460;146.580;180.186;160.912;180.856;178.424;102.790; 40.180;237.174
2003-11-20 18:15:00;171.920; 53.340;209.967;126.630;1365.140;388.340; 99.617;191.466; 83.896;144.580;269.023; 89.376;145.220;182.296;162.122;178.582;179.158;103.038; 40.222;236.174
2003-11-20 18:20:00;173.262; 55.310;211.733;122.477;1364.300;387.373;   null;191.550; 84.902;146.526;273.096; 90.999;147.280;182.060;161.686;179.640;181.428;105.884; 40.296;236.408
2003-11-20 18:25:00;174.642; 55.020;212.133;127.973;1364.200;388.453;   null;193.062; 83.490;145.247;271.289; 89.286;145.580;180.774;162.826;178.068;179.376;102.192; 40.628;238.446
2003-11-20 18:30:00;173.848; 54.730;211.600;124.467;1366.260;384.907; 98.367;193.560; 84.234;144.877;272.040; 90.593;147.220;185.034;163.076;178.414;181.760;103.444; 40.258;239.414
2003-11-20 18:35:00;175.918; 54.763;213.800;126.827;1368.480;388.317;   null;192.750; 84.040;146.117;273.165; 89.326;146.920;182.456;163.102;179.070;180.074;103.792; 40.330;235.584
2003-11-20 18:40:00;173.776; 53.713;210.033;126.110;1360.560;387.380;   null;190.512; 84.824;143.667;272.585; 88.866;145.700;183.976;161.462;177.250;180.332;102.972; 40.384;236.400
2003-11-20 18:45:00;173.586; 55.360;213.167;128.047;1375.560;386.510; 98.751;191.210; 84.874;143.993;272.857; 90.812;148.020;183.318;164.456;177.612;179.124;104.412; 40.344;236.326
2003-11-20 18:50:00;172.016; 55.230;211.500;125.093;1369.580;382.620;   null;192.326; 84.270;146.017;268.691; 89.606;144.440;183.520;162.340;175.986;180.244;105.790; 40.046;234.434
2003-11-20 18:55:00;171.620; 54.540;214.033;123.817;1376.860;386.310;   null;192.992; 83.910;144.030;272.312; 89.926;147.420;183.252;161.650;177.512;178.708;103.812; 40.066;237.292
2003-11-20 19:00:00;173.890; 54.757;214.067;126.203;1370.040;385.220; 98.512;192.278; 84.012;144.713;274.284; 90.091;145.560;183.032;162.670;177.248;180.542;104.078; 40.212;235.342
2003-11-20 19:05:00;171.424; 56.283;212.267;126.107;1369.880;381.830;   null;191.420; 84.094;143.537;274.633; 90.008;148.120;183.068;162.984;179.850;182.132;105.066; 39.818;235.924
2003-11-20 19:10:00;173.838; 55.187;210.033;126.467;1376.900;389.800;   null;191.762; 84.624;146.073;271.132; 91.778;145.540;181.044;164.514;179.152;180.948;103.976; 40.272;233.480
2003-11-20 19:15:00;174.742; 55.943;213.433;126.937;1376.680;385.390; 97.974;189.656; 82.986;144.607;271.671; 92.244;146.280;185.368;163.194;180.284;180.520;102.502; 40.286;235.700
2003-11-20 19:20:00;173.928; 55.590;211.433;126.317;1375.180;386.243;   null;192.598; 85.188;144.023;272.080; 90.230;144.380;183.548;162.688;179.340;181.152;105.068; 40.596;237.646
2003-11-20 19:25:00;172.844; 55.863;207.867;124.600;1369.020;384.373;   null;192.988; 84.730;144.123;273.505; 91.027;145.440;183.564;164.594;179.594;179.468;104.110; 39.858;235.024
2003-11-20 19:30:00;173.008; 55.277;209.300;125.720;1364.040;386.617; 98.785;190.372; 83.224;146.403;271.711; 91.033;147.120;182.998;163.572;179.208;180.966;103.732; 39.604;234.310
2003-11-20 19:35:00;174.116; 54.887;209.067;124.627;1363.600;384.300;   null;189.420; 82.672;143.557;273.068; 88.890;145.520;181.158;163.238;180.730;181.798;104.906; 40.164;233.884
2003-11-20 19:40:00;170.202; 55.973;211.600;126.480;1356.700;384.483;   null;191.316; 84.366;143.160;271.092; 90.673;145.080;181.904;163.738;180.760;182.126;104.460; 40.142;236.602
2003-11-20 19:45:00;172.464; 54.567;209.033;124.740;1360.740;384.693; 97.834;192.890; 84.352;144.263;271.297; 89.983;146.200;182.816;161.910;180.788;180.808;104.728; 40.416;234.482
2003-11-20 19:50:00;171.172; 53.843;210.300;124.763;1368.360;386.127;   null;191.774; 83.242;145.277;269.594; 87.792;146.560;182.910;162.348;179.354;183.016;104.120; 40.032;237.422
2003-11-20 19:55:00;170.584; 54.700;208.267;122.093;1355.220;387.800;   null;191.042; 83.792;144.363;271.154; 90.160;146.840;184.510;162.772;179.308;180.428;105.226; 40.824;237.668
2003-11-20 20:00:00;169.370; 53.677;212.467;124.513;1355.980;385.960; 98.414;190.822; 83.646;145.817;273.918; 91.551;145.960;184.010;164.452;178.702;180.406;105.152; 39.914;235.838
2003-11-20 20:05:00;170.058; 54.617;209.267;123.833;1357.600;385.160;   null;193.574; 84.392;142.920;271.194; 90.380;145.880;182.442;162.328;178.464;181.040;104.896; 39.952;236.700
2003-11-20 20:10:00;170.336; 54.903;209.767;126.120;1353.020;387.890;   null;191.032; 84.852;144.200;271.570; 91.160;144.700;182.336;162.366;178.040;180.926;103.770; 39.826;235.892
2003-11-20 20:15:00;170.986; 55.060;210.467;124.830;1345.020;385.137; 98.698;191.938; 84.810;142.713;272.278; 91.614;147.120;182.950;163.314;180.342;180.956;103.656; 40.578;237.108
2003-11-20 20:20:00;172.126; 54.623;210.267;124.840;1348.900;385.567;   null;193.780; 82.606;144.490;271.228; 91.071;146.980;183.662;163.178;180.142;180.990;104.820; 40.018;237.930
2003-11-20 20:25:00;171.942; 54.493;208.400;126.253;1352.220;384.840;   null;189.012; 84.178;145.340;271.330; 90.892;148.860;184.508;162.002;177.096;180.782;104.406; 40.612;235.798
2003-11-20 20:30:00;170.750; 54.280;207.867;123.833;1356.360;384.300; 98.559;191.810; 84.450;145.837;270.983; 89.958;145.220;182.676;164.114;178.272;178.046;103.816; 40.488;237.674
2003-11-20 20:35:00;170.562; 54.350;208.767;124.170;1352.620;384.560;   null;191.222; 84.606;144.980;271.365; 91.244;147.860;183.078;162.510;179.608;181.820;104.762; 39.876;239.096
2003-11-20 20:40:00;168.278; 53.310;208.100;124.267;1350.160;387.046;   null;191.344; 83.938;142.940;272.415; 91.863;145.920;183.428;163.324;178.354;179.438;103.762; 40.660;237.532
2003-11-20 20:45:00;169.440; 53.197;207.133;124.287;1353.020;383.170; 98.583;189.668; 83.988;144.530;271.426; 91.806;145.680;184.300;161.886;178.622;182.138;103.730; 40.542;240.130
2003-11-20 20:50:00;169.768; 54.843;211.033;123.863;1342.560;383.680;   null;192.264; 83.636;144.353;270.949; 89.841;147.340;182.062;162.498;181.106;180.150;103.020; 40.562;237.988
2003-11-20 20:55:00;171.202; 54.953;206.800;122.917;1337.160;385.657;   null;190.128; 83.884;144.593;271.427; 90.546;144.180;182.288;165.056;180.328;181.056;105.300; 40.866;239.644
2003-11-20 21:00:00;170.406; 54.570;209.133;122.977;1345.480;384.640; 98.662;191.560; 83.676;144.217;268.130; 89.263;146.520;182.760;164.002;180.464;180.676;104.076; 40.974;235.704
2003-11-20 21:05:00;168.578; 53.443;211.267;122.073;1342.280;387.823;   null;190.966; 84.830;145.630;271.835; 90.469;145.200;182.772;160.462;179.674;181.708;103.718; 39.768;239.186
2003-11-20 21:10:00;169.598; 52.553;208.067;125.687;1345.340;385.097;   null;190.934; 83.956;143.883;269.824; 91.696;147.020;180.716;163.058;179.838;181.118;103.976; 40.202;234.846
2003-11-20 21:15:00;169.824; 54.453;209.300;123.350;1344.680;385.560;100.001;192.488; 84.758;144.103;272.886; 89.222;144.900;180.422;161.656;178.770;179.658;104.502; 39.872;237.414
2003-11-20 21:20:00;169.090; 55.037;206.967;122.203;1345.120;387.883;   null;191.584; 83.680;146.873;270.868; 90.958;144.940;182.578;163.440;178.148;181.874;104.864; 39.916;236.060
2003-11-20 21:25:00;172.648; 54.457;207.067;123.433;1350.140;385.973;   null;192.188; 83.904;144.767;269.503; 92.209;147.620;181.278;162.620;179.192;179.482;104.600; 40.166;234.858
2003-11-20 21:30:00;170.122; 52.957;206.033;124.563;1348.700;387.560; 98.177;190.330; 85.486;144.770;272.749; 90.542;146.440;181.682;163.116;179.420;181.420;103.712; 40.706;233.250
2003-11-20 21:35:00;170.186; 55.657;208.733;125.420;1353.940;386.417;   null;194.444; 83.980;144.990;271.475; 90.274;144.200;181.666;163.672;176.798;179.312;103.600; 39.610;233.702
2003-11-20 21:40:00;169.360; 54.390;207.133;124.247;1344.360;388.157;   null;191.194; 83.624;143.250;272.778; 91.211;146.740;182.024;163.572;178.696;179.730;102.868; 39.960;232.298
2003-11-20 21:45:00;170.074; 56.033;207.733;124.857;1351.120;385.140; 97.931;192.642; 82.552;145.143;271.585; 90.621;145.960;183.596;163.018;178.764;179.552;105.060; 39.928;234.886
2003-11-20 21:50:00;169.216; 54.433;207.333;123.067;1351.180;387.013;   null;192.202; 83.694;144.223;267.103; 91.017;145.260;180.850;163.320;178.744;180.562;104.464; 39.518;232.740
2003-11-20 21:55:00;168.850; 54.007;207.633;124.797;1344.740;382.890;   null;191.316; 83.148;144.843;269.050; 91.116;146.780;183.584;163.628;178.082;180.130;103.834; 40.070;233.472
2003-11-20 22:00:00;171.820; 54.523;208.100;125.083;1350.660;385.097; 97.105;190.668; 84.468;142.737;269.460; 90.100;146.280;182.368;161.356;179.100;179.150;102.842; 39.500;230.668
2003-11-20 22:05:00;172.376; 54.637;208.267;121.503;1345.860;384.833;   null;190.406; 81.870;144.833;270.306; 89.674;148.620;182.872;164.320;177.370;179.902;104.876; 39.260;232.942
2003-11-20 22:10:00;169.458; 53.687;205.700;125.223;1342.160;383.726;   null;191.546; 84.054;144.213;270.067; 89.831;145.920;181.624;162.094;176.642;181.302;103.338; 39.836;234.464
2003-11-20 22:15:00;168.498; 54.690;206.767;122.507;1340.440;383.283; 97.804;189.902; 83.476;143.460;268.965; 91.040;145.640;182.674;162.938;177.400;180.978;104.404; 39.486;234.382
2003-11-20 22:20:00;170.474; 54.097;206.100;123.593;1333.820;382.470;   null;190.564; 82.434;141.440;268.169; 90.281;146.660;182.414;163.544;178.908;179.306;103.678; 39.622;232.374
2003-11-20 22:25:00;166.708; 54.003;207.000;122.973;1330.280;384.460;   null;190.642; 83.794;145.083;267.279; 89.645;143.520;181.890;162.950;176.588;178.628;103.782; 39.908;235.188
2003-11-20 22:30:00;168.236; 53.273;205.733;122.393;1327.140;381.787; 97.797;190.908; 82.816;143.440;267.714; 87.476;143.620;182.880;163.314;178.292;178.412;103.632; 39.570;233.434
2003-11-20 22:35:00;168.912; 53.890;207.200;122.093;1327.040;381.567;   null;191.026; 82.258;144.663;266.344; 89.020;145.220;181.200;162.270;178.526;178.130;102.692; 39.146;233.180
2003-11-20 22:40:00;167.734; 53.380;205.833;123.443;1328.580;383.937;   null;191.710; 84.074;143.483;268.903; 89.326;144.820;181.988;162.688;174.760;178.898;102.506; 39.714;232.778
2003-11-20 22:45:00;169.372; 52.840;206.000;124.390;1331.360;383.920; 97.530;192.396; 81.768;142.807;268.859; 90.272;146.440;182.562;162.936;179.342;179.744;104.810; 39.422;234.958
2003-11-20 22:50:00;169.428; 53.073;207.533;123.507;1326.740;382.000;   null;192.464; 82.744;142.137;268.850; 89.578;145.400;181.478;163.258;176.568;176.892;103.468; 40.026;234.494
2003-11-20 22:55:00;166.440; 54.517;204.933;122.327;1317.260;382.237;   null;193.260; 82.574;144.263;267.579; 89.868;144.720;181.236;160.902;176.468;178.442;103.022; 39.590;232.150
2003-11-20 23:00:00;169.314; 52.953;208.567;122.940;1324.240;380.237; 97.069;190.830; 84.242;143.133;270.944; 90.469;145.080;181.796;162.796;176.970;178.462;103.328; 39.728;232.654
2003-11-20 23:05:00;167.246; 54.053;205.333;122.970;1325.440;383.327;   null;190.660; 82.708;144.787;271.733; 89.084;146.640;181.104;161.790;176.994;181.076;102.630; 40.312;235.032
2003-11-20 23:10:00;168.954; 53.627;205.100;121.710;1322.520;383.163;   null;191.326; 81.520;143.623;267.775; 90.898;144.780;180.874;161.072;177.114;176.504;102.932; 39.264;232.006
2003-11-20 23:15:00;168.882; 53.077;204.833;121.600;1325.340;381.420; 97.535;191.004; 81.788;141.523;270.566; 88.392;145.420;181.212;164.350;175.458;179.390;103.130; 39.876;232.352
2003-11-20 23:20:00;168.032; 51.827;203.233;121.733;1323.040;378.936;   null;186.516; 83.476;143.790;270.145; 88.629;146.540;181.194;162.026;177.422;178.172;101.612; 39.906;235.136
2003-11-20 23:25:00;169.306; 54.167;204.133;121.860;1323.220;381.703;   null;189.300; 83.062;143.440;267.853; 89.518;146.020;180.986;162.462;173.692;177.944;103.412; 39.528;234.142
2003-11-20 23:30:00;166.258; 53.503;203.900;122.360;1328.220;378.800; 97.410;192.108; 82.686;142.240;270.720; 90.171;143.820;178.480;161.156;174.592;177.746;103.490; 39.728;232.096
2003-11-20 23:35:00;168.208; 52.877;204.133;120.520;1323.180;378.510;   null;191.682; 82.504;141.300;272.397; 89.453;145.160;178.738;162.472;176.044;177.550;102.040; 39.572;233.040
2003-11-20 23:40:00;168.924; 52.420;203.000;120.403;1323.440;383.473;   null;190.442; 81.392;142.733;269.851; 89.421;143.660;183.634;161.226;176.994;177.688;102.940; 39.714;231.130
2003-11-20 23:45:00;165.204; 51.870;203.033;121.697;1317.120;379.380; 96.484;187.668; 83.184;141.487;268.913; 87.225;144.800;180.364;162.834;174.538;177.476;102.932; 39.994;233.326
2003-11-20 23:50:00;165.792; 53.417;203.633;121.670;1314.620;378.280;   null;193.598; 83.006;142.307;271.417; 88.990;144.580;181.458;162.156;176.746;176.978;102.652; 39.080;235.028
2003-11-20 23:55:00;166.394; 52.037;204.100;121.130;1327.640;376.137;   null;189.504; 82.198;143.723;267.661; 89.264;144.360;181.752;161.110;176.358;178.266;102.590; 40.172;232.382
2003-11-21 00:00:00;168.652; 51.083;205.433;122.550;1319.080;378.077; 97.433;187.024; 82.866;146.343;269.512; 90.359;144.660;180.632;160.510;176.786;178.982;103.864; 39.472;233.182
2003-11-21 00:05:00;166.010; 52.993;203.400;122.943;1320.860;378.227;   null;190.306; 82.270;144.050;268.593; 90.363;146.160;180.926;163.668;176.674;178.112;104.528; 39.436;234.834
2003-11-21 00:10:00;166.154; 52.207;200.467;121.383;1322.620;381.407;   null;187.084; 81.164;144.213;270.590; 88.593;144.780;182.502;162.456;177.910;180.218;104.918; 39.996;235.140
2003-11-21 00:15:00;167.446; 53.310;205.400;122.553;1321.340;380.757; 97.077;190.320; 81.474;143.057;269.409; 87.139;145.860;181.450;161.562;176.358;177.418;102.212; 39.506;231.326
2003-11-21 00:20:00;166.868; 51.677;205.433;121.263;1330.360;381.187;   null;191.734; 82.342;145.097;273.298; 88.504;145.540;180.768;162.148;176.332;179.816;103.476; 39.766;233.620
2003-11-21 00:25:00;166.560; 53.507;203.433;120.717;1324.940;382.153;   null;189.438; 83.556;144.047;268.560; 90.145;143.640;182.522;162.680;174.714;178.318;102.612; 40.058;234.842
2003-11-21 00:30:00;169.808; 52.390;202.400;121.573;1344.060;380.917; 97.918;191.246; 82.424;143.780;269.446; 90.033;146.760;181.954;162.082;175.490;179.290;104.600; 39.100;233.408
2003-11-21 00:35:00;167.510; 53.217;203.667;122.317;1341.540;381.390;   null;191.504; 81.700;143.230;270.784; 89.898;147.280;181.714;163.036;175.438;178.986;103.032; 39.492;231.782
2003-11-21 00:40:00;168.704; 52.853;202.467;121.917;1342.640;380.596;   null;192.266; 82.276;145.030;270.127; 88.495;144.240;180.346;162.364;175.664;177.426;103.120; 40.078;233.214
2003-11-21 00:45:00;171.554; 52.563;201.233;121.860;1337.400;386.403; 97.192;191.200; 81.742;142.907;266.865; 89.820;146.080;181.772;160.360;174.588;178.622;103.020; 39.424;234.572
2003-11-21 00:50:00;169.766; 53.307;205.533;121.043;1340.800;381.727;   null;190.558; 82.000;142.993;270.048; 87.943;145.560;181.726;158.882;172.972;178.672;102.124; 39.008;234.164
2003-11-21 00:55:00;165.728; 52.973;202.700;123.903;1341.240;380.877;   null;192.256; 81.758;141.906;269.553; 89.545;145.860;180.890;162.646;176.120;178.666;103.186; 39.538;233.696
2003-11-21 01:00:00;167.800; 51.687;202.833;121.303;1336.500;382.873; 96.456;191.496; 82.188;142.153;271.042; 90.934;144.880;181.436;160.596;175.458;179.166;103.446; 39.508;232.190
2003-11-21 01:05:00;166.996; 51.593;202.400;122.940;1330.680;382.573;   null;192.824; 81.020;142.780;271.898; 90.435;145.440;180.068;161.596;177.354;177.126;101.982; 39.748;230.866
2003-11-21 01:10:00;165.078; 54.100;201.867;121.307;1325.720;380.394;   null;192.440; 81.538;145.260;270.537; 88.761;146.200;180.596;159.978;175.360;176.642;100.994; 39.804;232.006
2003-11-21 01:15:00;168.508; 52.080;201.900;122.150;1328.740;379.597; 96.458;191.590; 81.414;144.510;266.098; 89.289;145.640;182.156;160.330;175.812;174.952;101.496; 38.720;232.934
2003-11-21 01:20:00;166.504; 53.767;201.767;120.103;1320.920;378.567;   null;192.438; 81.130;143.717;264.001; 90.441;144.500;181.346;162.948;175.416;175.886;103.350; 38.466;230.748
2003-11-21 01:25:00;165.630; 52.217;200.567;120.167;1316.960;377.340;   null;189.916; 81.146;145.590;264.332; 90.314;146.700;180.066;159.698;176.070;175.722;102.820; 38.854;228.982
2003-11-21 01:30:00;166.640; 53.070;204.100;122.137;1318.640;380.273; 96.733;192.200; 81.548;142.050;263.742; 89.698;147.440;177.986;161.040;174.382;175.826;102.616; 38.840;231.338
2003-11-21 01:35:00;164.348; 52.223;202.667;121.473;1313.020;380.660;   null;189.802; 80.038;143.970;265.374; 90.906;147.260;180.102;163.012;173.476;175.784;103.986; 39.168;229.512
2003-11-21 01:40:00;165.466; 52.393;201.633;119.687;1315.660;378.663;   null;190.876; 80.188;144.887;261.624; 89.324;145.760;179.914;161.554;175.214;176.476;102.224; 39.690;228.770
2003-11-21 01:45:00;167.936; 53.117;202.133;120.673;1318.440;378.677; 96.996;191.036; 81.454;142.326;261.086; 89.618;147.560;178.026;161.080;174.752;174.650;104.122; 39.400;232.340
2003-11-21 01:50:00;165.950; 52.893;203.667;121.770;1310.240;377.904;   null;188.746; 80.658;140.633;263.708; 88.372;145.860;177.360;161.016;175.318;175.318;103.672; 38.902;231.686
2003-11-21 01:55:00;166.150; 53.037;204.100;120.560;1312.000;380.657;   null;191.626; 81.870;142.503;262.283; 89.917;145.880;179.238;159.144;174.794;176.106;104.298; 39.212;230.026
2003-11-21 02:00:00;165.180; 52.657;201.667;120.267;1307.060;379.140; 97.644;188.108; 81.288;142.860;261.954; 89.395;146.680;177.626;159.318;173.766;175.684;103.140; 39.124;231.560
2003-11-21 02:05:00;165.304; 53.170;202.733;121.793;1307.540;376.396;   null;189.206; 81.384;145.053;261.746; 88.284;147.240;177.156;160.196;173.176;174.212;103.252; 38.806;231.218
2003-11-21 02:10:00;166.802; 51.507;202.367;120.897;1313.580;376.453;   null;189.130; 80.888;141.627;261.588; 89.534;144.180;176.202;158.116;172.752;173.960;102.762; 39.080;230.762
2003-11-21 02:15:00;166.462; 51.410;201.200;120.347;1312.360;379.067; 96.598;191.428; 81.052;141.140;262.440; 89.491;145.260;178.002;159.296;173.410;174.446;102.648; 39.180;232.316
2003-11-21 02:20:00;164.264; 53.813;198.233;119.407;1305.240;377.317;   null;192.136; 81.562;144.007;261.154; 91.023;145.040;177.330;158.334;172.022;174.756;102.570; 39.204;229.508
2003-11-21 02:25:00;163.538; 52.593;198.433;119.413;1310.580;380.180;   null;190.592; 81.472;143.313;261.241; 88.601;145.120;178.480;159.864;172.638;175.456;103.872; 38.384;229.438
2003-11-21 02:30:00;166.886; 51.697;200.500;120.817;1311.720;381.360; 96.772;189.930; 81.816;142.960;259.259; 89.532;143.760;176.526;159.282;173.980;173.756;102.480; 39.052;228.134
2003-11-21 02:35:00;165.524; 52.610;200.867;120.893;1306.860;378.247;   null;188.370; 81.626;143.274;261.727; 89.830;144.280;176.286;160.518;174.552;174.248;102.766; 39.362;230.616
2003-11-21 02:40:00;165.324; 51.913;203.300;119.867;1300.060;376.040;   null;189.270; 80.648;143.980;260.579; 88.135;145.120;177.288;160.402;173.374;176.504;103.554; 38.506;230.054
2003-11-21 02:45:00;166.854; 52.837;201.800;118.437;1310.060;376.600; 95.997;190.290; 80.696;143.093;262.250; 89.812;145.340;177.832;158.888;174.682;175.118;103.090; 38.838;232.544
2003-11-21 02:50:00;166.836; 51.783;200.700;121.287;1302.400;379.293;   null;191.272; 82.108;141.977;261.796; 89.896;142.900;177.850;161.146;174.524;175.048;103.298; 39.104;230.690
2003-11-21 02:55:00;165.540; 52.380;198.967;119.423;1301.920;380.396;   null;189.596; 81.378;142.180;259.846; 88.774;145.740;177.656;160.186;173.756;175.936;102.670; 39.578;230.654
2003-11-21 03:00:00;167.176; 50.500;199.333;118.443;1298.540;377.090; 96.451;189.972; 80.410;143.040;261.796; 90.651;146.020;176.308;161.258;173.704;174.696;103.580; 39.258;231.568
2003-11-21 03:05:00;164.496; 52.323;201.867;119.233;1299.420;378.633;   null;190.046; 80.680;143.377;261.534; 89.331;145.120;177.422;157.336;170.550;175.764;102.288; 39.220;229.118
2003-11-21 03:10:00;164.910; 51.943;201.067;119.873;1295.560;376.973;   null;189.504; 80.706;142.840;259.633; 91.399;145.920;176.580;161.636;170.332;174.098;101.366; 38.542;231.274
2003-11-21 03:15:00;164.852; 52.600;198.500;120.033;1292.440;377.117; 97.066;189.480; 82.034;140.367;261.446; 91.784;144.560;178.002;159.924;171.748;174.804;101.684; 39.008;230.782
2003-11-21 03:20:00;165.020; 52.010;198.367;120.270;1298.140;372.247;   null;190.660; 80.502;143.847;258.740; 87.337;143.580;177.658;159.892;173.940;174.502;102.206; 38.936;230.220
2003-11-21 03:25:00;164.344; 52.333;199.500;120.310;1292.140;375.824;   null;190.244; 80.828;143.563;263.033; 88.789;143.260;179.578;159.824;173.144;175.010;102.230; 39.018;229.762
2003-11-21 03:30:00;163.762; 52.423;198.533;119.817;1298.940;375.110; 96.556;192.326; 81.840;142.670;260.729; 89.374;143.520;178.264;158.698;174.466;175.288;102.048; 39.862;230.448
2003-11-21 03:35:00;162.688; 51.617;199.033;121.100;1297.280;372.937;   null;191.242; 81.344;142.137;265.389; 89.633;145.420;177.842;158.698;173.582;176.486;103.342; 39.100;229.872
2003-11-21 03:40:00;165.518; 51.763;199.667;119.787;1298.420;374.397;   null;189.880; 82.454;143.110;258.915; 89.132;146.120;176.214;158.450;172.434;174.310;102.848; 38.880;228.096
2003-11-21 03:45:00;165.704; 52.263;199.933;119.343;1294.280;376.760; 96.364;188.692; 80.962;143.010;262.946; 89.417;143.580;178.240;158.606;172.310;174.394;103.280; 39.390;231.856
2003-11-21 03:50:00;166.056; 51.700;197.733;119.457;1301.360;377.540;   null;190.952; 81.468;141.307;261.722; 87.985;144.200;177.962;159.368;175.092;174.698;102.074; 38.964;231.264
2003-11-21 03:55:00;162.570; 52.687;198.667;120.913;1302.760;375.137;   null;188.146; 79.518;142.397;261.002; 87.931;143.880;178.194;158.764;173.832;174.284;101.700; 38.998;229.444
2003-11-21 04:00:00;165.362; 51.843;200.800;118.563;1290.700;375.727; 96.736;193.024; 81.644;142.717;263.488; 88.292;141.760;176.488;162.540;173.914;176.042;103.996; 39.088;230.982
2003-11-21 04:05:00;164.826; 52.310;199.300;119.223;1292.540;378.087;   null;190.670; 81.624;140.370;261.789; 89.954;144.960;178.120;162.502;173.578;175.196;103.044; 38.626;229.174
2003-11-21 04:10:00;165.566; 52.580;198.233;119.800;1293.040;377.767;   null;190.212; 81.234;143.230;259.917; 87.985;145.660;179.246;163.984;173.200;174.860;101.888; 39.110;231.656
2003-11-21 04:15:00;163.406; 51.503;198.533;120.227;1297.760;373.060; 96.220;190.328; 79.722;141.657;262.314; 88.501;143.520;178.352;160.222;173.280;177.200;101.486; 39.426;232.716
2003-11-21 04:20:00;165.128; 53.290;201.567;119.283;1290.840;374.410;   null;189.340; 79.918;143.683;258.460; 89.563;145.520;180.150;161.732;175.634;176.468;101.946; 38.976;231.548
2003-11-21 04:25:00;163.234; 52.463;197.733;119.463;1293.900;375.517;   null;191.814; 80.814;141.013;263.400; 89.720;144.100;180.032;162.328;173.210;175.700;102.146; 39.554;230.106
2003-11-21 04:30:00;164.156; 53.193;199.533;120.657;1293.320;376.407; 96.217;189.914; 79.962;141.897;260.527; 88.913;145.060;178.124;160.270;175.258;175.794;102.516; 39.328;230.160
2003-11-21 04:35:00;164.958; 52.177;201.633;118.653;1294.800;372.510;   null;189.312; 81.406;142.640;261.598; 90.349;145.320;178.332;160.512;174.456;174.912;103.196; 39.586;232.700
2003-11-21 04:40:00;165.228; 51.050;200.067;119.770;1295.000;373.927;   null;189.092; 81.410;143.467;262.489; 89.300;145.740;180.736;160.952;174.792;175.114;101.706; 39.742;229.730
2003-11-21 04:45:00;164.360; 51.690;198.367;119.600;1294.140;375.393; 96.679;191.422; 81.612;144.350;263.260; 89.362;145.940;178.388;160.016;174.546;175.004;102.572; 39.446;230.952
2003-11-21 04:50:00;164.822; 50.817;201.067;118.493;1297.180;376.340;   null;189.814; 80.896;142.023;263.084; 89.289;145.820;181.164;160.634;175.214;176.346;103.190; 38.766;231.658
2003-11-21 04:55:00;165.050; 52.700;199.400;117.077;1297.620;378.237;   null;189.010; 80.344;144.547;261.789; 88.985;145.220;178.804;158.546;174.822;176.354;102.656; 39.326;230.718
2003-11-21 05:00:00;163.758; 52.537;200.267;117.250;1297.420;375.240; 96.630;189.416; 80.676;144.367;261.488; 90.507;144.680;179.830;161.052;172.698;176.244;103.020; 38.872;231.002
2003-11-21 05:05:00;167.204; 50.993;200.100;120.700;1299.720;376.507;   null;190.352; 81.190;141.590;263.435; 88.478;144.560;181.800;160.058;174.544;177.220;102.386; 39.444;231.696
2003-11-21 05:10:00;165.298; 53.450;200.500;117.510;1299.060;376.683;   null;188.764; 79.842;141.987;263.293; 90.722;147.000;180.760;160.742;175.462;176.470;102.542; 39.214;231.786
2003-11-21 05:15:00;163.884; 52.990;198.733;117.343;1299.920;375.450; 96.970;187.842; 82.242;141.760;259.454; 89.360;143.180;180.478;160.266;173.542;174.938;104.448; 39.090;230.542
2003-11-21 05:20:00;164.016; 51.657;199.567;118.460;1302.460;372.053;   null;190.788; 81.878;140.607;261.698; 91.162;144.100;178.122;159.398;173.186;179.080;103.862; 39.322;230.254
2003-11-21 05:25:00;164.710; 52.480;198.300;119.207;1300.360;376.590;   null;191.720; 82.408;142.657;259.314; 90.112;145.360;178.562;159.878;175.140;177.648;103.020; 39.882;230.188
2003-11-21 05:30:00;166.396; 54.097;200.100;118.897;1300.380;375.313; 97.168;188.924; 80.488;144.063;260.632; 89.242;143.820;180.492;161.584;175.204;176.204;102.890; 39.260;230.304
2003-11-21 05:35:00;165.018; 51.620;199.067;118.983;1300.860;371.243;   null;187.846; 81.062;144.527;263.066; 89.608;147.380;180.306;158.128;174.056;177.064;102.586; 39.172;233.092
2003-11-21 05:40:00;162.702; 52.883;197.733;119.273;1294.820;373.943;   null;189.754; 81.296;143.017;263.364; 89.429;144.900;178.344;161.390;174.146;176.370;102.886; 38.944;229.134
2003-11-21 05:45:00;165.026; 50.757;200.400;120.460;1294.460;371.817; 95.288;189.270; 82.262;141.660;262.362; 89.742;145.960;177.650;159.854;174.112;179.008;102.768; 39.274;230.188
2003-11-21 05:50:00;165.374; 52.863;200.167;119.413;1301.020;375.253;   null;188.084; 81.802;143.967;263.784; 89.176;145.200;178.486;160.282;173.922;179.062;101.658; 39.284;231.620
2003-11-21 05:55:00;164.994; 53.977;201.000;121.363;1300.700;373.324;   null;187.952; 82.022;143.314;264.627; 90.186;146.640;178.466;158.736;175.842;179.026;101.436; 39.100;231.968
2003-11-21 06:00:00;166.572; 52.793;200.267;119.123;1293.500;375.847; 96.712;188.296; 81.066;142.473;263.134; 89.646;144.960;178.130;161.460;174.944;174.814;100.460; 38.462;231.278
2003-11-21 06:05:00;164.266; 51.693;201.233;119.790;1295.880;373.253;   null;190.924; 80.652;143.740;261.640; 90.852;144.680;178.032;157.532;175.000;174.884;101.966; 39.384;231.082
2003-11-21 06:10:00;165.118; 52.600;199.567;118.063;1298.680;376.467;   null;190.398; 82.770;143.367;263.697; 89.335;145.220;179.384;157.688;175.422;177.038;102.994; 39.426;229.270
2003-11-21 06:15:00;165.814; 52.013;199.600;121.327;1297.620;375.960; 96.575;191.934; 81.812;143.673;263.379; 88.262;145.160;179.720;159.790;173.306;176.718;101.884; 39.160;232.044
2003-11-21 06:20:00;164.660; 52.917;198.100;119.477;1300.480;378.820;   null;191.528; 80.914;142.193;263.378; 91.001;144.000;180.418;158.166;173.756;177.572;102.768; 39.010;232.110
2003-11-21 06:25:00;165.560; 53.407;198.700;118.483;1305.020;376.820;   null;191.560; 81.224;143.487;263.484; 89.933;145.600;180.124;157.338;170.894;178.476;103.416; 39.104;231.770
2003-11-21 06:30:00;165.108; 54.023;199.200;119.633;1306.160;375.686; 97.034;192.454; 82.534;142.150;264.520; 88.996;147.280;178.442;158.258;175.524;175.460;101.330; 39.522;232.710
2003-11-21 06:35:00;165.656; 51.330;198.700;119.267;1298.840;378.303;   null;189.570; 81.270;141.463;265.471; 89.068;145.200;180.544;158.390;173.580;174.750;102.190; 39.798;231.428
2003-11-21 06:40:00;165.714; 52.870;200.467;121.193;1305.380;375.687;   null;190.174; 82.216;142.910;266.264; 89.091;145.320;180.108;158.056;173.638;177.338;102.190; 39.204;231.764
2003-11-21 06:45:00;164.780; 52.070;199.733;121.400;1307.840;375.387; 96.716;193.014; 80.914;144.470;264.064; 91.664;143.580;177.966;155.450;174.900;175.590;102.898; 39.504;232.396
2003-11-21 06:50:00;165.508; 52.777;200.533;120.357;1301.400;378.287;   null;188.092; 83.238;143.420;266.404; 89.404;145.260;179.432;156.256;175.120;177.922;102.236; 38.592;233.032
2003-11-21 06:55:00;166.210; 51.637;199.433;119.427;1309.760;377.376;   null;191.274; 82.282;143.363;266.228; 89.850;145.580;179.478;158.334;173.562;177.040;102.900; 39.658;231.712
2003-11-21 07:00:00;165.524; 52.520;201.800;119.470;1298.560;376.367; 96.690;   null; 83.342;143.920;264.996; 90.395;146.600;175.864;158.832;174.230;175.734;102.428; 39.382;230.798
2003-11-21 07:05:00;164.854; 52.260;202.533;120.237;1302.500;376.240;   null;188.220; 81.612;141.827;263.517; 89.412;145.880;178.688;159.954;174.684;175.252;101.902; 39.072;230.618
2003-11-21 07:10:00;165.604; 51.807;200.233;121.850;1306.180;376.830;   null;189.370; 82.242;143.233;264.855; 92.069;144.540;177.746;158.508;174.986;176.666;102.240; 39.270;231.798
2003-11-21 07:15:00;136.242; 52.203;196.700;119.867;1304.420;375.900; 96.971;190.448; 81.568;144.997;264.344; 89.973;145.840;179.308;156.834;174.184;176.402;102.644; 39.320;229.880
2003-11-21 07:20:00;167.676; 51.910;201.533;119.287;1313.720;378.190;   null;190.100; 81.450;142.997;262.633; 89.409;147.060;177.682;156.994;174.664;175.952;103.442; 38.196;231.544
2003-11-21 07:25:00;166.682; 51.830;200.300;119.330;1303.940;381.833;   null;188.116; 82.442;141.520;266.230; 89.446;145.980;177.058;160.876;175.948;175.104;101.850; 39.334;229.894
2003-11-21 07:30:00;166.098; 52.367;199.167;120.880;1307.460;377.247; 96.854;190.734; 81.540;143.400;265.154; 90.003;145.020;180.986;158.034;175.952;177.562;101.588; 38.890;229.578
2003-11-21 07:35:00;166.728; 51.820;199.467;120.013;1309.180;380.510;   null;192.038; 81.490;142.470;265.295; 89.328;144.920;179.726;158.038;174.428;177.596;101.286; 39.194;232.396
2003-11-21 07:40:00;165.312; 52.870;201.700;120.127;1317.700;381.763;   null;193.220; 82.412;144.753;264.062; 89.857;146.020;178.272;159.546;175.608;176.540;101.428; 39.810;230.176
2003-11-21 07:45:00;165.724; 52.170;200.700;118.790;1309.860;381.313; 97.277;190.196; 80.946;144.110;266.106; 89.612;146.220;180.112;157.766;176.882;177.784;103.188; 39.254;230.422
2003-11-21 07:50:00;167.850; 51.567;201.267;120.950;1309.460;382.637;   null;191.208; 81.520;145.250;267.004; 89.681;147.640;178.758;159.636;177.612;176.602;101.486; 38.794;231.484
2003-11-21 07:55:00;167.415; 50.877;199.533;119.287;1319.180;382.557;   null;191.568; 81.626;142.347;264.660; 88.376;145.800;181.154;158.568;177.062;177.724;103.250; 39.618;231.628
2003-11-21 08:00:00;168.942; 51.987;202.900;119.213;1327.600;382.610; 95.615;191.592; 81.562;142.873;263.553; 90.029;148.460;180.054;158.034;176.014;176.438;102.964; 39.134;230.110
2003-11-21 08:05:00;167.120; 51.773;200.800;119.520;1322.660;380.283;   null;193.634; 81.312;144.673;265.594; 88.945;147.660;180.112;156.320;175.222;176.172;102.056; 39.198;230.322
2003-11-21 08:10:00;167.768; 52.840;201.467;120.837;1318.180;383.817;   null;191.990; 82.918;144.707;266.264; 89.477;148.180;179.026;158.458;177.796;178.704;101.300; 38.690;229.212
2003-11-21 08:15:00;167.648; 53.007;202.500;120.243;1321.440;381.537; 98.115;189.292; 81.508;142.783;269.820; 90.466;147.000;181.376;157.896;175.326;177.044;101.454; 38.556;229.482
2003-11-21 08:20:00;167.002; 52.527;199.400;119.013;1318.280;380.513;   null;192.784; 81.456;143.053;268.039; 89.823;146.220;180.196;156.988;175.104;176.574;103.088; 39.092;228.754
2003-11-21 08:25:00;167.252; 51.393;199.600;120.837;1321.980;382.907;   null;191.496; 79.878;145.960;266.633; 90.370;147.100;179.254;158.364;174.650;177.124;102.364; 38.806;229.128
2003-11-21 08:30:00;166.954; 53.967;199.033;120.227;1323.780;380.247; 97.879;191.990; 81.244;144.330;269.096; 90.272;146.100;179.794;159.266;173.998;177.890;101.974; 38.746;230.576
2003-11-21 08:35:00;167.280; 54.060;201.133;120.103;1316.480;381.077;   null;191.340; 81.078;142.863;263.270; 89.880;145.600;180.946;157.962;176.888;178.476;102.042; 39.568;231.098
2003-11-21 08:40:00;168.790; 51.253;198.333;119.920;1317.500;383.023;   null;191.674; 80.644;143.827;269.469; 88.931;148.020;180.254;160.542;175.038;174.606;102.346; 38.392;229.576
2003-11-21 08:45:00;166.946; 52.393;204.500;122.323;1320.040;380.573; 96.885;193.326; 81.604;145.847;269.926; 89.895;146.800;177.946;159.314;174.890;176.268;103.284; 39.096;230.698
2003-11-21 08:50:00;168.050; 52.470;201.167;121.057;1315.380;382.423;   null;192.808; 81.572;144.380;268.748; 90.077;147.420;179.156;157.372;176.542;176.910;101.836; 39.084;231.814
2003-11-21 08:55:00;168.436; 52.530;198.600;120.993;1318.760;381.700;   null;192.314; 82.458;147.507;266.017; 90.573;146.600;180.696;159.166;175.428;177.126;102.862; 39.172;230.214
2003-11-21 09:00:00;167.662; 52.930;201.133;119.600;1317.580;380.913; 96.954;191.278; 80.444;144.193;266.299; 91.119;147.760;179.002;160.110;174.912;178.882;101.816; 39.340;229.298
2003-11-21 09:05:00;167.382; 51.820;201.467;121.600;1312.120;380.176;   null;190.942; 83.826;144.543;266.493; 90.404;146.960;181.490;158.404;176.060;175.640;101.906; 39.636;233.096
2003-11-21 09:10:00;167.860; 52.800;200.600;119.947;1317.380;380.233;   null;191.482; 81.836;144.000;266.634; 90.908;145.580;180.620;160.520;175.894;178.210;103.548; 38.676;229.586
2003-11-21 09:15:00;166.210; 52.883;200.300;120.320;1315.080;378.537; 97.151;191.006; 82.724;145.113;266.563; 90.360;145.480;181.418;158.658;176.080;176.200;102.030; 39.250;230.718
2003-11-21 09:20:00;168.834; 51.977;201.167;121.330;1311.260;381.450;   null;191.072; 81.118;143.653;266.282; 89.208;149.800;180.686;157.688;171.988;176.542;103.044; 39.556;233.556
2003-11-21 09:25:00;166.364; 52.510;197.233;118.990;1311.680;381.927;   null;192.872; 82.730;143.640;264.978; 90.064;146.480;181.186;157.748;173.598;176.742;102.388; 39.232;230.690
2003-11-21 09:30:00;166.486; 53.520;200.600;122.043;1314.580;381.720; 98.362;193.220; 80.082;144.503;266.177; 91.041;148.480;177.590;157.300;175.878;178.584;102.538; 39.150;231.398
2003-11-21 09:35:00;167.050; 52.920;202.500;121.767;1308.940;383.296;   null;192.666; 81.042;145.993;268.099; 91.817;147.960;181.968;158.188;174.470;176.812;104.004; 39.336;232.488
2003-11-21 09:40:00;166.724; 53.453;200.600;121.770;1308.280;382.543;   null;191.198; 82.958;145.980;263.001; 90.834;146.340;180.696;159.812;173.602;177.404;102.610; 39.632;230.874
2003-11-21 09:45:00;165.732; 52.687;201.100;122.107;1299.660;383.067; 98.311;194.328; 80.726;144.460;265.207; 91.509;146.240;180.346;159.620;174.038;177.932;102.570; 40.084;232.740
2003-11-21 09:50:00;167.556; 52.337;200.933;123.833;1305.480;382.617;   null;193.576; 81.442;144.923;263.267; 90.086;149.240;179.364;159.000;175.572;178.436;102.904; 39.320;233.176
2003-11-21 09:55:00;167.728; 52.927;201.400;122.873;1306.120;382.180;   null;195.638; 79.612;143.440;265.295; 90.336;147.280;179.854;160.042;176.960;175.912;102.958; 39.200;233.716
2003-11-21 10:00:00;168.430; 53.427;200.933;122.023;1302.900;385.153; 97.409;194.230; 80.636;144.766;264.977; 92.669;149.280;178.296;159.166;177.004;177.296;101.922; 39.868;235.058
2003-11-21 10:05:00;166.060; 51.157;202.100;123.017;1300.060;380.573;   null;193.552; 81.346;146.237;262.556; 91.350;147.240;179.880;159.642;174.970;175.830;102.396; 39.288;231.404
2003-11-21 10:10:00;164.378; 53.680;201.333;122.997;1310.180;386.707;   null;194.908; 81.548;145.943;264.678; 91.011;146.840;179.030;161.910;174.954;176.354;102.710; 39.570;235.274
2003-11-21 10:15:00;168.292; 53.667;201.500;121.000;1305.460;383.953; 98.012;194.670; 80.758;144.927;267.024; 91.169;146.420;179.248;158.606;175.004;176.016;102.596; 39.728;233.540
2003-11-21 10:20:00;167.958; 52.973;202.267;121.950;1308.080;389.063;   null;191.574; 82.768;145.783;263.937; 90.280;147.280;180.568;160.136;177.164;177.896;102.298; 39.918;233.504
2003-11-21 10:25:00;166.374; 52.173;200.633;122.073;1302.300;384.183;   null;195.784; 81.860;145.393;263.373; 89.644;146.920;181.734;160.928;176.102;176.838;101.956; 40.034;231.720
2003-11-21 10:30:00;168.458; 52.773;200.333;122.120;1307.500;384.670; 98.331;193.010; 81.384;144.480;265.242; 90.810;148.780;181.942;158.162;175.402;175.080;102.752; 40.200;235.748
2003-11-21 10:35:00;165.558; 52.227;202.033;122.480;1300.560;385.867;   null;196.136; 81.686;145.607;263.672; 91.919;147.620;179.828;159.504;176.882;177.688;102.844; 39.156;233.762
2003-11-21 10:40:00;164.464; 52.003;202.567;121.237;1300.340;382.367;   null;195.406; 82.484;146.707;263.899; 90.407;147.280;180.182;159.662;175.664;177.080;102.076; 39.770;233.662
2003-11-21 10:45:00;168.702; 54.270;202.333;123.887;1307.260;389.263; 98.192;194.892; 82.192;144.970;261.857; 89.951;148.980;181.470;160.574;175.900;175.178;102.218; 39.956;234.232
2003-11-21 10:50:00;165.192; 52.810;199.800;123.993;1305.600;385.967;   null;191.964; 82.224;147.633;264.201; 89.213;147.000;176.354;160.202;176.388;178.354;101.986; 39.508;234.508
2003-11-21 10:55:00;165.642; 52.240;201.900;121.627;1296.660;388.163;   null;197.242; 81.614;145.120;264.959; 92.220;149.540;176.918;158.760;174.186;176.774;101.952; 40.082;233.306
2003-11-21 11:00:00;168.508; 52.463;202.067;122.950;1299.620;388.010; 98.090;195.362; 82.538;145.510;262.118; 90.596;149.160;177.910;160.498;176.404;176.554;102.478; 39.534;236.554
2003-11-21 11:05:00;165.952; 53.023;202.800;123.333;1300.220;389.027;   null;196.690; 82.198;147.197;262.668; 92.183;146.860;180.860;159.172;176.336;178.972;101.466; 39.414;233.014
2003-11-21 11:10:00;165.848; 51.583;201.833;120.587;1301.280;389.893;   null;195.224; 82.172;148.163;263.969; 91.753;147.980;179.214;160.606;177.006;176.746;103.208; 39.802;235.994
2003-11-21 11:15:00;166.032; 52.497;201.733;120.733;1291.980;391.497; 98.561;194.210; 81.652;146.587;262.487; 91.079;149.540;178.934;160.320;174.502;177.674;102.626; 40.036;233.054
2003-11-21 11:20:00;165.192; 53.243;203.633;122.143;1301.260;388.267;   null;196.064; 82.912;145.417;264.041; 91.746;148.500;179.156;158.414;174.470;177.208;101.590; 40.066;234.528
2003-11-21 11:25:00;165.674; 52.937;202.367;121.397;1298.700;390.597;   null;196.924; 83.444;148.287;266.531; 91.463;147.560;180.542;159.020;176.302;177.084;102.646; 39.348;235.404
2003-11-21 11:30:00;164.178; 52.173;200.833;120.250;1300.600;390.340; 98.363;195.556; 80.842;147.020;265.965; 89.788;148.940;179.430;158.364;176.488;176.970;102.578; 39.138;233.468
2003-11-21 11:35:00;165.890; 52.153;200.067;121.283;1308.620;388.540;   null;195.776; 82.786;146.250;264.252; 90.628;147.720;180.710;159.548;174.332;177.992;102.390; 39.698;234.110
2003-11-21 11:40:00;165.958; 52.447;199.867;121.580;1296.760;387.523;   null;196.234; 83.392;146.943;264.036; 91.082;147.840;182.012;157.920;175.392;177.020;102.906; 40.064;233.580
2003-11-21 11:45:00;166.190; 52.987;201.467;122.780;1287.960;386.807; 98.967;196.056; 82.128;147.620;262.658; 91.695;147.560;180.064;158.646;174.542;177.956;102.614; 40.142;234.364
2003-11-21 11:50:00;166.794; 53.133;202.033;122.120;1295.100;391.367;   null;196.628; 81.240;144.483;263.556; 90.192;147.700;179.210;158.152;175.198;177.104;102.450; 39.926;233.508
2003-11-21 11:55:00;165.004; 53.293;201.833;121.640;1286.120;390.743;   null;197.554; 81.482;145.647;266.036; 90.944;148.200;180.590;159.942;175.624;177.858;102.610; 40.252;235.322
2003-11-21 12:00:00;165.430; 52.800;200.600;121.967;1291.200;390.087; 97.730;195.248; 82.524;148.253;264.867; 92.466;147.740;181.678;158.732;175.090;177.712;102.620; 39.248;232.150
2003-11-21 12:05:00;166.692; 51.733;203.567;120.107;1293.280;390.840;   null;194.024; 82.606;147.607;264.886; 91.606;148.380;179.886;161.084;175.916;176.530;102.412; 39.280;233.626
2003-11-21 12:10:00;164.730; 51.830;204.267;123.097;1294.000;388.997;   null;196.296; 81.986;146.557;265.505; 92.152;146.940;179.744;159.214;175.178;176.250;102.732; 40.104;235.312
2003-11-21 12:15:00;165.628; 51.950;202.467;122.787;1287.380;388.600; 98.684;193.894; 84.330;145.613;266.442; 92.707;150.220;180.870;159.928;174.660;175.678;102.438; 39.668;236.040
2003-11-21 12:20:00;165.830; 51.303;202.600;121.610;1295.880;390.503;   null;194.604; 81.938;147.747;265.575; 91.494;148.300;180.038;158.006;175.568;177.310;103.422; 39.386;234.118
2003-11-21 12:25:00;166.270; 52.243;203.533;122.183;1288.960;388.167;   null;193.780; 82.832;146.477;263.678; 89.526;147.340;180.022;158.788;176.964;178.832;102.874; 39.276;234.902
2003-11-21 12:30:00;166.500; 52.320;203.333;122.647;1291.700;391.760; 98.706;195.246; 82.826;148.953;264.671; 91.225;147.100;178.540;160.672;176.210;179.366;104.240; 39.424;233.716
2003-11-21 12:35:00;163.660; 52.963;203.500;121.890;1293.600;389.897;   null;195.206; 83.608;146.217;265.911; 88.896;148.520;178.898;160.454;177.192;176.650;103.262; 39.292;235.086
2003-11-21 12:40:00;164.434; 52.607;203.267;119.743;1292.520;389.563;   null;196.950; 81.566;147.497;264.104; 93.083;145.340;180.706;159.164;176.666;177.578;102.818; 39.054;234.140
2003-11-21 12:45:00;165.856; 52.120;204.900;121.500;1298.680;390.073; 99.781;197.100; 81.620;146.783;264.246; 92.018;148.020;180.848;159.726;177.082;178.814;103.348; 39.290;234.804
2003-11-21 12:50:00;165.868; 52.237;202.267;122.683;1287.160;390.597;   null;194.638; 82.708;148.457;262.737; 91.794;147.240;180.620;158.200;176.972;178.748;104.132; 39.928;234.926
2003-11-21 12:55:00;164.266; 52.660;200.667;120.587;1290.560;389.824;   null;194.410; 84.176;147.450;263.305; 91.110;147.520;180.128;159.460;177.332;177.622;103.838; 39.546;234.198
2003-11-21 13:00:00;164.832; 51.587;204.433;121.897;1298.280;389.477; 99.824;193.738; 83.480;148.233;265.875; 93.142;150.140;180.644;159.614;177.380;175.786;102.130; 38.998;234.292
2003-11-21 13:05:00;165.536; 51.940;204.133;122.170;1296.560;388.597;   null;195.498; 81.266;147.743;264.387; 92.382;149.760;180.126;159.162;177.228;174.736;103.292; 39.804;235.094
2003-11-21 13:10:00;166.006; 52.650;203.967;122.567;1292.180;386.990;   null;193.312; 83.370;148.100;262.773; 90.445;148.160;180.934;158.774;176.736;176.760;102.952; 39.548;234.662
2003-11-21 13:15:00;162.956; 52.350;202.700;121.647;1293.480;390.130; 98.957;195.926; 82.936;145.980;260.646; 92.299;147.940;180.024;159.960;175.906;176.352;104.212; 40.200;235.058
2003-11-21 13:20:00;165.854; 54.520;202.467;122.130;1291.040;393.090;   null;194.652; 83.488;147.880;264.687; 91.861;148.420;180.830;160.070;178.426;178.930;104.196; 39.930;235.762
2003-11-21 13:25:00;163.504; 53.160;203.133;123.853;1296.060;387.273;   null;194.944; 83.014;150.323;264.348; 91.922;149.840;181.800;159.144;176.356;179.592;103.428; 40.094;234.104
2003-11-21 13:30:00;162.396; 51.313;202.000;122.273;1290.940;386.906; 99.010;192.942; 83.396;147.390;262.312; 92.193;148.760;180.892;159.022;176.930;177.294;102.962; 39.790;236.936
2003-11-21 13:35:00;164.158; 52.577;205.467;122.353;1297.240;386.243;   null;194.680; 83.236;148.613;265.448; 91.803;150.300;179.646;160.388;176.822;180.518;102.880; 39.698;237.262
2003-11-21 13:40:00;163.890; 52.310;202.567;120.380;1289.960;389.437;   null;196.126; 82.906;149.460;265.093; 92.810;147.620;177.358;157.710;176.892;177.418;102.276; 39.920;235.590
2003-11-21 13:45:00;163.926; 53.010;201.567;122.643;1289.720;388.496; 99.422;193.484; 83.030;147.593;264.384; 91.862;147.860;178.438;158.804;176.014;175.354;104.026; 39.696;235.272
2003-11-21 13:50:00;164.466; 51.587;203.333;120.123;1287.400;389.507;   null;195.850; 82.736;148.003;266.494; 91.222;147.360;179.514;159.026;176.836;178.732;102.666; 39.610;235.638
2003-11-21 13:55:00;165.904; 52.840;200.833;122.710;1290.940;388.923;   null;195.940; 82.830;148.903;265.535; 91.120;148.040;179.394;159.336;175.724;179.590;102.662; 39.984;233.784
