ESOI    ATHN    MXCO    ROME    AATB    LMKS    DRBS    MOSC    NEWK    CALG    OULU    APTY    FSMT    INVK    NAIN    PWNK    THUL    SOPB    SOPO
2005-09-10 20:10:00;175.216;   null;213.533;148.253;1370.960;434.263;   null;214.238; 92.272;296.185;102.135;164.320;202.434;178.764;204.428;200.738;115.368;142.974;278.516
2005-09-10 20:15:00;176.312;   null;213.667;148.570;1371.180;429.227;108.064;210.918; 91.904;299.437; 99.653;164.500;202.180;179.180;203.398;202.664;115.522;143.024;279.408
2005-09-10 20:20:00;177.136;   null;214.267;147.133;1371.300;429.080;   null;215.558; 93.134;295.601;101.073;163.360;202.576;177.894;203.922;203.082;114.926;144.190;276.888
2005-09-10 20:25:00;176.416;   null;215.600;148.297;1372.080;433.177;   null;214.906; 92.184;297.119;100.092;164.080;203.730;179.880;202.758;203.062;118.136;143.216;279.060
2005-09-10 20:30:00;176.830;   null;213.367;148.413;1382.280;427.207;107.709;213.386; 92.802;298.453;101.499;163.580;202.838;179.062;203.826;202.376;115.598;143.538;279.448
2005-09-10 20:35:00;176.290;   null;213.433;147.490;1375.360;430.760;   null;216.154; 91.814;298.536;100.162;163.460;204.922;180.786;201.310;201.348;115.072;145.150;278.258
2005-09-10 20:40:00;176.946;   null;214.600;147.470;1377.100;429.120;   null;209.952; 90.984;299.171; 98.729;164.880;203.380;181.212;203.236;200.858;115.626;142.968;280.018
2005-09-10 20:45:00;177.136;   null;212.733;148.523;1367.020;427.373;107.217;213.992; 90.998;296.635; 99.878;164.800;205.862;180.246;203.042;202.472;115.908;142.464;281.232
2005-09-10 20:50:00;177.254;   null;215.567;147.430;1370.880;426.150;   null;214.928; 92.364;295.769; 99.160;162.700;201.804;179.848;204.066;200.510;115.774;143.844;279.362
2005-09-10 20:55:00;177.880;   null;215.400;146.623;1375.920;430.797;   null;212.196; 91.572;295.836; 98.652;164.600;203.594;178.180;204.274;199.344;115.686;143.304;278.246
2005-09-10 21:00:00;175.432;   null;215.400;145.940;1378.480;428.730;107.420;210.772; 92.204;296.953;102.244;164.600;203.266;181.160;203.188;201.750;115.604;144.252;279.824
2005-09-10 21:05:00;178.698;   null;214.267;145.680;1378.020;430.013;   null;209.826; 93.040;298.587; 99.477;162.200;200.736;178.848;202.806;200.038;115.396;145.660;277.580
2005-09-10 21:10:00;175.762;   null;216.833;148.010;1377.900;427.330;   null;215.338; 92.526;298.804;100.281;163.940;204.716;180.576;202.792;202.436;116.470;145.324;280.884
2005-09-10 21:15:00;176.658;   null;215.000;147.157;1370.520;426.813;107.624;210.462; 92.262;297.169;100.888;163.700;205.866;180.734;201.308;200.646;116.760;142.478;279.892
2005-09-10 21:20:00;175.402;   null;212.867;146.693;1374.720;430.417;   null;212.232; 92.514;296.902; 98.642;164.840;204.988;180.550;204.594;199.654;115.964;143.772;280.004
2005-09-10 21:25:00;175.428;   null;212.067;144.933;1371.600;427.223;   null;213.538; 92.508;298.770;100.411;163.340;204.838;179.918;200.466;200.424;115.608;143.916;279.672
2005-09-10 21:30:00;175.054;   null;214.967;148.210;1374.880;428.830;107.676;211.872; 93.240;298.388; 98.674;163.500;204.016;180.676;202.164;203.396;115.890;144.916;278.690
2005-09-10 21:35:00;174.074;   null;213.500;147.250;1372.860;428.967;   null;212.768; 92.094;298.004;100.599;164.240;201.482;178.460;202.374;205.098;116.324;143.352;280.818
2005-09-10 21:40:00;175.886;   null;215.467;147.973;1375.740;430.637;   null;211.480; 91.482;298.137; 99.187;164.320;201.988;179.426;204.194;202.604;115.386;144.354;282.194
2005-09-10 21:45:00;175.154;   null;215.367;147.713;1381.600;425.304;107.613;213.704; 92.722;297.053;100.600;163.720;203.128;179.958;204.172;200.762;114.820;144.432;278.984
2005-09-10 21:50:00;176.652;   null;214.033;146.263;1365.300;429.457;   null;215.460; 93.242;297.720; 99.567;165.880;205.784;179.354;201.802;200.890;116.386;144.614;280.162
2005-09-10 21:55:00;177.360;   null;214.933;147.940;1380.020;429.304;   null;210.822; 89.902;297.668; 98.348;162.740;202.758;180.218;202.632;201.020;116.886;144.224;278.688
2005-09-10 22:00:00;176.124;   null;216.333;147.073;1378.020;429.667;107.330;214.610; 91.186;300.153;101.142;162.740;203.470;180.214;202.560;201.224;115.564;144.844;279.106
2005-09-10 22:05:00;176.924;   null;216.433;147.650;1377.820;431.963;   null;212.748; 91.918;298.086;100.189;164.360;203.380;183.690;202.276;203.102;115.388;143.836;278.014
2005-09-10 22:10:00;174.990;   null;218.267;150.423;1376.420;431.330;   null;215.540; 92.006;301.820; 99.314;165.880;203.332;180.380;200.310;201.756;116.414;142.768;279.596
2005-09-10 22:15:00;177.136;   null;214.767;149.900;1376.620;424.080;107.819;214.540; 93.574;297.986; 99.470;163.200;203.058;177.360;203.360;201.640;117.570;142.758;279.844
2005-09-10 22:20:00;176.404;   null;215.267;148.897;1377.280;429.083;   null;213.898; 92.912;299.159; 99.680;163.640;203.888;181.408;202.028;203.360;115.510;144.864;280.318
2005-09-10 22:25:00;176.122;   null;215.767;145.633;1377.220;430.570;   null;215.690; 92.404;298.072;100.026;164.260;201.682;180.418;202.056;200.478;114.226;143.694;281.220
2005-09-10 22:30:00;177.408;   null;214.300;147.613;1380.820;430.393;107.073;214.184; 92.148;299.376;100.990;164.620;204.244;179.274;202.018;201.256;115.520;144.642;281.022
2005-09-10 22:35:00;175.078;   null;213.333;147.867;1378.880;428.644;   null;215.114; 91.414;295.429;102.020;163.980;202.830;180.296;202.072;201.364;116.674;143.884;279.910
2005-09-10 22:40:00;175.978;   null;217.233;147.890;1386.780;429.650;   null;212.444; 93.420;298.256;100.481;163.960;203.742;178.126;204.080;201.690;115.334;143.514;277.892
2005-09-10 22:45:00;177.444;   null;218.067;147.677;1385.600;430.120;107.412;217.138; 92.330;297.469;101.630;163.580;203.378;181.006;199.752;202.090;115.542;144.902;280.808
2005-09-10 22:50:00;176.024;   null;214.967;145.417;1371.040;428.570;   null;212.622; 92.322;300.246;101.406;162.760;205.784;180.932;201.832;201.044;115.822;145.196;280.472
2005-09-10 22:55:00;179.914;   null;215.567;146.680;1378.600;429.003;   null;215.498; 93.200;298.790;101.823;162.900;202.898;180.376;203.310;201.062;115.744;143.988;278.394
2005-09-10 23:00:00;176.986;   null;214.800;148.660;1376.440;431.707;107.456;213.582; 91.824;299.526;101.858;163.760;204.268;182.100;203.466;202.160;114.094;144.894;278.682
2005-09-10 23:05:00;175.506;   null;215.767;147.273;1372.760;432.187;   null;213.854; 92.512;300.443; 99.186;165.700;202.578;179.234;202.006;202.104;115.272;143.964;280.896
2005-09-10 23:10:00;177.468;   null;214.900;147.303;1371.080;430.447;   null;213.292; 93.132;299.222;101.696;163.760;204.700;180.380;201.278;200.642;115.626;145.210;283.026
2005-09-10 23:15:00;179.150;   null;218.033;148.157;1375.240;429.063;107.252;214.262; 91.362;304.209;102.626;164.520;203.156;178.872;201.414;203.810;115.950;144.752;278.160
2005-09-10 23:20:00;178.290;   null;215.567;147.440;1367.960;431.237;   null;213.868; 92.930;297.870;100.144;164.340;203.618;181.328;200.202;200.344;115.284;143.374;278.424
2005-09-10 23:25:00;175.000;   null;215.600;147.797;1369.200;431.230;   null;212.456; 91.330;298.919;100.486;163.700;201.486;180.244;203.220;202.830;115.476;144.326;280.128
2005-09-10 23:30:00;175.722;   null;216.433;147.743;1363.660;432.840;107.566;215.290; 93.534;299.601; 99.247;164.440;202.536;182.206;202.788;202.206;117.522;144.662;280.568
2005-09-10 23:35:00;176.552;   null;215.933;147.880;1374.040;429.847;   null;215.592; 91.384;298.401;101.526;164.040;202.838;180.726;199.958;200.820;115.546;143.920;281.726
2005-09-10 23:40:00;175.438;   null;215.033;147.343;1370.400;433.767;   null;212.954; 91.674;299.134; 99.897;165.300;202.842;181.026;202.854;202.298;116.388;145.238;280.888
2005-09-10 23:45:00;176.792;   null;215.800;148.337;1362.920;427.507;106.950;215.024; 92.284;299.348;101.077;166.400;204.762;180.538;200.950;202.554;116.674;143.486;282.676
2005-09-10 23:50:00;176.988;   null;214.833;145.340;1367.660;431.953;   null;214.540; 91.630;302.312;100.747;164.480;203.466;181.704;201.432;201.326;116.362;145.438;279.660
2005-09-10 23:55:00;175.372;   null;214.633;146.967;1369.000;428.793;   null;214.550; 92.146;299.782; 99.987;166.920;202.486;181.860;202.984;199.890;116.284;144.158;278.358
2005-09-11 00:00:00;174.752;   null;214.900;147.310;1371.400;429.257;107.993;215.656; 91.560;300.914;100.305;164.020;204.022;180.084;200.980;198.998;116.504;144.754;282.494
2005-09-11 00:05:00;177.224;   null;214.200;148.537;1364.660;431.500;   null;214.296; 91.372;300.413;101.499;164.300;202.316;180.450;201.108;202.296;115.664;145.838;283.596
2005-09-11 00:10:00;174.402;   null;214.433;147.017;1365.820;429.397;   null;216.604; 91.758;298.168;100.254;164.560;203.180;182.048;204.490;202.286;115.952;142.880;281.148
2005-09-11 00:15:00;173.378;   null;214.233;146.853;1370.640;431.040;107.478;215.258; 91.534;298.867;100.976;163.700;204.240;181.768;203.584;199.976;116.520;143.888;283.124
2005-09-11 00:20:00;176.670;   null;215.033;145.367;1371.760;431.317;   null;213.430; 92.538;297.519;102.143;164.680;201.576;181.228;202.588;202.762;116.426;145.256;280.296
2005-09-11 00:25:00;176.828;   null;216.967;146.947;1367.700;431.083;   null;213.822; 91.942;298.186;100.306;163.540;203.068;180.510;201.060;202.574;117.324;144.478;281.658
2005-09-11 00:30:00;176.866;   null;213.600;146.583;1366.580;430.647;107.638;214.430; 91.798;299.952;101.003;166.020;205.434;181.326;201.772;200.008;118.456;144.154;281.930
2005-09-11 00:35:00;174.706;   null;214.667;146.653;1361.820;429.343;   null;216.110; 92.466;300.000;102.210;163.600;203.768;180.634;201.832;201.066;116.076;143.574;279.718
2005-09-11 00:40:00;174.256;   null;212.167;145.953;1362.160;429.850;   null;214.842; 93.472;300.152;100.108;165.680;204.358;180.292;202.748;201.910;116.112;145.554;280.282
2005-09-11 00:45:00;175.548;   null;213.900;145.193;1360.480;428.700;107.688;212.172; 92.238;300.333;101.044;165.840;205.306;179.098;200.698;202.624;116.352;145.618;280.248
2005-09-11 00:50:00;174.398;   null;216.700;145.230;1379.020;427.557;   null;212.640; 93.172;297.084;102.593;165.060;203.854;180.750;201.578;200.664;116.970;144.746;283.206
2005-09-11 00:55:00;172.674;   null;215.300;143.797;1366.360;428.897;   null;210.978; 91.460;304.232;100.868;165.760;204.016;182.266;204.130;200.016;116.714;144.918;279.794
2005-09-11 01:00:00;175.674;   null;216.300;143.087;1374.020;426.233;107.301;213.068; 92.426;296.751;102.104;164.140;205.574;179.030;202.808;202.770;117.702;145.016;280.174
2005-09-11 01:05:00;172.848;   null;216.300;144.283;1373.940;425.963;   null;212.724; 91.000;298.683;100.957;163.560;204.380;182.874;203.292;202.388;115.242;144.804;280.380
2005-09-11 01:10:00;175.562;   null;215.733;144.283;1376.700;421.800;   null;209.910; 92.788;299.315; 99.963;165.100;204.396;182.748;205.948;200.644;115.950;144.410;280.720
2005-09-11 01:15:00;174.062;   null;214.067;144.580;1361.540;414.670;105.180;207.860; 93.692;297.218;100.045;164.580;203.700;180.344;204.198;202.402;115.984;144.502;280.080
2005-09-11 01:20:00;173.998;   null;214.633;142.850;1359.140;410.603;   null;206.196; 92.606;297.733; 99.167;163.340;205.860;183.980;203.080;199.014;117.440;144.282;279.338
2005-09-11 01:25:00;172.730;   null;214.000;140.700;1355.900;410.136;   null;204.228; 91.016;300.081;100.663;161.780;202.102;181.532;203.094;200.086;115.696;146.468;280.956
2005-09-11 01:30:00;173.258;   null;213.700;141.860;1359.460;409.627;103.448;203.698; 89.954;298.368; 97.933;160.180;203.116;179.722;201.076;203.476;116.078;142.696;278.774
2005-09-11 01:35:00;171.070;   null;213.333;140.693;1356.640;404.103;   null;205.020; 93.110;298.486; 97.836;160.140;203.126;181.186;201.638;200.220;116.396;141.958;274.860
2005-09-11 01:40:00;174.238;   null;213.367;141.167;1354.260;401.983;   null;202.438; 92.442;296.752; 96.913;158.500;203.142;181.310;200.542;201.722;115.768;143.422;274.940
2005-09-11 01:45:00;172.388;   null;209.533;139.903;1352.480;403.930;103.094;204.216; 91.498;296.986; 96.686;157.340;202.302;179.918;200.468;201.934;116.022;142.282;277.138
2005-09-11 01:50:00;175.126;   null;212.067;140.617;1345.440;402.247;   null;203.108; 90.716;295.918; 97.014;157.820;205.136;181.412;200.378;199.696;116.300;140.728;277.334
2005-09-11 01:55:00;170.824;   null;210.500;138.923;1352.800;402.723;   null;202.350; 91.696;300.686; 96.495;159.040;205.758;180.894;199.236;200.030;114.950;139.680;274.822
2005-09-11 02:00:00;173.572;   null;210.167;138.983;1344.040;402.093;101.478;202.984; 89.746;300.272; 94.753;157.180;204.586;182.144;200.106;200.208;114.096;140.270;272.848
2005-09-11 02:05:00;172.518;   null;206.467;139.483;1338.180;400.463;   null;201.096; 89.600;299.608; 95.625;156.740;204.668;178.742;198.362;201.070;114.104;138.076;267.884
2005-09-11 02:10:00;171.350;   null;208.833;138.660;1337.760;401.350;   null;202.066; 90.270;297.085; 97.651;156.580;204.360;182.328;196.636;199.746;114.546;135.752;264.590
2005-09-11 02:15:00;171.948;   null;208.000;140.437;1328.900;399.557;100.918;204.028; 89.250;300.580; 94.756;156.040;204.130;185.648;197.810;200.042;114.210;132.958;260.030
2005-09-11 02:20:00;171.958;   null;207.500;141.327;1331.680;401.470;   null;202.708; 88.916;299.312; 96.303;156.460;203.138;182.718;197.926;199.114;112.354;132.714;257.626
2005-09-11 02:25:00;170.906;   null;207.000;137.800;1330.320;399.437;   null;202.848; 89.048;295.874; 95.457;157.140;202.902;182.706;197.800;198.748;112.722;131.820;256.570
2005-09-11 02:30:00;169.282;   null;208.567;141.050;1329.080;398.513;100.057;203.854; 87.918;295.822; 95.742;154.900;203.240;179.534;196.472;198.188;111.772;130.470;255.172
2005-09-11 02:35:00;171.556;   null;205.900;138.137;1330.460;399.953;   null;202.224; 86.838;298.926; 92.906;156.740;203.664;183.428;194.860;199.222;112.292;132.032;257.058
2005-09-11 02:40:00;170.326;   null;206.033;138.390;1329.420;398.217;   null;201.382; 87.030;294.151; 96.201;155.040;201.948;181.638;192.818;197.556;112.860;130.440;254.798
2005-09-11 02:45:00;170.390;   null;205.467;139.943;1330.750;396.650;101.198;201.832; 86.482;297.630; 95.379;155.140;202.714;179.470;191.976;197.178;111.378;128.914;252.162
2005-09-11 02:50:00;168.514;   null;207.067;138.650;1330.360;396.513;   null;198.314; 86.496;295.738; 95.350;154.540;201.956;181.736;194.400;197.938;112.092;131.052;254.476
2005-09-11 02:55:00;168.372;   null;207.467;139.373;1334.140;397.230;   null;201.574; 85.428;298.435; 93.409;152.380;201.664;181.012;192.862;199.758;110.792;129.450;257.620
2005-09-11 03:00:00;171.730;   null;205.433;141.217;1334.120;397.860;100.318;199.448; 85.756;296.278; 94.231;154.000;201.978;181.146;193.526;199.488;112.442;129.346;254.526
2005-09-11 03:05:00;171.212;   null;207.267;141.190;1340.360;399.317;   null;198.316; 86.032;296.495; 94.367;153.940;202.196;180.804;194.740;195.194;112.108;131.304;253.024
2005-09-11 03:10:00;173.086;   null;206.567;140.483;1338.780;397.247;   null;199.136; 87.616;291.108; 94.037;154.120;201.290;182.310;197.446;196.704;113.736;130.870;255.012
2005-09-11 03:15:00;170.546;   null;206.467;140.183;1339.420;396.437;100.823;199.556; 86.098;295.900; 93.557;152.580;199.290;180.598;194.732;196.944;112.396;130.480;255.342
2005-09-11 03:20:00;170.892;   null;205.100;140.107;1340.940;395.580;   null;199.864; 86.870;293.606; 94.641;152.140;200.422;182.242;196.564;197.244;111.600;129.242;252.482
2005-09-11 03:25:00;171.086;   null;204.633;140.337;1338.760;400.040;   null;198.154; 86.866;296.812; 93.436;155.240;200.658;183.098;193.368;193.600;110.500;129.114;255.510
2005-09-11 03:30:00;170.280;   null;207.667;139.100;1342.920;395.747;101.044;200.966; 87.328;292.153; 93.529;152.640;201.286;181.256;192.126;193.390;110.616;129.764;254.710
2005-09-11 03:35:00;171.516;   null;207.300;139.437;1332.040;400.797;   null;200.834; 86.680;293.774; 95.730;154.560;201.144;178.902;189.834;195.430;110.842;128.648;251.448
2005-09-11 03:40:00;172.528;   null;204.300;140.313;1333.820;401.123;   null;200.552; 85.454;296.609; 94.417;153.460;201.158;179.946;188.490;197.318;110.338;129.162;252.514
2005-09-11 03:45:00;170.898;   null;205.667;140.623;1336.560;396.137;101.341;201.286; 85.524;290.331; 94.962;153.420;202.342;179.698;186.820;195.784;109.176;127.786;253.832
2005-09-11 03:50:00;172.086;   null;205.500;140.283;1331.540;397.230;   null;202.274; 85.194;291.185; 93.873;153.320;199.804;181.330;188.168;195.424;108.770;128.562;252.158
2005-09-11 03:55:00;170.504;   null;202.967;141.160;1324.660;395.587;   null;201.970; 85.010;288.609; 94.457;155.380;197.348;180.416;185.666;195.522;109.064;129.040;253.728
2005-09-11 04:00:00;170.376;   null;205.533;138.810;1331.120;396.727; 99.523;200.104; 85.206;290.645; 93.787;155.920;198.422;181.244;187.056;193.006;108.750;128.904;252.536
2005-09-11 04:05:00;170.948;   null;204.033;140.463;1328.480;401.643;   null;200.696; 85.402;288.381; 94.498;155.960;193.950;180.426;184.064;190.748;107.862;130.468;256.292
2005-09-11 04:10:00;170.246;   null;206.167;139.553;1317.760;398.157;   null;201.460; 84.432;286.584; 93.580;158.880;198.710;180.116;186.684;192.652;108.258;130.614;256.976
2005-09-11 04:15:00;170.260;   null;204.233;139.583;1328.520;397.293;100.919;201.606; 83.934;288.576; 94.219;153.720;197.666;178.576;187.204;192.912;108.996;129.416;255.106
2005-09-11 04:20:00;170.550;   null;205.867;140.500;1321.660;395.680;   null;200.014; 85.852;288.298; 93.331;151.780;196.784;180.852;186.390;192.546;107.958;128.394;254.684
2005-09-11 04:25:00;169.428;   null;204.100;140.033;1322.700;395.287;   null;199.392; 85.182;283.918; 94.220;152.940;197.404;180.268;187.390;189.524;107.806;128.988;253.836
2005-09-11 04:30:00;171.124;   null;204.233;138.727;1324.880;395.397;100.857;200.362; 84.166;286.388; 94.274;153.300;194.828;180.262;187.826;191.012;107.772;129.028;252.300
2005-09-11 04:35:00;168.230;   null;205.433;142.023;1331.220;396.450;   null;200.010; 84.576;286.895; 93.398;152.900;194.596;178.960;186.286;190.540;108.102;129.332;252.580
2005-09-11 04:40:00;169.408;   null;202.600;137.397;1332.180;397.873;   null;201.138; 85.258;287.706; 93.274;154.140;196.452;179.098;186.122;187.762;108.252;129.004;253.410
2005-09-11 04:45:00;171.014;   null;204.033;139.520;1326.540;392.263;100.913;199.480; 85.654;287.003; 94.582;151.880;195.112;180.686;185.824;187.130;107.974;129.406;256.648
2005-09-11 04:50:00;168.440;   null;205.500;139.453;1327.540;399.573;   null;201.312; 84.650;286.354; 94.076;154.940;193.922;178.666;187.274;185.224;106.962;128.312;250.228
2005-09-11 04:55:00;170.764;   null;204.300;138.437;1322.180;398.367;   null;201.428; 83.760;283.344; 94.917;153.300;192.448;180.010;185.828;184.868;108.222;127.490;251.524
2005-09-11 05:00:00;171.556;   null;204.533;138.810;1323.660;396.917;100.161;201.104; 85.686;286.219; 95.010;153.340;191.794;175.892;182.298;187.832;106.112;127.116;250.274
2005-09-11 05:05:00;167.978;   null;203.900;139.100;1324.840;395.007;   null;200.056; 86.236;286.956; 94.496;153.960;193.404;178.270;184.738;184.790;107.418;126.250;248.076
2005-09-11 05:10:00;170.144;   null;203.633;137.987;1333.400;392.717;   null;197.796; 85.080;286.213; 93.964;153.560;190.338;179.572;184.444;184.074;106.596;127.044;249.458
2005-09-11 05:15:00;170.452;   null;203.400;137.667;1338.220;396.330; 99.043;199.760; 83.646;280.916; 93.639;152.060;190.362;176.688;185.818;185.826;107.566;128.748;250.668
2005-09-11 05:20:00;170.208;   null;203.267;137.373;1345.580;392.423;   null;198.528; 85.498;280.884; 91.879;152.240;191.010;176.610;184.080;185.684;107.794;126.962;248.852
2005-09-11 05:25:00;168.124;   null;202.500;138.397;1335.720;388.107;   null;196.806; 83.258;283.589; 92.171;150.880;193.328;175.424;185.246;182.262;106.642;123.644;245.836
2005-09-11 05:30:00;168.492;   null;204.133;138.500;1333.880;384.450; 96.132;194.934; 82.816;280.817; 93.264;151.280;191.754;177.866;185.638;182.376;107.336;121.832;237.564
2005-09-11 05:35:00;167.858;   null;203.600;135.667;1349.540;381.093;   null;192.776; 83.404;276.929; 93.066;151.900;187.432;176.780;183.836;180.158;107.214;123.594;242.590
2005-09-11 05:40:00;166.360;   null;199.933;135.607;1348.800;374.090;   null;188.428; 82.372;271.724; 92.142;149.280;186.914;175.608;183.204;181.404;105.028;121.260;239.866
2005-09-11 05:45:00;166.528;   null;200.400;134.780;1345.540;371.463; 95.115;190.350; 82.148;266.450; 91.046;147.840;184.412;175.390;181.994;182.072;106.052;121.448;241.580
2005-09-11 05:50:00;164.882;   null;199.700;135.233;1349.180;372.880;   null;190.468; 82.520;265.065; 89.581;148.260;182.426;173.998;178.308;179.334;104.734;122.874;239.442
2005-09-11 05:55:00;165.664;   null;199.167;133.163;1355.240;371.323;   null;191.034; 83.304;265.774; 91.037;147.300;181.084;174.558;179.398;178.834;106.016;121.232;240.552
2005-09-11 06:00:00;161.658;   null;200.100;134.017;1351.400;369.644; 95.052;186.910; 84.558;264.894; 90.827;149.700;183.060;174.922;180.542;178.534;104.758;122.940;242.376
2005-09-11 06:05:00;165.442;   null;198.467;134.423;1349.240;368.707;   null;189.628; 82.492;264.938; 92.492;150.280;182.350;174.990;182.828;180.654;104.752;121.984;243.376
2005-09-11 06:10:00;164.912;   null;197.900;135.017;1340.340;373.113;   null;189.402; 83.534;263.249; 92.037;148.280;179.988;174.460;181.454;180.246;106.162;121.074;242.200
2005-09-11 06:15:00;165.634;   null;199.500;133.750;1335.160;371.967; 96.707;189.720; 82.814;262.089; 90.349;147.900;183.310;173.746;184.072;179.944;105.514;121.400;239.588
2005-09-11 06:20:00;166.058;   null;198.900;134.427;1336.260;372.323;   null;188.454; 82.852;260.647; 89.437;148.180;180.598;179.088;179.590;180.774;104.934;122.522;238.590
2005-09-11 06:25:00;164.452;   null;196.833;133.920;1341.940;375.353;   null;187.946; 83.866;261.154; 89.624;147.220;181.474;174.308;183.424;180.952;106.788;122.788;240.772
2005-09-11 06:30:00;165.008;   null;199.667;135.300;1350.180;370.090; 95.117;188.308; 81.318;263.249; 89.481;147.940;180.952;175.166;185.398;179.406;105.564;120.934;239.384
2005-09-11 06:35:00;168.192;   null;196.500;132.447;1350.280;373.943;   null;191.050; 81.882;263.283; 91.121;146.980;181.668;174.178;181.430;180.982;106.676;122.532;242.122
2005-09-11 06:40:00;166.694;   null;200.333;134.727;1351.920;376.427;   null;187.238; 83.446;264.363; 88.887;149.160;182.502;173.590;183.898;181.648;105.072;122.974;244.006
2005-09-11 06:45:00;167.044;   null;199.167;134.250;1353.600;376.800; 95.346;190.426; 84.314;264.532; 90.927;148.980;180.832;169.594;183.524;181.992;105.528;123.022;241.852
2005-09-11 06:50:00;166.908;   null;198.300;133.920;1347.140;374.200;   null;188.778; 83.568;265.512; 89.645;147.860;183.474;168.422;183.442;179.010;106.872;122.760;241.770
2005-09-11 06:55:00;165.908;   null;198.333;134.860;1342.540;370.843;   null;188.126; 82.664;266.053; 88.852;146.300;181.922;168.192;182.036;181.148;106.666;122.058;241.602
2005-09-11 07:00:00;165.110;   null;200.267;136.233;1350.220;370.313; 95.201;188.558; 82.696;266.390; 90.001;148.640;183.118;166.368;184.012;179.764;104.710;121.140;242.836
2005-09-11 07:05:00;165.246;   null;200.267;133.547;1341.860;374.407;   null;188.896; 84.704;266.171; 90.478;147.160;182.604;168.076;183.532;180.686;106.290;121.098;240.710
2005-09-11 07:10:00;163.742;   null;197.600;133.703;1337.100;375.720;   null;190.254; 85.064;263.370; 89.240;147.420;184.464;166.524;185.980;178.768;106.118;123.134;245.062
2005-09-11 07:15:00;164.232;   null;194.967;134.560;1342.800;373.837; 96.165;189.622; 82.814;262.662; 88.392;145.880;182.332;164.762;184.876;181.364;105.704;123.262;243.392
2005-09-11 07:20:00;165.534;   null;198.200;134.237;1340.340;375.157;   null;188.674; 82.888;264.788; 88.778;147.040;183.500;164.482;183.618;179.330;106.008;124.510;246.158
2005-09-11 07:25:00;163.840;   null;197.867;133.560;1351.000;371.680;   null;190.492; 82.580;268.897; 90.558;147.380;182.810;165.114;183.286;183.014;106.226;125.088;248.884
2005-09-11 07:30:00;164.078;   null;196.700;133.163;1346.200;373.373; 95.876;187.042; 83.466;264.484; 89.977;145.660;181.916;161.356;182.088;181.188;104.504;124.660;244.798
2005-09-11 07:35:00;164.788;   null;198.367;135.347;1345.260;371.727;   null;189.592; 82.444;264.998; 90.666;149.080;181.984;162.348;184.990;183.312;105.040;126.078;245.348
2005-09-11 07:40:00;164.818;   null;198.500;135.693;1346.380;373.903;   null;191.350; 83.312;261.999; 90.546;149.980;182.126;161.834;185.506;182.038;105.210;124.590;243.528
2005-09-11 07:45:00;165.198;   null;195.800;135.863;1351.060;374.964; 95.689;189.282; 84.276;264.426; 90.949;148.720;182.534;161.462;182.888;182.002;105.658;124.922;244.686
2005-09-11 07:50:00;165.636;   null;198.800;134.453;1347.720;379.203;   null;189.962; 83.348;267.088; 89.174;146.340;183.998;162.092;183.890;182.738;105.640;121.674;243.758
2005-09-11 07:55:00;166.440;   null;198.033;136.613;1348.320;376.480;   null;190.340; 82.780;267.317; 90.336;147.920;182.810;165.726;185.960;181.272;106.010;123.184;244.214
2005-09-11 08:00:00;167.184;   null;198.233;134.827;1349.660;376.277; 96.154;188.596; 84.512;265.942; 92.756;146.540;183.434;163.874;182.234;181.742;106.598;124.096;244.018
2005-09-11 08:05:00;166.580;   null;199.367;134.570;1360.300;374.440;   null;192.852; 83.886;265.866; 88.786;147.860;183.538;163.752;183.138;181.926;105.600;123.248;243.502
2005-09-11 08:10:00;165.614;   null;199.200;133.727;1359.500;377.970;   null;189.126; 81.954;267.561; 89.754;147.500;183.270;167.288;183.352;180.738;106.650;124.420;245.606
2005-09-11 08:15:00;165.734;   null;196.867;133.277;1358.680;375.714; 95.481;188.718; 83.870;268.808; 90.363;147.160;183.692;162.282;184.886;183.172;106.318;124.492;246.900
2005-09-11 08:20:00;165.192;   null;198.000;134.683;1366.560;378.290;   null;190.276; 82.630;266.718; 90.600;146.900;184.830;165.286;182.922;180.700;106.456;124.650;246.932
2005-09-11 08:25:00;165.346;   null;200.367;135.917;1362.640;377.673;   null;189.622; 84.246;265.951; 88.796;146.760;184.304;164.102;184.910;182.546;106.672;125.610;246.130
2005-09-11 08:30:00;167.806;   null;199.633;133.713;1365.460;372.263; 96.814;190.938; 83.212;265.588; 90.474;147.960;183.190;164.094;183.346;183.816;106.152;125.098;246.232
2005-09-11 08:35:00;166.150;   null;196.933;135.530;1367.140;377.647;   null;189.390; 82.878;269.290; 90.601;148.020;182.314;163.818;181.396;181.596;105.982;126.890;244.608
2005-09-11 08:40:00;166.374;   null;197.533;134.967;1363.580;373.887;   null;189.598; 82.596;269.117; 89.636;146.140;183.270;163.182;182.920;181.552;105.050;123.288;245.332
2005-09-11 08:45:00;167.700;   null;197.533;134.967;1361.060;376.453; 96.578;189.678; 82.630;269.493; 91.794;148.260;184.394;162.910;181.780;182.626;106.040;123.920;245.030
2005-09-11 08:50:00;168.370;   null;198.733;136.847;1365.980;377.393;   null;189.546; 82.394;271.920; 89.542;147.000;183.256;165.592;183.250;182.860;105.942;123.112;243.500
2005-09-11 08:55:00;165.988;   null;198.333;134.560;1361.900;378.333;   null;190.558; 83.060;268.623; 89.650;147.960;185.052;164.408;182.020;184.230;105.776;123.432;240.490
2005-09-11 09:00:00;168.092;   null;197.233;134.147;1361.500;378.920; 96.262;189.504; 81.412;271.683; 92.388;146.760;184.890;164.950;182.654;181.048;105.814;122.250;241.770
2005-09-11 09:05:00;167.576;   null;197.400;134.350;1361.800;378.240;   null;190.216; 82.532;268.214; 89.588;149.000;183.064;164.430;182.618;183.380;105.354;123.532;240.604
2005-09-11 09:10:00;166.304;   null;197.800;135.513;1368.100;377.157;   null;188.950; 82.926;266.874; 89.316;145.840;184.178;164.828;183.166;183.552;106.814;123.346;241.322
2005-09-11 09:15:00;166.092;   null;198.633;133.913;1357.360;380.627; 96.143;191.214; 82.726;267.850; 89.573;148.320;184.928;163.196;183.178;182.334;106.578;121.862;241.292
2005-09-11 09:20:00;166.720;   null;197.800;136.513;1357.800;380.280;   null;191.668; 82.358;271.818; 89.959;146.120;184.672;165.046;184.850;182.998;106.008;122.722;241.148
2005-09-11 09:25:00;166.028;   null;200.767;134.600;1357.380;372.833;   null;190.006; 82.566;269.435; 90.151;148.600;186.518;163.078;181.052;180.550;106.504;121.484;238.748
2005-09-11 09:30:00;167.168;   null;196.167;134.413;1362.500;381.813; 97.082;191.202; 80.838;269.368; 91.736;145.340;184.752;166.078;181.294;182.858;107.094;120.330;237.486
2005-09-11 09:35:00;166.628;   null;200.567;135.647;1361.280;378.427;   null;190.512; 82.068;266.645; 91.136;148.120;184.238;164.470;180.582;180.866;105.148;120.406;238.660
2005-09-11 09:40:00;167.720;   null;195.133;134.590;1357.200;383.613;   null;191.162; 82.092;266.881; 90.984;147.540;185.558;164.692;181.468;179.692;105.862;119.420;235.576
2005-09-11 09:45:00;167.176;   null;195.167;135.337;1365.900;380.827; 96.728;191.028; 82.764;267.862; 89.905;147.540;183.982;166.138;181.582;181.642;105.064;119.702;236.610
2005-09-11 09:50:00;166.804;   null;198.167;135.933;1357.480;377.397;   null;189.322; 82.432;267.357; 90.567;146.320;184.928;163.708;180.292;180.606;106.054;119.370;237.698
2005-09-11 09:55:00;166.112;   null;198.467;136.423;1357.780;377.937;   null;192.260; 80.664;267.935; 88.959;148.020;183.902;165.526;179.846;179.702;105.606;120.768;237.316
2005-09-11 10:00:00;166.864;   null;198.733;135.257;1358.480;378.000; 96.809;193.670; 83.326;268.880; 90.336;148.420;182.672;165.158;179.066;180.568;104.784;119.220;238.946
2005-09-11 10:05:00;164.296;   null;199.633;136.527;1362.780;379.870;   null;192.444; 81.708;268.002; 89.526;147.380;184.982;162.314;178.568;180.182;104.738;119.698;236.558
2005-09-11 10:10:00;165.556;   null;195.933;135.827;1362.760;380.233;   null;192.672; 82.624;264.856; 90.502;146.220;183.220;165.002;180.630;181.616;104.274;120.282;236.250
2005-09-11 10:15:00;166.756;   null;197.567;135.957;1360.160;381.957; 96.506;192.416; 83.136;264.822; 90.243;147.460;183.786;164.780;182.032;181.734;104.832;121.216;236.244
2005-09-11 10:20:00;167.178;   null;196.767;136.823;1361.460;383.564;   null;191.350; 82.436;267.371; 90.650;147.000;183.526;164.784;181.238;179.674;104.476;120.728;238.334
2005-09-11 10:25:00;167.134;   null;198.167;136.490;1361.480;380.070;   null;191.640; 82.616;267.035; 91.321;147.020;182.950;164.434;181.374;178.932;105.728;119.810;237.648
2005-09-11 10:30:00;165.988;   null;199.333;135.543;1359.280;378.893; 97.409;192.704; 83.508;266.196; 90.249;146.800;181.988;165.220;181.204;179.632;106.644;119.660;237.506
2005-09-11 10:35:00;167.352;   null;196.233;134.783;1354.900;382.200;   null;192.636; 81.846;264.687; 91.551;147.460;183.614;165.154;180.092;179.438;104.860;120.562;237.082
2005-09-11 10:40:00;165.428;   null;198.933;135.090;1358.360;379.417;   null;190.416; 80.872;265.131; 91.856;149.200;182.470;165.578;181.912;180.218;105.678;120.056;238.564
2005-09-11 10:45:00;166.294;   null;196.833;137.280;1361.380;382.650; 96.913;191.146; 82.566;266.070; 89.732;146.820;184.122;163.830;179.612;178.342;106.052;121.704;238.090
2005-09-11 10:50:00;162.928;   null;198.733;135.387;1355.940;377.720;   null;194.380; 81.818;266.136; 90.309;148.340;182.940;165.670;178.370;175.962;106.356;120.892;238.594
2005-09-11 10:55:00;165.822;   null;197.833;134.813;1355.200;376.483;   null;193.086; 82.822;266.639; 90.417;150.240;181.094;163.968;180.760;179.330;104.688;121.128;238.124
2005-09-11 11:00:00;165.676;   null;196.267;133.470;1348.440;381.200; 96.690;189.174; 82.276;268.247; 91.129;146.580;183.542;166.252;183.342;178.898;106.396;120.452;241.018
2005-09-11 11:05:00;165.430;   null;194.167;137.653;1356.660;377.760;   null;191.756; 81.868;265.138; 91.612;147.540;183.530;163.868;180.280;180.140;107.158;121.428;239.022
2005-09-11 11:10:00;164.496;   null;197.567;136.637;1344.820;380.106;   null;192.408; 81.958;266.813; 89.216;149.520;182.060;165.532;181.970;179.416;105.960;120.502;238.596
2005-09-11 11:15:00;166.990;   null;197.000;136.160;1354.640;377.810; 95.507;191.082; 82.574;267.209; 89.622;148.660;181.782;165.278;181.214;177.072;106.116;120.804;238.768
2005-09-11 11:20:00;166.534;   null;197.100;135.720;1359.360;379.247;   null;190.740; 81.128;268.414; 90.065;147.420;182.032;163.610;182.742;181.418;105.604;122.016;239.188
2005-09-11 11:25:00;166.544;   null;199.300;135.497;1356.500;380.890;   null;194.108; 81.830;268.320; 90.095;149.400;182.998;166.070;180.982;179.288;105.822;121.198;238.738
2005-09-11 11:30:00;168.080;   null;197.800;138.000;1355.640;379.030; 96.582;193.326; 81.912;267.650; 90.451;148.940;182.798;164.130;181.252;177.320;104.598;121.562;239.834
2005-09-11 11:35:00;166.990;   null;196.567;134.833;1351.620;381.403;   null;192.258; 82.508;264.811; 91.550;150.620;183.616;164.580;180.000;179.896;105.970;121.316;239.690
2005-09-11 11:40:00;167.388;   null;198.767;137.330;1357.820;382.823;   null;191.556; 82.792;264.276; 90.727;148.460;183.610;163.652;180.780;178.186;106.414;121.156;238.758
2005-09-11 11:45:00;165.860;   null;195.567;136.827;1344.400;384.637; 97.069;190.408; 81.380;266.746; 90.394;147.960;184.088;164.856;180.822;178.832;105.900;122.194;240.140
2005-09-11 11:50:00;165.312;   null;200.267;135.467;1353.540;382.880;   null;194.040; 81.482;267.617; 90.711;147.040;184.986;163.474;181.418;178.922;105.524;120.472;239.530
2005-09-11 11:55:00;165.014;   null;195.833;135.180;1346.160;380.280;   null;190.708; 83.140;263.163; 90.684;149.220;184.782;164.382;179.824;178.528;104.644;122.436;238.864
2005-09-11 12:00:00;166.860;   null;195.533;135.953;1344.840;381.770; 96.012;192.124; 81.264;266.345; 89.396;149.380;181.948;163.144;181.172;177.882;104.568;121.160;239.588
2005-09-11 12:05:00;164.316;   null;195.900;134.713;1346.500;380.597;   null;192.742; 82.704;266.706; 88.874;147.560;183.390;165.478;182.176;177.948;105.136;121.744;239.082
2005-09-11 12:10:00;166.400;   null;197.033;137.057;1349.680;381.047;   null;191.318; 82.410;263.379; 88.719;147.880;182.464;165.182;182.180;178.872;105.092;122.028;241.032
2005-09-11 12:15:00;166.808;   null;198.933;137.427;1339.900;382.940; 96.756;194.554; 80.504;263.514; 88.768;146.560;182.520;165.562;181.826;177.828;104.232;120.856;241.010
2005-09-11 12:20:00;165.190;   null;196.767;136.227;1346.680;380.820;   null;191.636; 81.386;262.886; 91.262;149.300;182.692;161.814;181.544;179.446;104.774;122.150;240.744
2005-09-11 12:25:00;165.434;   null;195.967;134.430;1352.040;378.533;   null;189.026; 83.596;266.096; 89.334;147.740;185.126;164.326;179.508;180.072;106.594;120.900;238.370
2005-09-11 12:30:00;165.522;   null;196.700;136.393;1350.580;383.143; 96.996;189.986; 81.400;262.885; 90.892;147.340;181.978;164.142;179.360;177.328;106.638;122.692;239.698
2005-09-11 12:35:00;164.760;   null;197.400;134.860;1338.460;379.697;   null;188.444; 81.088;262.048; 91.147;149.660;179.680;165.856;178.814;180.466;105.632;122.422;240.980
2005-09-11 12:40:00;166.530;   null;197.300;136.793;1340.920;381.867;   null;189.684; 82.426;266.096; 90.191;148.940;184.466;166.016;179.506;182.796;106.422;121.354;242.014
2005-09-11 12:45:00;164.290;   null;196.433;136.517;1349.940;379.217; 96.389;189.910; 83.088;263.682; 89.989;149.280;182.988;164.552;181.222;179.860;105.322;122.760;240.238
2005-09-11 12:50:00;163.526;   null;197.133;136.533;1345.680;379.277;   null;187.812; 80.524;266.424; 90.907;148.620;182.706;162.834;178.820;180.698;106.456;121.546;240.498
2005-09-11 12:55:00;164.540;   null;195.867;135.720;1344.840;375.127;   null;191.120; 81.110;265.317; 91.435;149.860;184.746;164.308;179.820;176.998;104.974;122.648;240.086
2005-09-11 13:00:00;166.828;   null;195.933;136.477;1349.880;380.477; 95.969;190.000; 82.944;263.975; 90.528;147.200;184.340;163.674;179.700;179.460;106.988;121.092;241.064
2005-09-11 13:05:00;166.620;   null;196.867;135.627;1348.560;377.337;   null;188.532; 81.514;264.110; 91.069;149.560;182.972;164.928;181.202;178.804;104.712;122.642;240.966
2005-09-11 13:10:00;166.054;   null;198.633;137.367;1344.880;377.623;   null;188.600; 79.930;261.995; 91.664;148.860;181.112;165.048;181.492;179.812;106.610;122.910;241.418
2005-09-11 13:15:00;164.886;   null;198.667;135.450;1334.900;379.507; 97.367;190.138; 82.312;264.814; 90.180;147.860;183.700;166.308;180.388;177.998;105.536;120.384;241.188
2005-09-11 13:20:00;167.258;   null;198.767;134.823;1342.020;378.393;   null;189.516; 81.046;263.269; 90.296;147.880;181.934;164.218;180.010;181.238;106.888;121.686;240.682
2005-09-11 13:25:00;165.452;   null;194.400;137.703;1347.380;380.403;   null;192.290; 81.884;261.602; 91.787;149.720;182.194;166.246;180.468;178.452;104.610;121.388;239.454
2005-09-11 13:30:00;166.768;   null;199.867;138.110;1346.120;377.907; 96.468;191.930; 83.728;263.706; 90.347;148.320;182.478;165.204;180.784;180.012;105.368;121.258;240.658
2005-09-11 13:35:00;165.168;   null;197.133;134.960;1342.840;380.583;   null;189.898; 81.758;262.364; 90.579;148.700;183.100;165.244;181.014;178.716;103.882;121.660;241.762
2005-09-11 13:40:00;166.394;   null;199.100;135.557;1352.040;378.390;   null;191.454; 83.354;263.975; 91.002;149.400;182.368;163.386;178.752;179.660;104.244;122.916;240.364
2005-09-11 13:45:00;165.360;   null;198.733;135.543;1338.320;378.493; 96.475;186.580; 82.456;261.111; 90.472;148.760;181.536;164.460;178.936;178.068;104.220;121.046;238.968
2005-09-11 13:50:00;164.574;   null;199.100;136.573;1346.760;376.477;   null;191.440; 81.364;263.673; 90.528;149.080;181.742;164.172;181.256;181.514;106.132;123.498;241.238
2005-09-11 13:55:00;165.914;   null;199.000;136.270;1344.140;378.500;   null;190.092; 81.166;263.774; 92.214;148.700;181.750;165.712;181.692;177.502;104.072;121.640;239.414
2005-09-11 14:00:00;165.172;   null;198.433;136.027;1345.060;377.083; 96.593;191.786; 83.046;264.478; 92.544;149.120;181.046;163.628;181.368;179.352;104.502;123.296;241.474
2005-09-11 14:05:00;167.080;   null;199.467;135.000;1342.860;377.663;   null;190.118; 84.104;262.152; 90.431;148.640;182.112;163.164;180.598;180.338;104.152;121.362;240.118
2005-09-11 14:10:00;164.752;   null;198.100;136.380;1344.600;378.263;   null;193.024; 82.484;263.932; 90.235;148.200;181.778;167.394;182.006;178.594;105.670;122.300;240.748
2005-09-11 14:15:00;168.166;   null;198.700;137.617;1352.100;377.223; 96.698;192.570; 82.368;262.220; 90.659;147.320;181.876;165.282;181.954;178.946;105.272;122.538;240.190
2005-09-11 14:20:00;166.038;   null;198.633;138.873;1345.220;379.823;   null;191.008; 83.298;261.727; 91.384;148.480;181.542;166.960;182.438;180.480;105.438;121.474;238.206
2005-09-11 14:25:00;166.246;   null;197.667;137.147;1349.260;381.383;   null;193.476; 82.600;261.962; 91.401;148.300;182.274;165.716;181.030;178.382;105.018;122.078;241.628
2005-09-11 14:30:00;166.624;   null;195.933;135.160;1351.540;380.433; 96.640;189.582; 82.274;263.505; 90.819;149.120;182.978;166.194;182.474;181.266;104.566;124.144;238.124
2005-09-11 14:35:00;164.900;   null;197.300;136.440;1345.860;385.393;   null;190.442; 82.066;261.962; 91.230;148.360;184.226;165.196;181.724;179.942;104.140;121.990;242.330
2005-09-11 14:40:00;168.026;   null;197.800;136.677;1349.160;378.690;   null;192.664; 82.350;263.001; 90.133;149.420;184.532;165.232;180.520;179.262;105.200;121.518;240.270
2005-09-11 14:45:00;165.672;   null;197.500;136.527;1352.100;382.387; 96.507;190.542; 83.132;264.586; 91.097;149.000;181.676;168.070;181.468;179.038;104.192;122.104;240.434
2005-09-11 14:50:00;165.624;   null;197.633;136.350;1363.800;382.010;   null;190.016; 81.940;266.391; 89.317;149.220;183.296;165.792;182.684;182.264;104.424;121.894;238.942
2005-09-11 14:55:00;167.362;   null;198.600;137.593;1356.160;378.480;   null;192.860; 82.584;263.371; 91.848;149.260;182.234;166.756;182.044;180.996;104.266;122.706;240.896
2005-09-11 15:00:00;166.626;   null;196.900;136.027;1355.500;379.087; 95.972;191.216; 83.300;264.478; 90.891;148.760;181.776;168.592;182.122;179.876;104.616;121.906;241.702
2005-09-11 15:05:00;167.668;   null;197.500;137.873;1351.040;381.847;   null;192.084; 83.570;266.223; 91.468;149.700;183.016;165.724;183.600;181.148;106.102;121.902;240.490
2005-09-11 15:10:00;166.822;   null;198.767;136.993;1360.680;382.300;   null;193.320; 81.878;263.907; 89.826;149.060;183.752;165.878;179.444;181.854;105.620;122.868;240.508
2005-09-11 15:15:00;167.322;   null;197.033;137.650;1349.860;380.013; 97.575;191.664; 83.864;265.049; 90.717;148.820;183.476;165.864;180.762;182.440;103.452;121.694;239.244
2005-09-11 15:20:00;165.644;   null;196.567;137.410;1351.120;381.920;   null;193.746; 82.016;264.621; 90.455;149.620;182.618;165.252;181.698;181.444;104.472;122.884;241.214
2005-09-11 15:25:00;166.218;   null;197.800;135.443;1348.040;377.853;   null;193.522; 83.194;264.353; 89.481;149.340;183.978;167.170;180.452;182.692;105.384;121.272;240.646
2005-09-11 15:30:00;166.922;   null;199.100;138.770;1352.900;381.940; 96.522;192.484; 83.456;265.526; 90.467;150.140;184.206;166.016;181.734;181.798;105.894;122.230;241.100
2005-09-11 15:35:00;166.980;   null;201.000;138.047;1354.940;382.053;   null;194.514; 81.856;267.175; 90.167;146.340;182.308;167.608;181.846;180.812;107.360;122.888;241.130
2005-09-11 15:40:00;167.048;   null;195.600;137.627;1355.980;381.403;   null;193.674; 81.540;265.861; 90.567;150.400;182.234;165.500;181.010;180.816;104.904;120.416;236.166
2005-09-11 15:45:00;166.668;   null;197.867;136.280;1350.880;382.270; 97.357;194.652; 82.250;264.553; 91.494;149.380;182.948;167.490;184.294;182.582;106.054;120.896;240.304
2005-09-11 15:50:00;166.620;   null;196.600;137.630;1352.140;384.697;   null;195.910; 81.236;263.187; 89.122;150.080;182.654;164.502;181.050;180.800;106.280;121.184;240.496
2005-09-11 15:55:00;166.958;   null;196.600;137.960;1351.820;385.714;   null;193.754; 81.222;267.885; 89.920;149.140;182.094;165.078;181.204;184.284;105.110;120.894;239.936
2005-09-11 16:00:00;169.058;   null;195.767;137.490;1355.580;385.673; 97.560;195.924; 82.582;262.126; 91.388;149.260;182.160;165.836;183.306;180.972;104.750;121.290;238.980
2005-09-11 16:05:00;167.898;   null;196.500;136.417;1361.080;384.653;   null;195.078; 82.750;266.049; 91.721;150.240;180.654;166.838;179.296;181.542;105.466;121.732;239.368
2005-09-11 16:10:00;168.502;   null;196.433;136.010;1358.240;383.930;   null;196.480; 82.830;267.388; 91.857;149.140;182.934;164.992;181.436;182.018;104.726;120.702;240.410
2005-09-11 16:15:00;167.210;   null;197.967;136.643;1355.040;387.970; 98.783;194.252; 82.378;268.621; 91.826;147.560;183.258;165.004;184.378;179.404;105.206;121.372;239.720
2005-09-11 16:20:00;167.872;   null;198.533;138.727;1360.780;387.783;   null;196.710; 81.844;267.583; 90.782;149.400;181.414;164.538;182.632;180.026;104.236;121.936;239.118
2005-09-11 16:25:00;167.532;   null;197.200;136.270;1348.740;386.903;   null;193.388; 82.058;264.477; 90.837;150.080;182.102;164.744;181.468;184.290;105.800;121.468;236.802
2005-09-11 16:30:00;167.814;   null;198.700;139.833;1352.060;385.310; 97.692;195.994; 82.684;266.691; 91.026;149.300;183.622;164.794;181.528;181.326;105.318;122.268;240.074
2005-09-11 16:35:00;166.236;   null;196.067;140.653;1355.940;388.250;   null;195.172; 82.012;265.527; 91.990;148.940;183.864;165.312;181.800;182.046;105.162;122.070;238.014
2005-09-11 16:40:00;169.460;   null;198.100;138.080;1356.880;387.667;   null;196.122; 82.384;264.332; 92.894;149.700;182.598;165.738;181.592;182.356;105.796;121.164;238.124
2005-09-11 16:45:00;167.774;   null;197.700;137.417;1352.160;389.167; 98.865;195.780; 81.920;265.769; 91.016;148.480;183.742;164.952;183.144;182.654;105.284;121.954;238.888
2005-09-11 16:50:00;168.678;   null;198.033;137.907;1353.100;392.593;   null;196.796; 82.324;265.767; 90.670;149.340;184.076;164.824;181.842;181.810;105.042;121.598;238.894
2005-09-11 16:55:00;168.086;   null;199.900;136.350;1354.060;389.873;   null;193.344; 80.074;265.240; 90.709;150.660;183.526;165.630;181.230;182.952;104.686;121.960;240.362
2005-09-11 17:00:00;168.318;   null;198.800;137.307;1344.740;389.033; 98.230;196.566; 81.182;269.411; 92.174;149.820;180.892;166.560;179.092;182.458;106.418;120.912;237.588
2005-09-11 17:05:00;169.128;   null;199.000;137.137;1346.940;385.980;   null;195.592; 83.640;268.248; 91.195;149.060;183.782;164.880;179.080;181.776;104.756;122.182;235.594
2005-09-11 17:10:00;167.914;   null;198.733;139.363;1341.500;390.767;   null;194.606; 80.564;267.419; 92.922;151.060;185.592;165.966;181.550;182.696;105.196;121.486;238.798
2005-09-11 17:15:00;167.174;   null;199.467;137.900;1345.700;386.507; 98.477;196.676; 81.014;268.388; 91.634;149.840;184.188;165.910;181.892;182.172;104.974;121.520;236.438
2005-09-11 17:20:00;168.270;   null;197.300;138.187;1349.100;385.870;   null;195.662; 82.754;269.890; 91.743;150.520;183.816;164.336;181.632;183.224;105.644;122.066;239.854
2005-09-11 17:25:00;164.418;   null;198.267;137.973;1351.760;385.830;   null;197.668; 80.358;268.958; 92.162;149.700;185.666;163.708;182.616;182.808;104.526;122.042;239.038
2005-09-11 17:30:00;168.096;   null;198.333;136.127;1350.320;389.370; 99.259;195.026; 83.214;267.731; 91.619;148.480;184.080;165.066;179.194;182.206;105.800;123.654;240.844
2005-09-11 17:35:00;167.634;   null;198.700;137.007;1355.860;387.530;   null;195.868; 82.044;267.266; 91.217;152.120;185.602;164.772;179.922;183.798;105.930;122.532;241.474
2005-09-11 17:40:00;167.864;   null;197.800;137.427;1353.340;387.583;   null;196.174; 81.606;266.672; 91.913;149.040;183.128;164.398;180.706;182.558;105.158;121.706;240.916
2005-09-11 17:45:00;169.374; 51.073;198.233;137.597;1347.200;388.863; 98.274;195.972; 82.228;268.233; 91.984;149.720;182.774;162.908;178.954;181.364;105.244;121.214;239.528
2005-09-11 17:50:00;167.756; 50.734;196.433;139.407;1340.860;391.650;   null;196.298; 81.892;269.031; 91.608;151.740;181.678;163.190;180.294;182.062;105.460;122.098;239.436
2005-09-11 17:55:00;167.556; 50.710;198.267;137.900;1353.940;387.410;   null;195.236; 81.094;267.606; 90.722;149.660;184.738;165.056;180.438;181.978;105.140;122.336;242.234
2005-09-11 18:00:00;167.652; 51.927;198.433;137.400;1350.220;385.430; 98.229;194.198; 82.506;268.868; 92.219;150.800;185.102;163.390;180.846;182.696;104.278;122.314;237.772
2005-09-11 18:05:00;168.196; 51.193;198.333;136.207;1338.160;386.647;   null;194.130; 78.934;268.502; 91.391;149.440;183.300;163.638;180.256;181.124;106.368;120.484;241.024
2005-09-11 18:10:00;165.266; 50.280;196.700;137.547;1338.980;389.660;   null;195.918; 80.584;271.125; 92.186;148.980;183.066;163.788;180.636;181.186;105.040;123.012;241.272
2005-09-11 18:15:00;166.006; 50.930;200.800;137.560;1347.060;388.577; 98.664;196.712; 81.470;267.940; 91.098;150.480;183.666;163.910;179.964;183.262;104.176;122.456;242.640
2005-09-11 18:20:00;167.346; 51.377;197.700;139.457;1341.340;383.683;   null;193.744; 80.478;270.861; 91.795;152.420;184.144;165.828;178.912;182.698;105.194;123.198;239.516
2005-09-11 18:25:00;166.882; 50.593;200.100;136.983;1339.120;387.880;   null;194.858; 83.370;270.397; 94.379;150.400;184.262;162.128;181.068;183.340;105.312;120.658;238.092
2005-09-11 18:30:00;165.954; 52.910;198.967;138.263;1356.520;388.653; 97.336;194.328; 81.976;270.497; 91.005;149.260;183.884;162.262;181.274;182.098;104.746;121.836;240.846
2005-09-11 18:35:00;169.088; 50.310;198.167;137.917;1346.400;384.213;   null;195.338; 81.606;269.306; 91.390;149.640;183.040;162.064;179.490;184.480;104.074;120.456;239.976
2005-09-11 18:40:00;166.548; 50.750;201.967;136.073;1345.320;385.287;   null;195.584; 81.808;270.367; 92.391;150.180;184.578;164.112;179.732;182.876;104.562;122.960;240.240
2005-09-11 18:45:00;168.024; 50.860;198.067;136.613;1346.380;386.867; 99.252;195.340; 81.240;269.340; 91.910;149.660;185.396;161.690;177.808;180.348;104.328;120.850;238.798
2005-09-11 18:50:00;167.288; 51.270;198.567;135.820;1347.540;384.090;   null;195.078; 81.958;268.285; 92.219;152.980;183.742;163.380;177.986;180.738;103.624;121.748;240.222
2005-09-11 18:55:00;165.402; 51.070;199.567;137.480;1337.140;389.260;   null;195.752; 80.492;267.425; 92.635;150.440;183.552;164.732;177.482;182.138;104.878;120.908;238.834
2005-09-11 19:00:00;167.086; 49.370;198.800;136.937;1349.460;384.083; 98.302;195.592; 81.306;268.222; 92.344;151.340;184.856;163.410;178.746;179.500;104.502;119.864;241.600
2005-09-11 19:05:00;167.398; 51.313;197.667;138.300;1351.380;384.367;   null;194.230; 81.262;267.890; 93.298;150.780;184.334;164.074;178.798;180.130;104.064;120.174;237.182
2005-09-11 19:10:00;168.084; 50.993;199.000;136.400;1351.280;384.890;   null;194.516; 81.720;268.651; 93.788;151.340;184.278;164.458;178.316;181.800;103.660;121.160;236.938
2005-09-11 19:15:00;165.392; 49.210;199.500;136.723;1352.360;387.117; 99.755;195.542; 80.780;269.710; 90.896;150.140;184.498;165.510;179.190;181.312;105.442;121.508;238.042
2005-09-11 19:20:00;166.574; 51.957;199.933;137.047;1338.680;388.133;   null;194.086; 81.742;267.368; 91.609;149.020;185.486;163.954;181.412;182.440;104.146;121.204;240.186
2005-09-11 19:25:00;167.980; 50.890;197.833;136.537;1344.500;387.023;   null;193.058; 82.480;266.777; 93.063;150.760;183.580;165.046;180.060;179.844;104.826;122.012;238.522
2005-09-11 19:30:00;165.518; 50.177;198.900;135.943;1351.600;383.330; 97.982;194.026; 81.702;269.415; 92.268;150.100;181.006;163.490;180.806;178.512;104.444;121.116;237.662
2005-09-11 19:35:00;166.250; 50.560;197.767;136.513;1346.420;385.137;   null;194.548; 80.484;266.089; 93.735;150.140;183.904;165.064;180.458;179.654;102.960;119.880;235.514
2005-09-11 19:40:00;166.134; 52.237;198.867;138.493;1350.860;387.310;   null;193.776; 81.456;269.943; 92.557;152.380;184.828;165.100;179.388;179.408;103.274;120.622;239.318
2005-09-11 19:45:00;167.508; 50.223;199.500;138.437;1346.200;384.534; 98.367;193.012; 81.086;267.870; 91.225;150.260;183.532;162.894;178.362;178.888;104.850;120.582;238.256
2005-09-11 19:50:00;166.162; 50.610;202.400;136.653;1349.460;382.600;   null;191.392; 81.008;266.452; 93.788;149.520;183.696;164.744;180.866;175.666;103.550;120.092;235.282
2005-09-11 19:55:00;166.414; 51.730;198.933;136.840;1342.480;384.293;   null;196.904; 81.358;270.636; 92.454;150.080;184.232;163.936;181.436;181.048;102.758;120.698;237.248
2005-09-11 20:00:00;168.428; 50.437;201.600;136.843;1347.940;385.287; 98.466;197.092; 82.358;268.200; 92.758;149.340;185.782;163.038;179.238;179.660;103.616;120.336;237.912
2005-09-11 20:05:00;166.826; 50.687;198.267;135.327;1347.620;389.517;   null;195.008; 82.558;268.266; 92.738;149.000;184.960;165.374;177.472;179.832;102.900;120.548;237.680
2005-09-11 20:10:00;164.682; 51.370;198.800;136.960;1341.700;384.847;   null;195.974; 81.856;268.430; 89.963;150.560;183.688;164.448;178.642;179.920;103.632;121.742;241.358
2005-09-11 20:15:00;165.100; 50.617;199.000;138.773;1348.520;387.280; 98.524;193.982; 81.844;269.056; 92.843;151.000;183.000;164.284;179.282;179.534;104.126;120.706;237.156
2005-09-11 20:20:00;167.710; 51.497;200.767;136.237;1346.680;382.107;   null;194.586; 82.458;267.641; 91.795;150.560;184.074;167.228;180.938;180.940;104.336;119.852;235.838
2005-09-11 20:25:00;168.294; 52.540;200.667;137.650;1349.400;384.430;   null;194.132; 81.420;268.005; 90.739;149.980;183.306;164.134;181.128;180.126;103.358;119.896;237.664
2005-09-11 20:30:00;167.456; 51.523;200.933;136.043;1349.520;384.500; 98.091;193.354; 83.510;269.682; 91.573;150.060;182.928;165.104;182.036;179.710;104.022;122.712;235.934
2005-09-11 20:35:00;167.462; 50.223;199.467;135.327;1350.860;381.123;   null;193.008; 83.428;265.869; 92.161;151.440;181.918;165.022;179.284;179.268;105.438;121.586;237.052
2005-09-11 20:40:00;168.128; 51.557;200.033;136.510;1349.500;382.653;   null;194.130; 83.666;267.117; 93.258;149.200;181.876;165.074;180.684;177.234;104.382;122.128;236.986
2005-09-11 20:45:00;167.598; 50.423;199.433;136.097;1345.080;382.903; 97.915;195.012; 82.734;269.024; 93.305;150.860;182.958;165.132;180.386;179.512;104.576;122.258;237.614
2005-09-11 20:50:00;166.684; 50.343;201.400;136.277;1344.760;382.713;   null;194.572; 82.424;265.543; 91.467;149.260;182.200;164.540;180.418;178.346;104.968;121.252;237.888
2005-09-11 20:55:00;164.694; 50.163;197.567;135.577;1342.280;384.640;   null;192.548; 83.460;266.692; 93.317;150.040;183.170;164.858;180.738;177.938;103.332;121.074;237.686
2005-09-11 21:00:00;166.830; 50.733;199.633;137.243;1348.600;383.037; 96.893;194.048; 82.958;268.367; 92.222;149.940;184.542;164.942;181.954;180.206;103.728;121.074;237.912
2005-09-11 21:05:00;167.832; 50.493;199.267;136.317;1346.400;382.653;   null;195.012; 83.314;266.857; 92.159;150.260;182.364;164.812;181.984;178.560;105.336;123.382;238.436
2005-09-11 21:10:00;166.582; 50.793;200.767;135.763;1345.460;382.340;   null;197.906; 81.884;268.204; 92.712;150.080;182.196;166.348;184.742;177.584;104.410;121.618;237.620
2005-09-11 21:15:00;165.832; 49.833;200.533;136.287;1355.860;378.680; 97.842;195.672; 83.350;265.874; 92.316;150.540;182.872;165.552;180.946;178.516;103.206;121.302;238.448
2005-09-11 21:20:00;165.804; 50.427;200.267;137.067;1350.500;382.280;   null;195.212; 83.932;270.240; 93.881;150.460;179.832;164.706;182.734;178.006;104.178;121.812;238.612
2005-09-11 21:25:00;165.990; 49.730;201.733;135.343;1341.200;382.470;   null;194.258; 82.272;268.500; 91.625;151.680;185.010;166.250;180.584;178.798;103.610;120.884;237.342
2005-09-11 21:30:00;168.552; 51.320;199.700;139.327;1345.260;382.520; 96.875;195.212; 82.902;268.007; 90.727;150.660;183.570;164.030;182.932;178.544;106.148;120.816;238.752
2005-09-11 21:35:00;166.346; 50.247;201.600;137.083;1342.300;388.307;   null;195.532; 84.100;266.825; 90.809;148.460;181.122;164.694;180.690;178.822;104.696;121.532;238.486
2005-09-11 21:40:00;167.026; 49.930;202.000;137.390;1341.120;383.873;   null;193.840; 83.894;268.270; 92.825;149.160;180.846;166.392;180.608;180.524;104.374;120.332;238.452
2005-09-11 21:45:00;164.990; 52.063;200.233;139.163;1351.340;388.473; 97.818;194.304; 84.030;265.578; 91.267;148.900;180.906;164.636;183.008;179.198;105.624;121.742;236.944
2005-09-11 21:50:00;166.478; 50.833;203.000;136.370;1342.960;387.203;   null;196.262; 82.974;264.298; 92.931;149.580;179.834;163.572;184.874;179.228;104.770;121.636;239.594
2005-09-11 21:55:00;167.902; 50.400;201.133;136.017;1347.020;384.620;   null;196.240; 83.636;266.892; 91.969;152.120;181.478;167.572;183.824;179.758;105.054;120.960;238.352
2005-09-11 22:00:00;165.696; 50.117;200.967;137.287;1345.220;387.540; 97.983;194.732; 83.292;264.495; 92.552;150.260;180.506;164.978;184.378;181.326;104.790;122.728;240.804
2005-09-11 22:05:00;167.682; 50.980;202.433;137.127;1339.960;384.620;   null;195.986; 85.176;265.480; 92.895;147.440;184.288;166.122;184.408;179.640;105.140;121.442;239.432
2005-09-11 22:10:00;165.674; 50.840;201.567;138.023;1340.580;386.150;   null;194.936; 84.288;267.023; 91.724;150.040;181.536;164.990;182.858;180.462;106.074;122.048;241.848
2005-09-11 22:15:00;165.776; 50.653;198.767;135.257;1348.960;382.103; 98.700;195.466; 82.814;264.725; 92.333;148.740;181.706;162.618;183.010;181.724;103.466;121.902;239.356
2005-09-11 22:20:00;165.722; 51.327;201.267;137.507;1352.160;385.317;   null;197.056; 85.616;265.021; 92.282;149.440;179.818;162.758;183.028;182.080;104.348;121.340;239.180
2005-09-11 22:25:00;165.844; 51.547;199.500;137.583;1354.120;387.573;   null;194.914; 83.466;262.852; 92.669;150.020;183.132;165.968;182.574;180.974;103.218;122.216;241.906
2005-09-11 22:30:00;169.274; 52.237;198.967;138.053;1349.280;389.137; 99.015;195.690; 85.256;266.695; 92.265;150.100;180.366;164.220;182.204;181.840;103.992;122.348;240.548
2005-09-11 22:35:00;166.182; 49.487;201.367;136.880;1354.780;383.897;   null;195.256; 85.068;266.464; 91.878;149.420;179.332;165.512;183.236;180.624;105.344;122.416;242.608
2005-09-11 22:40:00;167.074; 50.413;203.067;136.493;1352.500;384.143;   null;193.078; 84.210;265.052; 91.937;149.420;181.812;161.396;183.662;182.394;104.680;122.646;240.794
2005-09-11 22:45:00;167.744; 51.303;201.867;138.490;1353.300;384.523; 98.341;198.520; 82.252;264.860; 90.952;149.180;181.110;165.785;182.110;181.348;103.880;120.992;238.380
2005-09-11 22:50:00;167.742; 51.033;200.433;133.657;1350.340;384.707;   null;195.086; 83.714;263.055; 90.355;149.460;181.762;163.995;184.924;182.452;104.020;120.582;   null
2005-09-11 22:55:00;167.896; 50.593;199.100;137.590;1350.180;384.600;   null;195.162; 83.266;264.761; 90.431;149.500;180.142;162.354;182.702;182.282;103.738;121.524;241.220
2005-09-11 23:00:00;165.590; 50.777;200.900;137.740;1349.380;384.303; 97.342;193.522; 83.650;266.335; 91.668;148.780;182.172;162.538;181.790;182.838;103.510;121.888;240.872
2005-09-11 23:05:00;167.722; 51.227;197.567;137.053;1357.080;386.453;   null;196.372; 83.978;267.517; 91.703;149.480;181.158;165.184;183.180;181.408;103.658;120.542;   null
2005-09-11 23:10:00;168.432; 51.360;201.733;137.623;1346.940;386.117;   null;194.980; 85.506;267.450; 91.608;148.680;182.546;164.460;182.352;182.854;104.478;122.716;   null
2005-09-11 23:15:00;170.032; 51.173;202.400;138.730;1344.240;386.437; 98.227;196.254; 82.628;267.679; 91.944;148.860;179.522;163.934;184.452;184.376;103.774;121.320;   null
2005-09-11 23:20:00;169.708; 51.840;200.000;137.133;1344.700;385.013;   null;195.968; 84.634;266.893; 91.153;149.900;180.972;164.286;185.470;183.474;104.176;123.262;242.950
2005-09-11 23:25:00;169.268; 51.057;199.300;136.920;1343.760;384.903;   null;195.896; 85.160;268.403; 90.657;147.640;180.998;163.752;183.506;179.648;105.294;123.468;242.350
2005-09-11 23:30:00;167.134; 50.280;200.033;136.393;1352.240;384.727; 97.391;193.542; 84.920;270.503; 91.695;149.400;183.292;162.962;185.830;183.420;105.264;122.974;   null
2005-09-11 23:35:00;169.090; 50.283;203.900;137.780;1354.040;378.933;   null;194.282; 83.252;269.715; 92.875;149.740;183.558;161.178;183.548;184.738;104.800;123.092;   null
2005-09-11 23:40:00;168.464; 51.210;201.700;136.307;1348.440;384.563;   null;194.496; 84.210;268.338; 92.006;150.160;180.896;162.934;183.010;182.154;106.146;121.484;   null
2005-09-11 23:45:00;167.772; 52.183;199.800;137.857;1348.860;380.543; 98.253;194.314; 84.242;269.749; 90.882;147.840;182.614;164.124;183.780;183.340;105.858;123.114;   null
2005-09-11 23:50:00;166.284; 50.140;201.667;138.207;1342.340;383.430;   null;196.932; 84.390;267.746; 90.147;148.720;184.522;164.510;182.178;183.440;104.972;121.384;239.105
2005-09-11 23:55:00;166.580; 50.793;200.900;137.203;1348.720;384.717;   null;199.176; 84.544;268.501; 92.043;149.580;181.772;160.914;182.428;180.966;104.930;123.972;240.272
2005-09-12 00:00:00;166.918; 51.680;198.400;136.877;1340.200;385.283; 98.082;197.424; 83.638;268.993; 92.387;151.180;183.492;163.756;182.420;184.164;105.992;121.856;243.450
2005-09-12 00:05:00;167.492; 50.233;201.033;137.360;1345.380;382.803;   null;196.236; 82.344;270.568; 92.492;149.440;182.092;163.586;184.356;180.742;104.858;121.776;240.800
2005-09-12 00:10:00;167.238; 51.080;200.967;135.957;1342.440;383.790;   null;195.718; 84.366;269.879; 92.054;149.480;181.338;162.146;185.556;183.852;104.344;121.662;243.593
2005-09-12 00:15:00;168.786; 52.070;200.467;137.367;1339.320;385.736; 97.784;195.190; 83.110;268.828; 90.611;150.960;183.108;161.708;182.872;182.744;105.824;123.288;240.800
2005-09-12 00:20:00;167.312; 50.843;201.433;137.393;1342.760;385.483;   null;195.640; 82.800;269.584; 90.868;149.200;185.004;162.628;183.198;183.870;105.450;121.806;   null
2005-09-12 00:25:00;165.934; 51.390;199.433;137.243;1343.600;382.383;   null;196.212; 85.214;268.598; 90.361;149.860;185.182;162.706;184.204;185.818;104.950;124.006;240.210
2005-09-12 00:30:00;167.280; 52.003;199.600;137.403;1344.200;385.890; 97.584;196.182; 83.918;266.295; 93.318;150.180;184.940;162.788;185.136;184.044;104.864;122.928;241.580
2005-09-12 00:35:00;168.296; 50.133;201.000;135.810;1342.360;381.767;   null;194.842; 84.074;271.456; 90.885;149.660;183.510;161.720;182.982;182.946;104.342;122.090;   null
2005-09-12 00:40:00;166.470; 50.677;201.233;137.700;1349.040;386.646;   null;196.260; 84.312;269.156; 91.918;149.340;185.686;163.950;184.062;181.262;105.936;123.234;   null
2005-09-12 00:45:00;167.290; 50.417;201.700;136.720;1348.100;383.480; 97.196;199.048; 83.740;270.306; 91.438;150.440;185.304;163.430;183.086;184.606;104.658;122.226;238.990
2005-09-12 00:50:00;168.760; 52.703;200.000;138.693;1344.300;385.927;   null;195.950; 83.894;272.607; 92.352;149.760;185.656;163.824;182.554;182.588;106.716;123.600;   null
2005-09-12 00:55:00;166.328; 51.277;199.233;137.903;1346.160;387.460;   null;197.844; 82.650;271.227; 91.638;151.700;184.394;164.820;183.196;181.986;106.094;122.798;241.545
2005-09-12 01:00:00;167.100; 51.473;201.233;136.387;1339.920;385.877; 98.177;194.610; 83.996;271.030; 92.105;148.740;183.006;160.774;184.446;182.556;106.366;122.824;   null
2005-09-12 01:05:00;167.296; 52.273;200.467;135.217;1343.380;383.323;   null;195.430; 84.456;272.608; 92.670;149.040;185.708;162.904;184.108;183.904;105.604;122.608;244.680
2005-09-12 01:10:00;167.370; 51.623;199.300;136.703;1341.840;386.433;   null;195.074; 85.156;271.391; 91.476;149.580;183.774;162.554;183.384;184.644;103.984;122.612;242.367
2005-09-12 01:15:00;167.070; 51.490;197.700;140.280;1341.800;386.507; 97.650;195.274; 84.602;270.931; 91.787;149.820;183.816;162.376;184.986;184.522;105.506;123.570;   null
2005-09-12 01:20:00;164.660; 52.117;200.767;137.403;1345.600;386.530;   null;193.754; 84.914;269.550; 91.180;150.580;184.964;165.276;184.466;184.470;105.804;122.634;244.160
2005-09-12 01:25:00;168.668; 50.797;199.033;136.747;1354.000;386.100;   null;195.064; 83.892;271.030; 91.213;149.020;183.162;162.634;182.884;181.612;105.280;123.106;243.276
2005-09-12 01:30:00;166.176; 50.890;199.900;137.130;1349.940;385.507; 98.112;197.380; 83.152;270.075; 92.121;149.100;185.206;162.430;181.526;182.564;104.850;122.040;243.344
2005-09-12 01:35:00;168.756; 49.363;198.467;140.103;1345.300;384.643;   null;193.836; 84.486;269.023; 91.632;149.840;184.468;164.498;183.166;183.028;106.540;122.846;241.455
2005-09-12 01:40:00;168.222; 51.400;200.767;137.500;1345.500;385.280;   null;197.664; 82.980;270.636; 92.137;149.680;184.004;163.434;183.320;183.650;104.478;123.262;243.822
2005-09-12 01:45:00;165.084; 51.843;200.700;136.840;1344.940;385.263; 97.740;195.426; 83.952;269.548; 91.458;149.180;185.960;163.668;182.176;181.502;105.510;122.456;241.494
2005-09-12 01:50:00;167.238; 51.130;197.567;136.960;1353.820;386.280;   null;197.064; 83.732;271.327; 91.765;149.540;184.912;162.970;181.930;183.542;105.420;122.722;243.134
2005-09-12 01:55:00;168.076; 51.597;201.467;137.397;1347.620;385.790;   null;196.700; 84.842;271.163; 92.080;150.240;183.230;167.080;182.814;183.588;105.738;123.352;243.444
2005-09-12 02:00:00;168.780; 51.067;199.967;137.310;1349.760;385.610; 98.192;193.412; 82.438;272.679; 92.033;152.200;183.842;164.756;181.966;185.012;105.980;123.586;244.020
2005-09-12 02:05:00;167.622; 52.017;197.967;136.960;1354.360;385.677;   null;198.140; 84.054;270.866; 91.844;149.860;186.866;164.198;182.382;184.352;104.396;122.410;242.472
2005-09-12 02:10:00;169.938; 50.043;199.667;136.927;1357.720;385.103;   null;193.184; 83.230;268.558; 91.138;150.820;185.318;161.660;184.834;183.638;104.742;123.124;241.716
2005-09-12 02:15:00;169.292; 50.530;201.100;138.027;1355.740;385.037; 99.509;197.814; 84.082;272.317; 91.307;150.580;186.380;164.298;183.762;182.410;106.980;123.148;240.822
2005-09-12 02:20:00;166.208; 50.640;198.233;135.170;1346.760;385.690;   null;196.802; 83.660;271.262; 91.919;147.720;184.844;165.606;182.782;183.782;104.654;124.072;   null
2005-09-12 02:25:00;167.814; 50.200;200.933;137.367;1354.460;387.097;   null;195.246; 82.982;270.171; 90.770;149.100;186.424;165.524;183.328;182.024;106.296;121.888;   null
2005-09-12 02:30:00;168.024; 49.217;198.700;136.780;1360.460;385.223; 98.389;196.754; 83.306;270.833; 91.424;148.940;185.498;163.360;184.802;183.786;106.244;123.666;   null
2005-09-12 02:35:00;167.416; 51.230;199.733;137.163;1360.600;387.830;   null;195.896; 83.762;271.196; 91.147;150.540;185.612;165.078;182.076;185.368;105.772;124.218;   null
2005-09-12 02:40:00;166.956; 51.533;200.733;139.700;1368.060;386.823;   null;193.426; 84.550;270.667; 90.479;148.060;184.084;164.608;182.122;184.410;105.594;123.068;244.500
2005-09-12 02:45:00;167.742; 51.537;200.267;139.697;1359.980;388.360; 98.920;197.338; 83.138;269.113; 90.998;149.400;186.660;163.700;183.882;183.860;104.050;123.396;244.944
2005-09-12 02:50:00;167.202; 50.773;200.267;136.553;1365.540;383.053;   null;194.678; 83.202;272.287; 90.689;147.740;185.442;165.266;184.414;182.968;105.956;124.380;244.492
2005-09-12 02:55:00;167.970; 51.513;197.933;136.667;1360.420;385.747;   null;195.640; 85.234;270.501; 92.309;150.560;185.726;166.394;182.904;182.658;106.242;123.464;241.332
2005-09-12 03:00:00;169.192; 51.453;200.000;136.200;1362.220;384.817; 98.312;196.070; 83.328;269.308; 91.140;149.680;185.390;167.094;181.190;184.610;104.806;124.454;244.632
2005-09-12 03:05:00;168.190; 50.850;200.067;137.453;1360.120;385.693;   null;197.158; 83.348;271.095; 91.013;148.860;185.312;163.094;181.304;184.502;105.268;123.944;246.540
2005-09-12 03:10:00;168.126; 50.907;201.133;138.420;1365.140;388.063;   null;195.234; 83.888;270.698; 91.249;149.680;184.004;164.978;186.888;183.766;106.004;124.332;245.482
2005-09-12 03:15:00;167.394; 51.057;200.033;136.753;1361.080;385.740; 98.487;194.908; 83.642;272.551; 92.947;150.380;185.256;165.414;183.130;185.620;105.912;124.634;244.288
2005-09-12 03:20:00;167.904; 50.543;199.567;138.333;1368.240;386.113;   null;196.112; 83.262;268.976; 93.752;152.380;185.128;166.376;183.194;185.928;105.870;123.602;246.190
2005-09-12 03:25:00;167.688; 50.897;197.633;137.470;1364.340;386.083;   null;194.076; 84.148;273.511; 93.762;149.540;184.038;164.300;182.022;182.604;104.684;125.644;244.552
2005-09-12 03:30:00;168.912; 50.800;200.033;138.297;1370.760;387.863; 98.593;195.810; 84.376;272.021; 92.996;148.320;182.976;165.210;183.092;181.748;106.548;123.628;245.302
2005-09-12 03:35:00;169.626; 50.167;201.333;136.893;1374.440;385.120;   null;195.810; 83.778;273.247; 92.986;150.760;184.878;163.596;181.454;186.010;105.862;124.098;246.770
2005-09-12 03:40:00;166.298; 50.967;201.600;139.013;1371.400;385.440;   null;197.282; 83.614;270.266; 93.598;149.760;184.570;166.146;181.764;183.260;105.646;123.926;243.960
2005-09-12 03:45:00;168.106; 51.720;201.500;137.340;1369.200;388.536; 98.443;197.848; 82.654;271.723; 92.008;149.500;185.580;165.532;182.532;183.268;104.778;123.876;245.376
2005-09-12 03:50:00;167.560; 51.187;199.300;139.120;1378.720;388.097;   null;195.770; 83.564;272.253; 92.678;150.480;186.168;165.654;182.160;185.768;105.126;126.014;245.490
2005-09-12 03:55:00;168.928; 51.047;199.000;137.027;1367.740;389.757;   null;194.876; 83.584;271.757; 91.963;150.200;185.440;165.756;184.294;184.226;106.290;125.417;   null
2005-09-12 04:00:00;167.058; 51.050;201.100;138.513;1362.760;388.273; 98.328;197.654; 82.472;270.464; 91.846;152.060;184.416;166.416;182.998;182.246;106.332;   null;   null
2005-09-12 04:05:00;169.538; 50.423;200.100;138.473;1379.440;387.787;   null;195.334; 84.676;272.253; 93.244;150.480;185.024;165.874;183.594;181.266;106.214;   null;   null
2005-09-12 04:10:00;168.228; 51.490;201.767;138.200;1365.480;389.240;   null;199.458; 83.690;268.709; 91.691;152.880;186.250;166.918;183.200;183.800;104.582;   null;   null
2005-09-12 04:15:00;167.094; 48.900;202.067;137.283;1374.620;386.607; 98.957;195.514; 83.740;271.491; 91.908;151.900;186.432;166.986;181.320;184.142;104.666;   null;   null
2005-09-12 04:20:00;169.160; 50.767;200.933;136.157;1375.940;387.140;   null;196.138; 83.336;271.292; 93.152;152.820;185.166;167.276;182.732;183.306;105.518;   null;   null
2005-09-12 04:25:00;169.206; 51.090;198.367;138.060;1369.240;388.237;   null;197.166; 83.222;274.308; 92.053;151.240;185.684;166.426;186.442;182.610;106.346;   null;   null
2005-09-12 04:30:00;168.012; 51.090;199.400;138.567;1376.420;391.453; 99.191;196.436; 83.702;273.082; 92.851;152.640;187.568;166.186;181.222;184.194;106.308;   null;   null
2005-09-12 04:35:00;170.900; 50.813;200.933;139.857;1368.720;387.690;   null;196.996; 85.034;271.424; 92.439;151.740;185.460;165.078;182.688;182.034;105.964;   null;   null
2005-09-12 04:40:00;169.014; 50.917;198.867;138.263;1372.920;387.447;   null;198.068; 82.518;272.552; 91.786;152.740;185.424;166.792;184.112;181.696;106.622;   null;   null
2005-09-12 04:45:00;170.128; 51.333;201.433;140.023;1380.020;387.867; 98.117;198.434; 83.528;271.921; 92.214;151.360;185.838;166.308;180.142;184.644;105.364;   null;   null
2005-09-12 04:50:00;170.172; 50.450;199.767;138.503;1366.300;390.133;   null;197.688; 84.076;273.946; 92.268;150.440;186.856;166.946;182.980;183.782;105.988;   null;   null
2005-09-12 04:55:00;169.022; 51.417;199.900;139.630;1385.200;391.800;   null;195.524; 84.850;272.318; 93.684;152.740;185.754;167.004;183.070;184.714;106.388;   null;   null
2005-09-12 05:00:00;171.384; 51.033;197.500;137.373;1371.060;390.130; 99.726;198.106; 84.106;273.813; 93.486;153.280;186.660;166.528;181.736;184.030;105.706;   null;   null
2005-09-12 05:05:00;170.212; 51.570;203.167;139.790;1372.100;392.080;   null;197.336; 85.556;270.992; 93.731;151.800;185.766;167.024;184.002;183.696;104.768;   null;   null
2005-09-12 05:10:00;168.914; 51.350;199.900;141.397;1379.420;391.543;   null;199.836; 83.480;270.858; 94.295;151.940;186.258;167.108;182.870;183.422;106.036;   null;   null
2005-09-12 05:15:00;167.952; 51.307;200.367;138.263;1374.520;390.680; 98.553;196.170; 84.424;272.021; 93.950;150.440;185.302;166.606;183.554;184.294;107.234;   null;   null
2005-09-12 05:20:00;170.602; 51.233;200.633;139.913;1375.660;392.463;   null;198.804; 85.046;272.087; 91.455;152.140;186.596;165.666;183.652;183.744;105.606;   null;   null
2005-09-12 05:25:00;168.172; 50.890;201.567;138.903;1376.880;390.346;   null;200.184; 83.834;272.949; 94.119;154.600;186.368;168.254;185.454;184.614;105.234;   null;   null
2005-09-12 05:30:00;169.894; 52.503;201.100;140.243;1369.300;394.810;100.186;201.714; 83.730;271.886; 91.415;150.520;185.044;167.368;184.244;182.970;105.246;   null;   null
2005-09-12 05:35:00;169.904; 51.417;201.033;139.907;1368.600;394.503;   null;200.606; 83.582;272.619; 93.319;151.400;185.496;166.592;183.136;181.296;106.456;   null;   null
2005-09-12 05:40:00;169.972; 51.453;200.400;140.350;1376.640;394.600;   null;197.494; 83.246;272.617; 92.304;153.860;183.944;167.272;185.056;183.700;107.194;   null;   null
2005-09-12 05:45:00;171.686; 51.870;200.433;140.220;1371.900;394.863;100.735;200.104; 83.512;272.652; 93.451;151.460;185.316;167.944;183.788;184.024;106.524;   null;   null
2005-09-12 05:50:00;166.686; 52.623;200.900;136.553;1371.320;390.700;   null;199.614; 84.342;272.187; 94.981;152.200;186.464;166.420;185.466;182.376;105.404;   null;   null
2005-09-12 05:55:00;169.692; 50.393;200.533;138.500;1376.200;390.667;   null;201.284; 83.470;270.758; 94.204;152.240;185.632;167.504;183.452;183.164;107.922;   null;   null
2005-09-12 06:00:00;168.912; 52.110;201.733;138.397;1371.980;393.013; 99.975;198.694; 85.636;271.689; 94.616;154.520;187.398;165.874;183.296;184.730;107.668;   null;   null
2005-09-12 06:05:00;167.740; 52.187;200.500;139.207;1366.640;392.070;   null;196.046; 84.556;270.129; 93.482;153.740;184.512;169.784;185.872;184.768;107.032;   null;   null
2005-09-12 06:10:00;170.176; 50.927;201.333;139.007;1368.720;393.337;   null;198.146; 83.020;273.316; 93.752;154.780;184.546;167.740;184.092;182.626;106.142;   null;   null
2005-09-12 06:15:00;169.712; 51.940;200.433;140.140;1368.000;391.723;100.245;198.196; 84.094;271.423; 94.543;153.720;183.288;168.446;183.718;184.204;107.368;   null;   null
2005-09-12 06:20:00;169.770; 52.690;199.900;137.763;1367.900;394.690;   null;201.520; 85.130;270.459; 94.188;154.500;184.334;165.180;183.930;184.378;105.640;   null;   null
2005-09-12 06:25:00;169.860; 50.627;200.700;139.237;1364.840;394.920;   null;198.942; 82.720;269.695; 94.579;154.880;186.440;165.794;183.904;183.436;107.712;   null;   null
2005-09-12 06:30:00;168.922; 51.230;200.500;140.167;1356.880;393.547; 99.449;199.570; 83.858;273.680; 93.251;155.120;185.344;166.788;185.450;186.064;106.244;   null;   null
2005-09-12 06:35:00;169.960; 52.400;200.867;140.160;1360.560;390.880;   null;200.060; 84.404;270.062; 95.858;153.000;184.738;166.500;184.686;181.858;107.196;   null;   null
2005-09-12 06:40:00;168.234; 51.660;200.033;138.410;1354.380;393.570;   null;199.124; 84.098;272.917; 95.718;154.020;186.732;167.990;186.068;183.948;105.848;   null;   null
2005-09-12 06:45:00;167.926; 50.813;197.600;139.717;1355.980;392.063; 98.757;200.862; 83.688;270.525; 93.459;153.640;183.840;166.136;184.930;185.270;107.878;   null;   null
2005-09-12 06:50:00;168.768; 52.287;200.667;137.630;1347.320;390.150;   null;199.032; 83.062;270.957; 93.715;152.300;183.972;166.938;184.420;183.702;106.812;   null;   null
2005-09-12 06:55:00;166.570; 50.400;195.767;137.370;1350.300;394.057;   null;198.108; 83.304;273.948; 93.952;152.040;183.162;168.990;184.216;187.402;106.918;   null;   null
2005-09-12 07:00:00;169.364; 52.390;201.033;139.073;1354.500;390.207; 99.787;199.220; 84.270;270.290; 94.058;152.320;184.876;170.216;185.584;183.886;106.350;   null;   null
2005-09-12 07:05:00;168.472; 51.113;199.933;139.137;1358.320;391.763;   null;200.162; 84.712;268.130; 93.829;153.560;184.822;169.560;185.226;184.970;106.952;   null;   null
2005-09-12 07:10:00;168.276; 51.470;201.700;136.070;1363.980;392.403;   null;196.440; 84.736;271.123; 94.565;151.940;185.164;168.150;182.598;184.160;108.026;   null;   null
