ESOI    ATHN    MXCO    ROME    AATB    LMKS    DRBS    MOSC    NEWK    KIEL    CALG    OULU    APTY    FSMT    INVK    NAIN    PWNK    THUL    SOPB    SOPO
2004-01-21 20:35:00;161.952; 54.360;215.067;129.300;1386.700;421.573;   null;209.068; 91.598;160.990;304.966; 98.583;163.360;196.972;176.830;197.074;198.962;115.078; 46.576;274.456
2004-01-21 20:40:00;162.302; 55.963;214.633;127.157;1381.960;422.583;   null;209.670; 93.482;159.357;303.058; 99.262;161.700;197.216;178.112;197.578;198.940;113.982; 45.536;276.880
2004-01-21 20:45:00;162.588; 53.773;214.833;127.550;1378.840;422.657;106.504;210.590; 91.284;157.584;303.759;100.239;161.400;197.996;177.564;196.648;197.268;114.960; 46.382;275.904
2004-01-21 20:50:00;164.330; 53.607;215.133;128.360;1396.000;421.850;   null;208.594; 90.530;159.323;301.525;100.134;162.260;197.736;176.000;197.496;198.164;116.058; 46.770;272.880
2004-01-21 20:55:00;163.340; 54.490;214.967;127.120;1383.740;421.337;   null;210.160; 92.264;163.407;304.965; 99.822;162.300;197.224;176.512;197.574;198.498;115.712; 45.774;275.634
2004-01-21 21:00:00;164.608; 54.973;213.567;126.443;1375.960;420.467;105.877;213.072; 91.282;160.677;302.891;100.526;161.860;195.926;178.050;197.498;196.726;113.210; 46.110;274.990
2004-01-21 21:05:00;161.078; 54.613;215.033;126.893;1383.880;421.943;   null;209.194; 90.938;161.917;306.068;100.094;160.660;197.784;178.000;195.576;199.100;113.152; 46.266;   null
2004-01-21 21:10:00;162.450; 54.533;214.433;129.450;1387.480;422.027;   null;211.460; 90.900;158.067;305.440; 99.510;161.780;198.410;178.482;197.362;198.696;114.900; 45.982;271.093
2004-01-21 21:15:00;163.008; 54.577;212.367;129.503;1376.420;419.607;105.748;207.438; 89.476;161.547;302.599; 98.158;161.880;196.840;176.902;196.888;198.226;114.228; 45.662;276.114
2004-01-21 21:20:00;161.662; 54.513;213.133;128.140;1371.020;421.523;   null;212.012; 90.706;161.590;305.052; 98.298;161.660;198.130;177.510;198.200;197.820;114.828; 47.120;275.534
2004-01-21 21:25:00;161.752; 54.103;214.167;127.473;1377.720;425.020;   null;209.016; 90.194;159.237;304.616; 99.007;160.580;198.376;178.142;199.390;200.238;114.808; 46.374;274.478
2004-01-21 21:30:00;162.702; 54.360;215.267;126.763;1384.420;424.390;105.284;211.906; 91.932;159.030;301.918;100.708;164.920;197.186;179.582;197.878;199.696;114.588; 46.346;274.782
2004-01-21 21:35:00;163.198; 54.233;213.233;128.523;1380.000;423.443;   null;210.068; 90.354;157.866;304.192; 98.335;160.200;198.860;176.776;196.854;198.146;114.960; 46.976;274.186
2004-01-21 21:40:00;160.856; 53.717;215.667;127.767;1383.780;422.677;   null;211.558; 92.744;162.074;303.873; 98.962;162.160;197.258;173.086;196.776;197.726;114.428; 46.120;274.008
2004-01-21 21:45:00;163.006; 54.793;215.400;127.217;1381.460;422.010;106.124;209.208; 91.464;160.773;301.883;100.700;161.780;197.432;178.148;198.026;200.244;114.764; 46.288;273.614
2004-01-21 21:50:00;163.444; 54.047;214.300;129.303;1386.640;425.447;   null;209.784; 91.182;159.437;305.681; 97.999;163.100;197.570;177.906;197.420;198.238;114.814; 46.460;271.788
2004-01-21 21:55:00;164.250; 54.483;215.933;126.480;1388.400;423.580;   null;211.448; 90.816;159.073;302.502; 99.864;162.500;195.576;177.808;196.072;198.942;115.296; 46.326;272.564
2004-01-21 22:00:00;160.204; 55.477;213.167;128.553;1374.260;420.897;106.114;210.696; 90.996;158.613;304.349;100.021;162.440;196.910;177.348;196.540;199.194;114.076; 45.544;271.842
2004-01-21 22:05:00;161.866; 53.803;216.033;128.903;1380.140;427.123;   null;211.264; 92.678;162.143;303.536; 98.885;163.100;196.222;177.120;194.866;197.346;114.764; 46.180;273.920
2004-01-21 22:10:00;161.990; 55.397;215.067;126.583;1380.900;423.150;   null;209.786; 93.612;160.467;305.716; 98.312;162.340;197.626;178.116;195.762;200.332;115.522; 46.472;272.040
2004-01-21 22:15:00;162.332; 54.293;215.167;126.467;1387.040;426.567;106.832;212.120; 90.404;160.500;304.348; 98.240;163.280;197.978;178.334;194.362;197.640;114.622; 46.044;274.704
2004-01-21 22:20:00;163.204; 55.107;214.733;126.290;1377.320;423.990;   null;211.428; 91.526;159.190;302.855; 99.475;164.400;196.042;177.820;197.990;199.512;114.822; 45.706;273.004
2004-01-21 22:25:00;162.272; 54.330;213.667;127.130;1387.980;426.113;   null;212.198; 92.370;160.977;305.433; 99.191;161.780;197.028;176.196;196.336;198.074;114.942; 46.236;273.844
2004-01-21 22:30:00;163.446; 54.243;216.633;127.353;1371.780;420.857;106.605;210.762; 91.516;161.103;303.217;100.352;163.440;196.974;177.968;195.864;199.056;113.414; 46.062;274.856
2004-01-21 22:35:00;164.286; 54.900;216.633;129.133;1388.220;422.053;   null;208.830; 90.464;162.327;302.698; 99.603;164.580;197.660;178.652;196.714;198.370;115.040; 46.234;274.232
2004-01-21 22:40:00;162.194; 53.663;215.633;127.613;1381.800;421.120;   null;209.700; 90.810;161.413;302.795; 99.296;163.340;197.858;178.768;197.946;196.870;115.030; 46.126;275.130
2004-01-21 22:45:00;160.884; 54.387;213.567;127.177;1385.400;422.703;107.512;208.754; 91.678;161.553;302.731;100.172;163.120;197.914;177.446;197.710;197.836;113.846; 45.756;273.512
2004-01-21 22:50:00;161.614; 55.517;212.633;127.270;1387.660;425.150;   null;209.082; 90.964;160.053;303.606;100.561;164.640;199.124;177.850;196.558;197.268;113.524; 45.812;272.384
2004-01-21 22:55:00;162.588; 54.537;213.500;127.177;1392.800;419.133;   null;212.008; 91.940;160.480;303.960;100.297;161.980;197.508;179.180;197.552;197.528;114.420; 46.196;276.418
2004-01-21 23:00:00;160.874; 54.500;212.200;128.300;1390.980;420.800;106.187;208.830; 92.648;159.123;304.091; 99.207;163.640;198.588;178.112;198.500;197.854;113.452; 45.374;271.806
2004-01-21 23:05:00;161.472; 53.910;213.367;127.727;1391.720;422.353;   null;208.484; 91.652;160.843;300.198; 99.100;162.380;199.598;175.498;197.732;197.376;113.234; 45.396;275.546
2004-01-21 23:10:00;163.606; 54.923;217.067;126.203;1381.440;422.993;   null;209.412; 91.116;159.797;303.420;100.577;163.020;197.978;178.578;197.948;196.852;114.506; 46.734;271.006
2004-01-21 23:15:00;162.198; 54.557;214.067;124.543;1387.300;426.373;106.123;210.838; 89.726;159.650;301.611; 98.794;163.520;198.942;177.796;198.710;197.962;114.092; 45.718;271.310
2004-01-21 23:20:00;162.192; 54.280;213.833;127.437;1394.480;422.430;   null;211.732; 91.360;160.703;304.011; 97.739;161.380;197.178;177.244;194.706;199.190;115.780; 46.104;272.070
2004-01-21 23:25:00;162.504; 55.737;212.800;127.480;1383.980;419.630;   null;209.858; 92.522;158.830;304.716; 99.893;165.540;197.530;178.284;197.072;197.142;114.340; 46.524;272.130
2004-01-21 23:30:00;164.128; 54.073;213.367;125.227;1407.920;420.320;106.559;211.352; 90.980;160.633;301.100; 98.459;163.820;196.758;175.956;198.026;197.450;115.362; 46.284;274.526
2004-01-21 23:35:00;162.178; 54.587;215.767;127.623;1394.880;422.497;   null;210.588; 92.664;159.947;303.225; 98.468;164.180;197.694;176.606;197.138;198.200;113.770; 45.948;273.088
2004-01-21 23:40:00;163.376; 54.247;213.867;127.100;1398.600;418.610;   null;209.132; 91.360;157.170;301.866;101.052;163.740;197.942;176.424;195.954;199.364;115.732; 46.218;274.126
2004-01-21 23:45:00;163.310; 54.353;214.967;129.117;1393.600;424.613;106.084;211.026; 91.888;157.123;300.290; 99.391;161.720;196.936;176.532;196.974;199.948;115.538; 46.964;274.430
2004-01-21 23:50:00;162.224; 53.793;213.533;128.010;1396.420;422.183;   null;209.362; 89.230;162.707;304.755;100.743;163.820;198.578;180.088;196.430;197.082;114.666; 46.554;272.092
2004-01-21 23:55:00;162.492; 54.313;212.400;126.517;1389.320;420.983;   null;208.894; 91.350;159.580;297.704; 99.432;164.020;196.796;177.572;195.720;197.206;114.794; 45.902;273.400
2004-01-22 00:00:00;163.054; 53.920;215.333;126.457;1389.920;421.170;106.204;209.662; 91.532;158.973;301.355;100.245;163.460;197.408;177.658;195.866;197.880;113.952; 46.516;272.880
2004-01-22 00:05:00;163.012; 54.807;216.767;127.790;1403.320;421.047;   null;210.250; 91.574;158.350;300.714; 99.136;162.200;199.804;177.854;194.614;197.580;113.772; 46.304;274.114
2004-01-22 00:10:00;165.322; 54.637;213.167;125.457;1395.080;421.353;   null;211.022; 90.302;162.290;301.302; 99.961;164.020;197.400;176.932;197.986;197.416;113.776; 46.730;273.900
2004-01-22 00:15:00;162.122; 54.357;210.167;125.660;1404.140;416.530;105.682;207.570; 92.564;158.503;304.041; 99.830;161.140;199.170;176.934;195.724;197.072;115.078; 46.276;272.288
2004-01-22 00:20:00;161.428; 55.003;212.967;125.767;1402.260;419.077;   null;206.638; 90.588;161.297;300.722; 99.510;163.880;195.924;179.244;199.114;199.278;113.630; 45.784;272.460
2004-01-22 00:25:00;160.936; 55.093;215.033;126.980;1399.880;417.713;   null;210.790; 91.182;161.113;298.892; 99.488;163.040;195.868;178.104;197.812;197.608;115.578; 45.562;273.268
2004-01-22 00:30:00;164.616; 53.857;215.033;129.083;1401.340;418.863;106.004;205.556; 90.558;160.373;301.800;101.024;162.680;197.696;177.784;196.994;198.886;116.062; 45.630;270.012
2004-01-22 00:35:00;161.954; 53.780;215.467;124.977;1406.400;416.120;   null;208.244; 89.222;161.113;301.378;101.338;161.240;197.722;177.408;199.096;200.512;116.320; 45.236;271.910
2004-01-22 00:40:00;164.114; 54.697;215.033;125.777;1400.180;418.560;   null;208.004; 91.844;160.843;298.455;102.854;163.300;198.946;178.386;197.082;198.646;114.468; 45.962;270.282
2004-01-22 00:45:00;163.934; 53.260;214.033;126.377;1405.320;419.193;105.693;208.492; 91.486;160.287;302.584;100.066;162.000;194.496;176.862;196.188;197.310;114.808; 45.000;268.576
2004-01-22 00:50:00;163.844; 54.693;213.833;128.830;1406.320;421.357;   null;210.820; 91.172;162.243;303.003;100.102;161.980;195.818;176.770;196.756;196.698;115.820; 45.294;271.714
2004-01-22 00:55:00;162.046; 55.483;213.900;127.367;1399.440;421.760;   null;208.780; 90.992;161.040;300.939; 99.894;166.080;199.416;178.664;197.354;197.500;115.212; 44.788;269.534
2004-01-22 01:00:00;162.870; 54.430;213.933;125.110;1401.360;421.393;105.057;210.486; 91.270;158.253;297.713;101.549;162.980;197.002;177.904;195.236;196.220;113.126; 45.702;270.256
2004-01-22 01:05:00;162.158; 53.703;212.567;126.123;1400.360;424.710;   null;211.264; 91.058;159.190;298.963;100.492;163.700;198.378;176.912;194.894;198.618;115.568; 45.300;267.444
2004-01-22 01:10:00;162.402; 54.763;214.733;125.923;1402.920;423.163;   null;209.302; 91.440;160.937;302.108; 99.913;162.740;197.902;180.226;197.536;196.396;115.090; 45.502;266.892
2004-01-22 01:15:00;162.432; 53.967;213.400;126.753;1392.540;419.267;105.624;209.682; 91.296;157.730;299.138; 98.784;163.320;197.712;178.402;197.534;199.546;114.502; 45.762;267.890
2004-01-22 01:20:00;165.170; 53.460;213.867;126.757;1402.940;421.860;   null;211.610; 91.232;159.007;303.400; 97.494;165.000;194.956;177.184;197.456;199.060;114.082; 44.992;269.202
2004-01-22 01:25:00;162.710; 55.030;215.700;126.723;1408.060;418.953;   null;210.066; 90.490;161.973;303.632; 99.614;163.040;197.534;178.276;198.994;198.108;115.264; 45.078;266.948
2004-01-22 01:30:00;163.238; 54.037;214.200;126.433;1413.480;419.910;105.813;210.518; 91.852;161.160;298.875; 98.872;163.320;196.820;176.192;194.982;197.444;113.906; 45.014;266.254
2004-01-22 01:35:00;165.506; 54.753;213.933;125.770;1394.700;420.430;   null;210.540; 91.360;159.233;301.816; 98.637;161.220;196.934;176.544;193.908;198.756;115.178; 45.454;271.166
2004-01-22 01:40:00;161.304; 55.257;214.467;126.653;1388.840;419.113;   null;208.982; 90.182;158.250;301.443;101.048;163.000;198.630;175.784;195.630;199.344;114.868; 45.768;267.834
2004-01-22 01:45:00;163.334; 54.433;211.233;125.347;1388.800;414.197;103.681;210.948; 90.010;161.057;302.526; 97.316;163.100;197.890;176.682;194.788;198.070;115.242; 45.530;269.322
2004-01-22 01:50:00;162.282; 54.300;212.733;127.143;1391.460;410.397;   null;207.536; 90.372;157.597;299.487;100.296;162.540;197.852;179.056;195.960;198.640;113.328; 44.954;268.054
2004-01-22 01:55:00;161.014; 54.783;208.733;124.503;1390.780;414.597;   null;207.334; 90.440;156.863;299.826; 98.179;161.440;197.046;177.656;195.382;197.454;114.350; 45.344;265.830
2004-01-22 02:00:00;163.078; 53.687;212.600;123.590;1394.720;414.997;103.186;211.096; 90.408;157.483;301.129; 99.068;162.520;197.182;178.102;194.572;197.286;113.902; 45.174;265.860
2004-01-22 02:05:00;160.938; 54.157;210.633;125.740;1391.960;412.410;   null;209.348; 91.278;160.926;299.138; 98.571;161.700;199.012;179.508;195.026;195.244;113.330; 44.430;   null
2004-01-22 02:10:00;160.464; 53.517;209.800;126.117;1394.820;411.047;   null;207.632; 89.872;157.973;300.745; 98.344;161.360;197.012;176.482;194.506;194.178;113.466;   null;   null
2004-01-22 02:15:00;189.488; 53.960;209.800;123.773;1394.160;411.050;103.459;208.674; 89.692;157.077;300.490; 98.586;161.080;197.548;177.034;196.082;198.316;113.102;   null;   null
2004-01-22 02:20:00;159.836; 54.033;209.567;123.097;1384.280;409.963;   null;207.296; 90.396;156.967;298.946; 96.609;161.580;196.496;176.228;193.790;195.242;113.184;   null;   null
2004-01-22 02:25:00;160.302; 52.280;209.267;123.100;1394.560;408.117;   null;206.986; 89.620;156.087;298.788; 97.478;160.080;194.802;176.322;193.908;197.420;113.222;   null;   null
2004-01-22 02:30:00;160.768; 53.203;208.667;123.927;1389.560;407.450;104.338;204.918; 88.618;157.943;297.813; 98.179;161.220;196.130;176.534;194.498;196.850;114.020;   null;   null
2004-01-22 02:35:00;160.766; 54.793;210.200;123.620;1389.580;410.770;   null;206.144; 90.412;156.503;300.703; 98.318;160.060;196.740;178.110;194.234;195.252;114.164;   null;   null
2004-01-22 02:40:00;160.640; 53.713;208.200;124.260;1386.120;410.203;   null;207.214; 88.876;157.460;299.962; 96.279;160.260;198.262;177.002;192.430;196.566;112.282;   null;   null
2004-01-22 02:45:00;161.818; 52.770;208.300;123.773;1391.600;408.890;102.466;204.936; 88.196;155.600;302.363; 98.352;160.020;194.934;176.064;194.642;197.630;113.590;   null;   null
2004-01-22 02:50:00;159.140; 53.223;206.500;125.247;1386.320;408.957;   null;203.818; 88.446;155.633;295.918; 97.461;158.380;197.110;177.794;194.764;195.860;113.364;   null;   null
2004-01-22 02:55:00;161.106; 52.963;208.400;124.987;1387.120;410.730;   null;204.246; 88.158;155.523;299.022; 97.804;158.700;197.386;176.090;193.356;194.942;112.606;   null;   null
2004-01-22 03:00:00;159.460; 52.787;205.067;124.280;1382.020;404.620;102.388;203.402; 88.604;154.617;296.787; 97.669;158.600;196.174;176.990;192.010;197.464;113.798;   null;260.654
2004-01-22 03:05:00;159.300; 53.607;209.733;124.897;1381.500;409.627;   null;206.346; 89.586;154.717;299.509; 96.763;159.500;196.136;176.000;192.556;198.864;112.850;   null;262.076
2004-01-22 03:10:00;161.502; 52.823;207.867;124.593;1387.640;409.423;   null;201.308; 89.612;156.953;301.274; 97.700;160.700;194.174;175.688;192.052;194.716;113.360;   null;261.876
2004-01-22 03:15:00;158.624; 53.433;204.833;121.743;1385.920;405.693;102.679;203.208; 88.446;155.790;298.665; 97.762;159.320;195.076;176.950;191.972;196.258;111.290;   null;258.866
2004-01-22 03:20:00;161.630; 54.153;205.833;125.000;1378.460;407.410;   null;205.458; 88.044;154.627;300.717; 96.883;159.300;195.782;175.680;191.204;195.532;112.370;   null;260.936
2004-01-22 03:25:00;161.248; 53.490;207.567;123.013;1385.220;407.887;   null;202.614; 89.364;154.823;299.838; 97.299;159.440;197.946;175.704;192.298;192.346;112.770;   null;259.170
2004-01-22 03:30:00;160.418; 53.540;206.133;124.000;1385.880;407.557;102.858;202.984; 87.194;156.193;300.056; 96.366;157.000;195.522;176.716;189.552;196.064;112.350;   null;263.696
2004-01-22 03:35:00;161.336; 53.667;207.500;123.857;1391.060;407.980;   null;202.534; 88.290;156.343;298.169; 98.689;157.760;198.820;177.702;190.376;193.818;111.340;   null;261.618
2004-01-22 03:40:00;159.388; 53.077;206.933;123.820;1384.980;404.870;   null;204.080; 88.362;159.177;303.508; 98.911;158.160;194.304;176.332;188.896;194.400;113.174;   null;259.993
2004-01-22 03:45:00;160.608; 52.273;206.900;122.023;1387.460;411.893;102.491;205.596; 87.620;156.770;299.747; 96.478;158.160;195.784;176.118;189.438;195.302;111.346;   null;261.328
2004-01-22 03:50:00;160.286; 53.130;207.467;123.397;1386.220;407.293;   null;204.552; 87.364;156.760;298.418; 98.303;159.100;194.968;176.548;190.386;194.206;111.804;   null;261.106
2004-01-22 03:55:00;160.210; 52.960;207.100;122.377;1379.800;407.190;   null;204.960; 88.642;155.003;299.771; 97.738;159.240;197.270;177.120;189.354;194.018;113.196;   null;263.040
2004-01-22 04:00:00;159.790; 52.973;208.600;122.357;1382.700;404.467;103.096;203.636; 88.644;155.213;296.562; 98.624;160.440;192.880;176.746;189.298;192.682;111.514;   null;261.432
2004-01-22 04:05:00;160.306; 53.620;205.833;122.233;1382.540;405.000;   null;203.644; 88.474;152.587;296.381; 96.245;158.360;194.076;173.976;190.664;192.064;112.130;   null;261.036
2004-01-22 04:10:00;158.610; 52.783;205.700;124.783;1375.060;404.723;   null;202.742; 89.442;153.730;298.532; 96.920;159.500;196.220;176.130;189.464;190.588;110.898;   null;260.926
2004-01-22 04:15:00;161.248; 52.680;205.667;123.477;1385.740;407.527;102.328;202.268; 88.030;155.637;295.729; 95.695;157.840;193.926;177.048;190.932;191.444;110.898;   null;260.576
2004-01-22 04:20:00;160.284; 54.037;207.300;123.613;1388.200;402.483;   null;203.034; 88.052;154.410;295.389; 97.349;158.000;194.746;174.674;188.680;192.528;110.804;   null;260.776
2004-01-22 04:25:00;160.700; 52.690;206.633;123.410;1380.620;402.296;   null;205.418; 88.736;154.400;295.952; 97.412;157.860;195.436;175.476;190.284;192.244;112.292;   null;263.434
2004-01-22 04:30:00;159.778; 54.080;207.033;122.923;1390.960;405.770;101.625;207.434; 88.424;154.330;294.631; 96.344;156.940;195.140;176.236;187.828;190.522;111.280;   null;259.364
2004-01-22 04:35:00;161.022; 53.577;206.800;124.697;1389.120;406.570;   null;203.962; 89.030;156.610;295.624; 96.042;157.540;194.578;176.960;188.764;189.808;113.094;   null;262.956
2004-01-22 04:40:00;162.620; 53.587;206.400;123.253;1394.280;405.843;   null;204.070; 87.898;155.970;296.658; 97.281;157.840;193.238;175.064;189.936;191.580;113.508;   null;259.418
2004-01-22 04:45:00;161.244; 53.070;207.733;123.927;1394.060;406.517;102.146;203.358; 89.302;153.987;294.333; 95.244;158.100;193.866;175.438;190.010;190.268;111.666;   null;258.316
2004-01-22 04:50:00;159.888; 53.490;206.900;123.613;1394.520;403.010;   null;204.012; 88.248;155.603;295.798; 96.066;158.160;193.658;177.050;191.254;189.400;111.282;   null;262.904
2004-01-22 04:55:00;161.990; 52.630;205.967;123.730;1391.060;403.900;   null;202.474; 86.476;152.740;296.215; 95.419;157.540;194.190;175.832;189.468;191.282;111.962;   null;261.024
2004-01-22 05:00:00;160.688; 53.790;206.167;123.247;1392.740;404.307;102.512;203.044; 87.250;153.523;294.375; 98.151;158.660;194.202;174.024;189.256;189.714;111.494;   null;259.338
2004-01-22 05:05:00;160.414; 54.837;206.567;124.067;1395.240;402.794;   null;203.414; 87.770;155.087;293.540; 96.205;157.980;193.526;178.734;188.280;190.572;111.046;   null;260.036
2004-01-22 05:10:00;159.170; 53.497;206.367;122.923;1385.780;406.164;   null;203.716; 86.820;155.153;293.882; 96.313;158.560;192.384;173.690;187.844;189.980;110.712;   null;259.212
2004-01-22 05:15:00;161.698; 53.077;205.033;124.930;1380.400;407.097;102.005;203.862; 86.350;153.997;293.153; 97.587;159.200;193.950;174.362;191.358;190.010;111.330;   null;257.158
2004-01-22 05:20:00;161.428; 54.437;202.833;123.343;1388.780;407.460;   null;201.654; 88.290;154.590;292.429; 96.225;156.880;193.476;176.710;189.052;191.940;110.846;   null;256.552
2004-01-22 05:25:00;162.304; 52.927;207.333;125.113;1385.860;405.747;   null;204.368; 89.010;156.107;291.309; 95.800;158.060;192.848;174.592;190.136;189.908;110.366;   null;260.794
2004-01-22 05:30:00;161.238; 53.520;204.200;125.047;1387.200;403.967;102.145;204.406; 88.114;153.020;290.026; 97.267;156.180;192.330;172.272;189.946;188.454;110.830;   null;259.296
2004-01-22 05:35:00;163.080; 53.550;207.067;124.920;1382.960;404.400;   null;203.244; 87.254;154.617;289.301; 94.729;158.360;191.366;176.296;191.468;189.588;111.136;   null;259.506
2004-01-22 05:40:00;159.828; 53.937;204.567;125.073;1387.060;402.223;   null;205.052; 86.706;152.277;286.350; 97.112;158.700;191.314;173.248;189.488;188.540;109.456;   null;257.376
2004-01-22 05:45:00;160.836; 53.153;204.833;124.057;1376.120;405.047;101.646;202.164; 87.186;155.737;290.827; 95.614;157.680;192.434;176.006;190.266;190.098;111.134;   null;258.982
2004-01-22 05:50:00;161.410; 53.250;207.867;125.320;1381.560;403.933;   null;205.422; 87.054;157.057;287.114; 95.311;157.600;190.968;174.162;190.204;186.562;109.602;   null;258.950
2004-01-22 05:55:00;160.774; 52.107;205.433;125.130;1375.980;408.443;   null;205.452; 87.620;155.263;288.153; 97.431;158.180;190.338;174.588;188.612;191.758;110.528;   null;257.960
2004-01-22 06:00:00;161.626; 54.323;203.000;124.640;1377.140;406.480;102.635;205.110; 88.816;154.140;288.746; 97.750;157.380;189.902;173.106;188.392;189.902;109.836;   null;258.012
2004-01-22 06:05:00;159.114; 53.520;205.367;123.100;1383.480;406.300;   null;202.866; 86.852;154.017;287.425; 95.756;156.740;192.078;175.498;188.292;189.604;110.638;   null;258.232
2004-01-22 06:10:00;160.284; 52.877;203.100;124.297;1372.900;406.297;   null;203.894; 86.370;156.780;284.233; 95.458;157.320;190.224;174.062;188.598;189.228;109.214;   null;257.040
2004-01-22 06:15:00;160.978; 53.260;203.367;123.040;1384.600;406.610;101.190;207.596; 87.084;153.397;287.425; 96.794;156.700;187.588;172.306;187.352;188.222;110.348;   null;257.362
2004-01-22 06:20:00;161.074; 53.860;203.167;124.513;1375.580;404.820;   null;206.196; 86.698;154.313;286.144; 96.352;157.440;188.946;171.672;189.360;187.348;110.248;   null;257.954
2004-01-22 06:25:00;161.922; 53.280;204.500;125.547;1380.800;403.487;   null;203.930; 87.856;154.957;286.837; 96.222;158.500;188.116;175.130;188.168;185.634;107.990;   null;256.864
2004-01-22 06:30:00;162.534; 53.697;203.200;123.493;1379.440;406.347;102.179;205.950; 87.248;155.097;283.611; 95.437;156.500;191.044;173.780;187.962;187.898;109.368;   null;255.862
2004-01-22 06:35:00;163.616; 54.627;202.500;125.717;1374.280;407.460;   null;204.548; 86.296;154.300;284.858; 96.228;157.960;188.016;174.222;189.626;184.980;108.968;   null;255.042
2004-01-22 06:40:00;161.818; 52.330;204.800;124.657;1376.180;405.300;   null;204.836; 86.574;152.293;283.852; 95.947;157.800;187.568;172.178;189.138;186.946;109.816;   null;256.730
2004-01-22 06:45:00;160.846; 53.403;204.100;124.037;1379.020;405.707;101.804;204.070; 86.616;151.017;283.297; 95.027;158.780;188.180;173.806;186.286;188.030;109.464;   null;255.878
2004-01-22 06:50:00;160.260; 53.480;202.433;124.353;1379.080;405.970;   null;204.578; 87.664;151.927;283.227; 96.450;158.660;187.840;172.166;187.288;187.012;110.694;   null;257.012
2004-01-22 06:55:00;161.118; 53.360;201.433;123.867;1376.740;409.127;   null;206.168; 87.638;154.250;284.165; 97.736;156.160;186.378;173.658;186.836;188.122;108.994;   null;255.934
2004-01-22 07:00:00;160.058; 53.457;205.333;125.370;1377.700;406.513;102.547;206.458; 86.094;154.513;284.165; 97.233;159.320;189.488;174.022;187.506;187.514;110.018;   null;257.842
2004-01-22 07:05:00;160.918; 52.903;204.533;123.590;1379.620;407.010;   null;205.344; 85.834;153.350;283.817; 95.279;157.920;188.314;172.926;186.310;186.388;108.568;   null;254.962
2004-01-22 07:10:00;161.932; 53.967;205.767;123.953;1371.660;407.520;   null;206.928; 86.736;153.580;284.893; 96.249;156.860;186.458;171.700;186.716;186.218;109.002;   null;256.208
2004-01-22 07:15:00;160.482; 54.200;203.267;122.350;1376.520;409.473;101.962;204.370; 87.758;153.427;282.289; 95.759;159.140;187.706;171.904;188.616;187.550;108.634;   null;253.794
2004-01-22 07:20:00;162.916; 53.687;203.900;125.983;1386.040;408.060;   null;206.354; 85.270;152.313;281.941; 94.223;157.760;185.954;172.240;185.704;187.146;108.214;   null;255.566
2004-01-22 07:25:00;161.506; 54.090;202.767;124.943;1379.160;408.883;   null;206.568; 85.732;154.283;281.768; 96.498;160.160;187.102;170.972;186.402;185.074;108.922;   null;254.260
2004-01-22 07:30:00;161.168; 53.423;205.300;125.723;1379.020;408.067;102.788;204.898; 84.466;153.073;280.548; 95.847;158.320;185.858;171.372;186.922;183.912;108.474;   null;252.624
2004-01-22 07:35:00;161.098; 55.540;204.267;124.147;1371.240;408.153;   null;208.788; 86.668;154.783;279.748; 97.459;158.080;185.462;171.574;184.606;186.502;109.356;   null;253.166
2004-01-22 07:40:00;164.040; 54.493;205.167;125.047;1373.900;403.967;   null;205.190; 85.256;153.920;279.615; 97.219;158.020;186.418;171.150;185.662;184.300;108.058;   null;254.246
2004-01-22 07:45:00;161.578; 53.617;202.933;125.160;1370.360;406.550;101.368;205.404; 85.840;153.323;277.044; 97.325;157.920;184.750;168.742;185.978;185.334;108.284;   null;251.748
2004-01-22 07:50:00;162.200; 53.273;204.500;123.210;1363.620;401.310;   null;203.470; 85.502;153.760;280.721; 97.257;158.440;182.080;168.014;187.332;186.048;109.154;   null;253.130
2004-01-22 07:55:00;160.444; 52.937;202.867;124.217;1355.320;399.557;   null;203.134; 85.880;153.063;278.745; 95.969;155.220;185.192;169.864;186.666;184.766;109.608;   null;250.886
2004-01-22 08:00:00;161.272; 52.827;204.500;125.353;1347.420;400.743;100.758;205.214; 84.732;150.970;279.266; 95.287;159.420;183.240;166.194;188.360;183.252;108.494;   null;252.554
2004-01-22 08:05:00;158.922; 53.617;204.700;123.043;1339.840;402.530;   null;202.164; 86.034;152.920;278.815; 95.564;157.940;181.206;163.650;187.288;183.666;108.638;   null;253.246
2004-01-22 08:10:00;160.808; 53.890;204.867;122.917;1348.020;407.177;   null;203.896; 84.026;152.053;280.244; 94.734;156.800;183.008;166.278;184.266;185.546;107.946;   null;252.780
2004-01-22 08:15:00;161.470; 53.190;205.733;125.833;1354.740;405.450;100.664;206.226; 84.138;152.637;278.855; 95.452;158.080;183.586;165.438;182.798;184.016;107.150;   null;250.876
2004-01-22 08:20:00;161.588; 52.770;203.667;122.737;1345.240;405.080;   null;203.032; 84.360;151.173;276.564; 96.309;157.260;183.812;166.024;184.966;182.632;107.208;   null;249.326
2004-01-22 08:25:00;157.982; 53.647;203.667;126.180;1348.600;406.127;   null;202.618; 86.586;151.840;276.808; 94.501;156.000;181.838;167.812;183.628;182.754;105.872;   null;252.244
2004-01-22 08:30:00;158.142; 52.167;201.300;125.213;1344.280;402.850;101.290;204.504; 85.528;150.797;280.000; 95.790;156.260;183.198;168.708;183.094;184.230;107.094;   null;249.664
2004-01-22 08:35:00;159.930; 53.403;202.000;123.680;1342.120;398.353;   null;201.380; 84.776;153.713;278.086; 93.934;154.120;181.200;167.328;185.272;181.384;106.984;   null;247.642
2004-01-22 08:40:00;160.744; 52.337;203.400;125.647;1341.420;399.933;   null;199.752; 84.184;152.980;278.085; 92.532;152.820;182.364;166.816;182.998;180.858;105.796;   null;249.372
2004-01-22 08:45:00;160.840; 53.247;201.500;122.893;1327.760;399.747;100.197;202.428; 85.900;150.653;274.257; 94.574;154.440;182.140;166.520;185.104;185.690;106.062;   null;250.762
2004-01-22 08:50:00;158.572; 51.490;202.200;122.597;1329.980;401.447;   null;200.812; 85.268;148.327;277.739; 95.221;153.360;181.394;164.284;183.786;183.880;104.984;   null;251.452
2004-01-22 08:55:00;158.628; 53.030;202.033;122.220;1327.900;398.870;   null;201.162; 86.140;149.943;276.592; 94.792;152.540;181.884;164.148;183.950;184.018;105.790;   null;253.316
2004-01-22 09:00:00;156.926; 51.910;202.033;122.843;1323.840;395.430; 98.578;200.702; 83.854;149.473;277.043; 94.101;151.760;182.258;164.902;183.910;184.014;106.418;   null;251.076
2004-01-22 09:05:00;156.886; 53.250;201.767;121.403;1318.620;393.317;   null;198.892; 84.314;149.567;280.069; 96.202;154.880;183.520;165.068;183.826;181.540;106.756;   null;251.686
2004-01-22 09:10:00;158.382; 51.990;201.933;120.310;1317.100;396.283;   null;201.070; 85.230;151.314;278.611; 92.816;153.920;182.684;165.288;182.706;184.406;106.462;   null;250.970
2004-01-22 09:15:00;158.388; 51.343;201.067;122.180;1322.100;394.970; 99.776;198.974; 85.320;148.927;279.375; 93.817;153.560;182.862;164.670;184.456;182.274;105.376;   null;251.628
2004-01-22 09:20:00;158.802; 51.317;200.267;122.693;1316.820;396.427;   null;202.348; 84.828;150.630;277.293; 93.260;153.020;182.106;167.724;184.174;183.718;105.680;   null;250.226
2004-01-22 09:25:00;157.908; 53.440;202.000;121.967;1313.600;397.027;   null;198.600; 84.678;152.290;275.086; 94.994;154.200;181.162;165.600;184.004;182.756;106.768;   null;250.214
2004-01-22 09:30:00;158.436; 52.573;204.000;121.100;1320.440;392.283;100.112;198.320; 84.570;150.933;277.409; 92.498;151.020;180.022;165.660;183.352;182.234;106.808;   null;250.384
2004-01-22 09:35:00;158.482; 50.730;202.633;121.020;1318.220;396.520;   null;197.500; 85.218;150.677;277.165; 92.639;151.740;183.548;163.760;184.786;182.294;106.408;   null;249.822
2004-01-22 09:40:00;158.536; 52.030;204.467;122.033;1320.820;396.443;   null;199.274; 86.088;147.600;280.181; 92.893;150.980;182.528;164.032;182.886;182.944;106.244;   null;250.248
2004-01-22 09:45:00;157.584; 53.323;205.667;120.823;1318.680;395.040; 99.370;195.892; 83.994;148.253;276.859; 93.369;150.900;182.120;162.044;183.250;183.796;106.220;   null;249.818
2004-01-22 09:50:00;156.912; 51.740;203.467;119.670;1312.760;392.463;   null;199.256; 84.312;149.547;277.483; 93.543;153.420;183.416;164.884;182.262;182.396;105.574;   null;251.822
2004-01-22 09:55:00;157.810; 52.513;202.633;121.687;1307.980;391.813;   null;195.632; 84.242;149.150;276.098; 93.052;152.320;183.426;163.304;180.018;185.024;105.714;   null;250.578
2004-01-22 10:00:00;156.754; 51.527;199.967;120.003;1300.660;388.747; 99.856;196.702; 85.248;148.493;279.421; 92.486;151.920;184.024;162.300;182.148;184.990;106.584;   null;248.726
2004-01-22 10:05:00;156.530; 50.253;203.267;118.747;1300.820;387.343;   null;195.958; 85.736;149.267;277.448; 92.572;149.440;182.170;164.400;183.120;182.204;107.778;   null;252.146
2004-01-22 10:10:00;156.382; 51.407;202.767;119.147;1297.860;388.507;   null;197.324; 86.618;148.620;278.309; 92.254;153.480;181.230;165.268;183.584;184.606;105.772;   null;249.888
2004-01-22 10:15:00;156.472; 51.393;202.067;119.557;1300.180;387.303; 98.374;195.830; 86.026;151.067;279.976; 95.464;153.020;182.284;163.284;183.408;184.134;105.954;   null;249.504
2004-01-22 10:20:00;156.482; 51.370;203.400;118.223;1298.960;386.783;   null;195.026; 85.844;148.503;276.063; 92.137;154.380;183.296;165.568;186.422;182.200;105.836;   null;248.892
2004-01-22 10:25:00;154.892; 51.107;202.333;119.990;1300.180;387.270;   null;193.026; 84.476;149.936;277.009; 93.837;154.440;181.654;162.872;182.646;183.240;106.692;   null;249.438
2004-01-22 10:30:00;155.568; 51.053;203.767;120.360;1307.580;383.873; 98.018;194.544; 84.712;149.627;278.703; 94.221;154.020;183.176;164.932;184.282;185.310;106.392;   null;247.588
2004-01-22 10:35:00;156.492; 51.503;201.600;120.090;1300.440;383.730;   null;195.248; 85.990;148.827;277.977; 92.570;150.500;184.876;166.434;185.268;184.036;105.810;   null;247.668
2004-01-22 10:40:00;154.932; 51.190;203.733;119.243;1297.720;387.263;   null;194.800; 84.248;148.524;281.781; 92.865;151.200;182.352;162.786;185.832;183.110;107.380;   null;246.626
2004-01-22 10:45:00;154.528; 52.507;202.433;120.817;1294.480;385.573; 98.492;194.934; 84.804;149.597;278.258; 94.131;149.660;182.184;164.250;185.346;184.260;106.884;   null;247.416
2004-01-22 10:50:00;156.170; 52.133;203.967;120.767;1297.580;388.407;   null;195.536; 85.364;150.277;277.222; 91.139;150.660;181.732;163.646;184.992;185.866;106.870;   null;245.388
2004-01-22 10:55:00;154.458; 52.370;201.100;119.987;1289.840;386.603;   null;193.236; 84.184;148.593;280.020; 90.787;148.800;183.004;163.770;182.194;186.564;106.886;   null;244.562
2004-01-22 11:00:00;155.032; 52.023;202.367;119.003;1295.000;387.913; 99.344;196.138; 85.730;147.600;277.699; 93.211;150.760;182.342;164.732;185.376;184.436;105.616;   null;248.028
2004-01-22 11:05:00;155.098; 51.443;200.567;120.697;1302.340;389.197;   null;193.578; 84.998;151.340;279.639; 93.752;152.520;182.816;164.140;184.244;184.720;107.724;   null;248.948
2004-01-22 11:10:00;156.250; 51.593;202.100;121.407;1301.560;391.783;   null;192.262; 85.624;149.220;278.365; 92.106;151.180;180.816;163.696;180.668;184.528;106.334;   null;248.436
2004-01-22 11:15:00;155.314; 50.900;202.733;120.257;1304.880;389.980; 99.111;194.988; 86.356;148.750;275.056; 91.542;151.980;182.654;162.456;184.592;184.100;106.494;   null;249.628
2004-01-22 11:20:00;156.254; 51.253;203.433;119.617;1300.620;391.090;   null;196.220; 85.620;148.143;275.989; 92.466;150.700;180.402;162.002;183.498;184.136;106.768;   null;248.916
2004-01-22 11:25:00;155.278; 51.717;201.367;120.170;1300.600;391.680;   null;195.058; 85.456;148.970;273.718; 91.895;152.440;181.776;163.300;183.228;183.176;105.618;   null;246.854
2004-01-22 11:30:00;157.630; 52.427;201.767;120.860;1302.140;392.377; 99.123;191.448; 84.080;148.470;276.057; 93.178;150.560;181.144;164.990;182.586;183.588;107.038;   null;246.378
2004-01-22 11:35:00;156.828; 52.017;200.367;120.040;1309.940;392.050;   null;195.032; 85.434;146.983;275.160; 92.217;150.480;180.644;164.504;184.150;183.860;107.560;   null;251.510
2004-01-22 11:40:00;156.840; 52.683;202.833;121.023;1306.220;392.004;   null;197.466; 84.300;149.487;275.885; 92.153;150.580;181.522;165.206;183.326;181.360;107.010;   null;246.978
2004-01-22 11:45:00;158.688; 52.250;203.500;122.697;1312.680;390.547; 99.847;194.904; 85.636;150.050;275.546; 90.804;150.740;183.304;164.918;182.900;181.776;106.822;   null;248.294
2004-01-22 11:50:00;155.642; 51.437;203.433;122.193;1316.340;393.280;   null;195.362; 85.264;148.603;280.753; 93.039;152.020;180.252;164.024;181.798;182.472;106.586;   null;249.058
2004-01-22 11:55:00;158.370; 52.163;202.600;122.267;1313.600;391.680;   null;195.692; 85.964;150.317;274.105; 91.513;151.740;182.082;163.330;183.798;183.830;106.250;   null;247.174
2004-01-22 12:00:00;156.358; 52.237;202.400;120.977;1314.440;395.357;100.395;194.612; 85.316;150.930;273.629; 93.408;148.680;181.104;163.262;182.688;183.082;108.190;   null;245.472
2004-01-22 12:05:00;156.174; 53.030;203.500;122.790;1311.540;392.043;   null;193.864; 85.382;148.503;275.483; 93.009;150.380;180.664;163.892;181.982;181.524;106.316;   null;247.648
2004-01-22 12:10:00;157.060; 52.910;202.067;121.610;1310.300;395.153;   null;194.854; 85.452;148.863;273.733; 90.794;151.300;178.786;167.372;184.346;182.008;105.896;   null;246.200
2004-01-22 12:15:00;156.320; 50.910;203.833;119.840;1322.160;394.843;100.099;194.474; 84.780;148.623;276.143; 92.402;149.860;181.310;164.748;183.498;181.494;107.072;   null;249.008
2004-01-22 12:20:00;158.502; 51.903;201.400;120.173;1321.840;389.763;   null;195.354; 85.050;151.997;273.739; 91.343;151.160;182.344;162.344;181.780;180.342;107.306;   null;247.846
2004-01-22 12:25:00;158.032; 52.833;199.500;122.047;1325.940;393.640;   null;194.366; 84.512;150.243;275.563; 91.987;151.260;181.624;163.580;183.142;182.714;106.890;   null;245.660
2004-01-22 12:30:00;160.024; 52.823;202.133;122.103;1321.380;395.160; 99.477;193.172; 84.932;149.230;274.674; 91.863;149.900;182.092;165.266;183.298;180.996;107.082;   null;248.270
2004-01-22 12:35:00;159.116; 51.630;202.533;119.730;1322.600;393.950;   null;192.900; 85.388;148.307;273.168; 92.608;150.380;179.218;165.042;183.592;180.980;107.448;   null;249.954
2004-01-22 12:40:00;157.858; 53.747;202.000;123.387;1329.260;394.120;   null;195.382; 86.484;148.377;273.209; 91.414;149.160;180.544;163.776;185.050;181.674;105.918;   null;249.002
2004-01-22 12:45:00;157.704; 53.157;200.567;119.980;1327.440;397.253; 98.891;193.574; 84.082;147.553;273.970; 91.927;151.520;181.360;163.668;183.260;183.302;106.188;   null;252.358
2004-01-22 12:50:00;159.182; 52.327;205.667;120.583;1333.200;397.110;   null;195.142; 85.466;147.523;274.799; 91.688;147.180;179.200;165.024;182.412;180.730;106.924;   null;246.976
2004-01-22 12:55:00;159.690; 52.973;203.100;121.817;1327.740;393.887;   null;195.364; 87.246;148.037;274.386; 89.501;151.600;183.144;163.742;183.478;183.858;105.434;   null;247.370
2004-01-22 13:00:00;158.992; 52.837;201.033;122.093;1320.080;395.560; 99.133;195.392; 86.358;149.333;275.386; 93.128;148.680;180.884;164.816;181.236;183.246;106.720;   null;249.564
2004-01-22 13:05:00;158.560; 52.440;203.533;121.700;1332.960;394.990;   null;195.718; 84.126;147.200;273.103; 91.774;148.000;180.624;163.838;180.266;183.450;106.730;   null;248.630
2004-01-22 13:10:00;158.864; 52.333;202.367;122.287;1324.980;396.123;   null;193.144; 85.160;147.153;275.052; 90.103;150.920;180.054;164.852;184.398;182.260;105.444;   null;246.610
2004-01-22 13:15:00;158.426; 52.767;204.233;121.497;1326.100;398.540; 99.250;195.638; 83.694;150.263;276.011; 91.183;151.240;178.838;163.492;181.034;184.598;105.338;   null;249.278
2004-01-22 13:20:00;159.654; 53.567;206.033;122.170;1331.740;397.600;   null;194.192; 83.940;149.973;275.497; 93.721;151.600;179.636;164.758;181.196;183.394;105.368;   null;251.304
2004-01-22 13:25:00;159.466; 52.690;203.067;123.733;1334.560;393.314;   null;196.592; 85.582;151.870;276.185; 92.591;149.800;182.704;162.864;183.350;182.904;107.288;   null;249.792
2004-01-22 13:30:00;158.826; 52.643;203.967;122.140;1330.260;398.947; 98.839;191.968; 84.442;149.090;275.785; 92.577;150.400;179.146;163.206;184.982;183.960;105.856;   null;251.162
2004-01-22 13:35:00;158.008; 52.687;203.133;120.817;1328.600;396.730;   null;196.326; 85.386;146.453;277.456; 91.225;149.840;179.684;163.940;183.880;185.404;104.898;   null;249.022
2004-01-22 13:40:00;157.280; 52.037;203.767;120.413;1327.920;398.233;   null;195.720; 85.826;146.997;276.293; 92.652;151.920;180.062;163.926;182.556;183.178;105.932;   null;249.306
2004-01-22 13:45:00;158.986; 52.780;203.233;121.320;1322.580;396.153;100.190;195.624; 84.234;146.257;276.737; 91.262;152.360;181.446;163.428;183.818;182.896;104.992;   null;249.930
2004-01-22 13:50:00;157.812; 53.390;202.467;122.587;1327.820;392.683;   null;192.712; 84.954;151.813;277.663; 92.425;151.840;181.150;165.046;183.116;183.552;106.434;   null;249.000
2004-01-22 13:55:00;156.820; 52.247;202.933;120.930;1331.360;394.440;   null;195.756; 84.648;149.753;276.364; 92.538;150.460;180.382;163.820;181.910;181.262;105.502;   null;247.448
2004-01-22 14:00:00;156.528; 52.317;204.933;122.110;1316.240;395.510; 99.191;195.208; 84.724;149.263;276.061; 93.399;151.260;179.904;163.166;180.794;182.974;105.684;   null;250.952
2004-01-22 14:05:00;156.120; 52.227;203.267;120.617;1321.400;394.440;   null;194.904; 84.986;148.297;274.835; 92.246;150.440;182.208;164.080;182.978;184.470;104.614;   null;247.348
2004-01-22 14:10:00;157.540; 51.900;204.000;120.700;1310.320;398.317;   null;194.418; 83.146;150.657;277.494; 91.563;151.360;180.150;163.248;182.602;183.020;105.202;   null;249.802
2004-01-22 14:15:00;154.622; 51.943;204.200;122.857;1313.300;397.263;100.316;196.514; 85.286;147.307;276.747; 91.287;151.620;181.670;161.850;180.462;186.252;106.284;   null;248.360
2004-01-22 14:20:00;158.072; 52.817;202.533;118.657;1312.880;393.763;   null;196.086; 85.008;148.440;281.374; 92.113;151.280;180.978;162.278;181.598;184.126;105.422;   null;248.826
2004-01-22 14:25:00;155.932; 53.500;202.700;121.067;1310.540;390.353;   null;193.794; 84.668;149.357;279.095; 91.908;151.440;183.178;163.240;182.816;182.498;105.934;   null;249.454
2004-01-22 14:30:00;156.892; 53.067;203.767;120.557;1312.600;392.977; 99.355;195.730; 84.340;150.910;278.279; 93.576;150.620;182.838;163.146;182.414;182.640;105.622;   null;248.698
2004-01-22 14:35:00;157.196; 52.660;205.600;120.507;1317.020;396.087;   null;195.660; 85.072;149.547;276.006; 92.281;152.440;182.612;163.644;182.340;182.946;106.202;   null;249.394
2004-01-22 14:40:00;156.836; 52.543;205.067;120.420;1313.480;396.730;   null;196.098; 86.536;150.637;278.009; 92.796;151.740;181.616;163.120;181.518;185.726;106.650;   null;249.690
2004-01-22 14:45:00;156.788; 53.203;203.133;121.200;1308.760;395.930;100.439;198.896; 86.432;151.737;278.790; 92.715;151.220;183.418;163.392;180.986;183.306;104.950;   null;249.790
2004-01-22 14:50:00;156.560; 52.407;202.900;120.633;1309.860;392.650;   null;197.600; 84.740;149.434;278.180; 91.858;150.060;183.062;161.808;182.764;182.864;105.640;   null;246.798
2004-01-22 14:55:00;157.736; 51.873;203.267;120.510;1309.720;395.480;   null;194.272; 84.580;150.450;274.391; 91.317;150.720;184.060;162.548;183.044;185.326;107.178;   null;248.956
2004-01-22 15:00:00;156.650; 52.337;203.233;120.420;1316.100;393.407; 99.112;193.424; 84.422;147.170;280.210; 93.162;152.300;182.790;165.026;183.168;182.206;105.070;   null;249.478
2004-01-22 15:05:00;155.154; 52.650;203.567;122.240;1312.240;394.537;   null;196.198; 86.048;148.040;277.302; 92.500;151.700;181.388;162.918;183.016;183.598;105.940;   null;248.552
2004-01-22 15:10:00;156.418; 53.033;205.133;121.233;1314.940;394.680;   null;194.910; 85.444;149.190;278.145; 93.124;153.180;181.952;162.042;184.410;184.596;106.560;   null;248.164
2004-01-22 15:15:00;155.764; 51.267;203.600;120.830;1320.160;394.450;100.212;196.062; 86.414;151.103;275.144; 93.389;150.760;182.178;163.914;182.138;186.550;106.240;   null;250.204
2004-01-22 15:20:00;156.890; 52.513;204.967;122.473;1311.660;396.570;   null;194.186; 85.388;149.390;278.582; 93.639;152.080;182.186;161.512;183.980;184.216;105.228;   null;247.156
2004-01-22 15:25:00;156.300; 51.037;202.333;121.057;1308.980;394.153;   null;193.620; 85.842;148.697;280.301; 93.692;153.380;182.016;165.434;183.272;184.264;107.694;   null;248.652
2004-01-22 15:30:00;157.320; 51.747;202.600;123.357;1310.840;392.113;100.344;193.436; 84.832;148.740;277.605; 91.440;151.680;180.778;164.292;185.084;184.936;106.638;   null;248.934
2004-01-22 15:35:00;156.980; 52.760;202.467;121.533;1312.300;394.923;   null;194.206; 84.474;148.417;276.459; 92.295;151.820;181.322;160.814;181.734;183.520;105.548;   null;249.040
2004-01-22 15:40:00;156.314; 52.633;201.233;122.040;1307.960;392.480;   null;194.342; 86.366;148.410;276.762; 93.127;152.340;182.482;163.890;185.490;182.146;105.932;   null;247.018
2004-01-22 15:45:00;155.832; 51.777;204.600;121.760;1300.600;395.780; 99.189;196.264; 85.450;149.103;278.912; 93.344;152.100;181.966;164.226;183.060;185.358;106.238;   null;250.134
2004-01-22 15:50:00;158.078; 52.487;202.133;121.923;1305.640;395.390;   null;196.734; 86.242;151.547;278.205; 92.253;151.700;181.862;163.598;183.200;184.692;105.378;   null;248.552
2004-01-22 15:55:00;157.536; 52.507;203.133;123.983;1308.120;393.760;   null;194.966; 85.220;149.310;278.105; 92.073;153.200;182.044;161.710;182.428;185.450;106.486;   null;249.362
2004-01-22 16:00:00;156.158; 51.827;203.967;121.740;1306.700;393.823; 99.781;194.180; 86.226;150.723;278.167; 94.188;151.840;181.652;164.442;183.018;183.870;105.322;   null;250.846
2004-01-22 16:05:00;155.844; 52.607;202.667;121.150;1301.020;395.403;   null;191.528; 85.410;148.637;280.143; 92.833;151.640;183.694;162.472;183.046;183.572;105.358;   null;248.400
2004-01-22 16:10:00;157.816; 52.323;203.900;120.500;1300.500;398.703;   null;195.072; 85.884;152.067;277.864; 92.448;151.580;181.842;163.834;182.940;185.408;104.998;   null;251.072
2004-01-22 16:15:00;158.940; 53.387;204.533;120.100;1303.960;392.417;100.053;195.592; 86.978;148.703;279.333; 91.401;151.460;183.144;162.688;182.826;184.696;106.088;   null;250.084
2004-01-22 16:20:00;158.092; 52.320;204.367;121.990;1306.500;392.093;   null;196.132; 85.792;149.186;276.289; 93.035;151.500;181.826;161.874;185.544;186.454;105.484;   null;248.786
2004-01-22 16:25:00;158.596; 52.880;202.567;120.610;1305.000;392.927;   null;195.668; 85.572;150.157;278.561; 92.385;151.620;184.316;165.042;184.390;184.300;106.436;   null;249.112
2004-01-22 16:30:00;155.910; 52.347;203.200;120.483;1307.740;394.967;100.008;196.642; 87.164;149.940;279.256; 93.360;151.840;183.532;165.302;182.074;184.604;105.316;   null;250.628
2004-01-22 16:35:00;157.400; 52.577;205.133;120.227;1304.260;394.990;   null;195.292; 85.642;149.283;278.485; 91.723;151.180;182.326;163.274;183.716;185.242;106.626;   null;249.992
2004-01-22 16:40:00;157.146; 52.943;205.033;122.030;1305.420;394.673;   null;193.996; 86.710;152.000;279.253; 92.162;152.640;183.116;162.502;185.586;184.294;106.054;   null;246.846
2004-01-22 16:45:00;158.662; 51.570;204.000;121.533;1306.360;392.940;100.584;195.648; 85.770;148.513;280.888; 91.691;152.680;183.990;163.524;183.526;185.692;106.202;   null;250.294
2004-01-22 16:50:00;156.478; 51.747;202.167;121.287;1309.340;393.950;   null;195.712; 84.932;149.547;280.178; 93.013;152.240;183.946;165.996;184.582;184.202;105.282;   null;250.676
2004-01-22 16:55:00;157.842; 52.623;203.767;119.990;1307.900;389.897;   null;196.768; 85.678;149.960;276.979; 91.585;150.840;181.874;163.752;183.858;182.988;104.132;   null;249.238
2004-01-22 17:00:00;156.510; 52.753;203.467;121.240;1299.440;396.610;100.687;194.126; 87.110;151.480;280.168; 92.271;151.480;182.548;165.650;183.428;184.220;106.008;   null;250.170
2004-01-22 17:05:00;156.778; 52.180;203.900;121.907;1302.880;391.916;   null;195.212; 84.930;149.796;279.170; 93.669;151.260;181.318;164.384;184.552;186.166;106.244;   null;250.870
2004-01-22 17:10:00;156.564; 51.360;202.267;122.760;1308.380;395.287;   null;195.820; 84.950;148.386;279.237; 92.959;152.220;182.796;164.682;184.408;185.622;106.314;   null;249.918
2004-01-22 17:15:00;157.912; 52.460;203.533;121.430;1303.460;392.670; 99.755;197.212; 86.074;149.750;277.634; 90.554;151.380;182.046;166.184;183.248;184.228;105.946;   null;247.310
2004-01-22 17:20:00;155.738; 52.877;203.633;123.663;1299.080;393.780;   null;194.934; 85.228;150.830;279.594; 92.929;149.840;180.658;163.602;181.968;185.038;106.800;   null;250.234
2004-01-22 17:25:00;156.498; 52.870;202.300;120.893;1298.680;394.540;   null;194.942; 84.384;150.043;280.956; 93.130;150.580;184.724;161.384;182.902;186.012;105.860;   null;247.836
2004-01-22 17:30:00;156.744; 52.640;203.367;121.307;1302.700;394.950;100.109;196.376; 85.152;150.240;280.357; 93.644;149.840;185.132;164.366;182.460;188.200;107.108;   null;246.366
2004-01-22 17:35:00;157.360; 52.250;203.067;122.417;1304.460;395.820;   null;195.176; 85.814;151.713;278.522; 91.781;150.640;181.912;163.488;183.026;185.738;105.160;   null;248.546
2004-01-22 17:40:00;157.824; 52.317;202.433;122.447;1303.220;395.587;   null;195.392; 84.012;149.820;280.093; 91.642;150.720;182.940;166.110;180.746;184.546;105.478;   null;248.818
2004-01-22 17:45:00;158.422; 53.053;202.467;121.977;1306.740;395.657;100.238;194.810; 86.492;148.927;280.656; 90.241;152.660;184.190;163.440;184.582;186.186;106.930;   null;250.460
2004-01-22 17:50:00;156.836; 52.067;202.300;121.540;1305.840;398.490;   null;195.720; 84.676;150.380;278.991; 93.987;150.880;182.216;163.800;182.100;184.770;107.868;   null;249.052
2004-01-22 17:55:00;155.438; 53.602;204.333;121.033;1302.440;394.740;   null;196.142; 84.632;148.540;278.693; 93.154;152.680;184.398;164.404;184.280;182.636;106.620;   null;248.836
2004-01-22 18:00:00;157.072; 53.600;205.567;121.387;1304.480;394.580; 99.167;196.238; 85.360;151.263;279.451; 92.538;150.100;184.948;166.008;182.360;184.030;105.880;   null;248.458
2004-01-22 18:05:00;156.286; 53.090;203.900;121.853;1306.400;394.607;   null;195.802; 85.382;152.730;278.943; 92.628;150.520;183.372;163.948;183.228;183.794;105.610;   null;250.392
2004-01-22 18:10:00;157.706; 51.177;204.000;122.630;1307.880;394.483;   null;197.620; 85.514;150.600;280.468; 91.504;148.900;183.382;164.664;181.716;184.898;105.800;   null;249.686
2004-01-22 18:15:00;155.144; 51.147;203.267;121.400;1305.380;396.930; 99.700;196.566; 86.268;150.404;279.925; 93.352;149.000;181.312;165.322;183.276;185.150;106.758;   null;249.048
2004-01-22 18:20:00;156.244; 52.377;204.400;120.063;1304.740;393.640;   null;194.214; 84.766;149.633;280.118; 93.349;150.060;182.184;164.332;183.006;183.960;106.892;   null;249.350
2004-01-22 18:25:00;158.224; 52.390;201.200;122.100;1305.320;396.860;   null;194.230; 86.298;151.710;278.660; 93.804;150.200;184.528;165.716;184.174;184.726;106.550;   null;248.322
2004-01-22 18:30:00;158.552; 53.413;203.267;122.810;1309.620;393.357; 99.681;197.842; 84.866;149.300;279.775; 92.785;150.860;185.814;164.732;181.492;185.370;106.640;   null;249.988
2004-01-22 18:35:00;157.104; 51.837;204.667;121.617;1302.640;396.387;   null;193.710; 83.474;148.223;280.502; 93.057;150.100;184.554;166.080;184.128;184.576;107.684;   null;246.898
2004-01-22 18:40:00;157.130; 51.950;203.433;121.353;1310.580;394.683;   null;197.454; 85.040;149.817;281.723; 92.079;152.300;182.374;165.760;183.466;184.524;108.368;   null;252.720
2004-01-22 18:45:00;157.766; 51.630;203.300;120.613;1315.380;395.266;100.443;195.308; 86.868;149.920;278.022; 91.134;151.200;182.886;166.756;182.150;185.110;108.016;   null;250.462
2004-01-22 18:50:00;157.442; 52.440;203.500;121.993;1312.320;391.750;   null;195.632; 85.486;148.123;280.561; 92.729;152.540;185.624;163.878;180.276;185.206;106.698;   null;250.448
2004-01-22 18:55:00;156.752; 52.317;201.400;121.113;1305.980;391.567;   null;194.658; 85.948;150.163;279.737; 92.261;151.880;184.380;165.206;183.728;184.564;106.020;   null;248.548
2004-01-22 19:00:00;156.150; 52.230;202.667;121.677;   null;394.640;100.179;194.422; 85.978;152.563;278.544; 92.628;149.960;183.720;165.294;183.920;184.390;107.422;   null;248.394
2004-01-22 19:05:00;158.392; 52.030;202.533;123.077;   null;393.667;   null;197.730; 86.890;149.797;279.816; 93.340;151.700;184.970;164.904;182.898;184.788;106.694;   null;251.498
2004-01-22 19:10:00;155.892; 51.787;204.600;121.763;   null;393.390;   null;195.332; 86.032;152.703;281.839; 93.699;151.120;182.884;165.794;180.768;185.428;107.112;   null;251.696
2004-01-22 19:15:00;157.126; 52.350;202.767;121.393;   null;394.890;100.529;195.716; 84.800;149.197;281.665; 93.179;151.900;182.828;165.256;185.400;185.346;107.132;   null;250.130
2004-01-22 19:20:00;158.034; 51.847;205.533;121.497;   null;393.430;   null;195.678; 85.350;149.123;283.087; 93.007;151.880;182.060;165.182;183.210;185.500;107.640;   null;252.394
2004-01-22 19:25:00;157.034; 51.490;201.400;121.910;   null;392.663;   null;196.908; 85.374;150.000;281.666; 93.485;151.100;183.494;163.616;183.378;184.980;107.490;   null;248.808
2004-01-22 19:30:00;156.542; 53.393;203.467;122.463;   null;393.250;100.166;195.556; 85.560;150.223;279.852; 91.956;154.300;186.050;164.972;185.282;185.814;107.456;   null;248.382
2004-01-22 19:35:00;154.680; 52.513;203.400;121.500;   null;394.087;   null;197.626; 84.940;150.417;279.263; 93.571;148.980;185.314;165.626;182.622;185.502;106.852;   null;250.242
2004-01-22 19:40:00;157.298; 52.623;202.800;122.420;   null;394.450;   null;197.220; 85.234;149.143;281.788; 93.037;152.300;183.414;166.228;183.048;184.284;107.872;   null;249.434
2004-01-22 19:45:00;156.380; 52.460;204.500;120.513;   null;394.297; 99.686;195.784; 85.018;149.193;277.872; 91.776;148.880;183.928;165.228;183.994;183.842;107.770;   null;250.610
2004-01-22 19:50:00;157.102; 52.770;204.367;120.700;   null;393.297;   null;194.692; 85.442;150.880;280.427; 91.857;150.160;182.296;166.288;184.194;182.312;108.440;   null;249.864
2004-01-22 19:55:00;157.080; 51.713;204.067;121.373;   null;394.363;   null;198.164; 86.110;150.910;281.630; 92.981;151.600;183.604;165.866;183.146;185.400;106.608;   null;249.898
2004-01-22 20:00:00;155.624; 52.533;203.333;120.590;   null;396.737; 99.299;194.644; 85.934;148.840;282.841; 93.560;150.800;182.568;165.534;182.914;183.692;107.930;   null;250.814
2004-01-22 20:05:00;156.638; 50.983;203.400;122.957;   null;394.107;   null;196.594; 84.828;149.730;281.925; 91.339;150.760;183.776;164.638;183.982;183.834;107.792;   null;252.048
2004-01-22 20:10:00;158.742; 52.070;202.267;121.930;   null;391.913;   null;196.548; 85.704;150.313;282.603; 92.115;152.660;183.104;165.120;184.448;184.234;107.396;   null;251.574
2004-01-22 20:15:00;157.344; 52.063;203.800;122.293;   null;394.350; 99.451;195.654; 86.856;150.873;279.937; 91.707;151.040;184.928;164.872;185.846;185.705;106.998;   null;252.704
2004-01-22 20:20:00;156.890; 51.097;203.367;120.430;   null;392.707;   null;195.414; 85.922;149.803;281.886; 94.046;150.920;182.910;164.618;185.294;187.298;108.268;   null;250.154
2004-01-22 20:25:00;157.518; 51.593;201.267;119.910;   null;393.543;   null;194.656; 87.178;149.280;282.767; 92.316;151.940;185.076;165.268;183.502;186.414;108.528;   null;248.770
2004-01-22 20:30:00;155.908; 52.313;204.067;122.903;   null;394.607;100.647;196.918; 86.524;151.770;283.572; 92.423;150.760;183.530;165.194;182.692;184.490;107.576;   null;250.370
2004-01-22 20:35:00;155.742; 52.987;204.367;119.750;   null;391.907;   null;194.272; 85.676;150.127;281.405; 94.066;150.880;182.940;164.226;184.672;184.555;106.774;   null;250.026
2004-01-22 20:40:00;157.022; 52.667;205.433;119.760;   null;395.873;   null;194.688; 86.172;149.700;280.917; 91.586;152.860;184.360;166.554;183.418;183.740;107.710;   null;252.092
2004-01-22 20:45:00;157.560; 53.347;203.767;120.503;   null;391.057; 99.814;193.900; 86.266;152.390;281.732; 92.143;152.640;184.216;165.076;185.344;184.902;107.732;   null;254.022
2004-01-22 20:50:00;157.430; 52.773;203.100;121.323;   null;394.477;   null;194.734; 86.010;149.507;281.798; 92.625;153.840;184.026;164.686;183.002;184.414;106.346;   null;251.740
2004-01-22 20:55:00;155.718; 52.147;203.467;122.490;   null;392.890;   null;193.880; 87.806;149.533;279.927; 92.030;152.300;184.292;166.110;184.066;184.790;107.636;   null;250.192
2004-01-22 21:00:00;156.044; 52.080;201.300;122.420;   null;394.470; 98.379;194.412; 85.608;151.180;279.234; 93.722;151.380;184.434;164.634;182.978;186.084;107.210;   null;252.426
2004-01-22 21:05:00;157.510; 50.697;203.867;121.053;   null;393.070;   null;193.330; 85.914;149.720;280.239; 91.284;152.440;184.248;166.744;183.812;185.998;106.638;   null;250.196
2004-01-22 21:10:00;155.162; 52.017;204.200;119.833;   null;393.980;   null;196.966; 85.542;149.720;281.407; 93.244;152.900;184.886;166.774;185.052;183.774;107.186;   null;248.260
2004-01-22 21:15:00;155.468; 52.013;204.233;123.970;   null;393.517; 99.255;197.400; 85.866;150.297;284.521; 93.078;151.880;184.836;165.958;184.068;185.686;108.480;   null;251.488
2004-01-22 21:20:00;157.334; 51.653;204.767;120.510;   null;394.727;   null;196.516; 86.612;151.554;279.340; 91.513;150.500;184.916;164.606;185.548;186.390;107.114;   null;250.098
2004-01-22 21:25:00;156.218; 51.423;205.167;120.670;   null;396.180;   null;196.820; 86.326;150.400;279.708; 92.754;152.560;184.890;166.874;184.104;186.928;107.210;   null;252.024
2004-01-22 21:30:00;157.740; 51.367;203.033;122.353;   null;389.017;100.816;196.004; 85.174;152.463;279.871; 93.355;151.680;184.682;165.410;184.858;185.968;108.558;   null;250.514
2004-01-22 21:35:00;157.744; 52.580;204.833;121.377;   null;395.577;   null;194.900; 85.040;149.997;279.847; 93.041;150.960;183.164;166.508;182.320;185.246;106.494;   null;251.010
2004-01-22 21:40:00;153.542; 52.353;207.333;120.340;   null;394.876;   null;193.636; 85.378;147.830;278.198; 92.608;151.760;184.088;165.338;184.428;187.500;106.128;   null;251.876
2004-01-22 21:45:00;156.248; 52.683;204.833;119.973;   null;392.767; 99.459;196.904; 86.084;152.210;282.735; 92.150;152.120;185.290;164.884;183.428;186.072;107.222;   null;250.234
2004-01-22 21:50:00;154.376; 53.213;203.133;119.290;   null;391.657;   null;194.662; 88.098;149.630;281.908; 92.767;151.020;183.990;164.570;183.584;185.280;108.848;   null;251.170
2004-01-22 21:55:00;156.888; 52.003;202.800;123.513;   null;389.967;   null;194.644; 85.716;152.037;280.735; 94.182;149.740;184.542;165.954;183.778;183.730;107.606;   null;250.914
2004-01-22 22:00:00;154.624; 52.180;204.067;120.947;   null;393.017; 99.338;195.828; 84.966;153.033;282.463; 93.006;151.460;184.944;166.088;183.362;185.004;106.704;   null;248.196
2004-01-22 22:05:00;155.020; 52.113;204.633;120.720;   null;391.970;   null;196.946; 84.862;148.047;279.896; 93.150;152.320;182.328;166.670;184.848;184.168;107.422;   null;250.674
2004-01-22 22:10:00;155.702; 52.967;201.700;121.353;   null;392.567;   null;195.460; 85.568;149.990;281.788; 92.492;150.640;184.556;167.008;183.654;185.886;107.884;   null;250.134
2004-01-22 22:15:00;155.336; 52.247;204.033;120.947;   null;392.547; 98.947;197.620; 85.998;150.153;277.969; 92.876;150.540;184.792;165.796;183.580;184.264;106.964;   null;250.900
2004-01-22 22:20:00;155.682; 52.093;201.733;122.070;   null;392.647;   null;195.790; 86.450;150.220;279.805; 91.897;152.260;183.512;165.088;183.264;186.888;105.284;   null;251.162
2004-01-22 22:25:00;155.016; 52.603;203.267;121.143;   null;394.100;   null;196.998; 85.438;151.847;278.401; 93.666;152.220;185.616;166.658;181.186;182.900;106.756;   null;248.254
2004-01-22 22:30:00;156.258; 52.723;202.900;121.637;   null;396.413;100.133;196.270; 85.746;148.633;278.981; 93.323;152.240;181.956;168.256;182.798;184.888;107.662;   null;250.176
2004-01-22 22:35:00;155.120; 51.743;202.100;122.270;   null;393.157;   null;193.748; 85.698;147.230;277.617; 92.318;152.400;184.910;164.276;181.280;185.956;107.472;   null;249.514
2004-01-22 22:40:00;155.984; 51.727;201.800;121.527;   null;397.493;   null;193.794; 86.784;150.293;281.154; 92.889;150.920;182.514;166.026;182.772;182.814;107.764;   null;249.722
2004-01-22 22:45:00;157.354; 51.753;202.833;120.130;   null;394.060; 99.534;197.956; 84.804;150.554;280.459; 93.119;150.560;187.556;165.834;182.674;181.502;107.206;   null;252.172
2004-01-22 22:50:00;157.274; 52.433;203.400;122.343;   null;390.973;   null;196.778; 86.400;149.503;279.054; 92.722;151.100;184.736;165.794;185.932;186.252;107.992;   null;250.578
2004-01-22 22:55:00;156.630; 51.880;205.067;121.373;   null;395.347;   null;194.566; 85.798;149.330;277.218; 95.865;150.020;184.148;165.274;185.302;184.060;108.072;   null;250.904
2004-01-22 23:00:00;158.844; 52.203;205.533;120.200;   null;393.850; 99.422;195.602; 85.894;151.774;277.485; 92.260;150.780;185.544;166.196;184.688;185.066;106.892;   null;251.290
2004-01-22 23:05:00;156.316; 50.470;204.333;122.000;   null;394.123;   null;196.858; 86.464;148.967;279.809; 92.487;152.200;183.490;166.252;184.762;184.812;107.494;   null;250.056
2004-01-22 23:10:00;156.102; 52.223;203.833;121.507;   null;392.367;   null;194.716; 85.994;148.673;279.822; 93.700;152.460;183.690;162.572;183.552;184.834;108.540;   null;251.770
2004-01-22 23:15:00;156.170; 52.713;203.867;120.843;   null;388.703; 99.062;193.106; 86.896;151.140;278.372; 92.951;152.500;182.756;167.084;184.044;186.294;106.430;   null;249.190
2004-01-22 23:20:00;155.432; 53.567;204.467;121.713;   null;395.020;   null;197.598; 84.544;147.943;282.527; 92.879;150.720;184.156;167.282;183.340;184.278;107.884;   null;248.572
2004-01-22 23:25:00;158.592; 52.277;204.567;122.430;   null;396.990;   null;194.916; 86.710;150.493;279.006; 93.051;152.080;184.278;164.738;184.192;185.340;107.292;   null;253.018
2004-01-22 23:30:00;156.056; 52.927;204.467;121.223;   null;393.963; 99.079;192.390; 85.796;149.760;278.680; 92.991;152.160;182.800;168.558;182.412;186.286;108.400;   null;252.050
2004-01-22 23:35:00;156.928; 53.070;206.300;123.017;   null;388.933;   null;195.296; 86.608;148.513;280.781; 93.124;151.780;183.904;166.614;184.706;184.202;107.486;   null;250.348
2004-01-22 23:40:00;156.698; 53.323;203.533;119.707;   null;393.780;   null;192.714; 86.086;151.707;279.600; 92.551;150.540;183.602;166.034;183.706;184.456;107.208;   null;249.366
2004-01-22 23:45:00;157.798; 52.617;203.567;119.987;   null;392.713; 99.475;194.464; 85.558;147.227;281.432; 93.231;151.100;183.654;165.382;184.586;185.538;106.936;   null;249.542
2004-01-22 23:50:00;156.182; 53.113;207.267;120.173;   null;393.747;   null;193.560; 86.420;149.120;280.650; 93.097;151.440;185.942;166.086;184.458;185.348;107.544;   null;252.374
2004-01-22 23:55:00;155.272; 52.437;204.700;122.627;   null;392.023;   null;196.834; 87.264;148.820;278.542; 91.537;151.760;182.258;166.102;181.920;183.978;106.996;   null;251.642
2004-01-23 00:00:00;155.866; 52.610;204.533;122.080;   null;391.133; 99.727;194.384; 85.710;150.167;278.712; 92.201;150.440;183.088;168.030;183.462;186.516;108.896;   null;248.510
2004-01-23 00:05:00;158.298; 52.137;202.633;122.673;   null;394.507;   null;194.424; 86.694;151.237;279.389; 92.279;151.180;185.004;167.462;184.726;185.468;107.234;   null;248.376
2004-01-23 00:10:00;155.316; 51.870;205.600;121.043;   null;392.390;   null;195.176; 86.086;150.480;279.340; 93.777;151.000;185.852;168.410;182.534;186.752;107.258;   null;250.560
2004-01-23 00:15:00;154.794; 53.803;207.833;120.847;   null;391.710; 99.374;194.010; 85.920;150.807;278.630; 93.278;151.260;184.018;165.666;184.308;186.110;106.970;   null;251.654
2004-01-23 00:20:00;156.882; 52.000;204.100;119.877;   null;392.420;   null;194.492; 85.904;150.127;278.941; 92.448;150.840;184.016;164.434;182.616;187.354;107.628;   null;250.348
2004-01-23 00:25:00;154.792; 52.850;206.000;122.347;   null;394.940;   null;194.422; 85.416;150.567;280.711; 94.720;151.900;185.584;167.460;187.002;184.402;107.410;   null;252.924
2004-01-23 00:30:00;155.850; 53.253;205.633;122.447;   null;394.050; 99.119;193.932; 86.184;150.333;279.994; 93.547;152.100;184.750;166.372;185.366;184.182;107.776;   null;250.508
2004-01-23 00:35:00;155.938; 52.473;204.867;123.060;   null;392.877;   null;194.820; 85.822;150.303;278.133; 91.764;152.340;184.168;167.126;182.192;185.940;106.804;   null;250.396
2004-01-23 00:40:00;155.466; 52.563;203.433;123.383;   null;391.540;   null;196.104; 85.360;151.633;281.406; 92.710;150.900;184.900;167.610;183.626;187.460;107.106;   null;249.660
2004-01-23 00:45:00;155.416; 51.940;203.567;121.497;   null;394.960;100.264;196.516; 86.640;147.800;278.296; 91.931;151.860;184.948;165.450;186.358;186.442;107.308;   null;253.520
2004-01-23 00:50:00;155.034; 53.467;205.733;123.417;   null;391.347;   null;195.388; 86.010;148.647;280.785; 90.978;151.020;182.686;164.126;182.714;184.358;107.386;   null;251.418
2004-01-23 00:55:00;155.792; 52.973;201.300;119.793;   null;396.810;   null;196.852; 85.902;147.737;278.165; 91.763;149.600;184.276;167.220;182.738;186.126;106.728;   null;250.966
2004-01-23 01:00:00;155.902; 52.373;202.933;123.113;   null;392.007; 99.801;197.088; 85.634;149.000;278.882; 93.273;151.980;184.096;164.950;182.402;184.836;107.598;   null;251.490
2004-01-23 01:05:00;155.208; 51.787;203.233;122.050;   null;394.343;   null;196.206; 85.936;149.883;281.788; 92.999;152.300;185.024;166.892;184.626;187.480;107.612;   null;250.830
2004-01-23 01:10:00;155.850; 52.637;203.733;121.243;   null;393.797;   null;196.010; 86.088;147.527;278.458; 93.786;152.360;184.558;165.122;185.478;185.462;106.988;   null;250.904
2004-01-23 01:15:00;155.776; 52.000;203.000;123.743;   null;396.597; 99.331;195.682; 86.804;151.283;278.637; 90.381;152.200;184.210;164.878;185.348;185.294;107.446;   null;250.788
2004-01-23 01:20:00;155.702; 52.963;203.900;122.230;   null;390.440;   null;196.794; 85.006;151.933;281.896; 93.977;150.340;183.914;166.960;184.960;184.258;107.516;   null;249.946
2004-01-23 01:25:00;156.368; 53.417;202.933;121.097;   null;391.307;   null;194.932; 86.080;152.963;277.525; 92.265;152.980;183.874;167.516;184.856;185.306;108.082;   null;250.336
2004-01-23 01:30:00;158.604; 52.733;204.967;120.500;   null;393.986; 99.311;196.862; 84.432;152.003;277.787; 90.747;149.580;181.876;167.038;183.016;183.676;106.800;129.370;249.018
2004-01-23 01:35:00;156.388; 51.693;201.633;121.207;   null;392.920;   null;195.648; 85.074;149.774;279.780; 92.628;150.180;185.348;166.232;184.360;184.130;107.578;128.672;251.330
2004-01-23 01:40:00;155.394; 51.597;201.267;121.917;   null;395.350;   null;195.564; 85.840;149.463;278.212; 91.947;152.500;185.890;165.586;184.138;183.172;108.822;126.976;252.748
2004-01-23 01:45:00;157.082; 52.480;205.267;121.947;   null;393.650; 99.854;197.700; 85.742;150.457;281.668; 92.802;149.780;183.844;167.562;184.772;184.392;107.294;128.466;250.782
2004-01-23 01:50:00;156.994; 52.853;205.000;124.160;   null;395.697;   null;196.692; 86.786;147.577;279.838; 93.432;150.920;185.180;167.622;185.208;187.210;107.730;128.564;253.738
2004-01-23 01:55:00;154.606; 52.760;202.133;121.510;   null;392.273;   null;195.828; 86.388;150.420;280.361; 92.156;151.340;184.652;164.718;185.338;185.498;107.596;129.288;249.996
2004-01-23 02:00:00;155.864; 52.167;203.233;121.533;   null;394.450;100.176;196.028; 84.930;149.813;279.054; 94.126;150.880;182.620;165.002;185.904;185.438;108.166;128.244;252.540
2004-01-23 02:05:00;156.174; 52.627;205.700;123.257;   null;391.390;   null;196.868; 85.790;151.780;279.381; 93.039;151.540;183.876;165.322;183.294;185.830;107.504;127.608;251.346
2004-01-23 02:10:00;155.990; 52.543;204.433;122.267;   null;398.923;   null;197.722; 84.880;150.207;280.270; 94.359;150.800;184.704;166.488;184.098;184.514;107.512;128.708;249.832
2004-01-23 02:15:00;155.604; 51.780;202.933;120.877;   null;395.583;101.286;197.120; 85.290;151.873;280.737; 90.912;150.580;183.246;164.730;184.474;185.414;107.376;129.136;252.558
2004-01-23 02:20:00;154.844; 52.533;203.567;120.733;   null;392.373;   null;194.844; 86.262;150.363;282.449; 92.339;151.840;183.914;164.172;184.806;185.884;107.916;126.530;251.158
2004-01-23 02:25:00;157.598; 52.343;203.100;122.177;   null;392.880;   null;193.852; 85.106;150.377;280.214; 92.594;150.880;183.894;166.036;184.492;185.196;107.472;127.867;253.070
2004-01-23 02:30:00;156.212; 53.547;204.700;122.500;   null;396.280; 99.712;198.364; 85.660;149.490;281.663; 92.213;151.180;186.912;164.452;183.406;184.170;107.028;   null;   null
2004-01-23 02:35:00;156.576; 52.720;201.633;121.283;   null;396.857;   null;196.286; 85.908;149.403;281.859; 93.098;150.800;182.536;166.536;185.156;184.884;107.272;   null;   null
2004-01-23 02:40:00;154.912; 51.403;202.467;121.593;   null;394.367;   null;196.820; 86.598;150.480;279.927; 93.844;151.660;183.706;165.760;185.486;185.170;107.622;128.406;251.682
2004-01-23 02:45:00;154.690; 52.600;204.067;121.717;   null;395.846;100.280;196.612; 86.542;148.350;279.248; 93.058;151.340;182.220;163.616;184.562;184.532;107.020;128.948;251.478
2004-01-23 02:50:00;152.182; 52.280;204.267;125.020;   null;397.890;   null;197.510; 85.002;150.030;278.781; 92.405;152.260;183.072;166.122;182.848;185.732;108.178;128.276;253.778
2004-01-23 02:55:00;   null; 53.347;204.533;123.937;   null;396.843;   null;197.578; 86.092;148.740;279.691; 93.993;152.100;183.982;167.996;185.386;185.844;106.918;129.294;251.720
2004-01-23 03:00:00;1385.630; 52.943;206.133;123.003;   null;399.467; 99.710;198.154; 86.748;150.687;279.331; 93.338;152.640;185.982;166.542;183.628;187.740;107.780;128.400;251.914
2004-01-23 03:05:00;156.670; 53.210;201.000;122.560;   null;396.077;   null;198.556; 85.626;151.483;278.734; 92.520;151.120;183.692;167.220;184.708;184.296;107.904;127.032;254.722
2004-01-23 03:10:00;154.182; 52.293;203.333;122.233;   null;397.887;   null;196.060; 85.868;149.813;279.331; 93.565;152.740;183.428;165.120;184.818;184.594;107.068;128.938;252.682
2004-01-23 03:15:00;154.502; 52.767;205.233;123.433;   null;397.967;101.216;197.910; 85.690;149.637;280.738; 93.116;154.160;183.948;164.600;185.238;185.500;107.746;127.774;251.720
2004-01-23 03:20:00;154.314; 52.260;205.433;123.210;   null;399.013;   null;196.368; 85.714;148.823;281.957; 93.029;151.860;184.074;167.018;186.410;185.490;106.518;128.382;251.240
2004-01-23 03:25:00;157.412; 53.267;205.467;122.797;   null;397.740;   null;196.066; 84.216;151.077;279.790; 91.831;151.800;184.978;167.154;183.830;185.200;108.506;128.416;250.310
2004-01-23 03:30:00;156.230; 52.073;203.067;122.353;   null;396.963;100.903;196.040; 86.684;149.340;279.201; 94.217;152.740;183.128;165.906;183.054;184.868;107.178;128.208;251.854
2004-01-23 03:35:00;154.450; 51.587;202.733;121.520;   null;398.277;   null;197.884; 86.658;150.800;281.121; 92.643;152.420;183.948;167.230;185.900;185.902;107.714;130.420;252.898
2004-01-23 03:40:00;154.676; 53.063;203.733;122.550;   null;397.143;   null;196.546; 86.944;147.883;280.999; 91.190;151.200;181.812;165.042;183.994;185.482;108.848;127.634;250.318
2004-01-23 03:45:00;156.396; 53.757;204.767;122.897;   null;396.123;100.249;197.788; 85.332;151.730;283.649; 94.548;152.100;181.864;167.108;183.478;183.938;109.824;129.068;253.308
2004-01-23 03:50:00;156.114; 52.927;203.700;122.603;   null;397.040;   null;198.402; 86.430;148.440;282.364; 94.039;152.640;182.168;164.508;184.556;186.422;107.338;130.226;251.812
2004-01-23 03:55:00;154.936; 52.167;201.300;121.777;   null;399.067;   null;197.534; 85.014;150.240;280.589; 92.319;152.540;183.324;167.492;185.024;185.908;107.626;129.760;253.328
2004-01-23 04:00:00;155.570; 53.063;201.833;123.097;   null;398.597;100.544;197.044; 86.442;150.187;279.936; 94.501;151.940;183.564;165.226;183.900;185.544;107.456;129.658;255.178
2004-01-23 04:05:00;154.880; 52.313;202.433;122.863;   null;397.687;   null;196.966; 84.646;147.247;280.613; 92.922;153.040;185.308;166.872;184.748;184.406;106.960;129.042;252.024
2004-01-23 04:10:00;155.270; 52.290;202.467;123.697;   null;400.097;   null;195.966; 84.626;151.363;280.164; 92.150;151.240;186.348;170.002;185.526;187.538;108.034;129.140;254.050
2004-01-23 04:15:00;153.832; 52.193;202.633;122.573;   null;396.393;100.888;198.150; 86.696;149.850;278.793; 92.854;150.180;184.176;167.848;185.822;184.370;108.078;130.000;253.506
2004-01-23 04:20:00;155.922; 51.573;202.867;123.543;   null;399.867;   null;199.976; 86.140;151.590;280.809; 92.715;152.580;184.564;166.118;185.432;186.152;107.144;129.552;253.038
2004-01-23 04:25:00;156.924; 51.507;202.600;123.820;   null;398.727;   null;196.938; 84.808;153.336;277.578; 92.614;152.240;184.070;166.084;185.254;185.750;107.720;128.016;255.630
2004-01-23 04:30:00;154.208; 53.090;205.300;123.627;1326.760;395.260;100.272;197.210; 85.576;149.630;280.156; 91.722;153.220;186.126;166.028;185.082;186.360;107.654;128.586;253.734
2004-01-23 04:35:00;156.438; 53.023;203.167;122.333;1324.220;397.273;   null;196.838; 85.632;151.363;282.071; 91.820;151.680;185.274;167.256;186.520;186.112;108.240;128.708;253.572
2004-01-23 04:40:00;155.346; 52.227;207.167;122.610;1330.180;399.013;   null;197.786; 85.396;150.960;280.464; 92.957;151.760;183.032;164.622;184.986;186.878;109.562;130.776;254.788
2004-01-23 04:45:00;154.836; 53.360;201.767;122.657;1323.540;399.223; 99.649;196.580; 86.510;151.587;279.910; 93.918;153.640;185.222;166.150;187.472;187.054;108.616;128.450;254.930
2004-01-23 04:50:00;155.448; 52.507;203.900;122.177;1326.880;396.903;   null;196.928; 87.626;151.303;281.854; 92.501;151.960;185.258;164.278;186.738;185.282;106.580;   null;   null
2004-01-23 04:55:00;153.734; 52.910;205.267;123.210;1327.720;394.413;   null;194.778; 86.386;150.017;282.180; 93.922;151.900;185.028;166.310;185.158;185.348;108.472;   null;   null
2004-01-23 05:00:00;152.634; 53.140;201.833;123.383;1320.100;396.980;101.153;197.392; 86.774;153.457;281.387; 93.632;152.240;186.508;164.014;186.288;186.370;109.198;130.378;255.446
2004-01-23 05:05:00;155.320; 52.660;202.633;122.140;1327.980;394.250;   null;197.364; 86.722;151.097;279.552; 94.210;152.700;185.740;167.104;186.182;187.270;108.324;129.920;255.352
2004-01-23 05:10:00;153.436; 53.067;205.233;123.517;1327.580;398.393;   null;196.416; 85.306;149.303;282.561; 92.998;153.900;185.914;166.686;187.508;186.244;107.898;130.596;254.554
2004-01-23 05:15:00;155.046; 53.203;203.367;122.993;1309.660;399.367;100.565;196.908; 86.220;151.053;283.714; 92.836;153.300;186.156;167.842;184.874;186.056;108.666;130.126;254.200
2004-01-23 05:20:00;154.032; 52.530;202.900;120.263;1327.580;396.827;   null;197.082; 86.144;149.477;282.887; 92.117;153.920;185.560;165.936;183.692;185.956;108.914;128.764;252.222
2004-01-23 05:25:00;157.148; 52.000;201.933;122.560;1320.740;397.827;   null;195.840; 87.164;149.510;282.083; 92.200;151.680;185.402;165.704;186.176;184.892;108.096;129.974;254.318
2004-01-23 05:30:00;153.068; 52.793;201.700;123.880;1324.500;398.144;101.153;199.456; 87.964;150.283;280.678; 92.855;152.920;185.740;167.368;184.594;188.052;107.974;130.450;251.328
2004-01-23 05:35:00;153.974; 52.283;203.367;122.137;1323.160;398.587;   null;196.538; 87.542;149.540;283.866; 94.336;152.300;187.750;166.500;184.004;185.348;108.460;129.572;254.234
2004-01-23 05:40:00;155.020; 53.100;205.267;122.533;1320.180;398.400;   null;198.014; 86.186;152.230;279.177; 93.535;153.160;185.494;168.454;187.622;189.066;107.694;129.930;254.018
2004-01-23 05:45:00;152.952; 52.580;202.500;121.353;1327.160;398.267;100.219;199.162; 85.740;152.153;284.562; 92.517;149.980;185.084;168.124;185.338;184.848;108.342;130.814;254.828
2004-01-23 05:50:00;154.402; 53.967;205.767;122.663;1332.540;402.073;   null;197.828; 86.930;151.653;283.094; 93.468;153.640;185.932;166.374;186.148;185.254;107.652;130.220;253.082
2004-01-23 05:55:00;154.302; 52.503;204.867;122.860;1327.940;401.070;   null;198.056; 86.148;150.507;281.144; 96.012;151.940;184.432;166.592;186.188;187.920;108.336;130.868;254.166
2004-01-23 06:00:00;154.828; 52.750;202.300;122.477;1326.900;400.477;100.767;198.776; 84.764;150.327;283.039; 93.510;152.560;183.810;164.274;187.096;188.250;108.620;129.538;255.302
2004-01-23 06:05:00;154.398; 53.707;205.200;124.627;1319.160;398.693;   null;198.770; 86.596;152.056;281.928; 95.600;152.260;187.644;166.844;185.826;184.826;108.622;130.714;254.114
2004-01-23 06:10:00;154.874; 53.213;204.467;121.050;1318.720;401.823;   null;197.372; 86.458;150.657;282.298; 93.180;151.460;185.344;166.112;187.016;186.632;108.322;128.364;255.088
2004-01-23 06:15:00;154.558; 51.917;205.900;121.930;1321.100;396.957;100.952;201.002; 87.164;155.207;284.129; 93.211;153.060;185.532;167.468;185.408;186.222;108.238;130.170;253.336
2004-01-23 06:20:00;154.280; 52.290;205.267;123.467;1322.800;400.274;   null;197.808; 85.494;152.663;283.551; 94.016;151.560;184.674;168.012;188.578;184.500;108.048;129.248;251.778
2004-01-23 06:25:00;155.800; 52.483;204.733;122.707;1319.460;398.457;   null;195.340; 87.274;151.467;283.214; 92.179;155.000;184.388;166.468;184.608;188.342;108.120;131.452;254.324
2004-01-23 06:30:00;152.794; 51.760;208.533;120.993;1321.080;400.283;101.306;197.902; 85.854;150.817;281.719; 94.570;154.520;185.076;168.680;186.606;187.394;107.606;131.740;255.864
2004-01-23 06:35:00;155.494; 52.273;207.000;121.297;1324.060;397.647;   null;198.476; 85.948;151.960;281.556; 92.592;153.540;186.314;167.232;185.204;187.870;107.782;130.178;255.542
2004-01-23 06:40:00;155.070; 52.497;201.900;123.377;1319.120;398.827;   null;198.294; 86.418;153.140;284.337; 93.176;156.300;184.212;166.948;186.448;188.166;108.234;130.926;253.300
2004-01-23 06:45:00;153.928; 52.240;202.200;122.187;1325.600;399.710;101.417;198.114; 86.088;151.210;283.267; 93.957;152.240;184.372;168.238;185.584;187.720;107.532;131.472;255.702
2004-01-23 06:50:00;153.674; 53.117;205.133;121.477;1314.720;402.497;   null;194.650; 86.716;151.937;281.278; 95.025;152.720;186.188;167.422;184.814;187.752;107.962;131.142;255.830
2004-01-23 06:55:00;154.180; 52.603;205.633;121.313;1317.100;400.260;   null;199.792; 85.910;151.743;282.196; 94.188;152.280;185.712;167.374;184.700;187.076;108.418;129.984;257.570
2004-01-23 07:00:00;152.632; 52.450;204.800;120.987;1316.400;399.653;100.819;196.576; 85.502;151.683;282.425; 92.973;152.980;185.888;166.554;187.250;188.320;108.082;130.114;254.372
2004-01-23 07:05:00;154.004; 52.550;208.433;123.393;1329.320;399.020;   null;197.020; 87.390;151.800;283.100; 93.145;152.520;186.768;167.198;186.188;186.838;109.040;131.266;257.090
2004-01-23 07:10:00;151.764; 51.823;206.233;124.617;1320.880;398.617;   null;199.668; 87.942;152.957;281.854; 93.018;151.700;185.604;167.420;186.746;185.666;109.156;130.570;255.956
2004-01-23 07:15:00;154.242; 53.793;206.767;121.547;1319.040;401.460;101.300;197.420; 86.556;152.427;280.632; 93.082;153.820;185.280;166.584;187.996;186.576;106.768;132.796;255.534
2004-01-23 07:20:00;154.788; 51.260;203.033;123.147;1319.760;397.020;   null;197.318; 86.542;149.500;278.042; 93.722;153.180;185.970;167.564;185.586;187.032;108.504;131.720;257.138
2004-01-23 07:25:00;153.340; 52.483;203.667;121.733;1315.160;398.503;   null;195.982; 85.968;149.130;284.905; 93.393;151.300;185.670;167.788;185.062;186.244;107.708;130.572;256.082
2004-01-23 07:30:00;152.836; 51.793;203.200;121.607;1321.720;398.623;100.774;195.414; 87.108;152.880;281.682; 95.053;151.320;186.906;166.722;186.440;186.146;108.186;131.516;255.208

