DATETIME,ESOI,ATHN,MXCO,ROME,AATB,LMKS,DRBS,MOSC,NEWK,KIEL,CALG,OULU,APTY,FSMT,INVK,NAIN,PWNK,THUL,SOPB,SOPO
2004-01-21 20:35:00,161.952,54.36,215.067,129.3,1386.7,421.573,,209.068,91.598,160.99,304.966,98.583,163.36,196.972,176.83,197.074,198.962,115.078,46.576,274.456
2004-01-21 20:40:00,162.302,55.963,214.633,127.157,1381.96,422.583,,209.67,93.482,159.357,303.058,99.262,161.7,197.216,178.112,197.578,198.94,113.982,45.536,276.88
2004-01-21 20:45:00,162.588,53.773,214.833,127.55,1378.84,422.657,106.504,210.59,91.284,157.584,303.759,100.239,161.4,197.996,177.564,196.648,197.268,114.96,46.382,275.904
2004-01-21 20:50:00,164.33,53.607,215.133,128.36,1396.0,421.85,,208.594,90.53,159.323,301.525,100.134,162.26,197.736,176.0,197.496,198.164,116.058,46.77,272.88
2004-01-21 20:55:00,163.34,54.49,214.967,127.12,1383.74,421.337,,210.16,92.264,163.407,304.965,99.822,162.3,197.224,176.512,197.574,198.498,115.712,45.774,275.634
2004-01-21 21:00:00,164.608,54.973,213.567,126.443,1375.96,420.467,105.877,213.072,91.282,160.677,302.891,100.526,161.86,195.926,178.05,197.498,196.726,113.21,46.11,274.99
2004-01-21 21:05:00,161.078,54.613,215.033,126.893,1383.88,421.943,,209.194,90.938,161.917,306.068,100.094,160.66,197.784,178.0,195.576,199.1,113.152,46.266,
2004-01-21 21:10:00,162.45,54.533,214.433,129.45,1387.48,422.027,,211.46,90.9,158.067,305.44,99.51,161.78,198.41,178.482,197.362,198.696,114.9,45.982,271.093
2004-01-21 21:15:00,163.008,54.577,212.367,129.503,1376.42,419.607,105.748,207.438,89.476,161.547,302.599,98.158,161.88,196.84,176.902,196.888,198.226,114.228,45.662,276.114
2004-01-21 21:20:00,161.662,54.513,213.133,128.14,1371.02,421.523,,212.012,90.706,161.59,305.052,98.298,161.66,198.13,177.51,198.2,197.82,114.828,47.12,275.534
2004-01-21 21:25:00,161.752,54.103,214.167,127.473,1377.72,425.02,,209.016,90.194,159.237,304.616,99.007,160.58,198.376,178.142,199.39,200.238,114.808,46.374,274.478
2004-01-21 21:30:00,162.702,54.36,215.267,126.763,1384.42,424.39,105.284,211.906,91.932,159.03,301.918,100.708,164.92,197.186,179.582,197.878,199.696,114.588,46.346,274.782
2004-01-21 21:35:00,163.198,54.233,213.233,128.523,1380.0,423.443,,210.068,90.354,157.866,304.192,98.335,160.2,198.86,176.776,196.854,198.146,114.96,46.976,274.186
2004-01-21 21:40:00,160.856,53.717,215.667,127.767,1383.78,422.677,,211.558,92.744,162.074,303.873,98.962,162.16,197.258,173.086,196.776,197.726,114.428,46.12,274.008
2004-01-21 21:45:00,163.006,54.793,215.4,127.217,1381.46,422.01,106.124,209.208,91.464,160.773,301.883,100.7,161.78,197.432,178.148,198.026,200.244,114.764,46.288,273.614
2004-01-21 21:50:00,163.444,54.047,214.3,129.303,1386.64,425.447,,209.784,91.182,159.437,305.681,97.999,163.1,197.57,177.906,197.42,198.238,114.814,46.46,271.788
2004-01-21 21:55:00,164.25,54.483,215.933,126.48,1388.4,423.58,,211.448,90.816,159.073,302.502,99.864,162.5,195.576,177.808,196.072,198.942,115.296,46.326,272.564
2004-01-21 22:00:00,160.204,55.477,213.167,128.553,1374.26,420.897,106.114,210.696,90.996,158.613,304.349,100.021,162.44,196.91,177.348,196.54,199.194,114.076,45.544,271.842
2004-01-21 22:05:00,161.866,53.803,216.033,128.903,1380.14,427.123,,211.264,92.678,162.143,303.536,98.885,163.1,196.222,177.12,194.866,197.346,114.764,46.18,273.92
2004-01-21 22:10:00,161.99,55.397,215.067,126.583,1380.9,423.15,,209.786,93.612,160.467,305.716,98.312,162.34,197.626,178.116,195.762,200.332,115.522,46.472,272.04
2004-01-21 22:15:00,162.332,54.293,215.167,126.467,1387.04,426.567,106.832,212.12,90.404,160.5,304.348,98.24,163.28,197.978,178.334,194.362,197.64,114.622,46.044,274.704
2004-01-21 22:20:00,163.204,55.107,214.733,126.29,1377.32,423.99,,211.428,91.526,159.19,302.855,99.475,164.4,196.042,177.82,197.99,199.512,114.822,45.706,273.004
2004-01-21 22:25:00,162.272,54.33,213.667,127.13,1387.98,426.113,,212.198,92.37,160.977,305.433,99.191,161.78,197.028,176.196,196.336,198.074,114.942,46.236,273.844
2004-01-21 22:30:00,163.446,54.243,216.633,127.353,1371.78,420.857,106.605,210.762,91.516,161.103,303.217,100.352,163.44,196.974,177.968,195.864,199.056,113.414,46.062,274.856
2004-01-21 22:35:00,164.286,54.9,216.633,129.133,1388.22,422.053,,208.83,90.464,162.327,302.698,99.603,164.58,197.66,178.652,196.714,198.37,115.04,46.234,274.232
2004-01-21 22:40:00,162.194,53.663,215.633,127.613,1381.8,421.12,,209.7,90.81,161.413,302.795,99.296,163.34,197.858,178.768,197.946,196.87,115.03,46.126,275.13
2004-01-21 22:45:00,160.884,54.387,213.567,127.177,1385.4,422.703,107.512,208.754,91.678,161.553,302.731,100.172,163.12,197.914,177.446,197.71,197.836,113.846,45.756,273.512
2004-01-21 22:50:00,161.614,55.517,212.633,127.27,1387.66,425.15,,209.082,90.964,160.053,303.606,100.561,164.64,199.124,177.85,196.558,197.268,113.524,45.812,272.384
2004-01-21 22:55:00,162.588,54.537,213.5,127.177,1392.8,419.133,,212.008,91.94,160.48,303.96,100.297,161.98,197.508,179.18,197.552,197.528,114.42,46.196,276.418
2004-01-21 23:00:00,160.874,54.5,212.2,128.3,1390.98,420.8,106.187,208.83,92.648,159.123,304.091,99.207,163.64,198.588,178.112,198.5,197.854,113.452,45.374,271.806
2004-01-21 23:05:00,161.472,53.91,213.367,127.727,1391.72,422.353,,208.484,91.652,160.843,300.198,99.1,162.38,199.598,175.498,197.732,197.376,113.234,45.396,275.546
2004-01-21 23:10:00,163.606,54.923,217.067,126.203,1381.44,422.993,,209.412,91.116,159.797,303.42,100.577,163.02,197.978,178.578,197.948,196.852,114.506,46.734,271.006
2004-01-21 23:15:00,162.198,54.557,214.067,124.543,1387.3,426.373,106.123,210.838,89.726,159.65,301.611,98.794,163.52,198.942,177.796,198.71,197.962,114.092,45.718,271.31
2004-01-21 23:20:00,162.192,54.28,213.833,127.437,1394.48,422.43,,211.732,91.36,160.703,304.011,97.739,161.38,197.178,177.244,194.706,199.19,115.78,46.104,272.07
2004-01-21 23:25:00,162.504,55.737,212.8,127.48,1383.98,419.63,,209.858,92.522,158.83,304.716,99.893,165.54,197.53,178.284,197.072,197.142,114.34,46.524,272.13
2004-01-21 23:30:00,164.128,54.073,213.367,125.227,1407.92,420.32,106.559,211.352,90.98,160.633,301.1,98.459,163.82,196.758,175.956,198.026,197.45,115.362,46.284,274.526
2004-01-21 23:35:00,162.178,54.587,215.767,127.623,1394.88,422.497,,210.588,92.664,159.947,303.225,98.468,164.18,197.694,176.606,197.138,198.2,113.77,45.948,273.088
2004-01-21 23:40:00,163.376,54.247,213.867,127.1,1398.6,418.61,,209.132,91.36,157.17,301.866,101.052,163.74,197.942,176.424,195.954,199.364,115.732,46.218,274.126
2004-01-21 23:45:00,163.31,54.353,214.967,129.117,1393.6,424.613,106.084,211.026,91.888,157.123,300.29,99.391,161.72,196.936,176.532,196.974,199.948,115.538,46.964,274.43
2004-01-21 23:50:00,162.224,53.793,213.533,128.01,1396.42,422.183,,209.362,89.23,162.707,304.755,100.743,163.82,198.578,180.088,196.43,197.082,114.666,46.554,272.092
2004-01-21 23:55:00,162.492,54.313,212.4,126.517,1389.32,420.983,,208.894,91.35,159.58,297.704,99.432,164.02,196.796,177.572,195.72,197.206,114.794,45.902,273.4
2004-01-22 00:00:00,163.054,53.92,215.333,126.457,1389.92,421.17,106.204,209.662,91.532,158.973,301.355,100.245,163.46,197.408,177.658,195.866,197.88,113.952,46.516,272.88
2004-01-22 00:05:00,163.012,54.807,216.767,127.79,1403.32,421.047,,210.25,91.574,158.35,300.714,99.136,162.2,199.804,177.854,194.614,197.58,113.772,46.304,274.114
2004-01-22 00:10:00,165.322,54.637,213.167,125.457,1395.08,421.353,,211.022,90.302,162.29,301.302,99.961,164.02,197.4,176.932,197.986,197.416,113.776,46.73,273.9
2004-01-22 00:15:00,162.122,54.357,210.167,125.66,1404.14,416.53,105.682,207.57,92.564,158.503,304.041,99.83,161.14,199.17,176.934,195.724,197.072,115.078,46.276,272.288
2004-01-22 00:20:00,161.428,55.003,212.967,125.767,1402.26,419.077,,206.638,90.588,161.297,300.722,99.51,163.88,195.924,179.244,199.114,199.278,113.63,45.784,272.46
2004-01-22 00:25:00,160.936,55.093,215.033,126.98,1399.88,417.713,,210.79,91.182,161.113,298.892,99.488,163.04,195.868,178.104,197.812,197.608,115.578,45.562,273.268
2004-01-22 00:30:00,164.616,53.857,215.033,129.083,1401.34,418.863,106.004,205.556,90.558,160.373,301.8,101.024,162.68,197.696,177.784,196.994,198.886,116.062,45.63,270.012
2004-01-22 00:35:00,161.954,53.78,215.467,124.977,1406.4,416.12,,208.244,89.222,161.113,301.378,101.338,161.24,197.722,177.408,199.096,200.512,116.32,45.236,271.91
2004-01-22 00:40:00,164.114,54.697,215.033,125.777,1400.18,418.56,,208.004,91.844,160.843,298.455,102.854,163.3,198.946,178.386,197.082,198.646,114.468,45.962,270.282
2004-01-22 00:45:00,163.934,53.26,214.033,126.377,1405.32,419.193,105.693,208.492,91.486,160.287,302.584,100.066,162.0,194.496,176.862,196.188,197.31,114.808,45.0,268.576
2004-01-22 00:50:00,163.844,54.693,213.833,128.83,1406.32,421.357,,210.82,91.172,162.243,303.003,100.102,161.98,195.818,176.77,196.756,196.698,115.82,45.294,271.714
2004-01-22 00:55:00,162.046,55.483,213.9,127.367,1399.44,421.76,,208.78,90.992,161.04,300.939,99.894,166.08,199.416,178.664,197.354,197.5,115.212,44.788,269.534
2004-01-22 01:00:00,162.87,54.43,213.933,125.11,1401.36,421.393,105.057,210.486,91.27,158.253,297.713,101.549,162.98,197.002,177.904,195.236,196.22,113.126,45.702,270.256
2004-01-22 01:05:00,162.158,53.703,212.567,126.123,1400.36,424.71,,211.264,91.058,159.19,298.963,100.492,163.7,198.378,176.912,194.894,198.618,115.568,45.3,267.444
2004-01-22 01:10:00,162.402,54.763,214.733,125.923,1402.92,423.163,,209.302,91.44,160.937,302.108,99.913,162.74,197.902,180.226,197.536,196.396,115.09,45.502,266.892
2004-01-22 01:15:00,162.432,53.967,213.4,126.753,1392.54,419.267,105.624,209.682,91.296,157.73,299.138,98.784,163.32,197.712,178.402,197.534,199.546,114.502,45.762,267.89
2004-01-22 01:20:00,165.17,53.46,213.867,126.757,1402.94,421.86,,211.61,91.232,159.007,303.4,97.494,165.0,194.956,177.184,197.456,199.06,114.082,44.992,269.202
2004-01-22 01:25:00,162.71,55.03,215.7,126.723,1408.06,418.953,,210.066,90.49,161.973,303.632,99.614,163.04,197.534,178.276,198.994,198.108,115.264,45.078,266.948
2004-01-22 01:30:00,163.238,54.037,214.2,126.433,1413.48,419.91,105.813,210.518,91.852,161.16,298.875,98.872,163.32,196.82,176.192,194.982,197.444,113.906,45.014,266.254
2004-01-22 01:35:00,165.506,54.753,213.933,125.77,1394.7,420.43,,210.54,91.36,159.233,301.816,98.637,161.22,196.934,176.544,193.908,198.756,115.178,45.454,271.166
2004-01-22 01:40:00,161.304,55.257,214.467,126.653,1388.84,419.113,,208.982,90.182,158.25,301.443,101.048,163.0,198.63,175.784,195.63,199.344,114.868,45.768,267.834
2004-01-22 01:45:00,163.334,54.433,211.233,125.347,1388.8,414.197,103.681,210.948,90.01,161.057,302.526,97.316,163.1,197.89,176.682,194.788,198.07,115.242,45.53,269.322
2004-01-22 01:50:00,162.282,54.3,212.733,127.143,1391.46,410.397,,207.536,90.372,157.597,299.487,100.296,162.54,197.852,179.056,195.96,198.64,113.328,44.954,268.054
2004-01-22 01:55:00,161.014,54.783,208.733,124.503,1390.78,414.597,,207.334,90.44,156.863,299.826,98.179,161.44,197.046,177.656,195.382,197.454,114.35,45.344,265.83
2004-01-22 02:00:00,163.078,53.687,212.6,123.59,1394.72,414.997,103.186,211.096,90.408,157.483,301.129,99.068,162.52,197.182,178.102,194.572,197.286,113.902,45.174,265.86
2004-01-22 02:05:00,160.938,54.157,210.633,125.74,1391.96,412.41,,209.348,91.278,160.926,299.138,98.571,161.7,199.012,179.508,195.026,195.244,113.33,44.43,
2004-01-22 02:10:00,160.464,53.517,209.8,126.117,1394.82,411.047,,207.632,89.872,157.973,300.745,98.344,161.36,197.012,176.482,194.506,194.178,113.466,,
2004-01-22 02:15:00,,53.96,209.8,123.773,1394.16,411.05,103.459,208.674,89.692,157.077,300.49,98.586,161.08,197.548,177.034,196.082,198.316,113.102,,
2004-01-22 02:20:00,159.836,54.033,209.567,123.097,1384.28,409.963,,207.296,90.396,156.967,298.946,96.609,161.58,196.496,176.228,193.79,195.242,113.184,,
2004-01-22 02:25:00,160.302,52.28,209.267,123.1,1394.56,408.117,,206.986,89.62,156.087,298.788,97.478,160.08,194.802,176.322,193.908,197.42,113.222,,
2004-01-22 02:30:00,160.768,53.203,208.667,123.927,1389.56,407.45,104.338,204.918,88.618,157.943,297.813,98.179,161.22,196.13,176.534,194.498,196.85,114.02,,
2004-01-22 02:35:00,160.766,54.793,210.2,123.62,1389.58,410.77,,206.144,90.412,156.503,300.703,98.318,160.06,196.74,178.11,194.234,195.252,114.164,,
2004-01-22 02:40:00,160.64,53.713,208.2,124.26,1386.12,410.203,,207.214,88.876,157.46,299.962,96.279,160.26,198.262,177.002,192.43,196.566,112.282,,
2004-01-22 02:45:00,161.818,52.77,208.3,123.773,1391.6,408.89,102.466,204.936,88.196,155.6,302.363,98.352,160.02,194.934,176.064,194.642,197.63,113.59,,
2004-01-22 02:50:00,159.14,53.223,206.5,125.247,1386.32,408.957,,203.818,88.446,155.633,295.918,97.461,158.38,197.11,177.794,194.764,195.86,113.364,,
2004-01-22 02:55:00,161.106,52.963,208.4,124.987,1387.12,410.73,,204.246,88.158,155.523,299.022,97.804,158.7,197.386,176.09,193.356,194.942,112.606,,
2004-01-22 03:00:00,159.46,52.787,205.067,124.28,1382.02,404.62,102.388,203.402,88.604,154.617,296.787,97.669,158.6,196.174,176.99,192.01,197.464,113.798,,260.654
2004-01-22 03:05:00,159.3,53.607,209.733,124.897,1381.5,409.627,,206.346,89.586,154.717,299.509,96.763,159.5,196.136,176.0,192.556,198.864,112.85,,262.076
2004-01-22 03:10:00,161.502,52.823,207.867,124.593,1387.64,409.423,,201.308,89.612,156.953,301.274,97.7,160.7,194.174,175.688,192.052,194.716,113.36,,261.876
2004-01-22 03:15:00,158.624,53.433,204.833,121.743,1385.92,405.693,102.679,203.208,88.446,155.79,298.665,97.762,159.32,195.076,176.95,191.972,196.258,111.29,,258.866
2004-01-22 03:20:00,161.63,54.153,205.833,125.0,1378.46,407.41,,205.458,88.044,154.627,300.717,96.883,159.3,195.782,175.68,191.204,195.532,112.37,,260.936
2004-01-22 03:25:00,161.248,53.49,207.567,123.013,1385.22,407.887,,202.614,89.364,154.823,299.838,97.299,159.44,197.946,175.704,192.298,192.346,112.77,,259.17
2004-01-22 03:30:00,160.418,53.54,206.133,124.0,1385.88,407.557,102.858,202.984,87.194,156.193,300.056,96.366,157.0,195.522,176.716,189.552,196.064,112.35,,263.696
2004-01-22 03:35:00,161.336,53.667,207.5,123.857,1391.06,407.98,,202.534,88.29,156.343,298.169,98.689,157.76,198.82,177.702,190.376,193.818,111.34,,261.618
2004-01-22 03:40:00,159.388,53.077,206.933,123.82,1384.98,404.87,,204.08,88.362,159.177,303.508,98.911,158.16,194.304,176.332,188.896,194.4,113.174,,259.993
2004-01-22 03:45:00,160.608,52.273,206.9,122.023,1387.46,411.893,102.491,205.596,87.62,156.77,299.747,96.478,158.16,195.784,176.118,189.438,195.302,111.346,,261.328
2004-01-22 03:50:00,160.286,53.13,207.467,123.397,1386.22,407.293,,204.552,87.364,156.76,298.418,98.303,159.1,194.968,176.548,190.386,194.206,111.804,,261.106
2004-01-22 03:55:00,160.21,52.96,207.1,122.377,1379.8,407.19,,204.96,88.642,155.003,299.771,97.738,159.24,197.27,177.12,189.354,194.018,113.196,,263.04
2004-01-22 04:00:00,159.79,52.973,208.6,122.357,1382.7,404.467,103.096,203.636,88.644,155.213,296.562,98.624,160.44,192.88,176.746,189.298,192.682,111.514,,261.432
2004-01-22 04:05:00,160.306,53.62,205.833,122.233,1382.54,405.0,,203.644,88.474,152.587,296.381,96.245,158.36,194.076,173.976,190.664,192.064,112.13,,261.036
2004-01-22 04:10:00,158.61,52.783,205.7,124.783,1375.06,404.723,,202.742,89.442,153.73,298.532,96.92,159.5,196.22,176.13,189.464,190.588,110.898,,260.926
2004-01-22 04:15:00,161.248,52.68,205.667,123.477,1385.74,407.527,102.328,202.268,88.03,155.637,295.729,95.695,157.84,193.926,177.048,190.932,191.444,110.898,,260.576
2004-01-22 04:20:00,160.284,54.037,207.3,123.613,1388.2,402.483,,203.034,88.052,154.41,295.389,97.349,158.0,194.746,174.674,188.68,192.528,110.804,,260.776
2004-01-22 04:25:00,160.7,52.69,206.633,123.41,1380.62,402.296,,205.418,88.736,154.4,295.952,97.412,157.86,195.436,175.476,190.284,192.244,112.292,,263.434
2004-01-22 04:30:00,159.778,54.08,207.033,122.923,1390.96,405.77,101.625,207.434,88.424,154.33,294.631,96.344,156.94,195.14,176.236,187.828,190.522,111.28,,259.364
2004-01-22 04:35:00,161.022,53.577,206.8,124.697,1389.12,406.57,,203.962,89.03,156.61,295.624,96.042,157.54,194.578,176.96,188.764,189.808,113.094,,262.956
2004-01-22 04:40:00,162.62,53.587,206.4,123.253,1394.28,405.843,,204.07,87.898,155.97,296.658,97.281,157.84,193.238,175.064,189.936,191.58,113.508,,259.418
2004-01-22 04:45:00,161.244,53.07,207.733,123.927,1394.06,406.517,102.146,203.358,89.302,153.987,294.333,95.244,158.1,193.866,175.438,190.01,190.268,111.666,,258.316
2004-01-22 04:50:00,159.888,53.49,206.9,123.613,1394.52,403.01,,204.012,88.248,155.603,295.798,96.066,158.16,193.658,177.05,191.254,189.4,111.282,,262.904
2004-01-22 04:55:00,161.99,52.63,205.967,123.73,1391.06,403.9,,202.474,86.476,152.74,296.215,95.419,157.54,194.19,175.832,189.468,191.282,111.962,,261.024
2004-01-22 05:00:00,160.688,53.79,206.167,123.247,1392.74,404.307,102.512,203.044,87.25,153.523,294.375,98.151,158.66,194.202,174.024,189.256,189.714,111.494,,259.338
2004-01-22 05:05:00,160.414,54.837,206.567,124.067,1395.24,402.794,,203.414,87.77,155.087,293.54,96.205,157.98,193.526,178.734,188.28,190.572,111.046,,260.036
2004-01-22 05:10:00,159.17,53.497,206.367,122.923,1385.78,406.164,,203.716,86.82,155.153,293.882,96.313,158.56,192.384,173.69,187.844,189.98,110.712,,259.212
2004-01-22 05:15:00,161.698,53.077,205.033,124.93,1380.4,407.097,102.005,203.862,86.35,153.997,293.153,97.587,159.2,193.95,174.362,191.358,190.01,111.33,,257.158
2004-01-22 05:20:00,161.428,54.437,202.833,123.343,1388.78,407.46,,201.654,88.29,154.59,292.429,96.225,156.88,193.476,176.71,189.052,191.94,110.846,,256.552
2004-01-22 05:25:00,162.304,52.927,207.333,125.113,1385.86,405.747,,204.368,89.01,156.107,291.309,95.8,158.06,192.848,174.592,190.136,189.908,110.366,,260.794
2004-01-22 05:30:00,161.238,53.52,204.2,125.047,1387.2,403.967,102.145,204.406,88.114,153.02,290.026,97.267,156.18,192.33,172.272,189.946,188.454,110.83,,259.296
2004-01-22 05:35:00,163.08,53.55,207.067,124.92,1382.96,404.4,,203.244,87.254,154.617,289.301,94.729,158.36,191.366,176.296,191.468,189.588,111.136,,259.506
2004-01-22 05:40:00,159.828,53.937,204.567,125.073,1387.06,402.223,,205.052,86.706,152.277,286.35,97.112,158.7,191.314,173.248,189.488,188.54,109.456,,257.376
2004-01-22 05:45:00,160.836,53.153,204.833,124.057,1376.12,405.047,101.646,202.164,87.186,155.737,290.827,95.614,157.68,192.434,176.006,190.266,190.098,111.134,,258.982
2004-01-22 05:50:00,161.41,53.25,207.867,125.32,1381.56,403.933,,205.422,87.054,157.057,287.114,95.311,157.6,190.968,174.162,190.204,186.562,109.602,,258.95
2004-01-22 05:55:00,160.774,52.107,205.433,125.13,1375.98,408.443,,205.452,87.62,155.263,288.153,97.431,158.18,190.338,174.588,188.612,191.758,110.528,,257.96
2004-01-22 06:00:00,161.626,54.323,203.0,124.64,1377.14,406.48,102.635,205.11,88.816,154.14,288.746,97.75,157.38,189.902,173.106,188.392,189.902,109.836,,258.012
2004-01-22 06:05:00,159.114,53.52,205.367,123.1,1383.48,406.3,,202.866,86.852,154.017,287.425,95.756,156.74,192.078,175.498,188.292,189.604,110.638,,258.232
2004-01-22 06:10:00,160.284,52.877,203.1,124.297,1372.9,406.297,,203.894,86.37,156.78,284.233,95.458,157.32,190.224,174.062,188.598,189.228,109.214,,257.04
2004-01-22 06:15:00,160.978,53.26,203.367,123.04,1384.6,406.61,101.19,207.596,87.084,153.397,287.425,96.794,156.7,187.588,172.306,187.352,188.222,110.348,,257.362
2004-01-22 06:20:00,161.074,53.86,203.167,124.513,1375.58,404.82,,206.196,86.698,154.313,286.144,96.352,157.44,188.946,171.672,189.36,187.348,110.248,,257.954
2004-01-22 06:25:00,161.922,53.28,204.5,125.547,1380.8,403.487,,203.93,87.856,154.957,286.837,96.222,158.5,188.116,175.13,188.168,185.634,107.99,,256.864
2004-01-22 06:30:00,162.534,53.697,203.2,123.493,1379.44,406.347,102.179,205.95,87.248,155.097,283.611,95.437,156.5,191.044,173.78,187.962,187.898,109.368,,255.862
2004-01-22 06:35:00,163.616,54.627,202.5,125.717,1374.28,407.46,,204.548,86.296,154.3,284.858,96.228,157.96,188.016,174.222,189.626,184.98,108.968,,255.042
2004-01-22 06:40:00,161.818,52.33,204.8,124.657,1376.18,405.3,,204.836,86.574,152.293,283.852,95.947,157.8,187.568,172.178,189.138,186.946,109.816,,256.73
2004-01-22 06:45:00,160.846,53.403,204.1,124.037,1379.02,405.707,101.804,204.07,86.616,151.017,283.297,95.027,158.78,188.18,173.806,186.286,188.03,109.464,,255.878
2004-01-22 06:50:00,160.26,53.48,202.433,124.353,1379.08,405.97,,204.578,87.664,151.927,283.227,96.45,158.66,187.84,172.166,187.288,187.012,110.694,,257.012
2004-01-22 06:55:00,161.118,53.36,201.433,123.867,1376.74,409.127,,206.168,87.638,154.25,284.165,97.736,156.16,186.378,173.658,186.836,188.122,108.994,,255.934
2004-01-22 07:00:00,160.058,53.457,205.333,125.37,1377.7,406.513,102.547,206.458,86.094,154.513,284.165,97.233,159.32,189.488,174.022,187.506,187.514,110.018,,257.842
2004-01-22 07:05:00,160.918,52.903,204.533,123.59,1379.62,407.01,,205.344,85.834,153.35,283.817,95.279,157.92,188.314,172.926,186.31,186.388,108.568,,254.962
2004-01-22 07:10:00,161.932,53.967,205.767,123.953,1371.66,407.52,,206.928,86.736,153.58,284.893,96.249,156.86,186.458,171.7,186.716,186.218,109.002,,256.208
2004-01-22 07:15:00,160.482,54.2,203.267,122.35,1376.52,409.473,101.962,204.37,87.758,153.427,282.289,95.759,159.14,187.706,171.904,188.616,187.55,108.634,,253.794
2004-01-22 07:20:00,162.916,53.687,203.9,125.983,1386.04,408.06,,206.354,85.27,152.313,281.941,94.223,157.76,185.954,172.24,185.704,187.146,108.214,,255.566
2004-01-22 07:25:00,161.506,54.09,202.767,124.943,1379.16,408.883,,206.568,85.732,154.283,281.768,96.498,160.16,187.102,170.972,186.402,185.074,108.922,,254.26
2004-01-22 07:30:00,161.168,53.423,205.3,125.723,1379.02,408.067,102.788,204.898,84.466,153.073,280.548,95.847,158.32,185.858,171.372,186.922,183.912,108.474,,252.624
2004-01-22 07:35:00,161.098,55.54,204.267,124.147,1371.24,408.153,,208.788,86.668,154.783,279.748,97.459,158.08,185.462,171.574,184.606,186.502,109.356,,253.166
2004-01-22 07:40:00,164.04,54.493,205.167,125.047,1373.9,403.967,,205.19,85.256,153.92,279.615,97.219,158.02,186.418,171.15,185.662,184.3,108.058,,254.246
2004-01-22 07:45:00,161.578,53.617,202.933,125.16,1370.36,406.55,101.368,205.404,85.84,153.323,277.044,97.325,157.92,184.75,168.742,185.978,185.334,108.284,,251.748
2004-01-22 07:50:00,162.2,53.273,204.5,123.21,1363.62,401.31,,203.47,85.502,153.76,280.721,97.257,158.44,182.08,168.014,187.332,186.048,109.154,,253.13
2004-01-22 07:55:00,160.444,52.937,202.867,124.217,1355.32,399.557,,203.134,85.88,153.063,278.745,95.969,155.22,185.192,169.864,186.666,184.766,109.608,,250.886
2004-01-22 08:00:00,161.272,52.827,204.5,125.353,1347.42,400.743,100.758,205.214,84.732,150.97,279.266,95.287,159.42,183.24,166.194,188.36,183.252,108.494,,252.554
2004-01-22 08:05:00,158.922,53.617,204.7,123.043,1339.84,402.53,,202.164,86.034,152.92,278.815,95.564,157.94,181.206,163.65,187.288,183.666,108.638,,253.246
2004-01-22 08:10:00,160.808,53.89,204.867,122.917,1348.02,407.177,,203.896,84.026,152.053,280.244,94.734,156.8,183.008,166.278,184.266,185.546,107.946,,252.78
2004-01-22 08:15:00,161.47,53.19,205.733,125.833,1354.74,405.45,100.664,206.226,84.138,152.637,278.855,95.452,158.08,183.586,165.438,182.798,184.016,107.15,,250.876
2004-01-22 08:20:00,161.588,52.77,203.667,122.737,1345.24,405.08,,203.032,84.36,151.173,276.564,96.309,157.26,183.812,166.024,184.966,182.632,107.208,,249.326
2004-01-22 08:25:00,157.982,53.647,203.667,126.18,1348.6,406.127,,202.618,86.586,151.84,276.808,94.501,156.0,181.838,167.812,183.628,182.754,105.872,,252.244
2004-01-22 08:30:00,158.142,52.167,201.3,125.213,1344.28,402.85,101.29,204.504,85.528,150.797,280.0,95.79,156.26,183.198,168.708,183.094,184.23,107.094,,249.664
2004-01-22 08:35:00,159.93,53.403,202.0,123.68,1342.12,398.353,,201.38,84.776,153.713,278.086,93.934,154.12,181.2,167.328,185.272,181.384,106.984,,247.642
2004-01-22 08:40:00,160.744,52.337,203.4,125.647,1341.42,399.933,,199.752,84.184,152.98,278.085,92.532,152.82,182.364,166.816,182.998,180.858,105.796,,249.372
2004-01-22 08:45:00,160.84,53.247,201.5,122.893,1327.76,399.747,100.197,202.428,85.9,150.653,274.257,94.574,154.44,182.14,166.52,185.104,185.69,106.062,,250.762
2004-01-22 08:50:00,158.572,51.49,202.2,122.597,1329.98,401.447,,200.812,85.268,148.327,277.739,95.221,153.36,181.394,164.284,183.786,183.88,104.984,,251.452
2004-01-22 08:55:00,158.628,53.03,202.033,122.22,1327.9,398.87,,201.162,86.14,149.943,276.592,94.792,152.54,181.884,164.148,183.95,184.018,105.79,,253.316
2004-01-22 09:00:00,156.926,51.91,202.033,122.843,1323.84,395.43,98.578,200.702,83.854,149.473,277.043,94.101,151.76,182.258,164.902,183.91,184.014,106.418,,251.076
2004-01-22 09:05:00,156.886,53.25,201.767,121.403,1318.62,393.317,,198.892,84.314,149.567,280.069,96.202,154.88,183.52,165.068,183.826,181.54,106.756,,251.686
2004-01-22 09:10:00,158.382,51.99,201.933,120.31,1317.1,396.283,,201.07,85.23,151.314,278.611,92.816,153.92,182.684,165.288,182.706,184.406,106.462,,250.97
2004-01-22 09:15:00,158.388,51.343,201.067,122.18,1322.1,394.97,99.776,198.974,85.32,148.927,279.375,93.817,153.56,182.862,164.67,184.456,182.274,105.376,,251.628
2004-01-22 09:20:00,158.802,51.317,200.267,122.693,1316.82,396.427,,202.348,84.828,150.63,277.293,93.26,153.02,182.106,167.724,184.174,183.718,105.68,,250.226
2004-01-22 09:25:00,157.908,53.44,202.0,121.967,1313.6,397.027,,198.6,84.678,152.29,275.086,94.994,154.2,181.162,165.6,184.004,182.756,106.768,,250.214
2004-01-22 09:30:00,158.436,52.573,204.0,121.1,1320.44,392.283,100.112,198.32,84.57,150.933,277.409,92.498,151.02,180.022,165.66,183.352,182.234,106.808,,250.384
2004-01-22 09:35:00,158.482,50.73,202.633,121.02,1318.22,396.52,,197.5,85.218,150.677,277.165,92.639,151.74,183.548,163.76,184.786,182.294,106.408,,249.822
2004-01-22 09:40:00,158.536,52.03,204.467,122.033,1320.82,396.443,,199.274,86.088,147.6,280.181,92.893,150.98,182.528,164.032,182.886,182.944,106.244,,250.248
2004-01-22 09:45:00,157.584,53.323,205.667,120.823,1318.68,395.04,99.37,195.892,83.994,148.253,276.859,93.369,150.9,182.12,162.044,183.25,183.796,106.22,,249.818
2004-01-22 09:50:00,156.912,51.74,203.467,119.67,1312.76,392.463,,199.256,84.312,149.547,277.483,93.543,153.42,183.416,164.884,182.262,182.396,105.574,,251.822
2004-01-22 09:55:00,157.81,52.513,202.633,121.687,1307.98,391.813,,195.632,84.242,149.15,276.098,93.052,152.32,183.426,163.304,180.018,185.024,105.714,,250.578
2004-01-22 10:00:00,156.754,51.527,199.967,120.003,1300.66,388.747,99.856,196.702,85.248,148.493,279.421,92.486,151.92,184.024,162.3,182.148,184.99,106.584,,248.726
2004-01-22 10:05:00,156.53,50.253,203.267,118.747,1300.82,387.343,,195.958,85.736,149.267,277.448,92.572,149.44,182.17,164.4,183.12,182.204,107.778,,252.146
2004-01-22 10:10:00,156.382,51.407,202.767,119.147,1297.86,388.507,,197.324,86.618,148.62,278.309,92.254,153.48,181.23,165.268,183.584,184.606,105.772,,249.888
2004-01-22 10:15:00,156.472,51.393,202.067,119.557,1300.18,387.303,98.374,195.83,86.026,151.067,279.976,95.464,153.02,182.284,163.284,183.408,184.134,105.954,,249.504
2004-01-22 10:20:00,156.482,51.37,203.4,118.223,1298.96,386.783,,195.026,85.844,148.503,276.063,92.137,154.38,183.296,165.568,186.422,182.2,105.836,,248.892
2004-01-22 10:25:00,154.892,51.107,202.333,119.99,1300.18,387.27,,193.026,84.476,149.936,277.009,93.837,154.44,181.654,162.872,182.646,183.24,106.692,,249.438
2004-01-22 10:30:00,155.568,51.053,203.767,120.36,1307.58,383.873,98.018,194.544,84.712,149.627,278.703,94.221,154.02,183.176,164.932,184.282,185.31,106.392,,247.588
2004-01-22 10:35:00,156.492,51.503,201.6,120.09,1300.44,383.73,,195.248,85.99,148.827,277.977,92.57,150.5,184.876,166.434,185.268,184.036,105.81,,247.668
2004-01-22 10:40:00,154.932,51.19,203.733,119.243,1297.72,387.263,,194.8,84.248,148.524,281.781,92.865,151.2,182.352,162.786,185.832,183.11,107.38,,246.626
2004-01-22 10:45:00,154.528,52.507,202.433,120.817,1294.48,385.573,98.492,194.934,84.804,149.597,278.258,94.131,149.66,182.184,164.25,185.346,184.26,106.884,,247.416
2004-01-22 10:50:00,156.17,52.133,203.967,120.767,1297.58,388.407,,195.536,85.364,150.277,277.222,91.139,150.66,181.732,163.646,184.992,185.866,106.87,,245.388
2004-01-22 10:55:00,154.458,52.37,201.1,119.987,1289.84,386.603,,193.236,84.184,148.593,280.02,90.787,148.8,183.004,163.77,182.194,186.564,106.886,,244.562
2004-01-22 11:00:00,155.032,52.023,202.367,119.003,1295.0,387.913,99.344,196.138,85.73,147.6,277.699,93.211,150.76,182.342,164.732,185.376,184.436,105.616,,248.028
2004-01-22 11:05:00,155.098,51.443,200.567,120.697,1302.34,389.197,,193.578,84.998,151.34,279.639,93.752,152.52,182.816,164.14,184.244,184.72,107.724,,248.948
2004-01-22 11:10:00,156.25,51.593,202.1,121.407,1301.56,391.783,,192.262,85.624,149.22,278.365,92.106,151.18,180.816,163.696,180.668,184.528,106.334,,248.436
2004-01-22 11:15:00,155.314,50.9,202.733,120.257,1304.88,389.98,99.111,194.988,86.356,148.75,275.056,91.542,151.98,182.654,162.456,184.592,184.1,106.494,,249.628
2004-01-22 11:20:00,156.254,51.253,203.433,119.617,1300.62,391.09,,196.22,85.62,148.143,275.989,92.466,150.7,180.402,162.002,183.498,184.136,106.768,,248.916
2004-01-22 11:25:00,155.278,51.717,201.367,120.17,1300.6,391.68,,195.058,85.456,148.97,273.718,91.895,152.44,181.776,163.3,183.228,183.176,105.618,,246.854
2004-01-22 11:30:00,157.63,52.427,201.767,120.86,1302.14,392.377,99.123,191.448,84.08,148.47,276.057,93.178,150.56,181.144,164.99,182.586,183.588,107.038,,246.378
2004-01-22 11:35:00,156.828,52.017,200.367,120.04,1309.94,392.05,,195.032,85.434,146.983,275.16,92.217,150.48,180.644,164.504,184.15,183.86,107.56,,251.51
2004-01-22 11:40:00,156.84,52.683,202.833,121.023,1306.22,392.004,,197.466,84.3,149.487,275.885,92.153,150.58,181.522,165.206,183.326,181.36,107.01,,246.978
2004-01-22 11:45:00,158.688,52.25,203.5,122.697,1312.68,390.547,99.847,194.904,85.636,150.05,275.546,90.804,150.74,183.304,164.918,182.9,181.776,106.822,,248.294
2004-01-22 11:50:00,155.642,51.437,203.433,122.193,1316.34,393.28,,195.362,85.264,148.603,280.753,93.039,152.02,180.252,164.024,181.798,182.472,106.586,,249.058
2004-01-22 11:55:00,158.37,52.163,202.6,122.267,1313.6,391.68,,195.692,85.964,150.317,274.105,91.513,151.74,182.082,163.33,183.798,183.83,106.25,,247.174
2004-01-22 12:00:00,156.358,52.237,202.4,120.977,1314.44,395.357,100.395,194.612,85.316,150.93,273.629,93.408,148.68,181.104,163.262,182.688,183.082,108.19,,245.472
2004-01-22 12:05:00,156.174,53.03,203.5,122.79,1311.54,392.043,,193.864,85.382,148.503,275.483,93.009,150.38,180.664,163.892,181.982,181.524,106.316,,247.648
2004-01-22 12:10:00,157.06,52.91,202.067,121.61,1310.3,395.153,,194.854,85.452,148.863,273.733,90.794,151.3,178.786,167.372,184.346,182.008,105.896,,246.2
2004-01-22 12:15:00,156.32,50.91,203.833,119.84,1322.16,394.843,100.099,194.474,84.78,148.623,276.143,92.402,149.86,181.31,164.748,183.498,181.494,107.072,,249.008
2004-01-22 12:20:00,158.502,51.903,201.4,120.173,1321.84,389.763,,195.354,85.05,151.997,273.739,91.343,151.16,182.344,162.344,181.78,180.342,107.306,,247.846
2004-01-22 12:25:00,158.032,52.833,199.5,122.047,1325.94,393.64,,194.366,84.512,150.243,275.563,91.987,151.26,181.624,163.58,183.142,182.714,106.89,,245.66
2004-01-22 12:30:00,160.024,52.823,202.133,122.103,1321.38,395.16,99.477,193.172,84.932,149.23,274.674,91.863,149.9,182.092,165.266,183.298,180.996,107.082,,248.27
2004-01-22 12:35:00,159.116,51.63,202.533,119.73,1322.6,393.95,,192.9,85.388,148.307,273.168,92.608,150.38,179.218,165.042,183.592,180.98,107.448,,249.954
2004-01-22 12:40:00,157.858,53.747,202.0,123.387,1329.26,394.12,,195.382,86.484,148.377,273.209,91.414,149.16,180.544,163.776,185.05,181.674,105.918,,249.002
2004-01-22 12:45:00,157.704,53.157,200.567,119.98,1327.44,397.253,98.891,193.574,84.082,147.553,273.97,91.927,151.52,181.36,163.668,183.26,183.302,106.188,,252.358
2004-01-22 12:50:00,159.182,52.327,205.667,120.583,1333.2,397.11,,195.142,85.466,147.523,274.799,91.688,147.18,179.2,165.024,182.412,180.73,106.924,,246.976
2004-01-22 12:55:00,159.69,52.973,203.1,121.817,1327.74,393.887,,195.364,87.246,148.037,274.386,89.501,151.6,183.144,163.742,183.478,183.858,105.434,,247.37
2004-01-22 13:00:00,158.992,52.837,201.033,122.093,1320.08,395.56,99.133,195.392,86.358,149.333,275.386,93.128,148.68,180.884,164.816,181.236,183.246,106.72,,249.564
2004-01-22 13:05:00,158.56,52.44,203.533,121.7,1332.96,394.99,,195.718,84.126,147.2,273.103,91.774,148.0,180.624,163.838,180.266,183.45,106.73,,248.63
2004-01-22 13:10:00,158.864,52.333,202.367,122.287,1324.98,396.123,,193.144,85.16,147.153,275.052,90.103,150.92,180.054,164.852,184.398,182.26,105.444,,246.61
2004-01-22 13:15:00,158.426,52.767,204.233,121.497,1326.1,398.54,99.25,195.638,83.694,150.263,276.011,91.183,151.24,178.838,163.492,181.034,184.598,105.338,,249.278
2004-01-22 13:20:00,159.654,53.567,206.033,122.17,1331.74,397.6,,194.192,83.94,149.973,275.497,93.721,151.6,179.636,164.758,181.196,183.394,105.368,,251.304
2004-01-22 13:25:00,159.466,52.69,203.067,123.733,1334.56,393.314,,196.592,85.582,151.87,276.185,92.591,149.8,182.704,162.864,183.35,182.904,107.288,,249.792
2004-01-22 13:30:00,158.826,52.643,203.967,122.14,1330.26,398.947,98.839,191.968,84.442,149.09,275.785,92.577,150.4,179.146,163.206,184.982,183.96,105.856,,251.162
2004-01-22 13:35:00,158.008,52.687,203.133,120.817,1328.6,396.73,,196.326,85.386,146.453,277.456,91.225,149.84,179.684,163.94,183.88,185.404,104.898,,249.022
2004-01-22 13:40:00,157.28,52.037,203.767,120.413,1327.92,398.233,,195.72,85.826,146.997,276.293,92.652,151.92,180.062,163.926,182.556,183.178,105.932,,249.306
2004-01-22 13:45:00,158.986,52.78,203.233,121.32,1322.58,396.153,100.19,195.624,84.234,146.257,276.737,91.262,152.36,181.446,163.428,183.818,182.896,104.992,,249.93
2004-01-22 13:50:00,157.812,53.39,202.467,122.587,1327.82,392.683,,192.712,84.954,151.813,277.663,92.425,151.84,181.15,165.046,183.116,183.552,106.434,,249.0
2004-01-22 13:55:00,156.82,52.247,202.933,120.93,1331.36,394.44,,195.756,84.648,149.753,276.364,92.538,150.46,180.382,163.82,181.91,181.262,105.502,,247.448
2004-01-22 14:00:00,156.528,52.317,204.933,122.11,1316.24,395.51,99.191,195.208,84.724,149.263,276.061,93.399,151.26,179.904,163.166,180.794,182.974,105.684,,250.952
2004-01-22 14:05:00,156.12,52.227,203.267,120.617,1321.4,394.44,,194.904,84.986,148.297,274.835,92.246,150.44,182.208,164.08,182.978,184.47,104.614,,247.348
2004-01-22 14:10:00,157.54,51.9,204.0,120.7,1310.32,398.317,,194.418,83.146,150.657,277.494,91.563,151.36,180.15,163.248,182.602,183.02,105.202,,249.802
2004-01-22 14:15:00,154.622,51.943,204.2,122.857,1313.3,397.263,100.316,196.514,85.286,147.307,276.747,91.287,151.62,181.67,161.85,180.462,186.252,106.284,,248.36
2004-01-22 14:20:00,158.072,52.817,202.533,118.657,1312.88,393.763,,196.086,85.008,148.44,281.374,92.113,151.28,180.978,162.278,181.598,184.126,105.422,,248.826
2004-01-22 14:25:00,155.932,53.5,202.7,121.067,1310.54,390.353,,193.794,84.668,149.357,279.095,91.908,151.44,183.178,163.24,182.816,182.498,105.934,,249.454
2004-01-22 14:30:00,156.892,53.067,203.767,120.557,1312.6,392.977,99.355,195.73,84.34,150.91,278.279,93.576,150.62,182.838,163.146,182.414,182.64,105.622,,248.698
2004-01-22 14:35:00,157.196,52.66,205.6,120.507,1317.02,396.087,,195.66,85.072,149.547,276.006,92.281,152.44,182.612,163.644,182.34,182.946,106.202,,249.394
2004-01-22 14:40:00,156.836,52.543,205.067,120.42,1313.48,396.73,,196.098,86.536,150.637,278.009,92.796,151.74,181.616,163.12,181.518,185.726,106.65,,249.69
2004-01-22 14:45:00,156.788,53.203,203.133,121.2,1308.76,395.93,100.439,198.896,86.432,151.737,278.79,92.715,151.22,183.418,163.392,180.986,183.306,104.95,,249.79
2004-01-22 14:50:00,156.56,52.407,202.9,120.633,1309.86,392.65,,197.6,84.74,149.434,278.18,91.858,150.06,183.062,161.808,182.764,182.864,105.64,,246.798
2004-01-22 14:55:00,157.736,51.873,203.267,120.51,1309.72,395.48,,194.272,84.58,150.45,274.391,91.317,150.72,184.06,162.548,183.044,185.326,107.178,,248.956
2004-01-22 15:00:00,156.65,52.337,203.233,120.42,1316.1,393.407,99.112,193.424,84.422,147.17,280.21,93.162,152.3,182.79,165.026,183.168,182.206,105.07,,249.478
2004-01-22 15:05:00,155.154,52.65,203.567,122.24,1312.24,394.537,,196.198,86.048,148.04,277.302,92.5,151.7,181.388,162.918,183.016,183.598,105.94,,248.552
2004-01-22 15:10:00,156.418,53.033,205.133,121.233,1314.94,394.68,,194.91,85.444,149.19,278.145,93.124,153.18,181.952,162.042,184.41,184.596,106.56,,248.164
2004-01-22 15:15:00,155.764,51.267,203.6,120.83,1320.16,394.45,100.212,196.062,86.414,151.103,275.144,93.389,150.76,182.178,163.914,182.138,186.55,106.24,,250.204
2004-01-22 15:20:00,156.89,52.513,204.967,122.473,1311.66,396.57,,194.186,85.388,149.39,278.582,93.639,152.08,182.186,161.512,183.98,184.216,105.228,,247.156
2004-01-22 15:25:00,156.3,51.037,202.333,121.057,1308.98,394.153,,193.62,85.842,148.697,280.301,93.692,153.38,182.016,165.434,183.272,184.264,107.694,,248.652
2004-01-22 15:30:00,157.32,51.747,202.6,123.357,1310.84,392.113,100.344,193.436,84.832,148.74,277.605,91.44,151.68,180.778,164.292,185.084,184.936,106.638,,248.934
2004-01-22 15:35:00,156.98,52.76,202.467,121.533,1312.3,394.923,,194.206,84.474,148.417,276.459,92.295,151.82,181.322,160.814,181.734,183.52,105.548,,249.04
2004-01-22 15:40:00,156.314,52.633,201.233,122.04,1307.96,392.48,,194.342,86.366,148.41,276.762,93.127,152.34,182.482,163.89,185.49,182.146,105.932,,247.018
2004-01-22 15:45:00,155.832,51.777,204.6,121.76,1300.6,395.78,99.189,196.264,85.45,149.103,278.912,93.344,152.1,181.966,164.226,183.06,185.358,106.238,,250.134
2004-01-22 15:50:00,158.078,52.487,202.133,121.923,1305.64,395.39,,196.734,86.242,151.547,278.205,92.253,151.7,181.862,163.598,183.2,184.692,105.378,,248.552
2004-01-22 15:55:00,157.536,52.507,203.133,123.983,1308.12,393.76,,194.966,85.22,149.31,278.105,92.073,153.2,182.044,161.71,182.428,185.45,106.486,,249.362
2004-01-22 16:00:00,156.158,51.827,203.967,121.74,1306.7,393.823,99.781,194.18,86.226,150.723,278.167,94.188,151.84,181.652,164.442,183.018,183.87,105.322,,250.846
2004-01-22 16:05:00,155.844,52.607,202.667,121.15,1301.02,395.403,,191.528,85.41,148.637,280.143,92.833,151.64,183.694,162.472,183.046,183.572,105.358,,248.4
2004-01-22 16:10:00,157.816,52.323,203.9,120.5,1300.5,398.703,,195.072,85.884,152.067,277.864,92.448,151.58,181.842,163.834,182.94,185.408,104.998,,251.072
2004-01-22 16:15:00,158.94,53.387,204.533,120.1,1303.96,392.417,100.053,195.592,86.978,148.703,279.333,91.401,151.46,183.144,162.688,182.826,184.696,106.088,,250.084
2004-01-22 16:20:00,158.092,52.32,204.367,121.99,1306.5,392.093,,196.132,85.792,149.186,276.289,93.035,151.5,181.826,161.874,185.544,186.454,105.484,,248.786
2004-01-22 16:25:00,158.596,52.88,202.567,120.61,1305.0,392.927,,195.668,85.572,150.157,278.561,92.385,151.62,184.316,165.042,184.39,184.3,106.436,,249.112
2004-01-22 16:30:00,155.91,52.347,203.2,120.483,1307.74,394.967,100.008,196.642,87.164,149.94,279.256,93.36,151.84,183.532,165.302,182.074,184.604,105.316,,250.628
2004-01-22 16:35:00,157.4,52.577,205.133,120.227,1304.26,394.99,,195.292,85.642,149.283,278.485,91.723,151.18,182.326,163.274,183.716,185.242,106.626,,249.992
2004-01-22 16:40:00,157.146,52.943,205.033,122.03,1305.42,394.673,,193.996,86.71,152.0,279.253,92.162,152.64,183.116,162.502,185.586,184.294,106.054,,246.846
2004-01-22 16:45:00,158.662,51.57,204.0,121.533,1306.36,392.94,100.584,195.648,85.77,148.513,280.888,91.691,152.68,183.99,163.524,183.526,185.692,106.202,,250.294
2004-01-22 16:50:00,156.478,51.747,202.167,121.287,1309.34,393.95,,195.712,84.932,149.547,280.178,93.013,152.24,183.946,165.996,184.582,184.202,105.282,,250.676
2004-01-22 16:55:00,157.842,52.623,203.767,119.99,1307.9,389.897,,196.768,85.678,149.96,276.979,91.585,150.84,181.874,163.752,183.858,182.988,104.132,,249.238
2004-01-22 17:00:00,156.51,52.753,203.467,121.24,1299.44,396.61,100.687,194.126,87.11,151.48,280.168,92.271,151.48,182.548,165.65,183.428,184.22,106.008,,250.17
2004-01-22 17:05:00,156.778,52.18,203.9,121.907,1302.88,391.916,,195.212,84.93,149.796,279.17,93.669,151.26,181.318,164.384,184.552,186.166,106.244,,250.87
2004-01-22 17:10:00,156.564,51.36,202.267,122.76,1308.38,395.287,,195.82,84.95,148.386,279.237,92.959,152.22,182.796,164.682,184.408,185.622,106.314,,249.918
2004-01-22 17:15:00,157.912,52.46,203.533,121.43,1303.46,392.67,99.755,197.212,86.074,149.75,277.634,90.554,151.38,182.046,166.184,183.248,184.228,105.946,,247.31
2004-01-22 17:20:00,155.738,52.877,203.633,123.663,1299.08,393.78,,194.934,85.228,150.83,279.594,92.929,149.84,180.658,163.602,181.968,185.038,106.8,,250.234
2004-01-22 17:25:00,156.498,52.87,202.3,120.893,1298.68,394.54,,194.942,84.384,150.043,280.956,93.13,150.58,184.724,161.384,182.902,186.012,105.86,,247.836
2004-01-22 17:30:00,156.744,52.64,203.367,121.307,1302.7,394.95,100.109,196.376,85.152,150.24,280.357,93.644,149.84,185.132,164.366,182.46,188.2,107.108,,246.366
2004-01-22 17:35:00,157.36,52.25,203.067,122.417,1304.46,395.82,,195.176,85.814,151.713,278.522,91.781,150.64,181.912,163.488,183.026,185.738,105.16,,248.546
2004-01-22 17:40:00,157.824,52.317,202.433,122.447,1303.22,395.587,,195.392,84.012,149.82,280.093,91.642,150.72,182.94,166.11,180.746,184.546,105.478,,248.818
2004-01-22 17:45:00,158.422,53.053,202.467,121.977,1306.74,395.657,100.238,194.81,86.492,148.927,280.656,90.241,152.66,184.19,163.44,184.582,186.186,106.93,,250.46
2004-01-22 17:50:00,156.836,52.067,202.3,121.54,1305.84,398.49,,195.72,84.676,150.38,278.991,93.987,150.88,182.216,163.8,182.1,184.77,107.868,,249.052
2004-01-22 17:55:00,155.438,53.602,204.333,121.033,1302.44,394.74,,196.142,84.632,148.54,278.693,93.154,152.68,184.398,164.404,184.28,182.636,106.62,,248.836
2004-01-22 18:00:00,157.072,53.6,205.567,121.387,1304.48,394.58,99.167,196.238,85.36,151.263,279.451,92.538,150.1,184.948,166.008,182.36,184.03,105.88,,248.458
2004-01-22 18:05:00,156.286,53.09,203.9,121.853,1306.4,394.607,,195.802,85.382,152.73,278.943,92.628,150.52,183.372,163.948,183.228,183.794,105.61,,250.392
2004-01-22 18:10:00,157.706,51.177,204.0,122.63,1307.88,394.483,,197.62,85.514,150.6,280.468,91.504,148.9,183.382,164.664,181.716,184.898,105.8,,249.686
2004-01-22 18:15:00,155.144,51.147,203.267,121.4,1305.38,396.93,99.7,196.566,86.268,150.404,279.925,93.352,149.0,181.312,165.322,183.276,185.15,106.758,,249.048
2004-01-22 18:20:00,156.244,52.377,204.4,120.063,1304.74,393.64,,194.214,84.766,149.633,280.118,93.349,150.06,182.184,164.332,183.006,183.96,106.892,,249.35
2004-01-22 18:25:00,158.224,52.39,201.2,122.1,1305.32,396.86,,194.23,86.298,151.71,278.66,93.804,150.2,184.528,165.716,184.174,184.726,106.55,,248.322
2004-01-22 18:30:00,158.552,53.413,203.267,122.81,1309.62,393.357,99.681,197.842,84.866,149.3,279.775,92.785,150.86,185.814,164.732,181.492,185.37,106.64,,249.988
2004-01-22 18:35:00,157.104,51.837,204.667,121.617,1302.64,396.387,,193.71,83.474,148.223,280.502,93.057,150.1,184.554,166.08,184.128,184.576,107.684,,246.898
2004-01-22 18:40:00,157.13,51.95,203.433,121.353,1310.58,394.683,,197.454,85.04,149.817,281.723,92.079,152.3,182.374,165.76,183.466,184.524,108.368,,252.72
2004-01-22 18:45:00,157.766,51.63,203.3,120.613,1315.38,395.266,100.443,195.308,86.868,149.92,278.022,91.134,151.2,182.886,166.756,182.15,185.11,108.016,,250.462
2004-01-22 18:50:00,157.442,52.44,203.5,121.993,1312.32,391.75,,195.632,85.486,148.123,280.561,92.729,152.54,185.624,163.878,180.276,185.206,106.698,,250.448
2004-01-22 18:55:00,156.752,52.317,201.4,121.113,1305.98,391.567,,194.658,85.948,150.163,279.737,92.261,151.88,184.38,165.206,183.728,184.564,106.02,,248.548
2004-01-22 19:00:00,156.15,52.23,202.667,121.677,,394.64,100.179,194.422,85.978,152.563,278.544,92.628,149.96,183.72,165.294,183.92,184.39,107.422,,248.394
2004-01-22 19:05:00,158.392,52.03,202.533,123.077,,393.667,,197.73,86.89,149.797,279.816,93.34,151.7,184.97,164.904,182.898,184.788,106.694,,251.498
2004-01-22 19:10:00,155.892,51.787,204.6,121.763,,393.39,,195.332,86.032,152.703,281.839,93.699,151.12,182.884,165.794,180.768,185.428,107.112,,251.696
2004-01-22 19:15:00,157.126,52.35,202.767,121.393,,394.89,100.529,195.716,84.8,149.197,281.665,93.179,151.9,182.828,165.256,185.4,185.346,107.132,,250.13
2004-01-22 19:20:00,158.034,51.847,205.533,121.497,,393.43,,195.678,85.35,149.123,283.087,93.007,151.88,182.06,165.182,183.21,185.5,107.64,,252.394
2004-01-22 19:25:00,157.034,51.49,201.4,121.91,,392.663,,196.908,85.374,150.0,281.666,93.485,151.1,183.494,163.616,183.378,184.98,107.49,,248.808
2004-01-22 19:30:00,156.542,53.393,203.467,122.463,,393.25,100.166,195.556,85.56,150.223,279.852,91.956,154.3,186.05,164.972,185.282,185.814,107.456,,248.382
2004-01-22 19:35:00,154.68,52.513,203.4,121.5,,394.087,,197.626,84.94,150.417,279.263,93.571,148.98,185.314,165.626,182.622,185.502,106.852,,250.242
2004-01-22 19:40:00,157.298,52.623,202.8,122.42,,394.45,,197.22,85.234,149.143,281.788,93.037,152.3,183.414,166.228,183.048,184.284,107.872,,249.434
2004-01-22 19:45:00,156.38,52.46,204.5,120.513,,394.297,99.686,195.784,85.018,149.193,277.872,91.776,148.88,183.928,165.228,183.994,183.842,107.77,,250.61
2004-01-22 19:50:00,157.102,52.77,204.367,120.7,,393.297,,194.692,85.442,150.88,280.427,91.857,150.16,182.296,166.288,184.194,182.312,108.44,,249.864
2004-01-22 19:55:00,157.08,51.713,204.067,121.373,,394.363,,198.164,86.11,150.91,281.63,92.981,151.6,183.604,165.866,183.146,185.4,106.608,,249.898
2004-01-22 20:00:00,155.624,52.533,203.333,120.59,,396.737,99.299,194.644,85.934,148.84,282.841,93.56,150.8,182.568,165.534,182.914,183.692,107.93,,250.814
2004-01-22 20:05:00,156.638,50.983,203.4,122.957,,394.107,,196.594,84.828,149.73,281.925,91.339,150.76,183.776,164.638,183.982,183.834,107.792,,252.048
2004-01-22 20:10:00,158.742,52.07,202.267,121.93,,391.913,,196.548,85.704,150.313,282.603,92.115,152.66,183.104,165.12,184.448,184.234,107.396,,251.574
2004-01-22 20:15:00,157.344,52.063,203.8,122.293,,394.35,99.451,195.654,86.856,150.873,279.937,91.707,151.04,184.928,164.872,185.846,185.705,106.998,,252.704
2004-01-22 20:20:00,156.89,51.097,203.367,120.43,,392.707,,195.414,85.922,149.803,281.886,94.046,150.92,182.91,164.618,185.294,187.298,108.268,,250.154
2004-01-22 20:25:00,157.518,51.593,201.267,119.91,,393.543,,194.656,87.178,149.28,282.767,92.316,151.94,185.076,165.268,183.502,186.414,108.528,,248.77
2004-01-22 20:30:00,155.908,52.313,204.067,122.903,,394.607,100.647,196.918,86.524,151.77,283.572,92.423,150.76,183.53,165.194,182.692,184.49,107.576,,250.37
2004-01-22 20:35:00,155.742,52.987,204.367,119.75,,391.907,,194.272,85.676,150.127,281.405,94.066,150.88,182.94,164.226,184.672,184.555,106.774,,250.026
2004-01-22 20:40:00,157.022,52.667,205.433,119.76,,395.873,,194.688,86.172,149.7,280.917,91.586,152.86,184.36,166.554,183.418,183.74,107.71,,252.092
2004-01-22 20:45:00,157.56,53.347,203.767,120.503,,391.057,99.814,193.9,86.266,152.39,281.732,92.143,152.64,184.216,165.076,185.344,184.902,107.732,,254.022
2004-01-22 20:50:00,157.43,52.773,203.1,121.323,,394.477,,194.734,86.01,149.507,281.798,92.625,153.84,184.026,164.686,183.002,184.414,106.346,,251.74
2004-01-22 20:55:00,155.718,52.147,203.467,122.49,,392.89,,193.88,87.806,149.533,279.927,92.03,152.3,184.292,166.11,184.066,184.79,107.636,,250.192
2004-01-22 21:00:00,156.044,52.08,201.3,122.42,,394.47,98.379,194.412,85.608,151.18,279.234,93.722,151.38,184.434,164.634,182.978,186.084,107.21,,252.426
2004-01-22 21:05:00,157.51,50.697,203.867,121.053,,393.07,,193.33,85.914,149.72,280.239,91.284,152.44,184.248,166.744,183.812,185.998,106.638,,250.196
2004-01-22 21:10:00,155.162,52.017,204.2,119.833,,393.98,,196.966,85.542,149.72,281.407,93.244,152.9,184.886,166.774,185.052,183.774,107.186,,248.26
2004-01-22 21:15:00,155.468,52.013,204.233,123.97,,393.517,99.255,197.4,85.866,150.297,284.521,93.078,151.88,184.836,165.958,184.068,185.686,108.48,,251.488
2004-01-22 21:20:00,157.334,51.653,204.767,120.51,,394.727,,196.516,86.612,151.554,279.34,91.513,150.5,184.916,164.606,185.548,186.39,107.114,,250.098
2004-01-22 21:25:00,156.218,51.423,205.167,120.67,,396.18,,196.82,86.326,150.4,279.708,92.754,152.56,184.89,166.874,184.104,186.928,107.21,,252.024
2004-01-22 21:30:00,157.74,51.367,203.033,122.353,,389.017,100.816,196.004,85.174,152.463,279.871,93.355,151.68,184.682,165.41,184.858,185.968,108.558,,250.514
2004-01-22 21:35:00,157.744,52.58,204.833,121.377,,395.577,,194.9,85.04,149.997,279.847,93.041,150.96,183.164,166.508,182.32,185.246,106.494,,251.01
2004-01-22 21:40:00,153.542,52.353,207.333,120.34,,394.876,,193.636,85.378,147.83,278.198,92.608,151.76,184.088,165.338,184.428,187.5,106.128,,251.876
2004-01-22 21:45:00,156.248,52.683,204.833,119.973,,392.767,99.459,196.904,86.084,152.21,282.735,92.15,152.12,185.29,164.884,183.428,186.072,107.222,,250.234
2004-01-22 21:50:00,154.376,53.213,203.133,119.29,,391.657,,194.662,88.098,149.63,281.908,92.767,151.02,183.99,164.57,183.584,185.28,108.848,,251.17
2004-01-22 21:55:00,156.888,52.003,202.8,123.513,,389.967,,194.644,85.716,152.037,280.735,94.182,149.74,184.542,165.954,183.778,183.73,107.606,,250.914
2004-01-22 22:00:00,154.624,52.18,204.067,120.947,,393.017,99.338,195.828,84.966,153.033,282.463,93.006,151.46,184.944,166.088,183.362,185.004,106.704,,248.196
2004-01-22 22:05:00,155.02,52.113,204.633,120.72,,391.97,,196.946,84.862,148.047,279.896,93.15,152.32,182.328,166.67,184.848,184.168,107.422,,250.674
2004-01-22 22:10:00,155.702,52.967,201.7,121.353,,392.567,,195.46,85.568,149.99,281.788,92.492,150.64,184.556,167.008,183.654,185.886,107.884,,250.134
2004-01-22 22:15:00,155.336,52.247,204.033,120.947,,392.547,98.947,197.62,85.998,150.153,277.969,92.876,150.54,184.792,165.796,183.58,184.264,106.964,,250.9
2004-01-22 22:20:00,155.682,52.093,201.733,122.07,,392.647,,195.79,86.45,150.22,279.805,91.897,152.26,183.512,165.088,183.264,186.888,105.284,,251.162
2004-01-22 22:25:00,155.016,52.603,203.267,121.143,,394.1,,196.998,85.438,151.847,278.401,93.666,152.22,185.616,166.658,181.186,182.9,106.756,,248.254
2004-01-22 22:30:00,156.258,52.723,202.9,121.637,,396.413,100.133,196.27,85.746,148.633,278.981,93.323,152.24,181.956,168.256,182.798,184.888,107.662,,250.176
2004-01-22 22:35:00,155.12,51.743,202.1,122.27,,393.157,,193.748,85.698,147.23,277.617,92.318,152.4,184.91,164.276,181.28,185.956,107.472,,249.514
2004-01-22 22:40:00,155.984,51.727,201.8,121.527,,397.493,,193.794,86.784,150.293,281.154,92.889,150.92,182.514,166.026,182.772,182.814,107.764,,249.722
2004-01-22 22:45:00,157.354,51.753,202.833,120.13,,394.06,99.534,197.956,84.804,150.554,280.459,93.119,150.56,187.556,165.834,182.674,181.502,107.206,,252.172
2004-01-22 22:50:00,157.274,52.433,203.4,122.343,,390.973,,196.778,86.4,149.503,279.054,92.722,151.1,184.736,165.794,185.932,186.252,107.992,,250.578
2004-01-22 22:55:00,156.63,51.88,205.067,121.373,,395.347,,194.566,85.798,149.33,277.218,95.865,150.02,184.148,165.274,185.302,184.06,108.072,,250.904
2004-01-22 23:00:00,158.844,52.203,205.533,120.2,,393.85,99.422,195.602,85.894,151.774,277.485,92.26,150.78,185.544,166.196,184.688,185.066,106.892,,251.29
2004-01-22 23:05:00,156.316,50.47,204.333,122.0,,394.123,,196.858,86.464,148.967,279.809,92.487,152.2,183.49,166.252,184.762,184.812,107.494,,250.056
2004-01-22 23:10:00,156.102,52.223,203.833,121.507,,392.367,,194.716,85.994,148.673,279.822,93.7,152.46,183.69,162.572,183.552,184.834,108.54,,251.77
2004-01-22 23:15:00,156.17,52.713,203.867,120.843,,388.703,99.062,193.106,86.896,151.14,278.372,92.951,152.5,182.756,167.084,184.044,186.294,106.43,,249.19
2004-01-22 23:20:00,155.432,53.567,204.467,121.713,,395.02,,197.598,84.544,147.943,282.527,92.879,150.72,184.156,167.282,183.34,184.278,107.884,,248.572
2004-01-22 23:25:00,158.592,52.277,204.567,122.43,,396.99,,194.916,86.71,150.493,279.006,93.051,152.08,184.278,164.738,184.192,185.34,107.292,,253.018
2004-01-22 23:30:00,156.056,52.927,204.467,121.223,,393.963,99.079,192.39,85.796,149.76,278.68,92.991,152.16,182.8,168.558,182.412,186.286,108.4,,252.05
2004-01-22 23:35:00,156.928,53.07,206.3,123.017,,388.933,,195.296,86.608,148.513,280.781,93.124,151.78,183.904,166.614,184.706,184.202,107.486,,250.348
2004-01-22 23:40:00,156.698,53.323,203.533,119.707,,393.78,,192.714,86.086,151.707,279.6,92.551,150.54,183.602,166.034,183.706,184.456,107.208,,249.366
2004-01-22 23:45:00,157.798,52.617,203.567,119.987,,392.713,99.475,194.464,85.558,147.227,281.432,93.231,151.1,183.654,165.382,184.586,185.538,106.936,,249.542
2004-01-22 23:50:00,156.182,53.113,207.267,120.173,,393.747,,193.56,86.42,149.12,280.65,93.097,151.44,185.942,166.086,184.458,185.348,107.544,,252.374
2004-01-22 23:55:00,155.272,52.437,204.7,122.627,,392.023,,196.834,87.264,148.82,278.542,91.537,151.76,182.258,166.102,181.92,183.978,106.996,,251.642
2004-01-23 00:00:00,155.866,52.61,204.533,122.08,,391.133,99.727,194.384,85.71,150.167,278.712,92.201,150.44,183.088,168.03,183.462,186.516,108.896,,248.51
2004-01-23 00:05:00,158.298,52.137,202.633,122.673,,394.507,,194.424,86.694,151.237,279.389,92.279,151.18,185.004,167.462,184.726,185.468,107.234,,248.376
2004-01-23 00:10:00,155.316,51.87,205.6,121.043,,392.39,,195.176,86.086,150.48,279.34,93.777,151.0,185.852,168.41,182.534,186.752,107.258,,250.56
2004-01-23 00:15:00,154.794,53.803,207.833,120.847,,391.71,99.374,194.01,85.92,150.807,278.63,93.278,151.26,184.018,165.666,184.308,186.11,106.97,,251.654
2004-01-23 00:20:00,156.882,52.0,204.1,119.877,,392.42,,194.492,85.904,150.127,278.941,92.448,150.84,184.016,164.434,182.616,187.354,107.628,,250.348
2004-01-23 00:25:00,154.792,52.85,206.0,122.347,,394.94,,194.422,85.416,150.567,280.711,94.72,151.9,185.584,167.46,187.002,184.402,107.41,,252.924
2004-01-23 00:30:00,155.85,53.253,205.633,122.447,,394.05,99.119,193.932,86.184,150.333,279.994,93.547,152.1,184.75,166.372,185.366,184.182,107.776,,250.508
2004-01-23 00:35:00,155.938,52.473,204.867,123.06,,392.877,,194.82,85.822,150.303,278.133,91.764,152.34,184.168,167.126,182.192,185.94,106.804,,250.396
2004-01-23 00:40:00,155.466,52.563,203.433,123.383,,391.54,,196.104,85.36,151.633,281.406,92.71,150.9,184.9,167.61,183.626,187.46,107.106,,249.66
2004-01-23 00:45:00,155.416,51.94,203.567,121.497,,394.96,100.264,196.516,86.64,147.8,278.296,91.931,151.86,184.948,165.45,186.358,186.442,107.308,,253.52
2004-01-23 00:50:00,155.034,53.467,205.733,123.417,,391.347,,195.388,86.01,148.647,280.785,90.978,151.02,182.686,164.126,182.714,184.358,107.386,,251.418
2004-01-23 00:55:00,155.792,52.973,201.3,119.793,,396.81,,196.852,85.902,147.737,278.165,91.763,149.6,184.276,167.22,182.738,186.126,106.728,,250.966
2004-01-23 01:00:00,155.902,52.373,202.933,123.113,,392.007,99.801,197.088,85.634,149.0,278.882,93.273,151.98,184.096,164.95,182.402,184.836,107.598,,251.49
2004-01-23 01:05:00,155.208,51.787,203.233,122.05,,394.343,,196.206,85.936,149.883,281.788,92.999,152.3,185.024,166.892,184.626,187.48,107.612,,250.83
2004-01-23 01:10:00,155.85,52.637,203.733,121.243,,393.797,,196.01,86.088,147.527,278.458,93.786,152.36,184.558,165.122,185.478,185.462,106.988,,250.904
2004-01-23 01:15:00,155.776,52.0,203.0,123.743,,396.597,99.331,195.682,86.804,151.283,278.637,90.381,152.2,184.21,164.878,185.348,185.294,107.446,,250.788
2004-01-23 01:20:00,155.702,52.963,203.9,122.23,,390.44,,196.794,85.006,151.933,281.896,93.977,150.34,183.914,166.96,184.96,184.258,107.516,,249.946
2004-01-23 01:25:00,156.368,53.417,202.933,121.097,,391.307,,194.932,86.08,152.963,277.525,92.265,152.98,183.874,167.516,184.856,185.306,108.082,,250.336
2004-01-23 01:30:00,158.604,52.733,204.967,120.5,,393.986,99.311,196.862,84.432,152.003,277.787,90.747,149.58,181.876,167.038,183.016,183.676,106.8,129.37,249.018
2004-01-23 01:35:00,156.388,51.693,201.633,121.207,,392.92,,195.648,85.074,149.774,279.78,92.628,150.18,185.348,166.232,184.36,184.13,107.578,128.672,251.33
2004-01-23 01:40:00,155.394,51.597,201.267,121.917,,395.35,,195.564,85.84,149.463,278.212,91.947,152.5,185.89,165.586,184.138,183.172,108.822,126.976,252.748
2004-01-23 01:45:00,157.082,52.48,205.267,121.947,,393.65,99.854,197.7,85.742,150.457,281.668,92.802,149.78,183.844,167.562,184.772,184.392,107.294,128.466,250.782
2004-01-23 01:50:00,156.994,52.853,205.0,124.16,,395.697,,196.692,86.786,147.577,279.838,93.432,150.92,185.18,167.622,185.208,187.21,107.73,128.564,253.738
2004-01-23 01:55:00,154.606,52.76,202.133,121.51,,392.273,,195.828,86.388,150.42,280.361,92.156,151.34,184.652,164.718,185.338,185.498,107.596,129.288,249.996
2004-01-23 02:00:00,155.864,52.167,203.233,121.533,,394.45,100.176,196.028,84.93,149.813,279.054,94.126,150.88,182.62,165.002,185.904,185.438,108.166,128.244,252.54
2004-01-23 02:05:00,156.174,52.627,205.7,123.257,,391.39,,196.868,85.79,151.78,279.381,93.039,151.54,183.876,165.322,183.294,185.83,107.504,127.608,251.346
2004-01-23 02:10:00,155.99,52.543,204.433,122.267,,398.923,,197.722,84.88,150.207,280.27,94.359,150.8,184.704,166.488,184.098,184.514,107.512,128.708,249.832
2004-01-23 02:15:00,155.604,51.78,202.933,120.877,,395.583,101.286,197.12,85.29,151.873,280.737,90.912,150.58,183.246,164.73,184.474,185.414,107.376,129.136,252.558
2004-01-23 02:20:00,154.844,52.533,203.567,120.733,,392.373,,194.844,86.262,150.363,282.449,92.339,151.84,183.914,164.172,184.806,185.884,107.916,126.53,251.158
2004-01-23 02:25:00,157.598,52.343,203.1,122.177,,392.88,,193.852,85.106,150.377,280.214,92.594,150.88,183.894,166.036,184.492,185.196,107.472,127.867,253.07
2004-01-23 02:30:00,156.212,53.547,204.7,122.5,,396.28,99.712,198.364,85.66,149.49,281.663,92.213,151.18,186.912,164.452,183.406,184.17,107.028,,
2004-01-23 02:35:00,156.576,52.72,201.633,121.283,,396.857,,196.286,85.908,149.403,281.859,93.098,150.8,182.536,166.536,185.156,184.884,107.272,,
2004-01-23 02:40:00,154.912,51.403,202.467,121.593,,394.367,,196.82,86.598,150.48,279.927,93.844,151.66,183.706,165.76,185.486,185.17,107.622,128.406,251.682
2004-01-23 02:45:00,154.69,52.6,204.067,121.717,,395.846,100.28,196.612,86.542,148.35,279.248,93.058,151.34,182.22,163.616,184.562,184.532,107.02,128.948,251.478
2004-01-23 02:50:00,152.182,52.28,204.267,125.02,,397.89,,197.51,85.002,150.03,278.781,92.405,152.26,183.072,166.122,182.848,185.732,108.178,128.276,253.778
2004-01-23 02:55:00,,53.347,204.533,123.937,,396.843,,197.578,86.092,148.74,279.691,93.993,152.1,183.982,167.996,185.386,185.844,106.918,129.294,251.72
2004-01-23 03:00:00,,52.943,206.133,123.003,,399.467,99.71,198.154,86.748,150.687,279.331,93.338,152.64,185.982,166.542,183.628,187.74,107.78,128.4,251.914
2004-01-23 03:05:00,156.67,53.21,201.0,122.56,,396.077,,198.556,85.626,151.483,278.734,92.52,151.12,183.692,167.22,184.708,184.296,107.904,127.032,254.722
2004-01-23 03:10:00,154.182,52.293,203.333,122.233,,397.887,,196.06,85.868,149.813,279.331,93.565,152.74,183.428,165.12,184.818,184.594,107.068,128.938,252.682
2004-01-23 03:15:00,154.502,52.767,205.233,123.433,,397.967,101.216,197.91,85.69,149.637,280.738,93.116,154.16,183.948,164.6,185.238,185.5,107.746,127.774,251.72
2004-01-23 03:20:00,154.314,52.26,205.433,123.21,,399.013,,196.368,85.714,148.823,281.957,93.029,151.86,184.074,167.018,186.41,185.49,106.518,128.382,251.24
2004-01-23 03:25:00,157.412,53.267,205.467,122.797,,397.74,,196.066,84.216,151.077,279.79,91.831,151.8,184.978,167.154,183.83,185.2,108.506,128.416,250.31
2004-01-23 03:30:00,156.23,52.073,203.067,122.353,,396.963,100.903,196.04,86.684,149.34,279.201,94.217,152.74,183.128,165.906,183.054,184.868,107.178,128.208,251.854
2004-01-23 03:35:00,154.45,51.587,202.733,121.52,,398.277,,197.884,86.658,150.8,281.121,92.643,152.42,183.948,167.23,185.9,185.902,107.714,130.42,252.898
2004-01-23 03:40:00,154.676,53.063,203.733,122.55,,397.143,,196.546,86.944,147.883,280.999,91.19,151.2,181.812,165.042,183.994,185.482,108.848,127.634,250.318
2004-01-23 03:45:00,156.396,53.757,204.767,122.897,,396.123,100.249,197.788,85.332,151.73,283.649,94.548,152.1,181.864,167.108,183.478,183.938,109.824,129.068,253.308
2004-01-23 03:50:00,156.114,52.927,203.7,122.603,,397.04,,198.402,86.43,148.44,282.364,94.039,152.64,182.168,164.508,184.556,186.422,107.338,130.226,251.812
2004-01-23 03:55:00,154.936,52.167,201.3,121.777,,399.067,,197.534,85.014,150.24,280.589,92.319,152.54,183.324,167.492,185.024,185.908,107.626,129.76,253.328
2004-01-23 04:00:00,155.57,53.063,201.833,123.097,,398.597,100.544,197.044,86.442,150.187,279.936,94.501,151.94,183.564,165.226,183.9,185.544,107.456,129.658,255.178
2004-01-23 04:05:00,154.88,52.313,202.433,122.863,,397.687,,196.966,84.646,147.247,280.613,92.922,153.04,185.308,166.872,184.748,184.406,106.96,129.042,252.024
2004-01-23 04:10:00,155.27,52.29,202.467,123.697,,400.097,,195.966,84.626,151.363,280.164,92.15,151.24,186.348,170.002,185.526,187.538,108.034,129.14,254.05
2004-01-23 04:15:00,153.832,52.193,202.633,122.573,,396.393,100.888,198.15,86.696,149.85,278.793,92.854,150.18,184.176,167.848,185.822,184.37,108.078,130.0,253.506
2004-01-23 04:20:00,155.922,51.573,202.867,123.543,,399.867,,199.976,86.14,151.59,280.809,92.715,152.58,184.564,166.118,185.432,186.152,107.144,129.552,253.038
2004-01-23 04:25:00,156.924,51.507,202.6,123.82,,398.727,,196.938,84.808,153.336,277.578,92.614,152.24,184.07,166.084,185.254,185.75,107.72,128.016,255.63
2004-01-23 04:30:00,154.208,53.09,205.3,123.627,1326.76,395.26,100.272,197.21,85.576,149.63,280.156,91.722,153.22,186.126,166.028,185.082,186.36,107.654,128.586,253.734
2004-01-23 04:35:00,156.438,53.023,203.167,122.333,1324.22,397.273,,196.838,85.632,151.363,282.071,91.82,151.68,185.274,167.256,186.52,186.112,108.24,128.708,253.572
2004-01-23 04:40:00,155.346,52.227,207.167,122.61,1330.18,399.013,,197.786,85.396,150.96,280.464,92.957,151.76,183.032,164.622,184.986,186.878,109.562,130.776,254.788
2004-01-23 04:45:00,154.836,53.36,201.767,122.657,1323.54,399.223,99.649,196.58,86.51,151.587,279.91,93.918,153.64,185.222,166.15,187.472,187.054,108.616,128.45,254.93
2004-01-23 04:50:00,155.448,52.507,203.9,122.177,1326.88,396.903,,196.928,87.626,151.303,281.854,92.501,151.96,185.258,164.278,186.738,185.282,106.58,,
2004-01-23 04:55:00,153.734,52.91,205.267,123.21,1327.72,394.413,,194.778,86.386,150.017,282.18,93.922,151.9,185.028,166.31,185.158,185.348,108.472,,
2004-01-23 05:00:00,152.634,53.14,201.833,123.383,1320.1,396.98,101.153,197.392,86.774,153.457,281.387,93.632,152.24,186.508,164.014,186.288,186.37,109.198,130.378,255.446
2004-01-23 05:05:00,155.32,52.66,202.633,122.14,1327.98,394.25,,197.364,86.722,151.097,279.552,94.21,152.7,185.74,167.104,186.182,187.27,108.324,129.92,255.352
2004-01-23 05:10:00,153.436,53.067,205.233,123.517,1327.58,398.393,,196.416,85.306,149.303,282.561,92.998,153.9,185.914,166.686,187.508,186.244,107.898,130.596,254.554
2004-01-23 05:15:00,155.046,53.203,203.367,122.993,1309.66,399.367,100.565,196.908,86.22,151.053,283.714,92.836,153.3,186.156,167.842,184.874,186.056,108.666,130.126,254.2
2004-01-23 05:20:00,154.032,52.53,202.9,120.263,1327.58,396.827,,197.082,86.144,149.477,282.887,92.117,153.92,185.56,165.936,183.692,185.956,108.914,128.764,252.222
2004-01-23 05:25:00,157.148,52.0,201.933,122.56,1320.74,397.827,,195.84,87.164,149.51,282.083,92.2,151.68,185.402,165.704,186.176,184.892,108.096,129.974,254.318
2004-01-23 05:30:00,153.068,52.793,201.7,123.88,1324.5,398.144,101.153,199.456,87.964,150.283,280.678,92.855,152.92,185.74,167.368,184.594,188.052,107.974,130.45,251.328
2004-01-23 05:35:00,153.974,52.283,203.367,122.137,1323.16,398.587,,196.538,87.542,149.54,283.866,94.336,152.3,187.75,166.5,184.004,185.348,108.46,129.572,254.234
2004-01-23 05:40:00,155.02,53.1,205.267,122.533,1320.18,398.4,,198.014,86.186,152.23,279.177,93.535,153.16,185.494,168.454,187.622,189.066,107.694,129.93,254.018
2004-01-23 05:45:00,152.952,52.58,202.5,121.353,1327.16,398.267,100.219,199.162,85.74,152.153,284.562,92.517,149.98,185.084,168.124,185.338,184.848,108.342,130.814,254.828
2004-01-23 05:50:00,154.402,53.967,205.767,122.663,1332.54,402.073,,197.828,86.93,151.653,283.094,93.468,153.64,185.932,166.374,186.148,185.254,107.652,130.22,253.082
2004-01-23 05:55:00,154.302,52.503,204.867,122.86,1327.94,401.07,,198.056,86.148,150.507,281.144,96.012,151.94,184.432,166.592,186.188,187.92,108.336,130.868,254.166
2004-01-23 06:00:00,154.828,52.75,202.3,122.477,1326.9,400.477,100.767,198.776,84.764,150.327,283.039,93.51,152.56,183.81,164.274,187.096,188.25,108.62,129.538,255.302
2004-01-23 06:05:00,154.398,53.707,205.2,124.627,1319.16,398.693,,198.77,86.596,152.056,281.928,95.6,152.26,187.644,166.844,185.826,184.826,108.622,130.714,254.114
2004-01-23 06:10:00,154.874,53.213,204.467,121.05,1318.72,401.823,,197.372,86.458,150.657,282.298,93.18,151.46,185.344,166.112,187.016,186.632,108.322,128.364,255.088
2004-01-23 06:15:00,154.558,51.917,205.9,121.93,1321.1,396.957,100.952,201.002,87.164,155.207,284.129,93.211,153.06,185.532,167.468,185.408,186.222,108.238,130.17,253.336
2004-01-23 06:20:00,154.28,52.29,205.267,123.467,1322.8,400.274,,197.808,85.494,152.663,283.551,94.016,151.56,184.674,168.012,188.578,184.5,108.048,129.248,251.778
2004-01-23 06:25:00,155.8,52.483,204.733,122.707,1319.46,398.457,,195.34,87.274,151.467,283.214,92.179,155.0,184.388,166.468,184.608,188.342,108.12,131.452,254.324
2004-01-23 06:30:00,152.794,51.76,208.533,120.993,1321.08,400.283,101.306,197.902,85.854,150.817,281.719,94.57,154.52,185.076,168.68,186.606,187.394,107.606,131.74,255.864
2004-01-23 06:35:00,155.494,52.273,207.0,121.297,1324.06,397.647,,198.476,85.948,151.96,281.556,92.592,153.54,186.314,167.232,185.204,187.87,107.782,130.178,255.542
2004-01-23 06:40:00,155.07,52.497,201.9,123.377,1319.12,398.827,,198.294,86.418,153.14,284.337,93.176,156.3,184.212,166.948,186.448,188.166,108.234,130.926,253.3
2004-01-23 06:45:00,153.928,52.24,202.2,122.187,1325.6,399.71,101.417,198.114,86.088,151.21,283.267,93.957,152.24,184.372,168.238,185.584,187.72,107.532,131.472,255.702
2004-01-23 06:50:00,153.674,53.117,205.133,121.477,1314.72,402.497,,194.65,86.716,151.937,281.278,95.025,152.72,186.188,167.422,184.814,187.752,107.962,131.142,255.83
2004-01-23 06:55:00,154.18,52.603,205.633,121.313,1317.1,400.26,,199.792,85.91,151.743,282.196,94.188,152.28,185.712,167.374,184.7,187.076,108.418,129.984,257.57
2004-01-23 07:00:00,152.632,52.45,204.8,120.987,1316.4,399.653,100.819,196.576,85.502,151.683,282.425,92.973,152.98,185.888,166.554,187.25,188.32,108.082,130.114,254.372
2004-01-23 07:05:00,154.004,52.55,208.433,123.393,1329.32,399.02,,197.02,87.39,151.8,283.1,93.145,152.52,186.768,167.198,186.188,186.838,109.04,131.266,257.09
2004-01-23 07:10:00,151.764,51.823,206.233,124.617,1320.88,398.617,,199.668,87.942,152.957,281.854,93.018,151.7,185.604,167.42,186.746,185.666,109.156,130.57,255.956
2004-01-23 07:15:00,154.242,53.793,206.767,121.547,1319.04,401.46,101.3,197.42,86.556,152.427,280.632,93.082,153.82,185.28,166.584,187.996,186.576,106.768,132.796,255.534
2004-01-23 07:20:00,154.788,51.26,203.033,123.147,1319.76,397.02,,197.318,86.542,149.5,278.042,93.722,153.18,185.97,167.564,185.586,187.032,108.504,131.72,257.138
2004-01-23 07:25:00,153.34,52.483,203.667,121.733,1315.16,398.503,,195.982,85.968,149.13,284.905,93.393,151.3,185.67,167.788,185.062,186.244,107.708,130.572,256.082
2004-01-23 07:30:00,152.836,51.793,203.2,121.607,1321.72,398.623,100.774,195.414,87.108,152.88,281.682,95.053,151.32,186.906,166.722,186.44,186.146,108.186,131.516,255.208
