ESOI    ATHN    MXCO    ROME    AATB    LMKS    DRBS    MOSC    NEWK    KIEL    CALG    OULU    APTY    FSMT    INVK    NAIN    PWNK    THUL    SOPB    SOPO
2005-05-14 21:35:00;173.850; 53.937;218.833;147.927;1383.900;429.560;   null;218.584; 92.438;163.760;303.696;102.665;164.560;206.230;182.548;200.020;206.694;116.086;148.408;284.938
2005-05-14 21:40:00;173.216; 54.630;218.867;148.960;1385.820;430.753;   null;219.722; 92.420;163.290;305.789;101.471;166.860;206.616;182.694;198.214;203.378;117.178;147.464;282.428
2005-05-14 21:45:00;172.772; 54.127;215.867;147.377;1378.300;428.717;108.890;218.820; 92.778;164.430;305.896;102.498;166.320;204.750;183.086;202.610;205.302;115.804;147.338;285.706
2005-05-14 21:50:00;174.344; 55.270;216.967;150.970;1374.740;430.367;   null;217.684; 91.740;164.156;304.178;101.772;165.940;205.746;182.894;202.018;204.004;117.096;148.640;283.886
2005-05-14 21:55:00;175.868; 55.083;216.267;147.733;1379.200;430.863;   null;217.902; 91.526;166.077;304.880;100.831;165.040;206.284;184.666;202.570;206.510;115.644;150.006;286.024
2005-05-14 22:00:00;175.198; 55.453;216.433;149.460;1377.120;432.377;108.481;216.010; 92.238;162.570;305.607;104.348;166.800;204.850;184.092;199.200;205.518;116.434;150.064;284.230
2005-05-14 22:05:00;174.546; 54.667;218.267;150.363;1378.780;431.877;   null;216.764; 91.540;162.457;303.437;102.597;165.540;206.284;182.302;202.940;203.422;116.018;149.276;284.046
2005-05-14 22:10:00;174.740; 55.883;215.600;148.827;1377.740;432.783;   null;219.068; 92.496;163.633;304.897;101.481;164.700;204.692;183.368;202.038;203.850;115.044;147.474;285.738
2005-05-14 22:15:00;173.364; 54.620;216.200;149.053;1383.800;431.577;108.258;218.592; 92.686;164.630;307.964;102.128;165.900;205.912;183.146;199.250;200.702;115.870;148.042;284.978
2005-05-14 22:20:00;174.654; 54.460;216.000;149.430;1382.960;431.327;   null;217.998; 92.000;163.697;303.784;102.288;166.500;206.588;183.202;199.764;201.492;115.556;147.792;283.616
2005-05-14 22:25:00;175.616; 53.717;216.400;149.640;1380.200;432.077;   null;218.016; 91.886;164.123;305.111;101.697;167.300;204.820;183.634;199.308;202.314;114.602;148.444;283.722
2005-05-14 22:30:00;174.302; 55.027;218.267;149.400;1386.960;430.517;109.081;217.882; 91.252;164.820;303.596;103.252;165.360;205.414;181.536;201.088;204.814;116.332;147.298;284.428
2005-05-14 22:35:00;174.360; 54.477;218.000;150.293;1383.580;430.300;   null;217.446; 91.560;164.843;304.551;101.704;164.720;205.904;183.612;200.390;202.556;116.076;147.180;285.800
2005-05-14 22:40:00;173.810; 55.817;215.867;148.663;1384.180;432.363;   null;216.590; 92.724;162.777;303.737;102.716;165.180;205.226;183.290;198.326;204.076;115.926;148.958;285.558
2005-05-14 22:45:00;172.962; 54.647;218.833;150.780;1385.240;431.740;108.787;217.850; 93.680;162.450;306.237;102.304;165.980;206.104;183.164;199.970;203.144;115.172;149.418;287.428
2005-05-14 22:50:00;172.310; 54.517;214.467;148.787;1385.240;431.323;   null;216.500; 93.206;161.550;303.843;103.148;165.320;204.396;183.372;202.504;202.416;114.398;147.426;282.056
2005-05-14 22:55:00;174.926; 54.520;216.867;149.850;1380.780;433.466;   null;218.314; 91.984;166.773;305.323;101.776;166.100;205.636;183.254;201.210;202.028;116.490;148.586;283.778
2005-05-14 23:00:00;175.092; 56.557;215.867;147.320;1384.960;429.420;108.887;222.144; 91.836;164.003;302.276;102.773;166.180;208.088;183.198;201.436;201.516;115.562;146.262;286.210
2005-05-14 23:05:00;174.522; 54.803;218.867;148.177;1380.560;430.657;   null;216.484; 91.546;165.293;303.614;101.382;164.220;204.414;183.300;200.274;205.182;116.152;147.908;286.838
2005-05-14 23:10:00;174.704; 54.010;218.067;149.570;1381.960;431.893;   null;219.282; 93.810;164.186;303.490;101.878;165.820;207.726;183.792;199.226;202.012;115.712;146.354;286.142
2005-05-14 23:15:00;173.934; 55.067;220.533;149.393;1388.460;434.617;107.312;218.878; 93.168;163.187;305.987;101.558;165.620;205.722;182.882;201.126;202.442;116.732;148.972;284.836
2005-05-14 23:20:00;175.358; 54.900;218.033;150.543;1390.160;431.897;   null;220.320; 92.008;163.763;301.004;101.355;165.340;204.988;180.108;199.526;203.040;115.462;148.530;285.342
2005-05-14 23:25:00;175.592; 55.223;216.833;149.873;1380.080;433.643;   null;219.100; 92.468;166.457;301.364;101.641;164.980;207.290;181.784;200.318;206.400;115.164;148.550;283.942
2005-05-14 23:30:00;173.902; 54.553;217.133;149.643;1385.780;430.480;107.549;218.748; 92.678;163.517;304.680;101.889;165.860;205.294;184.390;200.842;200.826;115.830;147.150;284.566
2005-05-14 23:35:00;173.412; 55.687;218.233;149.143;1379.640;431.983;   null;218.406; 92.202;164.287;304.418;102.234;164.620;205.994;183.788;200.648;202.030;116.102;147.620;285.502
2005-05-14 23:40:00;173.124; 55.903;216.733;150.953;1385.360;433.500;   null;219.656; 93.258;162.157;305.345;103.611;165.100;205.052;183.742;202.356;203.714;118.116;146.310;284.842
2005-05-14 23:45:00;172.278; 54.687;218.033;149.327;1391.180;431.184;107.904;219.328; 93.600;162.157;304.229;100.719;166.820;203.748;181.628;200.464;204.428;116.730;148.292;282.026
2005-05-14 23:50:00;173.138; 55.407;217.367;149.417;1383.640;432.553;   null;215.916; 91.918;163.953;302.916;102.328;165.200;205.828;183.698;203.216;203.678;114.972;148.734;281.854
2005-05-14 23:55:00;175.370; 56.740;216.700;146.547;1385.180;430.113;   null;218.164; 92.238;166.677;301.833;103.985;167.740;204.788;183.110;202.268;205.022;117.172;147.556;284.776
2005-05-15 00:00:00;171.968; 54.720;220.833;150.250;1382.960;433.340;107.742;217.174; 93.214;162.750;304.196;103.808;166.360;205.834;183.060;200.514;205.072;117.388;148.320;284.266
2005-05-15 00:05:00;176.522; 54.513;215.900;150.637;1377.100;431.833;   null;219.044; 93.034;165.703;306.008;102.340;168.100;204.704;181.758;200.758;203.960;115.246;149.054;285.462
2005-05-15 00:10:00;174.174; 55.953;217.233;149.410;1389.240;430.580;   null;215.680; 92.860;163.913;302.507;102.984;165.700;205.828;182.688;199.740;199.476;116.364;148.386;282.776
2005-05-15 00:15:00;172.800; 54.323;217.400;150.217;1393.240;432.433;108.757;217.780; 93.054;162.760;303.792;103.035;167.220;203.868;180.932;204.236;204.214;115.760;149.736;283.822
2005-05-15 00:20:00;173.630; 55.547;215.433;149.017;1390.560;434.803;   null;217.222; 91.916;165.210;300.191;102.305;165.120;204.722;185.524;198.354;207.154;116.018;147.790;280.818
2005-05-15 00:25:00;174.016; 55.490;218.900;148.813;1383.680;432.397;   null;217.652; 91.150;164.283;306.510;101.340;166.460;206.488;182.660;201.238;205.012;117.188;146.844;285.446
2005-05-15 00:30:00;175.912; 55.197;219.967;150.873;1387.780;429.710;109.151;215.010; 91.466;162.177;304.683;102.288;166.060;203.076;185.570;203.540;202.580;116.064;148.026;284.794
2005-05-15 00:35:00;172.706; 54.690;214.300;147.443;1384.780;433.573;   null;218.060; 90.572;163.560;302.131;103.396;167.620;205.396;182.516;199.450;204.196;116.656;148.964;284.728
2005-05-15 00:40:00;173.836; 55.640;217.200;152.423;1380.620;431.720;   null;218.612; 92.730;164.593;301.453;102.758;167.720;205.458;181.158;202.860;202.172;115.768;148.352;285.574
2005-05-15 00:45:00;174.918; 55.917;218.400;147.850;1385.540;432.887;109.231;217.812; 92.600;162.307;303.251;102.429;167.900;205.458;183.794;200.656;206.846;116.494;148.762;284.590
2005-05-15 00:50:00;175.058; 53.310;216.567;148.997;1387.940;427.053;   null;217.980; 93.166;165.300;301.887;102.501;168.440;205.912;183.080;199.014;201.980;116.814;148.214;284.960
2005-05-15 00:55:00;173.824; 55.270;217.067;150.763;1384.020;432.743;   null;218.268; 91.536;164.823;300.809;102.364;167.080;204.058;182.356;202.058;206.088;116.092;148.400;286.194
2005-05-15 01:00:00;173.874; 56.050;218.100;148.720;1394.360;430.337;108.455;219.666; 92.758;162.547;305.670;103.919;169.840;204.482;180.506;202.066;203.862;117.062;148.416;284.964
2005-05-15 01:05:00;174.402; 56.067;215.567;148.523;1392.620;429.953;   null;220.264; 91.696;164.040;302.140;101.518;167.860;206.906;182.162;202.720;202.418;116.668;148.008;284.778
2005-05-15 01:10:00;175.346; 54.980;214.500;148.960;1385.840;431.633;   null;217.092; 92.144;162.117;302.246;101.380;168.280;204.108;183.704;204.016;202.248;115.052;147.900;285.512
2005-05-15 01:15:00;171.836; 55.120;213.567;148.627;1390.640;427.443;107.745;218.440; 91.924;162.790;302.475;103.332;167.220;204.686;182.236;199.604;204.062;117.092;147.642;286.174
2005-05-15 01:20:00;174.444; 54.830;215.567;147.590;1389.500;430.693;   null;218.418; 91.970;165.000;304.473;104.275;169.080;204.084;182.654;201.614;204.182;116.032;147.732;288.164
2005-05-15 01:25:00;175.578; 55.193;217.167;150.330;1381.500;426.420;   null;217.344; 93.616;163.430;301.560;104.422;166.300;204.360;183.916;200.298;205.906;116.406;146.140;284.046
2005-05-15 01:30:00;177.442; 53.707;217.267;149.970;1392.040;432.520;108.722;217.282; 92.236;164.487;305.023;104.144;166.800;204.800;182.174;202.438;203.202;117.576;147.500;285.570
2005-05-15 01:35:00;174.514; 54.963;215.767;148.803;1385.680;430.527;   null;220.346; 92.198;166.270;303.977;103.480;166.720;206.480;180.674;199.894;202.174;116.506;148.940;284.494
2005-05-15 01:40:00;175.978; 54.700;216.867;149.127;1386.740;430.383;   null;214.960; 90.434;162.540;303.389;103.052;168.060;205.286;184.536;202.712;207.874;116.194;149.922;282.928
2005-05-15 01:45:00;173.710; 54.280;217.367;148.260;1392.940;429.920;109.253;216.840; 92.108;163.286;302.025;103.027;165.520;204.908;183.124;201.214;202.892;116.620;147.684;283.794
2005-05-15 01:50:00;173.388; 55.897;215.167;149.420;1384.940;427.900;   null;217.218; 90.216;165.457;302.736;102.965;166.440;205.408;182.866;203.058;202.870;116.298;147.992;284.248
2005-05-15 01:55:00;175.710; 55.383;216.933;148.253;1396.280;426.017;   null;214.908; 89.920;163.133;305.219;102.081;166.640;203.986;181.988;200.704;204.012;117.186;148.438;283.220
2005-05-15 02:00:00;175.284; 53.217;218.733;150.053;1386.620;426.163;107.352;216.776; 93.130;166.353;304.696;101.880;167.140;204.514;181.786;201.250;208.126;115.864;149.864;284.706
2005-05-15 02:05:00;175.052; 54.627;218.800;150.017;1392.560;428.830;   null;218.088; 91.558;164.600;303.840;102.644;166.000;203.978;181.530;203.130;204.634;117.106;149.486;286.126
2005-05-15 02:10:00;173.936; 55.240;214.567;149.893;1401.440;431.407;   null;218.250; 92.326;165.737;304.493;101.863;166.060;205.424;180.864;200.398;202.922;117.532;147.124;285.910
2005-05-15 02:15:00;172.092; 54.423;213.633;148.967;1392.920;426.533;107.390;216.700; 92.424;163.993;305.180;101.560;162.960;205.842;181.948;200.780;205.206;116.500;148.200;285.562
2005-05-15 02:20:00;173.256; 54.617;216.867;148.183;1387.940;429.480;   null;215.228; 91.918;162.000;301.683;100.894;164.880;205.300;181.926;200.604;205.498;117.368;148.886;283.694
2005-05-15 02:25:00;173.970; 54.430;218.700;151.507;1385.660;429.044;   null;219.404; 90.650;165.130;304.657;102.838;163.460;205.432;184.332;199.600;203.326;115.430;145.614;286.366
2005-05-15 02:30:00;174.458; 54.430;217.833;147.433;1383.260;423.777;107.385;216.994; 92.462;163.050;304.493;103.299;164.780;205.444;183.026;199.752;204.954;116.722;148.830;286.042
2005-05-15 02:35:00;173.378; 54.497;217.700;147.860;1396.920;429.833;   null;216.636; 91.812;162.030;306.421;100.870;164.520;204.728;181.290;200.632;202.052;118.076;147.536;287.682
2005-05-15 02:40:00;173.904; 55.830;214.333;148.423;1383.260;425.023;   null;216.084; 91.932;162.300;304.591; 99.079;163.340;205.950;181.232;200.184;205.246;115.148;146.806;283.526
2005-05-15 02:45:00;172.418; 54.850;215.200;146.153;1379.480;428.103;106.132;214.862; 93.296;160.740;306.356;101.421;162.680;204.734;181.488;201.158;205.394;115.066;148.510;284.630
2005-05-15 02:50:00;172.980; 54.653;215.033;146.200;1372.020;423.256;   null;215.378; 93.436;162.510;303.374;102.148;165.620;204.736;182.298;199.552;202.338;115.520;148.128;285.038
2005-05-15 02:55:00;170.846; 54.533;213.200;146.087;1363.720;421.250;   null;215.758; 91.574;162.453;305.043;101.824;161.120;205.814;182.510;199.272;204.030;115.802;148.440;286.788
2005-05-15 03:00:00;171.890; 53.747;215.467;145.457;1367.200;419.300;106.582;214.816; 91.880;162.297;303.767;101.631;163.000;203.490;179.494;198.636;202.080;116.672;147.166;282.906
2005-05-15 03:05:00;171.998; 55.270;216.000;146.173;1364.800;415.363;   null;212.486; 90.848;159.193;303.571;101.051;165.040;204.204;181.156;200.192;201.686;114.902;146.580;284.960
2005-05-15 03:10:00;170.552; 54.543;214.633;147.867;1363.420;420.767;   null;217.760; 91.578;160.790;302.360;100.159;163.560;202.666;181.348;200.998;203.492;115.698;145.780;284.066
2005-05-15 03:15:00;172.022; 54.300;212.733;146.960;1366.260;417.697;105.990;213.384; 90.080;161.607;300.692;102.060;164.240;204.832;180.572;198.668;204.464;114.990;145.932;283.074
2005-05-15 03:20:00;171.772; 54.277;214.933;145.543;1373.760;421.000;   null;216.038; 92.474;160.200;302.237;100.627;162.940;206.086;182.516;198.992;203.788;116.048;146.084;280.880
2005-05-15 03:25:00;170.390; 54.687;211.233;145.437;1369.540;417.483;   null;213.096; 90.330;159.133;301.584;100.676;163.280;204.618;180.084;198.778;203.040;115.306;146.612;281.640
2005-05-15 03:30:00;171.854; 54.947;215.633;148.033;1367.800;420.777;104.981;211.862; 90.496;160.097;303.996;101.320;161.920;203.186;182.466;200.238;201.730;114.320;145.798;284.292
2005-05-15 03:35:00;172.368; 55.157;214.467;145.530;1370.120;418.830;   null;213.050; 91.788;161.063;302.459;101.524;162.280;203.264;181.110;201.142;200.850;114.888;147.650;282.912
2005-05-15 03:40:00;171.968; 55.440;213.133;148.083;1368.540;417.453;   null;214.674; 92.690;158.003;300.757;101.519;162.780;205.078;183.076;199.974;204.324;116.192;147.000;281.720
2005-05-15 03:45:00;172.096; 54.083;214.533;145.937;1370.860;415.497;106.257;209.770; 94.108;159.093;302.001; 98.006;160.440;205.452;180.026;200.004;202.924;115.384;145.786;279.504
2005-05-15 03:50:00;171.636; 54.577;215.967;145.537;1373.040;417.940;   null;213.002; 91.458;160.293;302.622; 98.678;162.440;204.008;181.218;198.170;201.086;114.880;146.230;284.534
2005-05-15 03:55:00;170.702; 54.073;213.300;145.823;1364.220;413.850;   null;210.776; 90.972;160.080;300.103;100.520;160.640;203.516;179.826;200.048;203.446;114.050;146.888;283.200
2005-05-15 04:00:00;170.148; 53.307;216.867;145.477;1374.240;415.083;105.122;213.350; 91.796;160.753;299.864;100.875;161.920;203.940;180.464;200.534;201.494;114.196;145.888;286.284
2005-05-15 04:05:00;170.696; 53.493;215.167;145.237;1367.220;412.373;   null;213.066; 92.760;158.787;301.118;100.472;162.800;202.070;183.220;196.222;202.692;114.696;147.004;284.176
2005-05-15 04:10:00;170.516; 55.540;212.367;144.097;1370.640;411.900;   null;211.624; 90.480;155.963;300.497; 98.388;161.480;203.536;183.324;197.172;205.234;114.686;146.684;280.558
2005-05-15 04:15:00;173.372; 54.800;212.900;144.373;1370.840;413.823;104.645;209.260; 91.280;157.467;300.693;100.182;158.740;202.180;180.564;198.626;201.350;111.616;145.788;279.902
2005-05-15 04:20:00;171.914; 54.113;216.667;145.570;1368.340;412.307;   null;210.498; 92.294;161.023;302.590; 99.103;160.660;203.184;178.886;200.542;200.830;114.540;146.166;280.882
2005-05-15 04:25:00;170.262; 53.643;214.667;145.583;1373.200;418.163;   null;215.264; 92.350;159.777;302.197; 98.976;159.340;200.296;178.148;196.378;198.410;113.596;146.168;284.074
2005-05-15 04:30:00;171.504; 53.457;216.433;144.320;1371.160;414.847;105.416;215.914; 92.368;157.686;302.197;100.406;160.880;203.424;178.840;198.920;200.490;113.042;146.620;282.642
2005-05-15 04:35:00;171.678; 51.903;218.867;147.460;1372.860;419.597;   null;214.356; 89.558;160.193;303.480; 99.840;157.460;202.094;179.910;199.382;201.944;113.474;145.840;281.000
2005-05-15 04:40:00;172.128; 54.197;214.567;144.533;1384.440;417.510;   null;214.494; 91.338;161.340;299.721; 98.573;162.940;203.594;178.898;199.120;199.366;113.710;145.030;278.126
2005-05-15 04:45:00;172.186; 54.710;214.733;145.637;1373.980;415.013;105.364;214.882; 91.544;158.497;301.061;100.489;159.800;202.408;178.924;199.170;201.140;114.288;145.790;280.458
2005-05-15 04:50:00;171.946; 53.543;214.133;145.130;1369.360;419.904;   null;216.544; 91.854;160.120;299.656; 98.969;160.460;203.150;178.414;194.332;204.220;114.888;146.846;284.488
2005-05-15 04:55:00;170.858; 52.460;215.633;146.093;1374.500;417.297;   null;214.506; 91.334;159.713;302.533; 98.295;160.000;202.992;177.174;197.146;200.190;115.908;145.030;279.762
2005-05-15 05:00:00;171.928; 53.153;213.233;145.613;1374.520;416.090;104.026;212.360; 91.808;159.487;301.291; 99.015;160.520;201.792;181.218;197.416;201.272;112.794;145.266;281.926
2005-05-15 05:05:00;171.736; 54.490;212.467;145.450;1366.200;416.610;   null;212.520; 92.568;158.907;297.368; 97.136;157.420;202.890;178.932;197.506;201.136;112.558;145.310;279.218
2005-05-15 05:10:00;171.820; 54.710;214.267;145.077;1378.960;412.923;   null;212.212; 92.648;159.330;302.000; 97.618;160.560;203.242;181.370;195.238;201.972;111.674;145.052;279.554
2005-05-15 05:15:00;171.440; 52.983;213.800;145.263;1372.560;416.623;102.581;213.612; 90.990;156.240;301.968; 95.398;159.460;201.078;177.486;194.884;200.078;111.272;146.238;279.212
2005-05-15 05:20:00;170.154; 53.437;211.400;144.117;1368.920;416.787;   null;213.264; 90.850;158.440;298.664; 96.987;158.140;197.796;178.056;196.056;197.586;111.576;143.072;279.584
2005-05-15 05:25:00;173.044; 54.567;212.800;144.483;1365.540;412.943;   null;212.890; 91.906;154.127;300.136; 98.588;158.820;199.098;176.582;195.770;199.018;111.230;144.328;275.474
2005-05-15 05:30:00;173.734; 54.357;210.467;145.710;1379.080;418.123;104.077;214.206; 89.786;157.183;298.403; 99.154;158.160;199.284;176.778;195.264;197.158;110.484;143.394;279.724
2005-05-15 05:35:00;170.292; 53.487;211.033;146.123;1369.100;415.053;   null;215.196; 90.278;159.123;295.622; 96.974;158.660;199.166;175.750;193.598;201.844;109.066;143.854;278.456
2005-05-15 05:40:00;171.550; 54.760;212.433;145.617;1364.740;417.603;   null;212.398; 89.440;157.150;294.837; 98.673;160.160;196.404;177.338;191.220;196.428;110.036;143.570;277.798
2005-05-15 05:45:00;170.780; 54.070;213.233;143.533;1373.040;416.000;103.060;213.442; 88.764;157.563;293.135; 96.300;158.280;196.206;176.234;189.470;193.042;109.210;142.200;277.266
2005-05-15 05:50:00;170.098; 53.187;211.067;145.150;1361.760;415.327;   null;209.892; 87.606;155.980;292.383; 97.329;155.720;197.188;175.478;189.020;192.280;109.214;143.782;275.508
2005-05-15 05:55:00;170.874; 54.483;209.500;144.290;1359.780;409.294;   null;206.886; 86.330;154.150;292.580; 96.427;154.340;194.080;170.064;188.366;190.170;108.518;139.928;272.740
2005-05-15 06:00:00;170.498; 53.523;208.433;144.580;1356.140;402.900;101.707;205.254; 86.818;153.280;292.939; 96.992;155.280;192.540;168.540;184.384;188.030;107.224;138.622;268.076
2005-05-15 06:05:00;169.614; 54.190;206.300;141.373;1384.020;403.230;   null;204.744; 86.816;156.317;288.949; 96.184;155.460;187.832;167.412;186.934;191.214;109.058;139.602;271.966
2005-05-15 06:10:00;170.668; 53.377;205.633;144.497;1378.520;403.797;   null;205.192; 87.902;154.537;282.700; 95.826;156.380;189.332;166.766;189.260;189.714;107.358;139.066;273.686
2005-05-15 06:15:00;170.294; 53.920;208.100;143.603;1369.800;404.883;103.772;207.760; 87.760;154.127;282.841; 97.395;155.620;188.312;162.686;189.402;191.920;108.374;138.906;271.820
2005-05-15 06:20:00;171.496; 53.780;208.500;143.633;1365.580;404.947;   null;204.134; 88.010;157.773;286.737; 96.512;156.560;190.598;166.728;187.956;191.554;108.342;139.046;270.108
2005-05-15 06:25:00;169.962; 54.880;209.933;143.117;1368.920;407.003;   null;204.904; 85.926;154.897;285.493; 94.466;153.300;190.674;163.196;187.882;190.990;106.022;136.666;262.924
2005-05-15 06:30:00;169.900; 54.333;209.733;145.093;1378.120;408.247;102.448;203.826; 86.404;157.623;280.813; 94.908;152.980;188.500;164.618;187.914;187.076;103.382;134.148;262.278
2005-05-15 06:35:00;171.680; 54.660;210.800;142.947;1393.520;398.660;   null;202.614; 86.674;153.870;278.978; 93.861;152.520;187.644;161.666;187.476;187.528;104.674;133.298;258.864
2005-05-15 06:40:00;172.140; 54.233;207.867;142.200;1406.780;406.857;   null;202.554; 85.104;154.313;277.375; 92.942;150.440;189.184;161.626;186.022;188.748;103.646;134.256;260.826
2005-05-15 06:45:00;170.516; 53.343;208.833;142.253;1401.480;402.017;102.882;202.816; 86.484;152.350;276.195; 93.055;148.860;187.648;161.024;186.900;191.096;103.774;134.412;261.272
2005-05-15 06:50:00;171.026; 53.177;208.567;142.777;1389.160;407.290;   null;199.688; 86.468;150.677;271.220; 90.776;151.000;185.102;159.518;186.218;187.422;103.772;135.296;261.494
2005-05-15 06:55:00;169.022; 54.963;207.667;143.463;1373.860;406.057;   null;201.682; 84.546;149.083;276.327; 90.663;148.780;183.216;159.828;182.052;185.218;102.994;132.236;256.640
2005-05-15 07:00:00;170.926; 52.880;206.833;142.427;1375.420;406.303;100.685;198.672; 83.652;146.597;271.022; 92.500;148.320;181.644;160.640;182.950;182.234;103.278;131.174;252.296
2005-05-15 07:05:00;169.680; 52.883;206.867;141.760;1380.620;401.843;   null;199.012; 83.514;149.317;269.125; 92.134;149.200;180.000;159.840;180.076;182.280;103.274;130.558;254.116
2005-05-15 07:10:00;168.702; 54.040;207.733;142.150;1380.940;401.657;   null;197.990; 85.266;149.347;269.746; 90.093;149.620;177.680;160.572;180.304;181.360;103.268;130.232;252.708
2005-05-15 07:15:00;168.286; 53.470;202.933;141.037;1380.680;399.766;100.117;199.598; 84.374;150.687;268.078; 92.286;149.540;182.876;163.404;180.204;181.308;103.698;129.664;252.490
2005-05-15 07:20:00;168.470; 53.957;203.667;139.990;1371.440;399.683;   null;197.668; 84.222;148.320;266.704; 93.348;150.300;178.788;161.744;181.714;176.478;103.970;127.074;249.870
2005-05-15 07:25:00;165.798; 54.763;205.900;139.390;1376.380;401.240;   null;198.042; 83.228;150.997;267.457; 92.952;151.040;179.950;162.370;181.736;182.976;104.350;127.864;248.608
2005-05-15 07:30:00;165.438; 52.390;201.233;139.580;1379.200;399.970; 99.266;195.088; 84.840;147.967;263.600; 92.006;148.840;179.972;162.924;182.250;183.036;105.098;128.058;249.638
2005-05-15 07:35:00;165.026; 53.147;201.267;139.847;1369.600;401.683;   null;197.432; 84.206;149.157;266.183; 91.907;152.280;182.054;163.592;182.338;182.706;103.984;129.194;253.038
2005-05-15 07:40:00;166.048; 53.303;203.733;138.953;1373.000;395.637;   null;198.028; 82.282;150.410;267.980; 92.901;150.780;180.952;162.820;183.306;182.104;103.720;128.408;248.766
2005-05-15 07:45:00;167.126; 53.523;202.033;139.230;1387.560;399.060;100.242;198.738; 82.678;151.103;266.935; 94.048;152.660;180.848;164.834;182.888;182.466;104.752;126.304;252.068
2005-05-15 07:50:00;167.936; 54.770;201.100;140.213;1378.320;400.897;   null;197.570; 84.352;151.707;267.456; 94.521;149.280;181.558;161.118;180.044;183.100;104.672;126.768;248.134
2005-05-15 07:55:00;168.832; 52.023;203.500;140.017;1378.360;400.923;   null;197.838; 84.086;153.120;268.765; 92.878;152.980;184.872;163.316;179.430;181.972;104.790;127.058;249.468
2005-05-15 08:00:00;167.732; 53.713;202.067;140.847;1371.680;400.223;101.130;197.870; 83.486;149.123;266.411; 93.160;153.620;182.316;163.522;181.960;181.602;106.446;127.730;248.160
2005-05-15 08:05:00;166.978; 52.213;201.667;140.973;1381.200;402.563;   null;199.416; 83.920;148.597;266.639; 93.197;153.800;182.670;164.438;181.138;184.818;104.904;127.516;248.650
2005-05-15 08:10:00;165.182; 52.287;202.300;142.733;1366.100;407.500;   null;200.024; 83.688;149.473;266.378; 93.440;151.680;185.456;164.800;183.406;182.936;105.584;128.294;248.510
2005-05-15 08:15:00;165.362; 52.560;201.233;142.337;1356.940;410.033;101.609;203.644; 83.964;148.253;269.550; 93.714;151.040;182.242;166.514;185.766;181.872;106.242;127.496;247.276
2005-05-15 08:20:00;165.910; 52.220;203.733;139.370;1351.260;410.033;   null;204.034; 85.234;150.700;271.283; 95.291;152.520;185.834;165.542;184.102;182.050;105.904;128.148;248.474
2005-05-15 08:25:00;166.090; 51.363;202.800;140.677;1355.320;410.433;   null;203.178; 84.984;152.213;272.069; 94.426;154.680;185.892;165.870;185.168;184.716;105.406;128.734;249.884
2005-05-15 08:30:00;166.532; 52.143;201.900;140.813;1363.580;409.617;102.202;203.936; 85.238;152.507;271.382; 95.092;155.140;183.912;166.586;189.108;183.988;107.334;129.210;248.060
2005-05-15 08:35:00;166.550; 52.760;204.433;139.257;1360.600;406.787;   null;203.694; 84.016;152.427;274.159; 94.268;154.300;186.772;168.810;184.152;186.784;106.794;128.294;250.152
2005-05-15 08:40:00;166.208; 51.750;203.800;141.743;1374.640;408.530;   null;202.870; 86.012;151.053;272.786; 94.270;154.200;186.258;167.440;187.510;187.454;106.174;129.718;252.346
2005-05-15 08:45:00;166.568; 51.963;201.333;142.470;1357.240;409.407;101.801;199.810; 87.736;155.653;271.968; 95.104;152.580;188.448;167.628;186.002;186.926;105.618;129.176;251.636
2005-05-15 08:50:00;167.156; 51.237;203.433;141.160;1367.760;403.640;   null;202.716; 87.234;152.917;273.832; 93.421;153.160;186.994;166.582;184.190;188.608;106.854;130.700;254.612
2005-05-15 08:55:00;166.978; 52.750;203.500;138.727;1380.520;400.267;   null;201.754; 85.956;151.850;272.134; 93.680;154.040;184.828;165.086;184.700;188.442;104.600;129.694;254.130
2005-05-15 09:00:00;167.694; 53.183;203.500;142.420;1379.220;403.894;100.391;198.636; 86.144;147.297;278.678; 94.776;151.740;186.920;168.382;185.836;188.304;106.494;129.142;253.662
2005-05-15 09:05:00;167.132; 53.373;203.767;140.817;1363.620;398.400;   null;199.054; 85.424;150.943;274.392; 93.938;150.020;185.986;168.866;183.824;182.668;105.412;130.510;254.030
2005-05-15 09:10:00;167.518; 52.217;204.033;140.940;1361.000;399.993;   null;198.702; 84.896;150.490;275.569; 93.280;151.380;188.420;168.818;185.714;186.284;105.744;131.546;251.324
2005-05-15 09:15:00;167.400; 53.137;202.967;141.483;1364.020;400.930;100.184;199.718; 84.734;151.020;271.905; 93.354;152.920;187.408;167.204;185.768;186.856;105.024;129.712;252.114
2005-05-15 09:20:00;167.728; 52.790;205.533;142.897;1363.840;401.073;   null;197.518; 85.604;149.970;276.452; 94.099;150.960;187.478;169.296;188.636;185.388;105.350;128.548;251.944
2005-05-15 09:25:00;166.942; 52.673;207.633;141.527;1368.880;399.627;   null;197.284; 85.852;149.173;275.372; 93.223;152.080;187.372;170.218;185.632;184.982;104.990;129.794;249.896
2005-05-15 09:30:00;168.296; 52.390;204.567;141.763;1364.600;397.234;101.087;199.858; 84.734;150.857;275.144; 92.949;153.000;186.844;167.868;186.510;188.806;105.626;129.848;253.200
2005-05-15 09:35:00;169.354; 52.917;203.433;142.223;1366.600;401.197;   null;197.564; 85.462;149.617;276.098; 93.597;154.120;187.032;168.790;185.478;187.720;106.508;130.328;251.672
2005-05-15 09:40:00;169.144; 52.673;206.333;142.713;1362.820;400.553;   null;200.538; 86.014;150.750;279.633; 94.038;154.180;188.438;169.836;189.156;188.878;107.958;129.502;250.358
2005-05-15 09:45:00;169.248; 52.047;204.633;142.427;1368.200;402.073;101.798;201.862; 86.538;149.597;276.294; 93.884;157.220;188.072;171.372;187.544;187.958;106.224;129.444;253.874
2005-05-15 09:50:00;170.908; 53.177;204.633;144.293;1361.300;407.370;   null;201.954; 85.872;152.013;276.365; 94.247;153.760;185.394;171.264;186.864;184.464;106.776;129.710;252.734
2005-05-15 09:55:00;171.098; 53.643;204.233;143.863;1363.920;405.643;   null;203.756; 85.652;152.873;274.465; 94.203;153.700;184.898;171.656;184.902;185.806;105.830;131.582;257.958
2005-05-15 10:00:00;171.646; 54.100;209.933;145.057;1368.180;409.830;102.925;207.460; 85.836;151.710;272.500; 94.534;152.520;184.826;170.360;188.246;186.658;106.082;133.122;257.706
2005-05-15 10:05:00;170.898; 51.877;205.967;144.467;1364.160;409.393;   null;205.082; 85.270;151.863;271.681; 92.589;157.300;186.492;172.246;183.736;185.096;107.200;132.268;256.750
2005-05-15 10:10:00;171.278; 52.683;205.100;145.230;1377.560;412.710;   null;202.140; 86.008;153.093;276.080; 93.137;152.240;186.984;168.766;185.466;188.054;108.008;130.414;254.854
2005-05-15 10:15:00;170.794; 51.923;207.333;143.490;1362.240;410.717;102.435;204.110; 85.882;152.313;277.463; 95.014;153.360;186.946;171.740;187.256;187.664;105.482;130.742;253.660
2005-05-15 10:20:00;168.368; 51.907;207.467;145.920;1359.680;412.350;   null;206.876; 87.172;151.407;279.697; 94.572;154.800;187.704;170.972;185.432;186.612;106.354;131.886;258.214
2005-05-15 10:25:00;169.942; 53.800;207.733;145.487;1371.680;414.370;   null;204.580; 83.846;153.453;276.670; 95.272;154.380;187.206;169.250;186.458;188.114;108.460;133.040;256.308
2005-05-15 10:30:00;170.280; 52.943;207.333;146.423;1372.960;413.323;101.847;202.220; 86.670;153.567;276.965; 93.744;154.840;188.246;171.072;188.070;187.198;105.674;130.584;257.344
2005-05-15 10:35:00;169.142; 51.603;208.900;144.170;1363.960;414.220;   null;201.846; 87.726;152.107;277.332; 96.081;154.980;186.840;168.994;185.386;187.968;106.182;131.266;256.990
2005-05-15 10:40:00;170.938; 52.457;207.033;145.573;1365.620;410.797;   null;206.522; 88.086;154.433;274.832; 94.583;155.280;187.148;169.764;188.116;188.776;106.870;133.814;257.096
2005-05-15 10:45:00;166.254; 53.747;208.167;145.223;1361.880;412.913;103.180;206.178; 85.702;153.890;274.960; 95.130;155.320;187.172;168.570;186.022;187.288;106.242;131.232;256.328
2005-05-15 10:50:00;167.212; 53.453;208.433;144.340;1363.260;411.360;   null;203.436; 87.352;154.617;278.960; 93.827;152.300;188.430;166.366;184.810;186.352;105.040;132.838;257.484
2005-05-15 10:55:00;168.284; 54.287;205.533;142.277;1373.540;411.447;   null;202.758; 86.436;152.727;276.169; 95.091;152.900;186.680;168.072;183.968;185.226;106.458;133.286;259.108
2005-05-15 11:00:00;167.636; 53.810;207.300;141.733;1366.080;402.870;100.514;199.934; 86.114;152.590;271.516; 94.441;150.260;187.330;169.100;186.274;187.928;107.126;133.140;256.072
2005-05-15 11:05:00;166.686; 54.680;208.133;141.333;1373.440;401.324;   null;201.180; 86.428;149.400;273.744; 91.897;150.880;186.210;167.462;186.016;186.888;107.014;131.700;255.562
2005-05-15 11:10:00;166.958; 53.190;204.000;142.557;1367.460;398.620;   null;198.402; 86.158;151.223;275.317; 94.018;152.580;187.782;166.224;186.402;187.152;107.952;129.330;251.512
2005-05-15 11:15:00;167.390; 53.607;202.300;141.390;1367.300;402.137; 99.713;200.086; 85.248;148.840;276.659; 92.933;152.640;189.706;165.486;187.680;189.042;109.162;130.216;251.632
2005-05-15 11:20:00;166.528; 53.383;204.333;142.997;1355.880;402.527;   null;203.096; 86.274;150.397;279.648; 94.870;153.280;188.846;167.438;191.202;187.514;108.112;128.788;250.172
2005-05-15 11:25:00;165.724; 54.400;204.633;141.250;1354.760;407.283;   null;201.434; 87.202;152.717;279.976; 94.887;153.800;191.212;166.910;190.844;191.170;108.844;128.492;253.186
2005-05-15 11:30:00;165.342; 52.677;203.900;142.647;1351.980;403.313;101.200;202.840; 86.570;151.817;282.786; 94.443;153.420;189.360;169.704;189.486;189.466;108.066;128.516;253.594
2005-05-15 11:35:00;166.990; 53.257;205.233;142.670;1357.800;404.613;   null;201.308; 88.748;150.573;284.401; 95.323;153.260;189.768;167.978;190.624;187.554;108.558;130.132;255.352
2005-05-15 11:40:00;169.488; 53.883;207.567;140.713;1346.380;399.523;   null;200.802; 87.284;152.533;281.321; 96.287;152.360;188.876;166.788;189.690;190.216;107.832;131.906;255.922
2005-05-15 11:45:00;166.846; 53.627;205.267;142.750;1349.480;403.443;101.771;201.244; 87.370;153.150;281.223; 95.155;153.240;189.064;168.550;187.616;187.480;108.522;133.858;255.930
2005-05-15 11:50:00;167.414; 53.080;203.567;142.907;1356.420;401.763;   null;202.378; 87.262;151.570;280.205; 94.001;154.820;189.646;168.256;187.608;192.492;107.716;132.458;256.826
2005-05-15 11:55:00;164.326; 52.473;206.667;141.503;1351.900;404.170;   null;204.170; 87.392;153.327;280.730; 93.878;155.760;188.800;168.832;187.888;190.896;107.964;133.212;258.204
2005-05-15 12:00:00;164.166; 51.867;208.433;145.033;1351.920;404.673;101.657;201.326; 86.400;152.040;276.140; 95.476;156.060;189.656;168.512;187.570;190.242;106.634;133.690;256.928
2005-05-15 12:05:00;167.658; 51.403;208.767;143.983;1355.740;406.380;   null;206.524; 88.104;155.443;280.410; 94.208;152.440;190.296;168.978;187.984;190.494;108.980;133.652;258.918
2005-05-15 12:10:00;165.892; 53.930;209.400;144.600;1353.740;402.337;   null;204.110; 86.618;154.000;280.903; 94.824;153.900;190.078;167.764;187.918;189.934;107.122;134.030;259.112
2005-05-15 12:15:00;164.556; 52.910;207.333;142.213;1355.600;401.747;102.451;204.826; 86.048;151.783;282.520; 95.571;153.800;188.458;167.968;190.538;189.238;106.360;134.078;259.228
2005-05-15 12:20:00;166.296; 53.133;208.333;141.980;1350.980;404.387;   null;201.680; 86.700;154.313;278.376; 95.065;155.240;189.030;167.710;188.294;192.902;107.080;131.852;260.396
2005-05-15 12:25:00;163.272; 53.167;207.033;142.843;1350.320;406.317;   null;202.854; 86.828;151.560;280.205; 93.076;155.160;189.278;166.554;189.270;193.698;106.468;133.574;256.934
2005-05-15 12:30:00;166.596; 52.043;208.400;141.177;1364.400;405.040;101.812;200.628; 86.718;153.940;277.250; 95.621;153.600;188.652;168.442;185.900;188.964;108.228;133.516;258.672
2005-05-15 12:35:00;165.998; 52.077;208.100;143.033;1352.780;408.403;   null;204.894; 87.106;154.220;279.641; 94.026;156.340;188.832;168.592;189.280;190.724;106.870;134.256;258.982
2005-05-15 12:40:00;167.984; 51.233;207.067;141.187;1362.980;408.397;   null;202.542; 88.586;154.023;280.059; 95.512;153.940;188.500;168.890;187.142;190.110;107.406;133.848;261.656
2005-05-15 12:45:00;166.338; 53.830;206.400;143.697;1362.240;406.973;102.417;204.082; 86.842;154.053;279.601; 95.432;154.020;190.928;170.782;187.580;190.286;108.168;133.444;260.558
2005-05-15 12:50:00;166.726; 52.380;210.833;139.267;1359.780;403.607;   null;203.104; 86.904;152.300;283.715; 96.229;154.500;191.114;168.918;190.192;189.878;107.790;133.958;259.394
2005-05-15 12:55:00;167.626; 53.737;207.700;143.203;1359.400;404.777;   null;208.276; 86.132;153.987;280.312; 96.798;155.640;189.542;167.392;185.800;190.734;107.984;132.900;258.792
2005-05-15 13:00:00;164.786; 53.107;205.300;140.713;1363.920;408.350;101.722;202.872; 86.366;153.100;279.724; 95.189;155.460;190.296;167.554;188.344;190.460;108.680;132.614;257.484
2005-05-15 13:05:00;167.566; 51.343;206.533;145.833;1363.360;408.567;   null;201.474; 84.858;151.793;281.499; 95.822;155.940;190.156;170.582;187.706;190.078;107.018;133.336;260.576
2005-05-15 13:10:00;167.030; 52.033;205.667;143.170;1360.020;407.477;   null;203.166; 87.470;155.680;279.805; 95.324;155.420;188.970;169.982;187.550;191.702;107.644;132.822;261.288
2005-05-15 13:15:00;167.246; 52.043;209.567;141.983;1367.800;406.097;101.387;203.998; 87.082;153.517;284.129; 96.788;155.060;189.146;169.978;188.336;190.694;106.606;134.230;257.886
2005-05-15 13:20:00;168.884; 52.153;208.000;142.213;1366.120;409.766;   null;204.550; 86.292;151.973;282.426; 96.869;154.360;189.634;169.616;187.336;186.754;108.572;133.656;260.868
2005-05-15 13:25:00;166.300; 52.327;204.633;142.463;1364.060;408.700;   null;203.180; 86.652;152.707;282.720; 95.605;153.380;188.382;166.528;186.102;191.674;108.466;132.138;258.944
2005-05-15 13:30:00;166.110; 52.497;205.733;143.647;1362.480;408.543;102.123;204.368; 87.302;154.763;278.723; 94.096;155.700;188.024;168.522;188.098;188.090;106.806;133.258;259.742
2005-05-15 13:35:00;169.106; 52.057;208.800;145.187;1368.600;408.583;   null;203.384; 88.410;153.900;280.461; 96.070;155.420;188.100;169.620;187.184;188.860;108.950;133.934;258.192
2005-05-15 13:40:00;165.856; 52.443;206.833;142.400;1367.700;408.833;   null;206.596; 87.768;153.603;278.625; 93.720;153.480;188.768;167.458;187.126;187.844;108.698;134.972;262.290
2005-05-15 13:45:00;164.142; 52.013;208.633;141.333;1372.500;410.223;102.158;203.780; 86.156;152.337;281.271; 96.979;154.240;188.446;170.446;191.372;188.966;106.928;135.394;257.070
2005-05-15 13:50:00;167.182; 53.320;206.233;140.670;1361.820;408.320;   null;204.314; 85.558;153.923;278.422; 95.204;155.700;189.316;166.544;189.678;189.448;107.904;133.720;263.442
2005-05-15 13:55:00;167.188; 53.077;208.733;142.920;1375.140;405.353;   null;200.996; 88.352;154.823;280.320; 95.666;155.120;189.912;166.398;190.660;190.992;107.912;133.908;257.212
2005-05-15 14:00:00;166.540; 53.123;207.300;141.870;1364.080;405.310;101.530;204.608; 86.032;152.617;279.732; 95.770;155.780;190.276;167.862;188.914;190.840;107.704;134.644;257.922
2005-05-15 14:05:00;167.086; 53.510;209.233;142.607;1367.700;405.713;   null;204.140; 85.496;152.943;280.451; 96.282;154.800;190.004;166.820;190.534;188.062;107.988;132.644;261.178
2005-05-15 14:10:00;168.640; 53.100;208.567;142.953;1367.780;408.290;   null;204.182; 86.506;152.197;280.132; 94.869;155.000;188.638;168.952;189.310;189.358;109.318;135.392;260.522
2005-05-15 14:15:00;168.984; 53.287;205.933;142.820;1365.660;407.633;101.978;204.266; 85.730;155.820;280.886; 95.571;155.600;191.136;167.810;188.088;190.034;107.076;135.532;258.502
2005-05-15 14:20:00;165.316; 52.990;208.033;142.707;1364.640;409.050;   null;203.418; 87.390;153.880;278.749; 94.592;155.320;189.862;169.862;190.378;190.930;107.582;133.868;259.736
2005-05-15 14:25:00;167.976; 52.733;205.900;144.270;1361.560;409.967;   null;204.966; 89.132;152.300;279.691; 94.202;153.640;190.188;168.666;187.322;190.942;108.488;135.158;261.124
2005-05-15 14:30:00;170.258; 52.470;204.433;142.563;1366.460;409.133;103.338;203.466; 87.226;152.957;281.924; 95.050;155.520;188.910;170.298;189.880;189.546;108.320;134.050;256.656
2005-05-15 14:35:00;167.968; 51.447;205.900;143.470;1373.940;406.553;   null;201.922; 86.140;153.170;281.303; 95.301;154.880;189.870;168.246;188.326;190.132;106.576;132.590;260.814
2005-05-15 14:40:00;168.586; 52.830;209.100;142.893;1367.420;409.780;   null;205.260; 87.486;153.987;279.273; 92.886;154.800;191.496;167.536;189.558;192.874;108.578;132.074;260.712
2005-05-15 14:45:00;166.304; 52.760;208.633;143.097;1374.520;408.053;101.979;207.258; 86.966;154.100;280.124; 95.456;155.360;188.498;166.198;190.286;192.210;107.772;133.118;258.980
2005-05-15 14:50:00;165.774; 52.070;209.133;141.513;1364.820;407.697;   null;202.934; 87.088;153.093;279.887; 96.096;154.420;190.958;169.540;189.720;191.236;107.706;133.718;261.406
2005-05-15 14:55:00;167.124; 51.850;207.467;143.620;1370.140;406.860;   null;206.226; 88.224;153.067;282.308; 95.012;154.380;190.858;168.152;189.250;190.200;107.606;133.176;258.448
2005-05-15 15:00:00;168.284; 52.400;208.933;143.347;1374.540;407.403;102.462;203.006; 86.798;154.010;281.784; 94.339;156.480;191.312;168.056;189.198;192.700;107.612;133.428;259.696
2005-05-15 15:05:00;168.186; 52.180;206.500;143.160;1368.600;407.120;   null;204.416; 88.128;153.520;279.683; 96.572;157.060;190.706;167.982;193.946;191.306;107.718;132.120;259.710
2005-05-15 15:10:00;166.532; 53.087;205.633;142.690;1375.120;407.790;   null;204.820; 86.914;152.100;279.388; 96.854;156.560;190.748;167.218;190.058;191.104;107.772;133.128;257.300
2005-05-15 15:15:00;163.958; 53.313;207.600;143.320;1372.800;406.450;102.070;203.556; 86.662;155.263;278.760; 95.629;157.100;188.868;166.530;187.202;190.552;107.852;131.538;259.602
2005-05-15 15:20:00;166.878; 52.703;207.467;143.247;1378.720;410.183;   null;203.540; 88.096;153.000;281.700; 96.279;156.500;191.180;167.912;188.634;192.114;107.772;132.646;257.084
2005-05-15 15:25:00;168.842; 53.093;207.267;142.843;1378.900;408.917;   null;202.586; 86.422;155.617;281.406; 95.460;156.120;188.264;167.314;186.344;190.868;107.580;133.042;259.466
2005-05-15 15:30:00;168.704; 52.733;205.567;143.183;1371.300;406.570;102.686;205.178; 88.390;154.377;280.525; 94.793;156.360;189.378;167.646;187.734;189.802;107.294;131.798;257.008
2005-05-15 15:35:00;165.584; 52.090;209.933;143.207;1373.020;409.240;   null;202.834; 85.792;154.654;280.818; 96.472;157.520;191.656;167.026;191.168;190.308;107.444;133.264;259.062
2005-05-15 15:40:00;168.134; 53.523;207.733;143.050;1376.920;407.397;   null;203.846; 87.630;154.267;282.212; 96.477;155.260;188.516;165.130;191.526;190.528;106.966;133.950;255.976
2005-05-15 15:45:00;167.532; 52.550;208.867;143.793;1369.220;405.947;102.378;205.068; 86.570;155.753;282.342; 95.175;155.900;190.288;168.622;188.906;190.858;107.782;132.912;259.246
2005-05-15 15:50:00;166.288; 53.547;207.533;141.500;1364.360;405.290;   null;204.792; 87.378;154.063;282.800; 94.925;155.800;188.738;167.610;188.490;190.278;108.198;131.670;257.744
2005-05-15 15:55:00;166.646; 52.430;205.800;141.440;1359.160;407.373;   null;203.724; 87.086;153.120;280.972; 94.661;156.320;188.206;167.582;189.184;191.890;107.020;133.254;258.400
2005-05-15 16:00:00;167.522; 53.633;205.833;140.680;1361.500;410.470;102.129;203.752; 85.984;154.980;279.536; 95.521;155.320;190.322;167.998;188.818;192.828;106.702;131.950;258.834
2005-05-15 16:05:00;167.908; 52.463;208.000;143.790;1364.260;414.053;   null;204.290; 87.150;153.787;279.724; 96.846;154.140;187.216;167.504;187.806;191.418;105.998;133.040;260.176
2005-05-15 16:10:00;167.452; 52.873;205.600;142.363;1361.540;410.210;   null;204.056; 85.872;154.233;282.518; 98.124;156.320;190.632;167.010;186.672;188.648;106.470;132.280;259.768
2005-05-15 16:15:00;168.890; 51.947;207.367;144.350;1365.900;408.393;103.336;204.004; 87.858;153.983;280.074; 95.728;157.160;188.802;168.166;188.238;189.790;107.226;133.076;259.076
2005-05-15 16:20:00;166.944; 52.840;208.433;143.123;1364.140;407.427;   null;207.098; 87.356;154.030;282.736; 96.699;156.360;188.306;167.700;189.464;188.680;106.752;133.540;257.278
2005-05-15 16:25:00;166.420; 52.987;206.933;143.890;1365.940;410.947;   null;205.694; 87.518;154.730;283.387; 97.254;157.280;189.826;166.452;188.172;189.612;107.472;131.366;255.862
2005-05-15 16:30:00;166.590; 52.810;207.800;143.150;1367.180;411.907;103.719;204.796; 85.916;158.250;281.260; 95.621;156.200;189.436;168.050;187.012;191.072;107.608;130.536;258.696
2005-05-15 16:35:00;166.688; 53.043;205.433;144.030;1362.680;414.660;   null;205.148; 85.432;153.344;278.582; 94.783;153.520;187.934;167.416;188.186;189.062;108.572;132.964;256.316
2005-05-15 16:40:00;165.440; 52.680;207.167;142.837;1357.160;409.203;   null;207.138; 85.822;152.640;279.257; 95.239;157.700;187.766;166.626;189.168;188.756;106.836;132.980;255.966
2005-05-15 16:45:00;167.726; 52.877;206.500;144.330;1358.680;409.350;102.600;205.844; 85.906;157.066;282.701; 96.026;157.400;189.586;168.078;185.358;190.692;106.328;130.856;257.470
2005-05-15 16:50:00;166.108; 51.203;205.800;141.840;1360.080;409.090;   null;202.978; 85.770;155.033;279.248; 96.535;155.100;190.486;166.584;186.128;186.982;106.418;131.562;253.636
2005-05-15 16:55:00;166.810; 52.413;207.267;141.803;1371.660;408.873;   null;204.626; 86.764;155.656;281.911; 96.218;154.320;187.466;166.046;184.044;191.226;106.180;131.396;253.876
2005-05-15 17:00:00;166.572; 53.057;206.700;143.173;1368.700;407.557;103.488;206.438; 86.380;153.693;280.341; 97.878;155.400;188.036;170.512;187.250;187.700;106.532;130.280;252.962
2005-05-15 17:05:00;169.532; 52.527;210.133;141.697;1367.320;407.697;   null;206.082; 87.850;153.803;280.537; 95.001;159.120;189.284;168.910;186.302;189.644;106.324;130.048;254.622
2005-05-15 17:10:00;167.024; 54.090;207.567;142.540;1362.800;406.593;   null;204.374; 85.832;153.600;277.876; 95.388;157.760;188.780;167.214;185.234;187.514;107.170;131.314;253.790
2005-05-15 17:15:00;168.748; 53.270;207.133;143.217;1363.900;406.527;101.911;204.530; 86.338;153.513;280.082; 95.697;155.020;189.874;166.960;186.400;188.806;105.928;131.266;254.772
2005-05-15 17:20:00;168.204; 53.123;206.967;143.187;1368.600;407.210;   null;204.684; 86.578;155.463;280.027; 95.548;155.760;188.152;167.312;188.538;186.970;106.354;130.716;252.922
2005-05-15 17:25:00;167.868; 52.990;207.533;140.873;1370.320;407.323;   null;204.658; 85.650;154.583;280.579; 94.994;156.060;189.940;164.776;183.824;190.498;106.756;130.178;254.906
2005-05-15 17:30:00;167.994; 52.420;206.033;143.563;1365.240;408.193;102.807;204.122; 86.444;154.447;279.369; 95.135;155.540;187.606;168.568;187.324;186.956;107.566;130.116;256.768
2005-05-15 17:35:00;166.562; 53.300;205.333;142.987;1361.800;405.457;   null;202.746; 85.994;154.697;281.759; 95.513;157.500;188.412;167.902;185.264;191.724;104.368;129.846;256.006
2005-05-15 17:40:00;167.576; 53.133;204.733;142.193;1362.320;405.730;   null;205.108; 84.822;153.950;281.272; 94.888;153.920;188.648;167.872;185.136;187.750;105.604;131.862;255.402
2005-05-15 17:45:00;168.102; 52.553;209.000;141.080;1365.640;408.963;102.846;205.022; 86.308;158.207;284.177; 95.315;155.900;188.482;167.424;184.300;188.312;106.374;129.426;254.786
2005-05-15 17:50:00;165.698; 52.630;207.067;142.297;1365.520;409.093;   null;207.602; 86.332;154.123;279.147; 95.419;156.740;187.934;166.716;185.598;189.428;106.522;132.072;254.084
2005-05-15 17:55:00;167.344; 53.230;206.333;143.707;1373.700;407.843;   null;205.188; 85.222;154.747;279.114; 96.664;156.740;189.192;167.916;186.130;190.656;105.972;130.302;255.600
2005-05-15 18:00:00;165.910; 51.503;204.667;144.513;1371.900;408.493;103.678;202.462; 85.864;150.703;281.057; 96.687;156.860;188.184;167.342;188.064;190.188;106.204;129.326;255.736
2005-05-15 18:05:00;169.308; 52.283;206.300;143.890;1370.860;409.923;   null;203.292; 85.798;153.590;282.242; 96.395;155.840;189.582;166.442;187.274;191.176;105.766;131.974;254.998
2005-05-15 18:10:00;168.596; 51.423;206.667;142.430;1364.660;408.920;   null;205.652; 86.902;157.167;280.517; 95.976;156.380;191.552;168.388;186.554;188.984;106.484;129.868;255.836
2005-05-15 18:15:00;170.556; 53.300;204.400;141.013;1354.600;411.220;103.090;203.970; 86.820;154.873;279.794; 95.882;157.640;190.136;168.288;187.288;187.782;106.472;133.102;253.706
2005-05-15 18:20:00;166.478; 51.817;206.800;144.137;1359.220;408.717;   null;204.490; 85.294;156.087;281.734; 95.204;156.940;191.530;169.224;187.710;189.036;108.628;131.178;253.730
2005-05-15 18:25:00;167.784; 51.767;206.767;142.490;1350.120;411.377;   null;207.194; 85.606;154.207;281.302; 95.211;157.240;190.818;167.898;187.480;190.224;105.284;130.948;256.870
2005-05-15 18:30:00;165.902; 50.687;208.133;142.387;1358.040;411.747;102.746;204.692; 86.672;155.130;284.162; 96.116;154.860;189.690;168.360;187.348;187.994;106.692;132.980;254.570
2005-05-15 18:35:00;167.748; 51.907;208.067;142.063;1346.800;409.107;   null;206.196; 87.808;155.163;278.603; 96.588;156.900;192.210;168.744;187.716;190.032;108.488;131.364;255.646
2005-05-15 18:40:00;166.050; 53.020;208.100;140.753;1347.460;408.987;   null;207.642; 85.100;154.433;279.914; 93.658;158.680;192.450;167.868;185.262;189.438;106.088;131.064;255.130
2005-05-15 18:45:00;165.508; 53.340;207.367;143.923;1350.840;412.853;102.709;204.356; 87.238;153.783;284.553; 95.954;159.700;189.432;167.662;189.572;191.596;106.898;130.792;256.232
2005-05-15 18:50:00;166.704; 54.287;208.400;142.250;1350.940;414.330;   null;204.020; 87.228;155.137;281.640; 97.920;156.200;190.626;167.830;187.396;187.850;106.678;130.828;254.940
2005-05-15 18:55:00;165.218; 52.897;206.933;141.937;1344.580;410.800;   null;204.144; 85.906;155.543;280.053; 96.802;156.700;188.956;168.224;188.026;188.188;107.928;132.408;258.176
2005-05-15 19:00:00;165.068; 53.127;204.700;142.467;1350.180;409.704;103.002;205.258; 86.920;154.837;281.970; 94.818;158.320;190.650;170.916;185.834;189.408;107.394;131.090;256.506
2005-05-15 19:05:00;167.564; 52.907;208.133;143.643;1356.360;410.117;   null;207.370; 86.250;154.110;282.856; 96.115;156.120;187.224;169.738;187.232;187.774;106.710;131.568;256.958
2005-05-15 19:10:00;166.002; 53.500;206.900;143.680;1350.640;409.650;   null;205.306; 86.762;155.677;282.103; 97.982;157.620;191.510;167.346;188.630;188.158;106.042;131.966;255.026
2005-05-15 19:15:00;167.032; 52.967;208.367;142.773;1349.160;407.840;102.712;204.074; 85.798;156.600;283.099; 95.513;157.220;188.308;167.814;184.378;189.106;108.432;130.228;254.180
2005-05-15 19:20:00;165.330; 53.130;205.600;141.657;1351.380;415.393;   null;203.850; 86.018;153.950;281.770; 95.863;154.760;190.044;170.398;187.070;190.670;106.398;130.842;254.176
2005-05-15 19:25:00;167.168; 53.190;204.700;142.327;1349.180;409.237;   null;207.282; 86.744;154.433;287.223; 96.282;156.140;190.986;168.502;186.356;189.478;106.468;132.180;257.966
2005-05-15 19:30:00;168.668; 52.103;206.200;142.400;1344.380;409.760;102.969;205.404; 86.504;150.960;281.884; 94.911;159.040;192.288;168.396;187.916;190.208;107.766;132.220;259.488
2005-05-15 19:35:00;166.298; 51.537;207.133;141.823;1345.940;409.793;   null;206.018; 86.006;153.487;284.946; 94.879;156.920;190.378;169.688;187.658;192.986;105.922;133.040;256.898
2005-05-15 19:40:00;166.282; 52.330;205.967;141.933;1351.320;411.150;   null;204.456; 85.374;152.533;280.525; 94.689;155.280;189.710;168.390;185.410;190.258;106.458;131.082;258.118
2005-05-15 19:45:00;164.816; 53.017;207.133;144.497;1350.620;407.823;102.081;204.736; 86.742;154.603;283.746; 97.575;157.300;191.634;170.084;183.804;189.988;106.932;132.146;258.924
2005-05-15 19:50:00;168.240; 53.260;208.533;143.707;1357.840;410.193;   null;203.790; 85.890;156.130;284.978; 96.642;158.220;192.276;167.308;188.382;190.754;107.320;132.560;258.208
2005-05-15 19:55:00;168.174; 53.707;207.833;142.843;1354.560;406.373;   null;203.696; 85.572;156.323;284.611; 97.132;157.880;191.942;168.258;185.272;190.022;106.816;133.422;259.056
2005-05-15 20:00:00;167.000; 52.643;207.000;144.990;1358.280;406.890;103.942;205.414; 84.714;155.483;282.678; 97.791;157.560;192.294;169.702;185.886;190.590;106.988;132.832;257.434
2005-05-15 20:05:00;168.622; 53.620;207.867;142.057;1357.980;407.127;   null;204.008; 85.698;153.120;282.391; 96.641;156.580;192.570;169.960;187.574;188.252;106.938;132.230;258.050
2005-05-15 20:10:00;169.512; 52.253;207.533;142.493;1362.420;408.690;   null;203.716; 85.850;156.290;283.078; 94.858;157.000;191.800;167.338;184.192;191.012;108.378;132.668;258.528
2005-05-15 20:15:00;168.608; 52.173;205.467;143.587;1352.340;407.523;102.808;204.476; 86.592;153.457;282.695; 95.453;157.580;191.330;168.058;187.960;189.740;107.228;132.632;256.736
2005-05-15 20:20:00;167.736; 52.497;209.600;143.917;1359.440;407.293;   null;202.954; 86.250;155.547;284.862; 95.746;154.680;191.316;170.636;186.490;189.050;107.386;132.954;258.172
2005-05-15 20:25:00;167.650; 53.207;206.833;141.037;1357.020;408.670;   null;206.750; 86.772;153.120;284.130; 96.245;155.960;192.256;169.812;185.174;189.274;106.354;133.206;260.012
2005-05-15 20:30:00;166.372; 52.153;208.133;141.720;1360.920;408.790;102.873;205.834; 85.518;154.553;284.258; 95.002;155.880;191.502;168.428;188.648;187.290;106.862;131.946;256.862
2005-05-15 20:35:00;168.004; 53.183;206.500;139.997;1357.120;405.757;   null;203.286; 86.408;154.293;283.843; 95.461;154.540;192.716;172.380;185.272;189.576;106.792;132.308;257.672
2005-05-15 20:40:00;165.980; 54.083;207.867;142.717;1363.420;408.404;   null;205.882; 86.360;155.473;285.739; 96.172;154.600;191.722;169.968;184.740;188.022;106.414;132.338;258.276
2005-05-15 20:45:00;169.850; 52.797;204.833;142.620;1365.780;406.447;102.812;202.680; 86.836;155.217;279.084; 97.180;156.340;192.684;169.688;188.012;189.188;106.714;130.426;258.670
2005-05-15 20:50:00;169.162; 52.563;206.567;143.237;1363.280;408.943;   null;206.158; 86.006;153.344;284.592; 95.788;154.380;192.144;170.464;186.292;187.350;107.962;131.830;259.294
2005-05-15 20:55:00;165.852; 52.483;205.000;143.060;1364.740;407.910;   null;203.580; 85.720;156.677;283.382; 96.409;156.400;190.988;169.452;184.932;188.596;106.626;132.376;257.792
2005-05-15 21:00:00;168.796; 51.883;207.933;143.720;1366.900;407.020;102.122;207.174; 86.700;153.703;282.761; 94.291;152.580;191.092;169.944;186.970;188.452;107.202;132.832;257.012
2005-05-15 21:05:00;166.386; 52.313;205.333;141.823;1359.880;405.493;   null;203.296; 86.654;153.777;283.954; 96.079;153.980;190.342;168.924;187.500;190.312;106.288;132.244;258.564
2005-05-15 21:10:00;167.176; 53.173;   null;140.717;1358.060;405.537;   null;202.550; 86.200;154.803;283.350; 94.750;154.220;191.136;169.714;187.464;190.166;107.524;130.210;257.686
2005-05-15 21:15:00;166.088; 53.657;   null;142.657;1354.680;402.796;102.622;204.678; 87.008;154.110;282.444; 94.855;154.560;192.078;170.708;184.498;189.370;107.544;131.696;258.518
2005-05-15 21:20:00;166.650; 53.277;   null;140.897;1350.800;405.537;   null;204.458; 87.048;154.310;281.332; 95.164;154.040;191.020;169.990;188.366;191.138;108.642;131.712;257.600
2005-05-15 21:25:00;167.612; 52.847;   null;139.287;1358.660;404.777;   null;202.818; 86.220;154.820;281.825; 95.309;153.880;191.238;168.946;186.504;190.266;108.110;132.668;259.504
2005-05-15 21:30:00;165.776; 52.263;   null;140.787;1357.080;402.697;102.285;204.642; 85.836;151.913;282.714; 95.107;155.480;191.634;169.092;185.292;190.376;107.562;132.572;262.324
2005-05-15 21:35:00;165.864; 53.060;   null;142.983;1355.300;407.123;   null;205.218; 86.098;152.700;282.285; 95.853;155.300;192.522;171.400;187.550;187.634;107.582;133.190;259.448
2005-05-15 21:40:00;168.346; 52.737;   null;138.543;1363.840;405.320;   null;202.436; 85.510;152.693;280.890; 94.783;156.340;193.306;170.132;185.992;189.526;107.100;132.160;256.664
2005-05-15 21:45:00;167.766; 51.037;   null;140.793;1364.860;407.480;102.895;205.446; 86.952;152.983;281.540; 95.136;155.360;191.428;168.096;186.894;189.662;107.778;130.914;261.310
2005-05-15 21:50:00;166.188; 52.237;   null;140.753;1364.080;403.297;   null;203.408; 85.686;156.200;282.650; 94.982;154.500;190.280;170.458;187.688;187.316;107.282;133.022;259.536
2005-05-15 21:55:00;167.796; 52.673;   null;140.980;1359.580;402.900;   null;201.914; 88.280;155.050;281.335; 96.398;155.340;191.362;170.310;188.184;190.282;107.584;132.858;260.398
2005-05-15 22:00:00;165.780; 52.063;208.533;140.193;1359.180;405.290;102.790;202.276; 85.056;153.353;280.702; 94.900;155.400;192.972;172.076;185.298;189.276;108.522;132.744;258.278
2005-05-15 22:05:00;167.520; 52.277;206.967;140.723;1358.200;399.640;   null;204.604; 86.890;152.490;283.869; 94.428;152.820;192.316;169.402;185.304;186.256;108.260;132.272;258.674
2005-05-15 22:10:00;164.866; 53.010;207.600;142.540;1363.980;401.947;   null;200.484; 87.622;153.767;280.465; 95.823;154.280;193.782;169.350;187.074;189.382;106.738;133.426;258.374
2005-05-15 22:15:00;167.266; 51.973;205.267;143.993;1355.460;403.457;102.060;200.310; 86.734;151.790;283.503; 93.329;153.980;190.522;170.910;186.936;188.822;108.442;133.190;257.266
2005-05-15 22:20:00;165.690; 51.923;206.133;142.593;1356.200;402.113;   null;206.440; 87.436;153.104;280.940; 95.539;152.740;190.538;169.266;185.190;192.896;106.358;131.570;258.834
2005-05-15 22:25:00;168.786; 52.513;206.400;139.863;1358.520;403.223;   null;202.810; 85.494;152.573;283.505; 96.598;153.740;190.934;170.132;188.708;191.318;108.656;132.532;256.372
2005-05-15 22:30:00;166.158; 53.397;207.733;141.583;1359.700;402.970;101.439;202.760; 85.384;151.643;284.500; 95.351;153.700;192.932;171.086;185.632;189.908;107.898;131.734;256.966
2005-05-15 22:35:00;167.834; 52.410;205.633;141.383;1361.640;405.607;   null;203.080; 86.982;153.093;285.860; 94.861;151.960;191.246;169.766;185.454;188.874;106.602;132.924;259.124
2005-05-15 22:40:00;168.994; 51.780;206.100;142.603;1366.320;403.380;   null;203.218; 88.468;152.593;285.146; 95.235;153.900;194.044;170.318;186.126;193.646;106.952;131.414;256.830
2005-05-15 22:45:00;167.618; 52.763;207.233;140.417;1368.100;404.680;102.627;203.526; 87.498;153.986;288.211; 95.140;154.660;193.878;171.670;186.214;191.866;109.100;131.894;258.626
2005-05-15 22:50:00;167.676; 52.260;206.600;143.133;1363.840;403.147;   null;203.808; 85.906;153.097;286.219; 92.361;155.540;189.488;169.526;185.812;189.280;108.222;132.488;257.210
2005-05-15 22:55:00;165.500; 52.653;206.833;140.617;1368.380;405.593;   null;204.880; 85.574;152.627;288.538; 95.423;153.320;191.880;171.726;185.072;194.958;108.598;132.768;257.702
2005-05-15 23:00:00;168.826; 51.797;207.500;142.657;1373.040;404.917;102.088;202.614; 85.598;152.797;286.548; 95.077;153.780;190.350;170.508;188.404;193.606;107.404;131.558;260.036
2005-05-15 23:05:00;167.616; 53.493;207.500;142.880;1370.140;402.540;   null;204.810; 87.046;152.710;287.275; 94.088;155.860;190.890;170.262;187.698;192.376;108.800;132.982;257.878
2005-05-15 23:10:00;168.056; 50.963;207.600;143.420;1363.600;405.280;   null;204.644; 87.090;152.287;284.666; 93.880;153.860;193.264;170.070;185.980;190.604;108.292;133.294;256.702
2005-05-15 23:15:00;167.124; 52.037;206.767;141.700;1365.620;405.693;102.047;205.868; 85.564;152.630;287.444; 95.082;153.160;194.300;174.212;188.154;192.198;108.260;132.584;258.186
2005-05-15 23:20:00;170.298; 51.097;204.200;142.747;1370.600;405.343;   null;203.016; 86.066;155.927;287.960; 94.860;153.620;193.838;172.328;189.976;193.902;108.330;133.468;258.676
2005-05-15 23:25:00;167.974; 52.270;206.567;141.737;1361.640;406.556;   null;204.388; 87.706;153.700;288.758; 94.847;153.900;194.544;172.094;186.848;188.830;108.318;132.052;259.238
2005-05-15 23:30:00;169.862; 53.810;205.767;142.053;1371.560;403.717;102.210;204.328; 86.664;152.283;289.356; 94.921;153.720;194.238;172.318;189.316;191.750;107.712;133.566;258.430
2005-05-15 23:35:00;169.524; 52.477;207.033;141.520;1360.520;405.050;   null;201.524; 88.330;154.983;289.861; 95.178;153.400;194.730;169.466;188.400;188.154;109.770;134.212;260.392
2005-05-15 23:40:00;167.500; 52.350;207.967;142.427;1360.760;405.817;   null;205.644; 86.842;153.540;288.484; 93.988;154.140;196.398;169.772;188.884;188.236;107.570;132.830;257.624
2005-05-15 23:45:00;168.454; 52.190;205.667;141.163;1358.040;406.083;102.677;201.840; 88.020;154.347;288.483; 94.914;155.260;195.384;170.612;187.516;192.938;107.964;132.708;257.986
2005-05-15 23:50:00;167.662; 52.073;205.133;140.470;1354.980;405.280;   null;203.270; 88.294;153.286;290.036; 93.782;154.360;193.012;171.726;188.092;192.034;108.682;133.370;254.938
2005-05-15 23:55:00;167.542; 53.237;205.933;142.520;1363.860;403.053;   null;203.222; 87.626;154.467;288.472; 94.280;154.900;194.352;172.188;187.072;193.658;108.688;131.582;257.416
2005-05-16 00:00:00;170.888; 52.847;204.933;141.490;1354.580;407.177;102.208;204.618; 86.938;152.496;287.916; 95.858;155.000;195.424;171.266;187.508;189.138;108.952;130.704;258.256
2005-05-16 00:05:00;169.906; 52.253;205.600;142.027;1366.180;403.604;   null;204.126; 86.092;154.800;286.250; 95.280;155.660;194.704;170.718;189.572;193.018;109.632;133.484;257.854
2005-05-16 00:10:00;169.488; 52.967;207.167;143.500;1350.580;404.357;   null;203.728; 86.184;155.977;287.078; 94.590;156.060;195.028;172.596;191.472;195.006;109.874;132.226;259.332
2005-05-16 00:15:00;170.266; 52.867;208.833;139.337;1347.680;406.167;102.952;200.018; 86.870;154.437;286.868; 95.894;154.380;195.452;172.310;188.244;191.180;108.392;131.620;258.576
2005-05-16 00:20:00;168.352; 52.643;206.833;143.190;1354.520;405.963;   null;206.352; 87.072;153.617;285.738; 95.378;156.120;193.600;171.630;189.130;192.544;108.698;133.400;258.026
2005-05-16 00:25:00;168.070; 51.610;207.133;141.790;1353.320;400.280;   null;200.586; 86.526;153.943;284.483; 94.941;153.680;192.540;171.468;189.938;194.182;108.660;134.026;258.684
2005-05-16 00:30:00;168.138; 53.123;207.267;142.290;1349.320;405.033;102.627;205.058; 87.172;152.430;286.137; 95.029;152.600;192.478;174.746;188.632;195.914;109.284;133.274;260.782
2005-05-16 00:35:00;168.128; 53.997;209.267;144.013;1351.780;405.850;   null;202.668; 86.618;154.023;285.186; 93.832;154.520;195.912;173.446;190.826;193.970;108.848;134.070;258.906
2005-05-16 00:40:00;169.870; 51.950;206.233;144.000;1347.900;401.623;   null;202.398; 86.502;155.190;284.287; 94.181;155.180;195.380;174.084;189.944;192.526;108.624;133.188;260.394
2005-05-16 00:45:00;169.832; 52.347;208.067;143.033;1348.120;404.033;103.134;204.736; 87.584;157.057;283.329; 96.217;153.920;194.662;174.320;189.410;191.730;109.068;133.522;260.558
2005-05-16 00:50:00;168.698; 52.850;206.967;143.733;1336.900;405.460;   null;202.392; 86.972;153.770;285.125; 96.125;154.360;192.216;174.068;189.770;190.288;110.166;133.388;262.022
2005-05-16 00:55:00;169.814; 52.487;207.333;141.727;1346.860;406.020;   null;201.432; 86.604;154.157;285.062; 93.354;154.380;192.832;173.102;188.974;194.194;109.232;134.262;259.704
2005-05-16 01:00:00;170.610; 53.697;207.367;142.870;1335.840;404.420;102.276;202.454; 87.108;151.463;283.165; 95.630;155.940;195.314;171.658;189.934;193.066;108.480;134.370;262.048
2005-05-16 01:05:00;169.626; 52.503;206.033;141.633;1327.780;403.593;   null;203.536; 87.070;152.863;280.928; 95.955;157.560;192.698;172.062;188.592;187.786;109.512;135.930;264.054
2005-05-16 01:10:00;167.746; 53.077;206.300;142.630;1323.300;403.677;   null;203.126; 85.594;154.287;281.316; 95.239;156.660;192.998;173.218;189.182;191.872;110.112;136.658;262.914
2005-05-16 01:15:00;171.774; 52.133;205.433;141.543;1325.940;406.627;103.183;203.320; 87.902;152.387;282.016; 95.984;157.900;191.186;169.474;188.978;189.134;108.848;135.046;264.380
2005-05-16 01:20:00;167.780; 53.193;206.600;144.017;1318.600;405.060;   null;203.864; 88.378;154.343;278.926; 96.084;156.860;193.540;170.624;189.534;191.352;109.742;134.918;263.510
2005-05-16 01:25:00;168.412; 53.307;206.600;143.060;1316.220;404.353;   null;203.434; 85.450;155.077;280.407; 94.696;156.740;192.488;172.390;189.304;193.548;110.062;134.960;264.114
2005-05-16 01:30:00;169.090; 52.537;204.700;143.050;1314.220;407.770;103.531;205.090; 87.244;152.750;277.243; 95.605;156.820;191.770;171.062;190.696;192.726;109.790;135.590;264.380
2005-05-16 01:35:00;168.902; 52.763;207.967;142.423;1310.300;406.600;   null;205.650; 86.422;154.917;280.701; 95.816;156.220;191.426;171.954;188.986;192.400;110.088;135.036;263.730
2005-05-16 01:40:00;167.614; 53.210;208.167;143.287;1321.260;404.393;   null;203.114; 85.168;153.567;278.426; 96.217;155.980;191.646;173.034;189.978;190.376;109.568;136.450;263.052
2005-05-16 01:45:00;168.892; 51.677;209.033;142.807;1322.220;404.727;102.003;207.900; 85.974;154.577;279.330; 95.563;157.640;192.096;171.218;190.102;188.570;108.270;135.252;265.864
2005-05-16 01:50:00;168.798; 52.540;206.567;143.007;1318.160;407.860;   null;206.510; 86.522;156.320;277.336; 96.494;154.800;190.652;174.338;188.990;192.092;108.680;135.798;263.928
2005-05-16 01:55:00;170.100; 52.730;206.567;143.393;1327.620;404.797;   null;206.018; 86.478;155.953;280.962; 95.964;157.020;190.712;171.970;188.882;191.904;109.110;135.174;260.936
2005-05-16 02:00:00;168.604; 53.667;203.867;142.787;1319.240;405.863;102.611;205.564; 84.952;154.853;278.691; 96.044;156.480;190.674;171.244;187.412;191.736;110.024;134.810;263.990
2005-05-16 02:05:00;170.702; 52.507;207.867;142.053;1317.780;405.393;   null;206.604; 86.168;154.037;278.970; 95.469;155.620;189.020;170.994;189.250;191.114;108.914;135.642;263.880
2005-05-16 02:10:00;169.288; 53.447;205.700;140.750;1326.200;406.347;   null;204.568; 87.338;152.033;279.220; 97.380;157.020;191.800;168.972;188.412;190.706;109.956;135.882;264.490
2005-05-16 02:15:00;169.350; 53.587;206.433;142.950;1331.800;404.897;101.988;204.192; 85.018;155.867;275.640; 96.923;157.600;187.714;170.858;188.144;191.774;107.576;135.670;264.036
2005-05-16 02:20:00;168.564; 52.630;207.767;143.480;1324.460;410.827;   null;208.308; 86.856;155.447;276.668; 96.491;157.260;188.346;170.918;188.950;191.466;108.248;136.212;261.908
2005-05-16 02:25:00;170.806; 52.357;208.100;142.970;1329.720;406.670;   null;205.924; 86.604;155.167;279.997; 95.645;157.840;191.680;168.966;186.516;190.802;108.860;135.748;262.790
2005-05-16 02:30:00;168.856; 52.627;208.500;142.493;1328.120;410.003;103.029;203.376; 87.514;154.437;280.278; 96.209;157.320;188.142;169.780;187.810;189.208;109.944;133.790;264.850
2005-05-16 02:35:00;168.660; 53.373;206.800;143.317;1332.740;408.713;   null;204.994; 87.514;153.177;277.725; 97.751;156.460;189.172;169.202;188.602;190.558;108.616;135.222;264.240
2005-05-16 02:40:00;167.658; 53.193;208.267;143.523;1318.400;403.927;   null;202.946; 87.406;153.803;281.617; 95.506;157.360;187.250;169.264;188.684;188.962;107.646;136.462;264.226
2005-05-16 02:45:00;168.084; 52.307;206.133;142.370;1323.600;403.107;103.085;203.726; 86.216;153.730;277.616; 97.009;158.000;187.636;168.974;187.294;191.072;108.890;136.834;265.306
2005-05-16 02:50:00;169.374; 53.140;204.000;144.353;1324.940;404.293;   null;205.030; 88.162;155.783;280.087; 97.316;158.020;188.994;170.268;188.322;187.374;108.684;135.744;267.748
2005-05-16 02:55:00;170.192; 53.073;206.167;144.877;1328.740;405.310;   null;204.236; 87.108;153.910;277.569; 97.052;156.120;188.402;168.960;189.956;190.600;108.296;138.214;267.450
2005-05-16 03:00:00;168.938; 52.380;208.133;143.350;1325.540;404.707;102.909;205.448; 86.684;155.623;276.528; 96.745;156.260;190.604;167.242;188.214;192.584;108.398;135.524;264.772
2005-05-16 03:05:00;170.864; 52.817;206.833;144.960;1328.160;404.657;   null;206.250; 88.250;153.710;279.026; 95.807;154.620;189.366;168.744;190.002;189.664;107.708;136.306;267.100
2005-05-16 03:10:00;170.890; 53.703;207.533;143.837;1327.760;404.750;   null;207.030; 86.794;155.680;275.240; 94.383;154.320;187.280;168.744;187.742;190.934;108.188;136.204;267.842
2005-05-16 03:15:00;171.448; 53.080;206.800;143.997;1329.980;408.457;102.321;204.148; 87.844;154.800;281.056; 94.466;155.220;188.732;167.786;188.190;188.890;107.028;136.344;264.464
2005-05-16 03:20:00;170.928; 53.270;204.833;143.407;1332.820;407.557;   null;205.564; 87.948;154.453;277.799; 95.428;155.120;189.318;169.236;189.598;194.672;106.948;135.820;266.986
2005-05-16 03:25:00;169.698; 54.590;208.400;144.117;1333.220;408.733;   null;205.082; 87.214;154.520;278.341; 97.020;154.800;189.182;167.316;190.558;191.716;107.128;138.810;265.048
2005-05-16 03:30:00;172.826; 53.547;205.900;144.963;1341.160;407.873;103.772;206.396; 87.184;152.893;280.045; 94.979;156.260;189.054;170.918;188.370;193.490;108.828;136.738;264.864
2005-05-16 03:35:00;170.218; 52.070;209.900;143.530;1329.500;411.863;   null;205.996; 87.838;153.340;278.030; 96.013;156.260;190.098;168.032;191.196;193.346;107.320;136.910;266.926
2005-05-16 03:40:00;170.912; 53.343;209.200;145.987;1332.100;411.410;   null;205.122; 88.418;153.177;278.402; 96.705;156.800;186.826;167.056;191.516;191.038;108.752;137.360;267.806
2005-05-16 03:45:00;169.720; 52.657;206.933;146.303;1340.140;408.393;103.749;205.312; 88.090;153.993;281.005; 95.866;157.800;188.478;167.812;190.536;190.546;107.798;137.682;268.570
2005-05-16 03:50:00;171.324; 54.083;208.300;145.050;1334.240;413.637;   null;206.618; 86.052;154.643;279.022; 94.322;155.900;189.088;170.594;191.594;191.476;107.874;138.208;268.324
2005-05-16 03:55:00;171.780; 54.543;207.600;144.987;1335.940;413.050;   null;205.410; 88.840;153.123;280.460; 95.687;156.000;189.508;167.864;190.336;191.108;107.682;138.032;270.038
2005-05-16 04:00:00;171.382; 54.223;208.400;143.097;1334.840;410.617;104.277;208.538; 88.066;156.057;279.407; 96.432;155.720;188.918;167.522;191.070;189.592;107.100;137.254;272.180
2005-05-16 04:05:00;170.968; 52.367;208.000;145.153;1335.480;409.837;   null;209.940; 90.032;155.597;279.005; 96.563;156.180;188.752;166.592;189.654;191.962;108.338;139.290;267.952
2005-05-16 04:10:00;168.924; 53.490;208.033;145.120;1334.760;410.917;   null;204.914; 87.702;156.933;279.729; 95.861;157.520;189.476;167.580;189.518;192.742;108.096;138.424;270.352
2005-05-16 04:15:00;169.554; 52.903;208.633;145.743;1347.080;412.597;104.098;204.712; 88.562;155.070;279.574; 94.921;156.700;189.590;168.072;191.396;193.730;108.338;138.534;268.852
2005-05-16 04:20:00;170.438; 53.650;210.733;145.617;1341.740;415.370;   null;207.922; 90.598;155.403;278.659; 97.165;159.180;188.750;167.270;191.792;188.478;107.568;137.506;266.392
2005-05-16 04:25:00;170.566; 54.703;209.967;144.723;1345.660;409.940;   null;210.408; 88.966;155.620;279.803; 97.740;158.300;187.656;167.916;192.486;193.444;107.738;137.356;269.038
2005-05-16 04:30:00;170.490; 54.777;209.000;143.907;1341.120;408.167;104.517;207.640; 88.658;156.740;281.009; 98.702;158.820;187.386;169.486;192.538;192.176;108.250;136.984;268.660
2005-05-16 04:35:00;172.048; 52.463;212.333;144.843;1329.820;413.673;   null;205.654; 87.738;158.743;281.484; 97.486;158.020;189.302;171.008;192.008;192.482;107.802;136.332;267.022
2005-05-16 04:40:00;169.374; 54.540;210.367;145.257;1342.160;413.077;   null;206.652; 89.426;155.610;280.321; 96.329;157.160;191.974;168.808;190.104;189.376;107.960;136.020;266.396
2005-05-16 04:45:00;169.426; 53.023;212.567;146.170;1330.160;410.873;105.075;207.226; 89.030;156.143;280.353; 97.683;156.640;189.228;169.888;187.120;191.346;108.558;136.506;263.378
2005-05-16 04:50:00;170.882; 53.407;210.533;145.530;1337.000;413.347;   null;205.154; 89.978;157.323;280.013; 97.859;158.560;188.862;169.782;190.484;193.570;108.618;135.164;262.320
2005-05-16 04:55:00;169.602; 53.530;210.700;145.570;1328.940;414.010;   null;210.698; 91.008;155.983;280.939; 98.275;158.760;191.116;169.608;189.414;192.892;109.634;135.148;261.714
2005-05-16 05:00:00;170.444; 53.323;210.933;145.997;1332.880;411.640;104.529;206.870; 89.650;158.450;284.181; 98.515;158.260;189.366;169.360;191.102;191.208;108.918;135.678;260.100
2005-05-16 05:05:00;170.484; 53.457;212.900;145.170;1337.080;412.083;   null;205.640; 88.938;155.917;283.626; 97.102;158.160;191.212;170.024;190.120;192.756;109.512;134.278;263.702
2005-05-16 05:10:00;170.014; 52.980;210.633;146.567;1332.740;413.164;   null;209.932; 88.012;155.867;282.802; 96.337;159.700;190.718;170.158;189.728;191.346;109.704;134.408;264.728
2005-05-16 05:15:00;169.154; 53.163;210.000;144.910;1336.280;411.847;105.006;207.180; 88.852;157.853;281.321; 97.088;156.900;193.442;171.390;190.882;188.942;108.958;133.798;262.598
2005-05-16 05:20:00;171.158; 54.347;209.967;147.870;1331.940;411.227;   null;206.458; 88.778;157.473;284.723; 95.915;158.520;190.420;169.570;191.650;193.038;110.700;134.516;262.096
2005-05-16 05:25:00;169.642; 54.217;208.633;147.103;1329.280;412.530;   null;206.972; 88.012;156.920;283.243; 97.876;158.700;194.306;169.474;187.570;191.826;109.992;134.422;262.212
2005-05-16 05:30:00;168.086; 54.490;209.833;144.243;1327.820;411.680;104.442;208.210; 86.848;159.267;281.527; 99.195;158.760;192.440;170.120;191.698;191.244;109.162;133.762;262.760
2005-05-16 05:35:00;171.702; 52.527;210.867;144.867;1327.200;411.977;   null;208.492; 86.984;155.804;281.967; 97.961;157.460;192.522;169.388;188.196;191.946;110.152;133.570;260.788
2005-05-16 05:40:00;171.110; 53.663;210.667;144.267;1329.460;413.783;   null;208.486; 88.018;156.597;284.708; 99.558;158.680;194.614;171.110;192.294;190.900;109.586;132.592;260.518
2005-05-16 05:45:00;170.450; 54.260;210.467;143.483;1326.660;412.293;104.311;207.260; 87.940;155.143;283.269; 96.485;159.200;192.376;169.154;191.478;191.710;108.312;133.718;263.404
2005-05-16 05:50:00;170.508; 54.310;209.367;142.837;1319.500;406.783;   null;   null; 88.098;156.867;284.223; 95.858;160.280;192.576;171.982;193.372;192.862;110.020;134.228;263.914
2005-05-16 05:55:00;167.968; 54.360;207.600;144.893;1323.440;410.647;   null;203.646; 88.658;156.387;285.336; 98.161;159.020;193.494;169.722;194.006;191.820;109.536;136.206;265.642
2005-05-16 06:00:00;168.892; 53.803;208.933;144.823;1312.160;407.440;104.511;207.652; 88.276;155.617;280.265; 99.063;158.840;192.288;171.468;191.418;192.326;109.112;134.164;264.886
2005-05-16 06:05:00;171.158; 53.157;208.667;145.300;1322.720;408.350;   null;206.440; 87.308;153.147;283.032; 98.958;160.320;192.440;170.440;189.970;193.672;109.896;137.620;266.292
2005-05-16 06:10:00;170.576; 53.577;208.033;145.273;1316.100;410.617;   null;204.436; 88.300;155.623;285.461; 97.531;158.760;192.156;170.842;192.854;196.034;110.618;137.044;266.514
2005-05-16 06:15:00;168.312; 53.210;208.967;141.960;1315.680;406.387;103.666;207.046; 88.032;156.670;282.969; 97.621;157.580;195.126;169.986;191.348;193.602;110.708;136.778;266.108
2005-05-16 06:20:00;167.866; 53.130;207.200;142.360;1309.000;408.640;   null;206.966; 88.486;156.553;285.959; 96.822;160.360;193.286;170.298;190.644;192.900;109.560;136.810;270.188
2005-05-16 06:25:00;168.776; 53.290;208.867;144.953;1312.800;410.193;   null;204.700; 87.546;156.047;283.102; 98.431;157.920;192.528;169.784;191.478;192.202;109.902;136.860;266.724
2005-05-16 06:30:00;170.658; 54.043;209.133;145.263;1318.000;408.253;103.814;205.204; 88.244;154.887;284.829; 98.286;160.560;192.892;171.250;193.268;193.894;110.440;136.938;266.712
2005-05-16 06:35:00;169.224; 52.413;209.700;144.767;1317.020;411.600;   null;205.422; 88.684;155.510;283.232; 98.446;160.580;191.592;171.988;192.752;192.352;110.900;136.200;265.252
2005-05-16 06:40:00;167.922; 53.533;208.933;144.573;1314.300;413.400;   null;204.582; 88.724;154.907;284.867; 98.264;160.320;192.998;171.398;194.754;195.702;109.486;137.488;265.940
2005-05-16 06:45:00;168.138; 53.890;208.500;146.897;1312.460;409.647;104.624;204.482; 87.688;156.853;283.279; 96.687;157.300;193.956;169.740;193.588;192.686;111.194;136.966;267.500
2005-05-16 06:50:00;166.424; 54.047;206.867;142.843;1308.160;409.140;   null;205.522; 87.342;156.913;287.545; 97.049;157.900;190.854;169.772;193.928;193.064;110.102;137.140;266.378
2005-05-16 06:55:00;166.690; 53.827;208.633;145.907;1308.000;409.377;   null;202.590; 87.654;154.913;284.702; 96.666;158.980;192.648;172.054;192.488;193.452;109.166;137.058;263.524
2005-05-16 07:00:00;167.944; 53.197;205.667;143.670;1305.760;409.510;104.002;203.294; 87.080;154.026;286.728; 96.225;157.480;192.486;169.278;193.184;191.826;108.702;137.236;264.894
2005-05-16 07:05:00;165.402; 54.677;208.633;143.743;1306.820;408.163;   null;203.034; 88.790;155.090;287.160; 94.804;156.880;190.896;171.150;192.532;190.824;110.974;134.148;263.608
2005-05-16 07:10:00;166.164; 52.753;206.633;143.240;1312.440;405.663;   null;204.458; 87.986;156.283;284.349; 97.555;158.340;192.926;169.152;193.486;195.372;109.162;135.778;263.072
2005-05-16 07:15:00;168.742; 54.480;210.333;145.780;1310.120;410.607;105.108;204.136; 89.326;157.577;283.866; 95.664;156.240;194.264;172.944;191.444;196.832;110.108;136.394;262.270
2005-05-16 07:20:00;166.784; 54.033;206.767;142.950;1300.040;408.140;   null;205.662; 87.774;158.540;286.860; 94.430;155.380;191.728;169.252;192.812;193.266;110.450;135.000;264.066
2005-05-16 07:25:00;168.508; 54.030;210.967;143.620;1306.640;402.763;   null;202.786; 87.924;154.093;286.986; 94.906;157.620;189.916;169.542;192.692;190.388;109.892;134.396;265.214
2005-05-16 07:30:00;167.822; 53.853;208.967;142.803;1298.060;405.423;103.541;204.996; 89.772;156.860;282.743; 95.183;156.320;192.854;171.030;191.848;192.584;109.434;135.602;264.648
2005-05-16 07:35:00;165.802; 52.927;208.433;142.663;1305.740;406.310;   null;202.436; 88.118;155.363;285.552; 97.494;157.340;192.322;170.250;191.180;194.484;109.698;135.604;263.934
2005-05-16 07:40:00;166.702; 52.843;207.567;143.440;1298.620;410.077;   null;202.870; 88.538;154.210;284.764; 95.907;155.240;191.496;170.738;192.976;193.664;109.890;136.830;264.658
2005-05-16 07:45:00;165.364; 53.060;208.567;144.817;1304.780;405.587;103.512;204.780; 90.444;156.763;285.104; 95.234;155.200;193.246;168.678;192.040;191.234;110.266;137.018;265.476
2005-05-16 07:50:00;166.016; 53.287;208.367;141.500;1300.960;405.153;   null;206.524; 87.762;156.330;286.719; 94.207;157.180;194.260;171.598;193.754;195.446;111.890;135.800;264.534
2005-05-16 07:55:00;167.560; 52.353;209.367;142.010;1302.060;404.800;   null;205.972; 88.748;155.707;286.174; 96.054;154.660;193.202;169.510;189.446;191.368;108.620;135.688;264.388
2005-05-16 08:00:00;165.606; 52.400;207.467;140.887;1299.460;403.400;104.168;202.408; 88.534;154.650;285.536; 96.578;156.900;194.416;171.434;193.408;193.494;109.548;136.202;266.354
2005-05-16 08:05:00;166.726; 52.557;207.100;142.970;1304.920;401.053;   null;204.580; 89.800;154.087;285.840; 95.029;156.080;192.850;169.192;191.752;192.186;108.934;134.418;265.022
2005-05-16 08:10:00;166.378; 53.520;209.100;141.000;1305.220;402.057;   null;202.960; 88.224;154.137;283.258; 95.360;156.440;191.018;168.606;191.920;195.048;108.296;136.350;263.582
2005-05-16 08:15:00;166.810; 53.303;207.633;142.130;1301.400;403.910;103.844;200.958; 89.196;154.450;284.105; 94.942;157.280;193.558;169.300;191.994;194.916;107.546;135.556;262.770
2005-05-16 08:20:00;165.892; 52.597;209.733;142.000;1302.040;403.890;   null;205.494; 89.444;152.753;283.927; 95.060;155.800;192.582;167.640;192.086;194.984;109.660;136.022;266.878
2005-05-16 08:25:00;165.114; 51.683;210.767;141.407;1294.960;401.633;   null;203.846; 89.326;153.423;284.754; 95.771;156.940;191.106;168.890;191.150;192.244;108.866;133.802;262.962
2005-05-16 08:30:00;165.726; 52.663;207.567;142.783;1308.700;401.030;102.553;203.038; 89.730;152.300;287.643; 93.914;154.980;191.826;170.512;191.822;192.718;108.448;133.980;262.734

