DATETIME,ESOI,ATHN,MXCO,ROME,AATB,LMKS,DRBS,MOSC,NEWK,KIEL,CALG,OULU,APTY,FSMT,INVK,NAIN,PWNK,THUL,SOPB,SOPO
2005-05-14 21:35:00,173.85,53.937,218.833,147.927,1383.9,429.56,,218.584,92.438,163.76,303.696,102.665,164.56,206.23,182.548,200.02,206.694,116.086,148.408,284.938
2005-05-14 21:40:00,173.216,54.63,218.867,148.96,1385.82,430.753,,219.722,92.42,163.29,305.789,101.471,166.86,206.616,182.694,198.214,203.378,117.178,147.464,282.428
2005-05-14 21:45:00,172.772,54.127,215.867,147.377,1378.3,428.717,108.89,218.82,92.778,164.43,305.896,102.498,166.32,204.75,183.086,202.61,205.302,115.804,147.338,285.706
2005-05-14 21:50:00,174.344,55.27,216.967,150.97,1374.74,430.367,,217.684,91.74,164.156,304.178,101.772,165.94,205.746,182.894,202.018,204.004,117.096,148.64,283.886
2005-05-14 21:55:00,175.868,55.083,216.267,147.733,1379.2,430.863,,217.902,91.526,166.077,304.88,100.831,165.04,206.284,184.666,202.57,206.51,115.644,150.006,286.024
2005-05-14 22:00:00,175.198,55.453,216.433,149.46,1377.12,432.377,108.481,216.01,92.238,162.57,305.607,104.348,166.8,204.85,184.092,199.2,205.518,116.434,150.064,284.23
2005-05-14 22:05:00,174.546,54.667,218.267,150.363,1378.78,431.877,,216.764,91.54,162.457,303.437,102.597,165.54,206.284,182.302,202.94,203.422,116.018,149.276,284.046
2005-05-14 22:10:00,174.74,55.883,215.6,148.827,1377.74,432.783,,219.068,92.496,163.633,304.897,101.481,164.7,204.692,183.368,202.038,203.85,115.044,147.474,285.738
2005-05-14 22:15:00,173.364,54.62,216.2,149.053,1383.8,431.577,108.258,218.592,92.686,164.63,307.964,102.128,165.9,205.912,183.146,199.25,200.702,115.87,148.042,284.978
2005-05-14 22:20:00,174.654,54.46,216.0,149.43,1382.96,431.327,,217.998,92.0,163.697,303.784,102.288,166.5,206.588,183.202,199.764,201.492,115.556,147.792,283.616
2005-05-14 22:25:00,175.616,53.717,216.4,149.64,1380.2,432.077,,218.016,91.886,164.123,305.111,101.697,167.3,204.82,183.634,199.308,202.314,114.602,148.444,283.722
2005-05-14 22:30:00,174.302,55.027,218.267,149.4,1386.96,430.517,109.081,217.882,91.252,164.82,303.596,103.252,165.36,205.414,181.536,201.088,204.814,116.332,147.298,284.428
2005-05-14 22:35:00,174.36,54.477,218.0,150.293,1383.58,430.3,,217.446,91.56,164.843,304.551,101.704,164.72,205.904,183.612,200.39,202.556,116.076,147.18,285.8
2005-05-14 22:40:00,173.81,55.817,215.867,148.663,1384.18,432.363,,216.59,92.724,162.777,303.737,102.716,165.18,205.226,183.29,198.326,204.076,115.926,148.958,285.558
2005-05-14 22:45:00,172.962,54.647,218.833,150.78,1385.24,431.74,108.787,217.85,93.68,162.45,306.237,102.304,165.98,206.104,183.164,199.97,203.144,115.172,149.418,287.428
2005-05-14 22:50:00,172.31,54.517,214.467,148.787,1385.24,431.323,,216.5,93.206,161.55,303.843,103.148,165.32,204.396,183.372,202.504,202.416,114.398,147.426,282.056
2005-05-14 22:55:00,174.926,54.52,216.867,149.85,1380.78,433.466,,218.314,91.984,166.773,305.323,101.776,166.1,205.636,183.254,201.21,202.028,116.49,148.586,283.778
2005-05-14 23:00:00,175.092,56.557,215.867,147.32,1384.96,429.42,108.887,222.144,91.836,164.003,302.276,102.773,166.18,208.088,183.198,201.436,201.516,115.562,146.262,286.21
2005-05-14 23:05:00,174.522,54.803,218.867,148.177,1380.56,430.657,,216.484,91.546,165.293,303.614,101.382,164.22,204.414,183.3,200.274,205.182,116.152,147.908,286.838
2005-05-14 23:10:00,174.704,54.01,218.067,149.57,1381.96,431.893,,219.282,93.81,164.186,303.49,101.878,165.82,207.726,183.792,199.226,202.012,115.712,146.354,286.142
2005-05-14 23:15:00,173.934,55.067,220.533,149.393,1388.46,434.617,107.312,218.878,93.168,163.187,305.987,101.558,165.62,205.722,182.882,201.126,202.442,116.732,148.972,284.836
2005-05-14 23:20:00,175.358,54.9,218.033,150.543,1390.16,431.897,,220.32,92.008,163.763,301.004,101.355,165.34,204.988,180.108,199.526,203.04,115.462,148.53,285.342
2005-05-14 23:25:00,175.592,55.223,216.833,149.873,1380.08,433.643,,219.1,92.468,166.457,301.364,101.641,164.98,207.29,181.784,200.318,206.4,115.164,148.55,283.942
2005-05-14 23:30:00,173.902,54.553,217.133,149.643,1385.78,430.48,107.549,218.748,92.678,163.517,304.68,101.889,165.86,205.294,184.39,200.842,200.826,115.83,147.15,284.566
2005-05-14 23:35:00,173.412,55.687,218.233,149.143,1379.64,431.983,,218.406,92.202,164.287,304.418,102.234,164.62,205.994,183.788,200.648,202.03,116.102,147.62,285.502
2005-05-14 23:40:00,173.124,55.903,216.733,150.953,1385.36,433.5,,219.656,93.258,162.157,305.345,103.611,165.1,205.052,183.742,202.356,203.714,118.116,146.31,284.842
2005-05-14 23:45:00,172.278,54.687,218.033,149.327,1391.18,431.184,107.904,219.328,93.6,162.157,304.229,100.719,166.82,203.748,181.628,200.464,204.428,116.73,148.292,282.026
2005-05-14 23:50:00,173.138,55.407,217.367,149.417,1383.64,432.553,,215.916,91.918,163.953,302.916,102.328,165.2,205.828,183.698,203.216,203.678,114.972,148.734,281.854
2005-05-14 23:55:00,175.37,56.74,216.7,146.547,1385.18,430.113,,218.164,92.238,166.677,301.833,103.985,167.74,204.788,183.11,202.268,205.022,117.172,147.556,284.776
2005-05-15 00:00:00,171.968,54.72,220.833,150.25,1382.96,433.34,107.742,217.174,93.214,162.75,304.196,103.808,166.36,205.834,183.06,200.514,205.072,117.388,148.32,284.266
2005-05-15 00:05:00,176.522,54.513,215.9,150.637,1377.1,431.833,,219.044,93.034,165.703,306.008,102.34,168.1,204.704,181.758,200.758,203.96,115.246,149.054,285.462
2005-05-15 00:10:00,174.174,55.953,217.233,149.41,1389.24,430.58,,215.68,92.86,163.913,302.507,102.984,165.7,205.828,182.688,199.74,199.476,116.364,148.386,282.776
2005-05-15 00:15:00,172.8,54.323,217.4,150.217,1393.24,432.433,108.757,217.78,93.054,162.76,303.792,103.035,167.22,203.868,180.932,204.236,204.214,115.76,149.736,283.822
2005-05-15 00:20:00,173.63,55.547,215.433,149.017,1390.56,434.803,,217.222,91.916,165.21,300.191,102.305,165.12,204.722,185.524,198.354,207.154,116.018,147.79,280.818
2005-05-15 00:25:00,174.016,55.49,218.9,148.813,1383.68,432.397,,217.652,91.15,164.283,306.51,101.34,166.46,206.488,182.66,201.238,205.012,117.188,146.844,285.446
2005-05-15 00:30:00,175.912,55.197,219.967,150.873,1387.78,429.71,109.151,215.01,91.466,162.177,304.683,102.288,166.06,203.076,185.57,203.54,202.58,116.064,148.026,284.794
2005-05-15 00:35:00,172.706,54.69,214.3,147.443,1384.78,433.573,,218.06,90.572,163.56,302.131,103.396,167.62,205.396,182.516,199.45,204.196,116.656,148.964,284.728
2005-05-15 00:40:00,173.836,55.64,217.2,152.423,1380.62,431.72,,218.612,92.73,164.593,301.453,102.758,167.72,205.458,181.158,202.86,202.172,115.768,148.352,285.574
2005-05-15 00:45:00,174.918,55.917,218.4,147.85,1385.54,432.887,109.231,217.812,92.6,162.307,303.251,102.429,167.9,205.458,183.794,200.656,206.846,116.494,148.762,284.59
2005-05-15 00:50:00,175.058,53.31,216.567,148.997,1387.94,427.053,,217.98,93.166,165.3,301.887,102.501,168.44,205.912,183.08,199.014,201.98,116.814,148.214,284.96
2005-05-15 00:55:00,173.824,55.27,217.067,150.763,1384.02,432.743,,218.268,91.536,164.823,300.809,102.364,167.08,204.058,182.356,202.058,206.088,116.092,148.4,286.194
2005-05-15 01:00:00,173.874,56.05,218.1,148.72,1394.36,430.337,108.455,219.666,92.758,162.547,305.67,103.919,169.84,204.482,180.506,202.066,203.862,117.062,148.416,284.964
2005-05-15 01:05:00,174.402,56.067,215.567,148.523,1392.62,429.953,,220.264,91.696,164.04,302.14,101.518,167.86,206.906,182.162,202.72,202.418,116.668,148.008,284.778
2005-05-15 01:10:00,175.346,54.98,214.5,148.96,1385.84,431.633,,217.092,92.144,162.117,302.246,101.38,168.28,204.108,183.704,204.016,202.248,115.052,147.9,285.512
2005-05-15 01:15:00,171.836,55.12,213.567,148.627,1390.64,427.443,107.745,218.44,91.924,162.79,302.475,103.332,167.22,204.686,182.236,199.604,204.062,117.092,147.642,286.174
2005-05-15 01:20:00,174.444,54.83,215.567,147.59,1389.5,430.693,,218.418,91.97,165.0,304.473,104.275,169.08,204.084,182.654,201.614,204.182,116.032,147.732,288.164
2005-05-15 01:25:00,175.578,55.193,217.167,150.33,1381.5,426.42,,217.344,93.616,163.43,301.56,104.422,166.3,204.36,183.916,200.298,205.906,116.406,146.14,284.046
2005-05-15 01:30:00,177.442,53.707,217.267,149.97,1392.04,432.52,108.722,217.282,92.236,164.487,305.023,104.144,166.8,204.8,182.174,202.438,203.202,117.576,147.5,285.57
2005-05-15 01:35:00,174.514,54.963,215.767,148.803,1385.68,430.527,,220.346,92.198,166.27,303.977,103.48,166.72,206.48,180.674,199.894,202.174,116.506,148.94,284.494
2005-05-15 01:40:00,175.978,54.7,216.867,149.127,1386.74,430.383,,214.96,90.434,162.54,303.389,103.052,168.06,205.286,184.536,202.712,207.874,116.194,149.922,282.928
2005-05-15 01:45:00,173.71,54.28,217.367,148.26,1392.94,429.92,109.253,216.84,92.108,163.286,302.025,103.027,165.52,204.908,183.124,201.214,202.892,116.62,147.684,283.794
2005-05-15 01:50:00,173.388,55.897,215.167,149.42,1384.94,427.9,,217.218,90.216,165.457,302.736,102.965,166.44,205.408,182.866,203.058,202.87,116.298,147.992,284.248
2005-05-15 01:55:00,175.71,55.383,216.933,148.253,1396.28,426.017,,214.908,89.92,163.133,305.219,102.081,166.64,203.986,181.988,200.704,204.012,117.186,148.438,283.22
2005-05-15 02:00:00,175.284,53.217,218.733,150.053,1386.62,426.163,107.352,216.776,93.13,166.353,304.696,101.88,167.14,204.514,181.786,201.25,208.126,115.864,149.864,284.706
2005-05-15 02:05:00,175.052,54.627,218.8,150.017,1392.56,428.83,,218.088,91.558,164.6,303.84,102.644,166.0,203.978,181.53,203.13,204.634,117.106,149.486,286.126
2005-05-15 02:10:00,173.936,55.24,214.567,149.893,1401.44,431.407,,218.25,92.326,165.737,304.493,101.863,166.06,205.424,180.864,200.398,202.922,117.532,147.124,285.91
2005-05-15 02:15:00,172.092,54.423,213.633,148.967,1392.92,426.533,107.39,216.7,92.424,163.993,305.18,101.56,162.96,205.842,181.948,200.78,205.206,116.5,148.2,285.562
2005-05-15 02:20:00,173.256,54.617,216.867,148.183,1387.94,429.48,,215.228,91.918,162.0,301.683,100.894,164.88,205.3,181.926,200.604,205.498,117.368,148.886,283.694
2005-05-15 02:25:00,173.97,54.43,218.7,151.507,1385.66,429.044,,219.404,90.65,165.13,304.657,102.838,163.46,205.432,184.332,199.6,203.326,115.43,145.614,286.366
2005-05-15 02:30:00,174.458,54.43,217.833,147.433,1383.26,423.777,107.385,216.994,92.462,163.05,304.493,103.299,164.78,205.444,183.026,199.752,204.954,116.722,148.83,286.042
2005-05-15 02:35:00,173.378,54.497,217.7,147.86,1396.92,429.833,,216.636,91.812,162.03,306.421,100.87,164.52,204.728,181.29,200.632,202.052,118.076,147.536,287.682
2005-05-15 02:40:00,173.904,55.83,214.333,148.423,1383.26,425.023,,216.084,91.932,162.3,304.591,99.079,163.34,205.95,181.232,200.184,205.246,115.148,146.806,283.526
2005-05-15 02:45:00,172.418,54.85,215.2,146.153,1379.48,428.103,106.132,214.862,93.296,160.74,306.356,101.421,162.68,204.734,181.488,201.158,205.394,115.066,148.51,284.63
2005-05-15 02:50:00,172.98,54.653,215.033,146.2,1372.02,423.256,,215.378,93.436,162.51,303.374,102.148,165.62,204.736,182.298,199.552,202.338,115.52,148.128,285.038
2005-05-15 02:55:00,170.846,54.533,213.2,146.087,1363.72,421.25,,215.758,91.574,162.453,305.043,101.824,161.12,205.814,182.51,199.272,204.03,115.802,148.44,286.788
2005-05-15 03:00:00,171.89,53.747,215.467,145.457,1367.2,419.3,106.582,214.816,91.88,162.297,303.767,101.631,163.0,203.49,179.494,198.636,202.08,116.672,147.166,282.906
2005-05-15 03:05:00,171.998,55.27,216.0,146.173,1364.8,415.363,,212.486,90.848,159.193,303.571,101.051,165.04,204.204,181.156,200.192,201.686,114.902,146.58,284.96
2005-05-15 03:10:00,170.552,54.543,214.633,147.867,1363.42,420.767,,217.76,91.578,160.79,302.36,100.159,163.56,202.666,181.348,200.998,203.492,115.698,145.78,284.066
2005-05-15 03:15:00,172.022,54.3,212.733,146.96,1366.26,417.697,105.99,213.384,90.08,161.607,300.692,102.06,164.24,204.832,180.572,198.668,204.464,114.99,145.932,283.074
2005-05-15 03:20:00,171.772,54.277,214.933,145.543,1373.76,421.0,,216.038,92.474,160.2,302.237,100.627,162.94,206.086,182.516,198.992,203.788,116.048,146.084,280.88
2005-05-15 03:25:00,170.39,54.687,211.233,145.437,1369.54,417.483,,213.096,90.33,159.133,301.584,100.676,163.28,204.618,180.084,198.778,203.04,115.306,146.612,281.64
2005-05-15 03:30:00,171.854,54.947,215.633,148.033,1367.8,420.777,104.981,211.862,90.496,160.097,303.996,101.32,161.92,203.186,182.466,200.238,201.73,114.32,145.798,284.292
2005-05-15 03:35:00,172.368,55.157,214.467,145.53,1370.12,418.83,,213.05,91.788,161.063,302.459,101.524,162.28,203.264,181.11,201.142,200.85,114.888,147.65,282.912
2005-05-15 03:40:00,171.968,55.44,213.133,148.083,1368.54,417.453,,214.674,92.69,158.003,300.757,101.519,162.78,205.078,183.076,199.974,204.324,116.192,147.0,281.72
2005-05-15 03:45:00,172.096,54.083,214.533,145.937,1370.86,415.497,106.257,209.77,94.108,159.093,302.001,98.006,160.44,205.452,180.026,200.004,202.924,115.384,145.786,279.504
2005-05-15 03:50:00,171.636,54.577,215.967,145.537,1373.04,417.94,,213.002,91.458,160.293,302.622,98.678,162.44,204.008,181.218,198.17,201.086,114.88,146.23,284.534
2005-05-15 03:55:00,170.702,54.073,213.3,145.823,1364.22,413.85,,210.776,90.972,160.08,300.103,100.52,160.64,203.516,179.826,200.048,203.446,114.05,146.888,283.2
2005-05-15 04:00:00,170.148,53.307,216.867,145.477,1374.24,415.083,105.122,213.35,91.796,160.753,299.864,100.875,161.92,203.94,180.464,200.534,201.494,114.196,145.888,286.284
2005-05-15 04:05:00,170.696,53.493,215.167,145.237,1367.22,412.373,,213.066,92.76,158.787,301.118,100.472,162.8,202.07,183.22,196.222,202.692,114.696,147.004,284.176
2005-05-15 04:10:00,170.516,55.54,212.367,144.097,1370.64,411.9,,211.624,90.48,155.963,300.497,98.388,161.48,203.536,183.324,197.172,205.234,114.686,146.684,280.558
2005-05-15 04:15:00,173.372,54.8,212.9,144.373,1370.84,413.823,104.645,209.26,91.28,157.467,300.693,100.182,158.74,202.18,180.564,198.626,201.35,111.616,145.788,279.902
2005-05-15 04:20:00,171.914,54.113,216.667,145.57,1368.34,412.307,,210.498,92.294,161.023,302.59,99.103,160.66,203.184,178.886,200.542,200.83,114.54,146.166,280.882
2005-05-15 04:25:00,170.262,53.643,214.667,145.583,1373.2,418.163,,215.264,92.35,159.777,302.197,98.976,159.34,200.296,178.148,196.378,198.41,113.596,146.168,284.074
2005-05-15 04:30:00,171.504,53.457,216.433,144.32,1371.16,414.847,105.416,215.914,92.368,157.686,302.197,100.406,160.88,203.424,178.84,198.92,200.49,113.042,146.62,282.642
2005-05-15 04:35:00,171.678,51.903,218.867,147.46,1372.86,419.597,,214.356,89.558,160.193,303.48,99.84,157.46,202.094,179.91,199.382,201.944,113.474,145.84,281.0
2005-05-15 04:40:00,172.128,54.197,214.567,144.533,1384.44,417.51,,214.494,91.338,161.34,299.721,98.573,162.94,203.594,178.898,199.12,199.366,113.71,145.03,278.126
2005-05-15 04:45:00,172.186,54.71,214.733,145.637,1373.98,415.013,105.364,214.882,91.544,158.497,301.061,100.489,159.8,202.408,178.924,199.17,201.14,114.288,145.79,280.458
2005-05-15 04:50:00,171.946,53.543,214.133,145.13,1369.36,419.904,,216.544,91.854,160.12,299.656,98.969,160.46,203.15,178.414,194.332,204.22,114.888,146.846,284.488
2005-05-15 04:55:00,170.858,52.46,215.633,146.093,1374.5,417.297,,214.506,91.334,159.713,302.533,98.295,160.0,202.992,177.174,197.146,200.19,115.908,145.03,279.762
2005-05-15 05:00:00,171.928,53.153,213.233,145.613,1374.52,416.09,104.026,212.36,91.808,159.487,301.291,99.015,160.52,201.792,181.218,197.416,201.272,112.794,145.266,281.926
2005-05-15 05:05:00,171.736,54.49,212.467,145.45,1366.2,416.61,,212.52,92.568,158.907,297.368,97.136,157.42,202.89,178.932,197.506,201.136,112.558,145.31,279.218
2005-05-15 05:10:00,171.82,54.71,214.267,145.077,1378.96,412.923,,212.212,92.648,159.33,302.0,97.618,160.56,203.242,181.37,195.238,201.972,111.674,145.052,279.554
2005-05-15 05:15:00,171.44,52.983,213.8,145.263,1372.56,416.623,102.581,213.612,90.99,156.24,301.968,95.398,159.46,201.078,177.486,194.884,200.078,111.272,146.238,279.212
2005-05-15 05:20:00,170.154,53.437,211.4,144.117,1368.92,416.787,,213.264,90.85,158.44,298.664,96.987,158.14,197.796,178.056,196.056,197.586,111.576,143.072,279.584
2005-05-15 05:25:00,173.044,54.567,212.8,144.483,1365.54,412.943,,212.89,91.906,154.127,300.136,98.588,158.82,199.098,176.582,195.77,199.018,111.23,144.328,275.474
2005-05-15 05:30:00,173.734,54.357,210.467,145.71,1379.08,418.123,104.077,214.206,89.786,157.183,298.403,99.154,158.16,199.284,176.778,195.264,197.158,110.484,143.394,279.724
2005-05-15 05:35:00,170.292,53.487,211.033,146.123,1369.1,415.053,,215.196,90.278,159.123,295.622,96.974,158.66,199.166,175.75,193.598,201.844,109.066,143.854,278.456
2005-05-15 05:40:00,171.55,54.76,212.433,145.617,1364.74,417.603,,212.398,89.44,157.15,294.837,98.673,160.16,196.404,177.338,191.22,196.428,110.036,143.57,277.798
2005-05-15 05:45:00,170.78,54.07,213.233,143.533,1373.04,416.0,103.06,213.442,88.764,157.563,293.135,96.3,158.28,196.206,176.234,189.47,193.042,109.21,142.2,277.266
2005-05-15 05:50:00,170.098,53.187,211.067,145.15,1361.76,415.327,,209.892,87.606,155.98,292.383,97.329,155.72,197.188,175.478,189.02,192.28,109.214,143.782,275.508
2005-05-15 05:55:00,170.874,54.483,209.5,144.29,1359.78,409.294,,206.886,86.33,154.15,292.58,96.427,154.34,194.08,170.064,188.366,190.17,108.518,139.928,272.74
2005-05-15 06:00:00,170.498,53.523,208.433,144.58,1356.14,402.9,101.707,205.254,86.818,153.28,292.939,96.992,155.28,192.54,168.54,184.384,188.03,107.224,138.622,268.076
2005-05-15 06:05:00,169.614,54.19,206.3,141.373,1384.02,403.23,,204.744,86.816,156.317,288.949,96.184,155.46,187.832,167.412,186.934,191.214,109.058,139.602,271.966
2005-05-15 06:10:00,170.668,53.377,205.633,144.497,1378.52,403.797,,205.192,87.902,154.537,282.7,95.826,156.38,189.332,166.766,189.26,189.714,107.358,139.066,273.686
2005-05-15 06:15:00,170.294,53.92,208.1,143.603,1369.8,404.883,103.772,207.76,87.76,154.127,282.841,97.395,155.62,188.312,162.686,189.402,191.92,108.374,138.906,271.82
2005-05-15 06:20:00,171.496,53.78,208.5,143.633,1365.58,404.947,,204.134,88.01,157.773,286.737,96.512,156.56,190.598,166.728,187.956,191.554,108.342,139.046,270.108
2005-05-15 06:25:00,169.962,54.88,209.933,143.117,1368.92,407.003,,204.904,85.926,154.897,285.493,94.466,153.3,190.674,163.196,187.882,190.99,106.022,136.666,262.924
2005-05-15 06:30:00,169.9,54.333,209.733,145.093,1378.12,408.247,102.448,203.826,86.404,157.623,280.813,94.908,152.98,188.5,164.618,187.914,187.076,103.382,134.148,262.278
2005-05-15 06:35:00,171.68,54.66,210.8,142.947,1393.52,398.66,,202.614,86.674,153.87,278.978,93.861,152.52,187.644,161.666,187.476,187.528,104.674,133.298,258.864
2005-05-15 06:40:00,172.14,54.233,207.867,142.2,1406.78,406.857,,202.554,85.104,154.313,277.375,92.942,150.44,189.184,161.626,186.022,188.748,103.646,134.256,260.826
2005-05-15 06:45:00,170.516,53.343,208.833,142.253,1401.48,402.017,102.882,202.816,86.484,152.35,276.195,93.055,148.86,187.648,161.024,186.9,191.096,103.774,134.412,261.272
2005-05-15 06:50:00,171.026,53.177,208.567,142.777,1389.16,407.29,,199.688,86.468,150.677,271.22,90.776,151.0,185.102,159.518,186.218,187.422,103.772,135.296,261.494
2005-05-15 06:55:00,169.022,54.963,207.667,143.463,1373.86,406.057,,201.682,84.546,149.083,276.327,90.663,148.78,183.216,159.828,182.052,185.218,102.994,132.236,256.64
2005-05-15 07:00:00,170.926,52.88,206.833,142.427,1375.42,406.303,100.685,198.672,83.652,146.597,271.022,92.5,148.32,181.644,160.64,182.95,182.234,103.278,131.174,252.296
2005-05-15 07:05:00,169.68,52.883,206.867,141.76,1380.62,401.843,,199.012,83.514,149.317,269.125,92.134,149.2,180.0,159.84,180.076,182.28,103.274,130.558,254.116
2005-05-15 07:10:00,168.702,54.04,207.733,142.15,1380.94,401.657,,197.99,85.266,149.347,269.746,90.093,149.62,177.68,160.572,180.304,181.36,103.268,130.232,252.708
2005-05-15 07:15:00,168.286,53.47,202.933,141.037,1380.68,399.766,100.117,199.598,84.374,150.687,268.078,92.286,149.54,182.876,163.404,180.204,181.308,103.698,129.664,252.49
2005-05-15 07:20:00,168.47,53.957,203.667,139.99,1371.44,399.683,,197.668,84.222,148.32,266.704,93.348,150.3,178.788,161.744,181.714,176.478,103.97,127.074,249.87
2005-05-15 07:25:00,165.798,54.763,205.9,139.39,1376.38,401.24,,198.042,83.228,150.997,267.457,92.952,151.04,179.95,162.37,181.736,182.976,104.35,127.864,248.608
2005-05-15 07:30:00,165.438,52.39,201.233,139.58,1379.2,399.97,99.266,195.088,84.84,147.967,263.6,92.006,148.84,179.972,162.924,182.25,183.036,105.098,128.058,249.638
2005-05-15 07:35:00,165.026,53.147,201.267,139.847,1369.6,401.683,,197.432,84.206,149.157,266.183,91.907,152.28,182.054,163.592,182.338,182.706,103.984,129.194,253.038
2005-05-15 07:40:00,166.048,53.303,203.733,138.953,1373.0,395.637,,198.028,82.282,150.41,267.98,92.901,150.78,180.952,162.82,183.306,182.104,103.72,128.408,248.766
2005-05-15 07:45:00,167.126,53.523,202.033,139.23,1387.56,399.06,100.242,198.738,82.678,151.103,266.935,94.048,152.66,180.848,164.834,182.888,182.466,104.752,126.304,252.068
2005-05-15 07:50:00,167.936,54.77,201.1,140.213,1378.32,400.897,,197.57,84.352,151.707,267.456,94.521,149.28,181.558,161.118,180.044,183.1,104.672,126.768,248.134
2005-05-15 07:55:00,168.832,52.023,203.5,140.017,1378.36,400.923,,197.838,84.086,153.12,268.765,92.878,152.98,184.872,163.316,179.43,181.972,104.79,127.058,249.468
2005-05-15 08:00:00,167.732,53.713,202.067,140.847,1371.68,400.223,101.13,197.87,83.486,149.123,266.411,93.16,153.62,182.316,163.522,181.96,181.602,106.446,127.73,248.16
2005-05-15 08:05:00,166.978,52.213,201.667,140.973,1381.2,402.563,,199.416,83.92,148.597,266.639,93.197,153.8,182.67,164.438,181.138,184.818,104.904,127.516,248.65
2005-05-15 08:10:00,165.182,52.287,202.3,142.733,1366.1,407.5,,200.024,83.688,149.473,266.378,93.44,151.68,185.456,164.8,183.406,182.936,105.584,128.294,248.51
2005-05-15 08:15:00,165.362,52.56,201.233,142.337,1356.94,410.033,101.609,203.644,83.964,148.253,269.55,93.714,151.04,182.242,166.514,185.766,181.872,106.242,127.496,247.276
2005-05-15 08:20:00,165.91,52.22,203.733,139.37,1351.26,410.033,,204.034,85.234,150.7,271.283,95.291,152.52,185.834,165.542,184.102,182.05,105.904,128.148,248.474
2005-05-15 08:25:00,166.09,51.363,202.8,140.677,1355.32,410.433,,203.178,84.984,152.213,272.069,94.426,154.68,185.892,165.87,185.168,184.716,105.406,128.734,249.884
2005-05-15 08:30:00,166.532,52.143,201.9,140.813,1363.58,409.617,102.202,203.936,85.238,152.507,271.382,95.092,155.14,183.912,166.586,189.108,183.988,107.334,129.21,248.06
2005-05-15 08:35:00,166.55,52.76,204.433,139.257,1360.6,406.787,,203.694,84.016,152.427,274.159,94.268,154.3,186.772,168.81,184.152,186.784,106.794,128.294,250.152
2005-05-15 08:40:00,166.208,51.75,203.8,141.743,1374.64,408.53,,202.87,86.012,151.053,272.786,94.27,154.2,186.258,167.44,187.51,187.454,106.174,129.718,252.346
2005-05-15 08:45:00,166.568,51.963,201.333,142.47,1357.24,409.407,101.801,199.81,87.736,155.653,271.968,95.104,152.58,188.448,167.628,186.002,186.926,105.618,129.176,251.636
2005-05-15 08:50:00,167.156,51.237,203.433,141.16,1367.76,403.64,,202.716,87.234,152.917,273.832,93.421,153.16,186.994,166.582,184.19,188.608,106.854,130.7,254.612
2005-05-15 08:55:00,166.978,52.75,203.5,138.727,1380.52,400.267,,201.754,85.956,151.85,272.134,93.68,154.04,184.828,165.086,184.7,188.442,104.6,129.694,254.13
2005-05-15 09:00:00,167.694,53.183,203.5,142.42,1379.22,403.894,100.391,198.636,86.144,147.297,278.678,94.776,151.74,186.92,168.382,185.836,188.304,106.494,129.142,253.662
2005-05-15 09:05:00,167.132,53.373,203.767,140.817,1363.62,398.4,,199.054,85.424,150.943,274.392,93.938,150.02,185.986,168.866,183.824,182.668,105.412,130.51,254.03
2005-05-15 09:10:00,167.518,52.217,204.033,140.94,1361.0,399.993,,198.702,84.896,150.49,275.569,93.28,151.38,188.42,168.818,185.714,186.284,105.744,131.546,251.324
2005-05-15 09:15:00,167.4,53.137,202.967,141.483,1364.02,400.93,100.184,199.718,84.734,151.02,271.905,93.354,152.92,187.408,167.204,185.768,186.856,105.024,129.712,252.114
2005-05-15 09:20:00,167.728,52.79,205.533,142.897,1363.84,401.073,,197.518,85.604,149.97,276.452,94.099,150.96,187.478,169.296,188.636,185.388,105.35,128.548,251.944
2005-05-15 09:25:00,166.942,52.673,207.633,141.527,1368.88,399.627,,197.284,85.852,149.173,275.372,93.223,152.08,187.372,170.218,185.632,184.982,104.99,129.794,249.896
2005-05-15 09:30:00,168.296,52.39,204.567,141.763,1364.6,397.234,101.087,199.858,84.734,150.857,275.144,92.949,153.0,186.844,167.868,186.51,188.806,105.626,129.848,253.2
2005-05-15 09:35:00,169.354,52.917,203.433,142.223,1366.6,401.197,,197.564,85.462,149.617,276.098,93.597,154.12,187.032,168.79,185.478,187.72,106.508,130.328,251.672
2005-05-15 09:40:00,169.144,52.673,206.333,142.713,1362.82,400.553,,200.538,86.014,150.75,279.633,94.038,154.18,188.438,169.836,189.156,188.878,107.958,129.502,250.358
2005-05-15 09:45:00,169.248,52.047,204.633,142.427,1368.2,402.073,101.798,201.862,86.538,149.597,276.294,93.884,157.22,188.072,171.372,187.544,187.958,106.224,129.444,253.874
2005-05-15 09:50:00,170.908,53.177,204.633,144.293,1361.3,407.37,,201.954,85.872,152.013,276.365,94.247,153.76,185.394,171.264,186.864,184.464,106.776,129.71,252.734
2005-05-15 09:55:00,171.098,53.643,204.233,143.863,1363.92,405.643,,203.756,85.652,152.873,274.465,94.203,153.7,184.898,171.656,184.902,185.806,105.83,131.582,257.958
2005-05-15 10:00:00,171.646,54.1,209.933,145.057,1368.18,409.83,102.925,207.46,85.836,151.71,272.5,94.534,152.52,184.826,170.36,188.246,186.658,106.082,133.122,257.706
2005-05-15 10:05:00,170.898,51.877,205.967,144.467,1364.16,409.393,,205.082,85.27,151.863,271.681,92.589,157.3,186.492,172.246,183.736,185.096,107.2,132.268,256.75
2005-05-15 10:10:00,171.278,52.683,205.1,145.23,1377.56,412.71,,202.14,86.008,153.093,276.08,93.137,152.24,186.984,168.766,185.466,188.054,108.008,130.414,254.854
2005-05-15 10:15:00,170.794,51.923,207.333,143.49,1362.24,410.717,102.435,204.11,85.882,152.313,277.463,95.014,153.36,186.946,171.74,187.256,187.664,105.482,130.742,253.66
2005-05-15 10:20:00,168.368,51.907,207.467,145.92,1359.68,412.35,,206.876,87.172,151.407,279.697,94.572,154.8,187.704,170.972,185.432,186.612,106.354,131.886,258.214
2005-05-15 10:25:00,169.942,53.8,207.733,145.487,1371.68,414.37,,204.58,83.846,153.453,276.67,95.272,154.38,187.206,169.25,186.458,188.114,108.46,133.04,256.308
2005-05-15 10:30:00,170.28,52.943,207.333,146.423,1372.96,413.323,101.847,202.22,86.67,153.567,276.965,93.744,154.84,188.246,171.072,188.07,187.198,105.674,130.584,257.344
2005-05-15 10:35:00,169.142,51.603,208.9,144.17,1363.96,414.22,,201.846,87.726,152.107,277.332,96.081,154.98,186.84,168.994,185.386,187.968,106.182,131.266,256.99
2005-05-15 10:40:00,170.938,52.457,207.033,145.573,1365.62,410.797,,206.522,88.086,154.433,274.832,94.583,155.28,187.148,169.764,188.116,188.776,106.87,133.814,257.096
2005-05-15 10:45:00,166.254,53.747,208.167,145.223,1361.88,412.913,103.18,206.178,85.702,153.89,274.96,95.13,155.32,187.172,168.57,186.022,187.288,106.242,131.232,256.328
2005-05-15 10:50:00,167.212,53.453,208.433,144.34,1363.26,411.36,,203.436,87.352,154.617,278.96,93.827,152.3,188.43,166.366,184.81,186.352,105.04,132.838,257.484
2005-05-15 10:55:00,168.284,54.287,205.533,142.277,1373.54,411.447,,202.758,86.436,152.727,276.169,95.091,152.9,186.68,168.072,183.968,185.226,106.458,133.286,259.108
2005-05-15 11:00:00,167.636,53.81,207.3,141.733,1366.08,402.87,100.514,199.934,86.114,152.59,271.516,94.441,150.26,187.33,169.1,186.274,187.928,107.126,133.14,256.072
2005-05-15 11:05:00,166.686,54.68,208.133,141.333,1373.44,401.324,,201.18,86.428,149.4,273.744,91.897,150.88,186.21,167.462,186.016,186.888,107.014,131.7,255.562
2005-05-15 11:10:00,166.958,53.19,204.0,142.557,1367.46,398.62,,198.402,86.158,151.223,275.317,94.018,152.58,187.782,166.224,186.402,187.152,107.952,129.33,251.512
2005-05-15 11:15:00,167.39,53.607,202.3,141.39,1367.3,402.137,99.713,200.086,85.248,148.84,276.659,92.933,152.64,189.706,165.486,187.68,189.042,109.162,130.216,251.632
2005-05-15 11:20:00,166.528,53.383,204.333,142.997,1355.88,402.527,,203.096,86.274,150.397,279.648,94.87,153.28,188.846,167.438,191.202,187.514,108.112,128.788,250.172
2005-05-15 11:25:00,165.724,54.4,204.633,141.25,1354.76,407.283,,201.434,87.202,152.717,279.976,94.887,153.8,191.212,166.91,190.844,191.17,108.844,128.492,253.186
2005-05-15 11:30:00,165.342,52.677,203.9,142.647,1351.98,403.313,101.2,202.84,86.57,151.817,282.786,94.443,153.42,189.36,169.704,189.486,189.466,108.066,128.516,253.594
2005-05-15 11:35:00,166.99,53.257,205.233,142.67,1357.8,404.613,,201.308,88.748,150.573,284.401,95.323,153.26,189.768,167.978,190.624,187.554,108.558,130.132,255.352
2005-05-15 11:40:00,169.488,53.883,207.567,140.713,1346.38,399.523,,200.802,87.284,152.533,281.321,96.287,152.36,188.876,166.788,189.69,190.216,107.832,131.906,255.922
2005-05-15 11:45:00,166.846,53.627,205.267,142.75,1349.48,403.443,101.771,201.244,87.37,153.15,281.223,95.155,153.24,189.064,168.55,187.616,187.48,108.522,133.858,255.93
2005-05-15 11:50:00,167.414,53.08,203.567,142.907,1356.42,401.763,,202.378,87.262,151.57,280.205,94.001,154.82,189.646,168.256,187.608,192.492,107.716,132.458,256.826
2005-05-15 11:55:00,164.326,52.473,206.667,141.503,1351.9,404.17,,204.17,87.392,153.327,280.73,93.878,155.76,188.8,168.832,187.888,190.896,107.964,133.212,258.204
2005-05-15 12:00:00,164.166,51.867,208.433,145.033,1351.92,404.673,101.657,201.326,86.4,152.04,276.14,95.476,156.06,189.656,168.512,187.57,190.242,106.634,133.69,256.928
2005-05-15 12:05:00,167.658,51.403,208.767,143.983,1355.74,406.38,,206.524,88.104,155.443,280.41,94.208,152.44,190.296,168.978,187.984,190.494,108.98,133.652,258.918
2005-05-15 12:10:00,165.892,53.93,209.4,144.6,1353.74,402.337,,204.11,86.618,154.0,280.903,94.824,153.9,190.078,167.764,187.918,189.934,107.122,134.03,259.112
2005-05-15 12:15:00,164.556,52.91,207.333,142.213,1355.6,401.747,102.451,204.826,86.048,151.783,282.52,95.571,153.8,188.458,167.968,190.538,189.238,106.36,134.078,259.228
2005-05-15 12:20:00,166.296,53.133,208.333,141.98,1350.98,404.387,,201.68,86.7,154.313,278.376,95.065,155.24,189.03,167.71,188.294,192.902,107.08,131.852,260.396
2005-05-15 12:25:00,163.272,53.167,207.033,142.843,1350.32,406.317,,202.854,86.828,151.56,280.205,93.076,155.16,189.278,166.554,189.27,193.698,106.468,133.574,256.934
2005-05-15 12:30:00,166.596,52.043,208.4,141.177,1364.4,405.04,101.812,200.628,86.718,153.94,277.25,95.621,153.6,188.652,168.442,185.9,188.964,108.228,133.516,258.672
2005-05-15 12:35:00,165.998,52.077,208.1,143.033,1352.78,408.403,,204.894,87.106,154.22,279.641,94.026,156.34,188.832,168.592,189.28,190.724,106.87,134.256,258.982
2005-05-15 12:40:00,167.984,51.233,207.067,141.187,1362.98,408.397,,202.542,88.586,154.023,280.059,95.512,153.94,188.5,168.89,187.142,190.11,107.406,133.848,261.656
2005-05-15 12:45:00,166.338,53.83,206.4,143.697,1362.24,406.973,102.417,204.082,86.842,154.053,279.601,95.432,154.02,190.928,170.782,187.58,190.286,108.168,133.444,260.558
2005-05-15 12:50:00,166.726,52.38,210.833,139.267,1359.78,403.607,,203.104,86.904,152.3,283.715,96.229,154.5,191.114,168.918,190.192,189.878,107.79,133.958,259.394
2005-05-15 12:55:00,167.626,53.737,207.7,143.203,1359.4,404.777,,208.276,86.132,153.987,280.312,96.798,155.64,189.542,167.392,185.8,190.734,107.984,132.9,258.792
2005-05-15 13:00:00,164.786,53.107,205.3,140.713,1363.92,408.35,101.722,202.872,86.366,153.1,279.724,95.189,155.46,190.296,167.554,188.344,190.46,108.68,132.614,257.484
2005-05-15 13:05:00,167.566,51.343,206.533,145.833,1363.36,408.567,,201.474,84.858,151.793,281.499,95.822,155.94,190.156,170.582,187.706,190.078,107.018,133.336,260.576
2005-05-15 13:10:00,167.03,52.033,205.667,143.17,1360.02,407.477,,203.166,87.47,155.68,279.805,95.324,155.42,188.97,169.982,187.55,191.702,107.644,132.822,261.288
2005-05-15 13:15:00,167.246,52.043,209.567,141.983,1367.8,406.097,101.387,203.998,87.082,153.517,284.129,96.788,155.06,189.146,169.978,188.336,190.694,106.606,134.23,257.886
2005-05-15 13:20:00,168.884,52.153,208.0,142.213,1366.12,409.766,,204.55,86.292,151.973,282.426,96.869,154.36,189.634,169.616,187.336,186.754,108.572,133.656,260.868
2005-05-15 13:25:00,166.3,52.327,204.633,142.463,1364.06,408.7,,203.18,86.652,152.707,282.72,95.605,153.38,188.382,166.528,186.102,191.674,108.466,132.138,258.944
2005-05-15 13:30:00,166.11,52.497,205.733,143.647,1362.48,408.543,102.123,204.368,87.302,154.763,278.723,94.096,155.7,188.024,168.522,188.098,188.09,106.806,133.258,259.742
2005-05-15 13:35:00,169.106,52.057,208.8,145.187,1368.6,408.583,,203.384,88.41,153.9,280.461,96.07,155.42,188.1,169.62,187.184,188.86,108.95,133.934,258.192
2005-05-15 13:40:00,165.856,52.443,206.833,142.4,1367.7,408.833,,206.596,87.768,153.603,278.625,93.72,153.48,188.768,167.458,187.126,187.844,108.698,134.972,262.29
2005-05-15 13:45:00,164.142,52.013,208.633,141.333,1372.5,410.223,102.158,203.78,86.156,152.337,281.271,96.979,154.24,188.446,170.446,191.372,188.966,106.928,135.394,257.07
2005-05-15 13:50:00,167.182,53.32,206.233,140.67,1361.82,408.32,,204.314,85.558,153.923,278.422,95.204,155.7,189.316,166.544,189.678,189.448,107.904,133.72,263.442
2005-05-15 13:55:00,167.188,53.077,208.733,142.92,1375.14,405.353,,200.996,88.352,154.823,280.32,95.666,155.12,189.912,166.398,190.66,190.992,107.912,133.908,257.212
2005-05-15 14:00:00,166.54,53.123,207.3,141.87,1364.08,405.31,101.53,204.608,86.032,152.617,279.732,95.77,155.78,190.276,167.862,188.914,190.84,107.704,134.644,257.922
2005-05-15 14:05:00,167.086,53.51,209.233,142.607,1367.7,405.713,,204.14,85.496,152.943,280.451,96.282,154.8,190.004,166.82,190.534,188.062,107.988,132.644,261.178
2005-05-15 14:10:00,168.64,53.1,208.567,142.953,1367.78,408.29,,204.182,86.506,152.197,280.132,94.869,155.0,188.638,168.952,189.31,189.358,109.318,135.392,260.522
2005-05-15 14:15:00,168.984,53.287,205.933,142.82,1365.66,407.633,101.978,204.266,85.73,155.82,280.886,95.571,155.6,191.136,167.81,188.088,190.034,107.076,135.532,258.502
2005-05-15 14:20:00,165.316,52.99,208.033,142.707,1364.64,409.05,,203.418,87.39,153.88,278.749,94.592,155.32,189.862,169.862,190.378,190.93,107.582,133.868,259.736
2005-05-15 14:25:00,167.976,52.733,205.9,144.27,1361.56,409.967,,204.966,89.132,152.3,279.691,94.202,153.64,190.188,168.666,187.322,190.942,108.488,135.158,261.124
2005-05-15 14:30:00,170.258,52.47,204.433,142.563,1366.46,409.133,103.338,203.466,87.226,152.957,281.924,95.05,155.52,188.91,170.298,189.88,189.546,108.32,134.05,256.656
2005-05-15 14:35:00,167.968,51.447,205.9,143.47,1373.94,406.553,,201.922,86.14,153.17,281.303,95.301,154.88,189.87,168.246,188.326,190.132,106.576,132.59,260.814
2005-05-15 14:40:00,168.586,52.83,209.1,142.893,1367.42,409.78,,205.26,87.486,153.987,279.273,92.886,154.8,191.496,167.536,189.558,192.874,108.578,132.074,260.712
2005-05-15 14:45:00,166.304,52.76,208.633,143.097,1374.52,408.053,101.979,207.258,86.966,154.1,280.124,95.456,155.36,188.498,166.198,190.286,192.21,107.772,133.118,258.98
2005-05-15 14:50:00,165.774,52.07,209.133,141.513,1364.82,407.697,,202.934,87.088,153.093,279.887,96.096,154.42,190.958,169.54,189.72,191.236,107.706,133.718,261.406
2005-05-15 14:55:00,167.124,51.85,207.467,143.62,1370.14,406.86,,206.226,88.224,153.067,282.308,95.012,154.38,190.858,168.152,189.25,190.2,107.606,133.176,258.448
2005-05-15 15:00:00,168.284,52.4,208.933,143.347,1374.54,407.403,102.462,203.006,86.798,154.01,281.784,94.339,156.48,191.312,168.056,189.198,192.7,107.612,133.428,259.696
2005-05-15 15:05:00,168.186,52.18,206.5,143.16,1368.6,407.12,,204.416,88.128,153.52,279.683,96.572,157.06,190.706,167.982,193.946,191.306,107.718,132.12,259.71
2005-05-15 15:10:00,166.532,53.087,205.633,142.69,1375.12,407.79,,204.82,86.914,152.1,279.388,96.854,156.56,190.748,167.218,190.058,191.104,107.772,133.128,257.3
2005-05-15 15:15:00,163.958,53.313,207.6,143.32,1372.8,406.45,102.07,203.556,86.662,155.263,278.76,95.629,157.1,188.868,166.53,187.202,190.552,107.852,131.538,259.602
2005-05-15 15:20:00,166.878,52.703,207.467,143.247,1378.72,410.183,,203.54,88.096,153.0,281.7,96.279,156.5,191.18,167.912,188.634,192.114,107.772,132.646,257.084
2005-05-15 15:25:00,168.842,53.093,207.267,142.843,1378.9,408.917,,202.586,86.422,155.617,281.406,95.46,156.12,188.264,167.314,186.344,190.868,107.58,133.042,259.466
2005-05-15 15:30:00,168.704,52.733,205.567,143.183,1371.3,406.57,102.686,205.178,88.39,154.377,280.525,94.793,156.36,189.378,167.646,187.734,189.802,107.294,131.798,257.008
2005-05-15 15:35:00,165.584,52.09,209.933,143.207,1373.02,409.24,,202.834,85.792,154.654,280.818,96.472,157.52,191.656,167.026,191.168,190.308,107.444,133.264,259.062
2005-05-15 15:40:00,168.134,53.523,207.733,143.05,1376.92,407.397,,203.846,87.63,154.267,282.212,96.477,155.26,188.516,165.13,191.526,190.528,106.966,133.95,255.976
2005-05-15 15:45:00,167.532,52.55,208.867,143.793,1369.22,405.947,102.378,205.068,86.57,155.753,282.342,95.175,155.9,190.288,168.622,188.906,190.858,107.782,132.912,259.246
2005-05-15 15:50:00,166.288,53.547,207.533,141.5,1364.36,405.29,,204.792,87.378,154.063,282.8,94.925,155.8,188.738,167.61,188.49,190.278,108.198,131.67,257.744
2005-05-15 15:55:00,166.646,52.43,205.8,141.44,1359.16,407.373,,203.724,87.086,153.12,280.972,94.661,156.32,188.206,167.582,189.184,191.89,107.02,133.254,258.4
2005-05-15 16:00:00,167.522,53.633,205.833,140.68,1361.5,410.47,102.129,203.752,85.984,154.98,279.536,95.521,155.32,190.322,167.998,188.818,192.828,106.702,131.95,258.834
2005-05-15 16:05:00,167.908,52.463,208.0,143.79,1364.26,414.053,,204.29,87.15,153.787,279.724,96.846,154.14,187.216,167.504,187.806,191.418,105.998,133.04,260.176
2005-05-15 16:10:00,167.452,52.873,205.6,142.363,1361.54,410.21,,204.056,85.872,154.233,282.518,98.124,156.32,190.632,167.01,186.672,188.648,106.47,132.28,259.768
2005-05-15 16:15:00,168.89,51.947,207.367,144.35,1365.9,408.393,103.336,204.004,87.858,153.983,280.074,95.728,157.16,188.802,168.166,188.238,189.79,107.226,133.076,259.076
2005-05-15 16:20:00,166.944,52.84,208.433,143.123,1364.14,407.427,,207.098,87.356,154.03,282.736,96.699,156.36,188.306,167.7,189.464,188.68,106.752,133.54,257.278
2005-05-15 16:25:00,166.42,52.987,206.933,143.89,1365.94,410.947,,205.694,87.518,154.73,283.387,97.254,157.28,189.826,166.452,188.172,189.612,107.472,131.366,255.862
2005-05-15 16:30:00,166.59,52.81,207.8,143.15,1367.18,411.907,103.719,204.796,85.916,158.25,281.26,95.621,156.2,189.436,168.05,187.012,191.072,107.608,130.536,258.696
2005-05-15 16:35:00,166.688,53.043,205.433,144.03,1362.68,414.66,,205.148,85.432,153.344,278.582,94.783,153.52,187.934,167.416,188.186,189.062,108.572,132.964,256.316
2005-05-15 16:40:00,165.44,52.68,207.167,142.837,1357.16,409.203,,207.138,85.822,152.64,279.257,95.239,157.7,187.766,166.626,189.168,188.756,106.836,132.98,255.966
2005-05-15 16:45:00,167.726,52.877,206.5,144.33,1358.68,409.35,102.6,205.844,85.906,157.066,282.701,96.026,157.4,189.586,168.078,185.358,190.692,106.328,130.856,257.47
2005-05-15 16:50:00,166.108,51.203,205.8,141.84,1360.08,409.09,,202.978,85.77,155.033,279.248,96.535,155.1,190.486,166.584,186.128,186.982,106.418,131.562,253.636
2005-05-15 16:55:00,166.81,52.413,207.267,141.803,1371.66,408.873,,204.626,86.764,155.656,281.911,96.218,154.32,187.466,166.046,184.044,191.226,106.18,131.396,253.876
2005-05-15 17:00:00,166.572,53.057,206.7,143.173,1368.7,407.557,103.488,206.438,86.38,153.693,280.341,97.878,155.4,188.036,170.512,187.25,187.7,106.532,130.28,252.962
2005-05-15 17:05:00,169.532,52.527,210.133,141.697,1367.32,407.697,,206.082,87.85,153.803,280.537,95.001,159.12,189.284,168.91,186.302,189.644,106.324,130.048,254.622
2005-05-15 17:10:00,167.024,54.09,207.567,142.54,1362.8,406.593,,204.374,85.832,153.6,277.876,95.388,157.76,188.78,167.214,185.234,187.514,107.17,131.314,253.79
2005-05-15 17:15:00,168.748,53.27,207.133,143.217,1363.9,406.527,101.911,204.53,86.338,153.513,280.082,95.697,155.02,189.874,166.96,186.4,188.806,105.928,131.266,254.772
2005-05-15 17:20:00,168.204,53.123,206.967,143.187,1368.6,407.21,,204.684,86.578,155.463,280.027,95.548,155.76,188.152,167.312,188.538,186.97,106.354,130.716,252.922
2005-05-15 17:25:00,167.868,52.99,207.533,140.873,1370.32,407.323,,204.658,85.65,154.583,280.579,94.994,156.06,189.94,164.776,183.824,190.498,106.756,130.178,254.906
2005-05-15 17:30:00,167.994,52.42,206.033,143.563,1365.24,408.193,102.807,204.122,86.444,154.447,279.369,95.135,155.54,187.606,168.568,187.324,186.956,107.566,130.116,256.768
2005-05-15 17:35:00,166.562,53.3,205.333,142.987,1361.8,405.457,,202.746,85.994,154.697,281.759,95.513,157.5,188.412,167.902,185.264,191.724,104.368,129.846,256.006
2005-05-15 17:40:00,167.576,53.133,204.733,142.193,1362.32,405.73,,205.108,84.822,153.95,281.272,94.888,153.92,188.648,167.872,185.136,187.75,105.604,131.862,255.402
2005-05-15 17:45:00,168.102,52.553,209.0,141.08,1365.64,408.963,102.846,205.022,86.308,158.207,284.177,95.315,155.9,188.482,167.424,184.3,188.312,106.374,129.426,254.786
2005-05-15 17:50:00,165.698,52.63,207.067,142.297,1365.52,409.093,,207.602,86.332,154.123,279.147,95.419,156.74,187.934,166.716,185.598,189.428,106.522,132.072,254.084
2005-05-15 17:55:00,167.344,53.23,206.333,143.707,1373.7,407.843,,205.188,85.222,154.747,279.114,96.664,156.74,189.192,167.916,186.13,190.656,105.972,130.302,255.6
2005-05-15 18:00:00,165.91,51.503,204.667,144.513,1371.9,408.493,103.678,202.462,85.864,150.703,281.057,96.687,156.86,188.184,167.342,188.064,190.188,106.204,129.326,255.736
2005-05-15 18:05:00,169.308,52.283,206.3,143.89,1370.86,409.923,,203.292,85.798,153.59,282.242,96.395,155.84,189.582,166.442,187.274,191.176,105.766,131.974,254.998
2005-05-15 18:10:00,168.596,51.423,206.667,142.43,1364.66,408.92,,205.652,86.902,157.167,280.517,95.976,156.38,191.552,168.388,186.554,188.984,106.484,129.868,255.836
2005-05-15 18:15:00,170.556,53.3,204.4,141.013,1354.6,411.22,103.09,203.97,86.82,154.873,279.794,95.882,157.64,190.136,168.288,187.288,187.782,106.472,133.102,253.706
2005-05-15 18:20:00,166.478,51.817,206.8,144.137,1359.22,408.717,,204.49,85.294,156.087,281.734,95.204,156.94,191.53,169.224,187.71,189.036,108.628,131.178,253.73
2005-05-15 18:25:00,167.784,51.767,206.767,142.49,1350.12,411.377,,207.194,85.606,154.207,281.302,95.211,157.24,190.818,167.898,187.48,190.224,105.284,130.948,256.87
2005-05-15 18:30:00,165.902,50.687,208.133,142.387,1358.04,411.747,102.746,204.692,86.672,155.13,284.162,96.116,154.86,189.69,168.36,187.348,187.994,106.692,132.98,254.57
2005-05-15 18:35:00,167.748,51.907,208.067,142.063,1346.8,409.107,,206.196,87.808,155.163,278.603,96.588,156.9,192.21,168.744,187.716,190.032,108.488,131.364,255.646
2005-05-15 18:40:00,166.05,53.02,208.1,140.753,1347.46,408.987,,207.642,85.1,154.433,279.914,93.658,158.68,192.45,167.868,185.262,189.438,106.088,131.064,255.13
2005-05-15 18:45:00,165.508,53.34,207.367,143.923,1350.84,412.853,102.709,204.356,87.238,153.783,284.553,95.954,159.7,189.432,167.662,189.572,191.596,106.898,130.792,256.232
2005-05-15 18:50:00,166.704,54.287,208.4,142.25,1350.94,414.33,,204.02,87.228,155.137,281.64,97.92,156.2,190.626,167.83,187.396,187.85,106.678,130.828,254.94
2005-05-15 18:55:00,165.218,52.897,206.933,141.937,1344.58,410.8,,204.144,85.906,155.543,280.053,96.802,156.7,188.956,168.224,188.026,188.188,107.928,132.408,258.176
2005-05-15 19:00:00,165.068,53.127,204.7,142.467,1350.18,409.704,103.002,205.258,86.92,154.837,281.97,94.818,158.32,190.65,170.916,185.834,189.408,107.394,131.09,256.506
2005-05-15 19:05:00,167.564,52.907,208.133,143.643,1356.36,410.117,,207.37,86.25,154.11,282.856,96.115,156.12,187.224,169.738,187.232,187.774,106.71,131.568,256.958
2005-05-15 19:10:00,166.002,53.5,206.9,143.68,1350.64,409.65,,205.306,86.762,155.677,282.103,97.982,157.62,191.51,167.346,188.63,188.158,106.042,131.966,255.026
2005-05-15 19:15:00,167.032,52.967,208.367,142.773,1349.16,407.84,102.712,204.074,85.798,156.6,283.099,95.513,157.22,188.308,167.814,184.378,189.106,108.432,130.228,254.18
2005-05-15 19:20:00,165.33,53.13,205.6,141.657,1351.38,415.393,,203.85,86.018,153.95,281.77,95.863,154.76,190.044,170.398,187.07,190.67,106.398,130.842,254.176
2005-05-15 19:25:00,167.168,53.19,204.7,142.327,1349.18,409.237,,207.282,86.744,154.433,287.223,96.282,156.14,190.986,168.502,186.356,189.478,106.468,132.18,257.966
2005-05-15 19:30:00,168.668,52.103,206.2,142.4,1344.38,409.76,102.969,205.404,86.504,150.96,281.884,94.911,159.04,192.288,168.396,187.916,190.208,107.766,132.22,259.488
2005-05-15 19:35:00,166.298,51.537,207.133,141.823,1345.94,409.793,,206.018,86.006,153.487,284.946,94.879,156.92,190.378,169.688,187.658,192.986,105.922,133.04,256.898
2005-05-15 19:40:00,166.282,52.33,205.967,141.933,1351.32,411.15,,204.456,85.374,152.533,280.525,94.689,155.28,189.71,168.39,185.41,190.258,106.458,131.082,258.118
2005-05-15 19:45:00,164.816,53.017,207.133,144.497,1350.62,407.823,102.081,204.736,86.742,154.603,283.746,97.575,157.3,191.634,170.084,183.804,189.988,106.932,132.146,258.924
2005-05-15 19:50:00,168.24,53.26,208.533,143.707,1357.84,410.193,,203.79,85.89,156.13,284.978,96.642,158.22,192.276,167.308,188.382,190.754,107.32,132.56,258.208
2005-05-15 19:55:00,168.174,53.707,207.833,142.843,1354.56,406.373,,203.696,85.572,156.323,284.611,97.132,157.88,191.942,168.258,185.272,190.022,106.816,133.422,259.056
2005-05-15 20:00:00,167.0,52.643,207.0,144.99,1358.28,406.89,103.942,205.414,84.714,155.483,282.678,97.791,157.56,192.294,169.702,185.886,190.59,106.988,132.832,257.434
2005-05-15 20:05:00,168.622,53.62,207.867,142.057,1357.98,407.127,,204.008,85.698,153.12,282.391,96.641,156.58,192.57,169.96,187.574,188.252,106.938,132.23,258.05
2005-05-15 20:10:00,169.512,52.253,207.533,142.493,1362.42,408.69,,203.716,85.85,156.29,283.078,94.858,157.0,191.8,167.338,184.192,191.012,108.378,132.668,258.528
2005-05-15 20:15:00,168.608,52.173,205.467,143.587,1352.34,407.523,102.808,204.476,86.592,153.457,282.695,95.453,157.58,191.33,168.058,187.96,189.74,107.228,132.632,256.736
2005-05-15 20:20:00,167.736,52.497,209.6,143.917,1359.44,407.293,,202.954,86.25,155.547,284.862,95.746,154.68,191.316,170.636,186.49,189.05,107.386,132.954,258.172
2005-05-15 20:25:00,167.65,53.207,206.833,141.037,1357.02,408.67,,206.75,86.772,153.12,284.13,96.245,155.96,192.256,169.812,185.174,189.274,106.354,133.206,260.012
2005-05-15 20:30:00,166.372,52.153,208.133,141.72,1360.92,408.79,102.873,205.834,85.518,154.553,284.258,95.002,155.88,191.502,168.428,188.648,187.29,106.862,131.946,256.862
2005-05-15 20:35:00,168.004,53.183,206.5,139.997,1357.12,405.757,,203.286,86.408,154.293,283.843,95.461,154.54,192.716,172.38,185.272,189.576,106.792,132.308,257.672
2005-05-15 20:40:00,165.98,54.083,207.867,142.717,1363.42,408.404,,205.882,86.36,155.473,285.739,96.172,154.6,191.722,169.968,184.74,188.022,106.414,132.338,258.276
2005-05-15 20:45:00,169.85,52.797,204.833,142.62,1365.78,406.447,102.812,202.68,86.836,155.217,279.084,97.18,156.34,192.684,169.688,188.012,189.188,106.714,130.426,258.67
2005-05-15 20:50:00,169.162,52.563,206.567,143.237,1363.28,408.943,,206.158,86.006,153.344,284.592,95.788,154.38,192.144,170.464,186.292,187.35,107.962,131.83,259.294
2005-05-15 20:55:00,165.852,52.483,205.0,143.06,1364.74,407.91,,203.58,85.72,156.677,283.382,96.409,156.4,190.988,169.452,184.932,188.596,106.626,132.376,257.792
2005-05-15 21:00:00,168.796,51.883,207.933,143.72,1366.9,407.02,102.122,207.174,86.7,153.703,282.761,94.291,152.58,191.092,169.944,186.97,188.452,107.202,132.832,257.012
2005-05-15 21:05:00,166.386,52.313,205.333,141.823,1359.88,405.493,,203.296,86.654,153.777,283.954,96.079,153.98,190.342,168.924,187.5,190.312,106.288,132.244,258.564
2005-05-15 21:10:00,167.176,53.173,,140.717,1358.06,405.537,,202.55,86.2,154.803,283.35,94.75,154.22,191.136,169.714,187.464,190.166,107.524,130.21,257.686
2005-05-15 21:15:00,166.088,53.657,,142.657,1354.68,402.796,102.622,204.678,87.008,154.11,282.444,94.855,154.56,192.078,170.708,184.498,189.37,107.544,131.696,258.518
2005-05-15 21:20:00,166.65,53.277,,140.897,1350.8,405.537,,204.458,87.048,154.31,281.332,95.164,154.04,191.02,169.99,188.366,191.138,108.642,131.712,257.6
2005-05-15 21:25:00,167.612,52.847,,139.287,1358.66,404.777,,202.818,86.22,154.82,281.825,95.309,153.88,191.238,168.946,186.504,190.266,108.11,132.668,259.504
2005-05-15 21:30:00,165.776,52.263,,140.787,1357.08,402.697,102.285,204.642,85.836,151.913,282.714,95.107,155.48,191.634,169.092,185.292,190.376,107.562,132.572,262.324
2005-05-15 21:35:00,165.864,53.06,,142.983,1355.3,407.123,,205.218,86.098,152.7,282.285,95.853,155.3,192.522,171.4,187.55,187.634,107.582,133.19,259.448
2005-05-15 21:40:00,168.346,52.737,,138.543,1363.84,405.32,,202.436,85.51,152.693,280.89,94.783,156.34,193.306,170.132,185.992,189.526,107.1,132.16,256.664
2005-05-15 21:45:00,167.766,51.037,,140.793,1364.86,407.48,102.895,205.446,86.952,152.983,281.54,95.136,155.36,191.428,168.096,186.894,189.662,107.778,130.914,261.31
2005-05-15 21:50:00,166.188,52.237,,140.753,1364.08,403.297,,203.408,85.686,156.2,282.65,94.982,154.5,190.28,170.458,187.688,187.316,107.282,133.022,259.536
2005-05-15 21:55:00,167.796,52.673,,140.98,1359.58,402.9,,201.914,88.28,155.05,281.335,96.398,155.34,191.362,170.31,188.184,190.282,107.584,132.858,260.398
2005-05-15 22:00:00,165.78,52.063,208.533,140.193,1359.18,405.29,102.79,202.276,85.056,153.353,280.702,94.9,155.4,192.972,172.076,185.298,189.276,108.522,132.744,258.278
2005-05-15 22:05:00,167.52,52.277,206.967,140.723,1358.2,399.64,,204.604,86.89,152.49,283.869,94.428,152.82,192.316,169.402,185.304,186.256,108.26,132.272,258.674
2005-05-15 22:10:00,164.866,53.01,207.6,142.54,1363.98,401.947,,200.484,87.622,153.767,280.465,95.823,154.28,193.782,169.35,187.074,189.382,106.738,133.426,258.374
2005-05-15 22:15:00,167.266,51.973,205.267,143.993,1355.46,403.457,102.06,200.31,86.734,151.79,283.503,93.329,153.98,190.522,170.91,186.936,188.822,108.442,133.19,257.266
2005-05-15 22:20:00,165.69,51.923,206.133,142.593,1356.2,402.113,,206.44,87.436,153.104,280.94,95.539,152.74,190.538,169.266,185.19,192.896,106.358,131.57,258.834
2005-05-15 22:25:00,168.786,52.513,206.4,139.863,1358.52,403.223,,202.81,85.494,152.573,283.505,96.598,153.74,190.934,170.132,188.708,191.318,108.656,132.532,256.372
2005-05-15 22:30:00,166.158,53.397,207.733,141.583,1359.7,402.97,101.439,202.76,85.384,151.643,284.5,95.351,153.7,192.932,171.086,185.632,189.908,107.898,131.734,256.966
2005-05-15 22:35:00,167.834,52.41,205.633,141.383,1361.64,405.607,,203.08,86.982,153.093,285.86,94.861,151.96,191.246,169.766,185.454,188.874,106.602,132.924,259.124
2005-05-15 22:40:00,168.994,51.78,206.1,142.603,1366.32,403.38,,203.218,88.468,152.593,285.146,95.235,153.9,194.044,170.318,186.126,193.646,106.952,131.414,256.83
2005-05-15 22:45:00,167.618,52.763,207.233,140.417,1368.1,404.68,102.627,203.526,87.498,153.986,288.211,95.14,154.66,193.878,171.67,186.214,191.866,109.1,131.894,258.626
2005-05-15 22:50:00,167.676,52.26,206.6,143.133,1363.84,403.147,,203.808,85.906,153.097,286.219,92.361,155.54,189.488,169.526,185.812,189.28,108.222,132.488,257.21
2005-05-15 22:55:00,165.5,52.653,206.833,140.617,1368.38,405.593,,204.88,85.574,152.627,288.538,95.423,153.32,191.88,171.726,185.072,194.958,108.598,132.768,257.702
2005-05-15 23:00:00,168.826,51.797,207.5,142.657,1373.04,404.917,102.088,202.614,85.598,152.797,286.548,95.077,153.78,190.35,170.508,188.404,193.606,107.404,131.558,260.036
2005-05-15 23:05:00,167.616,53.493,207.5,142.88,1370.14,402.54,,204.81,87.046,152.71,287.275,94.088,155.86,190.89,170.262,187.698,192.376,108.8,132.982,257.878
2005-05-15 23:10:00,168.056,50.963,207.6,143.42,1363.6,405.28,,204.644,87.09,152.287,284.666,93.88,153.86,193.264,170.07,185.98,190.604,108.292,133.294,256.702
2005-05-15 23:15:00,167.124,52.037,206.767,141.7,1365.62,405.693,102.047,205.868,85.564,152.63,287.444,95.082,153.16,194.3,174.212,188.154,192.198,108.26,132.584,258.186
2005-05-15 23:20:00,170.298,51.097,204.2,142.747,1370.6,405.343,,203.016,86.066,155.927,287.96,94.86,153.62,193.838,172.328,189.976,193.902,108.33,133.468,258.676
2005-05-15 23:25:00,167.974,52.27,206.567,141.737,1361.64,406.556,,204.388,87.706,153.7,288.758,94.847,153.9,194.544,172.094,186.848,188.83,108.318,132.052,259.238
2005-05-15 23:30:00,169.862,53.81,205.767,142.053,1371.56,403.717,102.21,204.328,86.664,152.283,289.356,94.921,153.72,194.238,172.318,189.316,191.75,107.712,133.566,258.43
2005-05-15 23:35:00,169.524,52.477,207.033,141.52,1360.52,405.05,,201.524,88.33,154.983,289.861,95.178,153.4,194.73,169.466,188.4,188.154,109.77,134.212,260.392
2005-05-15 23:40:00,167.5,52.35,207.967,142.427,1360.76,405.817,,205.644,86.842,153.54,288.484,93.988,154.14,196.398,169.772,188.884,188.236,107.57,132.83,257.624
2005-05-15 23:45:00,168.454,52.19,205.667,141.163,1358.04,406.083,102.677,201.84,88.02,154.347,288.483,94.914,155.26,195.384,170.612,187.516,192.938,107.964,132.708,257.986
2005-05-15 23:50:00,167.662,52.073,205.133,140.47,1354.98,405.28,,203.27,88.294,153.286,290.036,93.782,154.36,193.012,171.726,188.092,192.034,108.682,133.37,254.938
2005-05-15 23:55:00,167.542,53.237,205.933,142.52,1363.86,403.053,,203.222,87.626,154.467,288.472,94.28,154.9,194.352,172.188,187.072,193.658,108.688,131.582,257.416
2005-05-16 00:00:00,170.888,52.847,204.933,141.49,1354.58,407.177,102.208,204.618,86.938,152.496,287.916,95.858,155.0,195.424,171.266,187.508,189.138,108.952,130.704,258.256
2005-05-16 00:05:00,169.906,52.253,205.6,142.027,1366.18,403.604,,204.126,86.092,154.8,286.25,95.28,155.66,194.704,170.718,189.572,193.018,109.632,133.484,257.854
2005-05-16 00:10:00,169.488,52.967,207.167,143.5,1350.58,404.357,,203.728,86.184,155.977,287.078,94.59,156.06,195.028,172.596,191.472,195.006,109.874,132.226,259.332
2005-05-16 00:15:00,170.266,52.867,208.833,139.337,1347.68,406.167,102.952,200.018,86.87,154.437,286.868,95.894,154.38,195.452,172.31,188.244,191.18,108.392,131.62,258.576
2005-05-16 00:20:00,168.352,52.643,206.833,143.19,1354.52,405.963,,206.352,87.072,153.617,285.738,95.378,156.12,193.6,171.63,189.13,192.544,108.698,133.4,258.026
2005-05-16 00:25:00,168.07,51.61,207.133,141.79,1353.32,400.28,,200.586,86.526,153.943,284.483,94.941,153.68,192.54,171.468,189.938,194.182,108.66,134.026,258.684
2005-05-16 00:30:00,168.138,53.123,207.267,142.29,1349.32,405.033,102.627,205.058,87.172,152.43,286.137,95.029,152.6,192.478,174.746,188.632,195.914,109.284,133.274,260.782
2005-05-16 00:35:00,168.128,53.997,209.267,144.013,1351.78,405.85,,202.668,86.618,154.023,285.186,93.832,154.52,195.912,173.446,190.826,193.97,108.848,134.07,258.906
2005-05-16 00:40:00,169.87,51.95,206.233,144.0,1347.9,401.623,,202.398,86.502,155.19,284.287,94.181,155.18,195.38,174.084,189.944,192.526,108.624,133.188,260.394
2005-05-16 00:45:00,169.832,52.347,208.067,143.033,1348.12,404.033,103.134,204.736,87.584,157.057,283.329,96.217,153.92,194.662,174.32,189.41,191.73,109.068,133.522,260.558
2005-05-16 00:50:00,168.698,52.85,206.967,143.733,1336.9,405.46,,202.392,86.972,153.77,285.125,96.125,154.36,192.216,174.068,189.77,190.288,110.166,133.388,262.022
2005-05-16 00:55:00,169.814,52.487,207.333,141.727,1346.86,406.02,,201.432,86.604,154.157,285.062,93.354,154.38,192.832,173.102,188.974,194.194,109.232,134.262,259.704
2005-05-16 01:00:00,170.61,53.697,207.367,142.87,1335.84,404.42,102.276,202.454,87.108,151.463,283.165,95.63,155.94,195.314,171.658,189.934,193.066,108.48,134.37,262.048
2005-05-16 01:05:00,169.626,52.503,206.033,141.633,1327.78,403.593,,203.536,87.07,152.863,280.928,95.955,157.56,192.698,172.062,188.592,187.786,109.512,135.93,264.054
2005-05-16 01:10:00,167.746,53.077,206.3,142.63,1323.3,403.677,,203.126,85.594,154.287,281.316,95.239,156.66,192.998,173.218,189.182,191.872,110.112,136.658,262.914
2005-05-16 01:15:00,171.774,52.133,205.433,141.543,1325.94,406.627,103.183,203.32,87.902,152.387,282.016,95.984,157.9,191.186,169.474,188.978,189.134,108.848,135.046,264.38
2005-05-16 01:20:00,167.78,53.193,206.6,144.017,1318.6,405.06,,203.864,88.378,154.343,278.926,96.084,156.86,193.54,170.624,189.534,191.352,109.742,134.918,263.51
2005-05-16 01:25:00,168.412,53.307,206.6,143.06,1316.22,404.353,,203.434,85.45,155.077,280.407,94.696,156.74,192.488,172.39,189.304,193.548,110.062,134.96,264.114
2005-05-16 01:30:00,169.09,52.537,204.7,143.05,1314.22,407.77,103.531,205.09,87.244,152.75,277.243,95.605,156.82,191.77,171.062,190.696,192.726,109.79,135.59,264.38
2005-05-16 01:35:00,168.902,52.763,207.967,142.423,1310.3,406.6,,205.65,86.422,154.917,280.701,95.816,156.22,191.426,171.954,188.986,192.4,110.088,135.036,263.73
2005-05-16 01:40:00,167.614,53.21,208.167,143.287,1321.26,404.393,,203.114,85.168,153.567,278.426,96.217,155.98,191.646,173.034,189.978,190.376,109.568,136.45,263.052
2005-05-16 01:45:00,168.892,51.677,209.033,142.807,1322.22,404.727,102.003,207.9,85.974,154.577,279.33,95.563,157.64,192.096,171.218,190.102,188.57,108.27,135.252,265.864
2005-05-16 01:50:00,168.798,52.54,206.567,143.007,1318.16,407.86,,206.51,86.522,156.32,277.336,96.494,154.8,190.652,174.338,188.99,192.092,108.68,135.798,263.928
2005-05-16 01:55:00,170.1,52.73,206.567,143.393,1327.62,404.797,,206.018,86.478,155.953,280.962,95.964,157.02,190.712,171.97,188.882,191.904,109.11,135.174,260.936
2005-05-16 02:00:00,168.604,53.667,203.867,142.787,1319.24,405.863,102.611,205.564,84.952,154.853,278.691,96.044,156.48,190.674,171.244,187.412,191.736,110.024,134.81,263.99
2005-05-16 02:05:00,170.702,52.507,207.867,142.053,1317.78,405.393,,206.604,86.168,154.037,278.97,95.469,155.62,189.02,170.994,189.25,191.114,108.914,135.642,263.88
2005-05-16 02:10:00,169.288,53.447,205.7,140.75,1326.2,406.347,,204.568,87.338,152.033,279.22,97.38,157.02,191.8,168.972,188.412,190.706,109.956,135.882,264.49
2005-05-16 02:15:00,169.35,53.587,206.433,142.95,1331.8,404.897,101.988,204.192,85.018,155.867,275.64,96.923,157.6,187.714,170.858,188.144,191.774,107.576,135.67,264.036
2005-05-16 02:20:00,168.564,52.63,207.767,143.48,1324.46,410.827,,208.308,86.856,155.447,276.668,96.491,157.26,188.346,170.918,188.95,191.466,108.248,136.212,261.908
2005-05-16 02:25:00,170.806,52.357,208.1,142.97,1329.72,406.67,,205.924,86.604,155.167,279.997,95.645,157.84,191.68,168.966,186.516,190.802,108.86,135.748,262.79
2005-05-16 02:30:00,168.856,52.627,208.5,142.493,1328.12,410.003,103.029,203.376,87.514,154.437,280.278,96.209,157.32,188.142,169.78,187.81,189.208,109.944,133.79,264.85
2005-05-16 02:35:00,168.66,53.373,206.8,143.317,1332.74,408.713,,204.994,87.514,153.177,277.725,97.751,156.46,189.172,169.202,188.602,190.558,108.616,135.222,264.24
2005-05-16 02:40:00,167.658,53.193,208.267,143.523,1318.4,403.927,,202.946,87.406,153.803,281.617,95.506,157.36,187.25,169.264,188.684,188.962,107.646,136.462,264.226
2005-05-16 02:45:00,168.084,52.307,206.133,142.37,1323.6,403.107,103.085,203.726,86.216,153.73,277.616,97.009,158.0,187.636,168.974,187.294,191.072,108.89,136.834,265.306
2005-05-16 02:50:00,169.374,53.14,204.0,144.353,1324.94,404.293,,205.03,88.162,155.783,280.087,97.316,158.02,188.994,170.268,188.322,187.374,108.684,135.744,267.748
2005-05-16 02:55:00,170.192,53.073,206.167,144.877,1328.74,405.31,,204.236,87.108,153.91,277.569,97.052,156.12,188.402,168.96,189.956,190.6,108.296,138.214,267.45
2005-05-16 03:00:00,168.938,52.38,208.133,143.35,1325.54,404.707,102.909,205.448,86.684,155.623,276.528,96.745,156.26,190.604,167.242,188.214,192.584,108.398,135.524,264.772
2005-05-16 03:05:00,170.864,52.817,206.833,144.96,1328.16,404.657,,206.25,88.25,153.71,279.026,95.807,154.62,189.366,168.744,190.002,189.664,107.708,136.306,267.1
2005-05-16 03:10:00,170.89,53.703,207.533,143.837,1327.76,404.75,,207.03,86.794,155.68,275.24,94.383,154.32,187.28,168.744,187.742,190.934,108.188,136.204,267.842
2005-05-16 03:15:00,171.448,53.08,206.8,143.997,1329.98,408.457,102.321,204.148,87.844,154.8,281.056,94.466,155.22,188.732,167.786,188.19,188.89,107.028,136.344,264.464
2005-05-16 03:20:00,170.928,53.27,204.833,143.407,1332.82,407.557,,205.564,87.948,154.453,277.799,95.428,155.12,189.318,169.236,189.598,194.672,106.948,135.82,266.986
2005-05-16 03:25:00,169.698,54.59,208.4,144.117,1333.22,408.733,,205.082,87.214,154.52,278.341,97.02,154.8,189.182,167.316,190.558,191.716,107.128,138.81,265.048
2005-05-16 03:30:00,172.826,53.547,205.9,144.963,1341.16,407.873,103.772,206.396,87.184,152.893,280.045,94.979,156.26,189.054,170.918,188.37,193.49,108.828,136.738,264.864
2005-05-16 03:35:00,170.218,52.07,209.9,143.53,1329.5,411.863,,205.996,87.838,153.34,278.03,96.013,156.26,190.098,168.032,191.196,193.346,107.32,136.91,266.926
2005-05-16 03:40:00,170.912,53.343,209.2,145.987,1332.1,411.41,,205.122,88.418,153.177,278.402,96.705,156.8,186.826,167.056,191.516,191.038,108.752,137.36,267.806
2005-05-16 03:45:00,169.72,52.657,206.933,146.303,1340.14,408.393,103.749,205.312,88.09,153.993,281.005,95.866,157.8,188.478,167.812,190.536,190.546,107.798,137.682,268.57
2005-05-16 03:50:00,171.324,54.083,208.3,145.05,1334.24,413.637,,206.618,86.052,154.643,279.022,94.322,155.9,189.088,170.594,191.594,191.476,107.874,138.208,268.324
2005-05-16 03:55:00,171.78,54.543,207.6,144.987,1335.94,413.05,,205.41,88.84,153.123,280.46,95.687,156.0,189.508,167.864,190.336,191.108,107.682,138.032,270.038
2005-05-16 04:00:00,171.382,54.223,208.4,143.097,1334.84,410.617,104.277,208.538,88.066,156.057,279.407,96.432,155.72,188.918,167.522,191.07,189.592,107.1,137.254,272.18
2005-05-16 04:05:00,170.968,52.367,208.0,145.153,1335.48,409.837,,209.94,90.032,155.597,279.005,96.563,156.18,188.752,166.592,189.654,191.962,108.338,139.29,267.952
2005-05-16 04:10:00,168.924,53.49,208.033,145.12,1334.76,410.917,,204.914,87.702,156.933,279.729,95.861,157.52,189.476,167.58,189.518,192.742,108.096,138.424,270.352
2005-05-16 04:15:00,169.554,52.903,208.633,145.743,1347.08,412.597,104.098,204.712,88.562,155.07,279.574,94.921,156.7,189.59,168.072,191.396,193.73,108.338,138.534,268.852
2005-05-16 04:20:00,170.438,53.65,210.733,145.617,1341.74,415.37,,207.922,90.598,155.403,278.659,97.165,159.18,188.75,167.27,191.792,188.478,107.568,137.506,266.392
2005-05-16 04:25:00,170.566,54.703,209.967,144.723,1345.66,409.94,,210.408,88.966,155.62,279.803,97.74,158.3,187.656,167.916,192.486,193.444,107.738,137.356,269.038
2005-05-16 04:30:00,170.49,54.777,209.0,143.907,1341.12,408.167,104.517,207.64,88.658,156.74,281.009,98.702,158.82,187.386,169.486,192.538,192.176,108.25,136.984,268.66
2005-05-16 04:35:00,172.048,52.463,212.333,144.843,1329.82,413.673,,205.654,87.738,158.743,281.484,97.486,158.02,189.302,171.008,192.008,192.482,107.802,136.332,267.022
2005-05-16 04:40:00,169.374,54.54,210.367,145.257,1342.16,413.077,,206.652,89.426,155.61,280.321,96.329,157.16,191.974,168.808,190.104,189.376,107.96,136.02,266.396
2005-05-16 04:45:00,169.426,53.023,212.567,146.17,1330.16,410.873,105.075,207.226,89.03,156.143,280.353,97.683,156.64,189.228,169.888,187.12,191.346,108.558,136.506,263.378
2005-05-16 04:50:00,170.882,53.407,210.533,145.53,1337.0,413.347,,205.154,89.978,157.323,280.013,97.859,158.56,188.862,169.782,190.484,193.57,108.618,135.164,262.32
2005-05-16 04:55:00,169.602,53.53,210.7,145.57,1328.94,414.01,,210.698,91.008,155.983,280.939,98.275,158.76,191.116,169.608,189.414,192.892,109.634,135.148,261.714
2005-05-16 05:00:00,170.444,53.323,210.933,145.997,1332.88,411.64,104.529,206.87,89.65,158.45,284.181,98.515,158.26,189.366,169.36,191.102,191.208,108.918,135.678,260.1
2005-05-16 05:05:00,170.484,53.457,212.9,145.17,1337.08,412.083,,205.64,88.938,155.917,283.626,97.102,158.16,191.212,170.024,190.12,192.756,109.512,134.278,263.702
2005-05-16 05:10:00,170.014,52.98,210.633,146.567,1332.74,413.164,,209.932,88.012,155.867,282.802,96.337,159.7,190.718,170.158,189.728,191.346,109.704,134.408,264.728
2005-05-16 05:15:00,169.154,53.163,210.0,144.91,1336.28,411.847,105.006,207.18,88.852,157.853,281.321,97.088,156.9,193.442,171.39,190.882,188.942,108.958,133.798,262.598
2005-05-16 05:20:00,171.158,54.347,209.967,147.87,1331.94,411.227,,206.458,88.778,157.473,284.723,95.915,158.52,190.42,169.57,191.65,193.038,110.7,134.516,262.096
2005-05-16 05:25:00,169.642,54.217,208.633,147.103,1329.28,412.53,,206.972,88.012,156.92,283.243,97.876,158.7,194.306,169.474,187.57,191.826,109.992,134.422,262.212
2005-05-16 05:30:00,168.086,54.49,209.833,144.243,1327.82,411.68,104.442,208.21,86.848,159.267,281.527,99.195,158.76,192.44,170.12,191.698,191.244,109.162,133.762,262.76
2005-05-16 05:35:00,171.702,52.527,210.867,144.867,1327.2,411.977,,208.492,86.984,155.804,281.967,97.961,157.46,192.522,169.388,188.196,191.946,110.152,133.57,260.788
2005-05-16 05:40:00,171.11,53.663,210.667,144.267,1329.46,413.783,,208.486,88.018,156.597,284.708,99.558,158.68,194.614,171.11,192.294,190.9,109.586,132.592,260.518
2005-05-16 05:45:00,170.45,54.26,210.467,143.483,1326.66,412.293,104.311,207.26,87.94,155.143,283.269,96.485,159.2,192.376,169.154,191.478,191.71,108.312,133.718,263.404
2005-05-16 05:50:00,170.508,54.31,209.367,142.837,1319.5,406.783,,,88.098,156.867,284.223,95.858,160.28,192.576,171.982,193.372,192.862,110.02,134.228,263.914
2005-05-16 05:55:00,167.968,54.36,207.6,144.893,1323.44,410.647,,203.646,88.658,156.387,285.336,98.161,159.02,193.494,169.722,194.006,191.82,109.536,136.206,265.642
2005-05-16 06:00:00,168.892,53.803,208.933,144.823,1312.16,407.44,104.511,207.652,88.276,155.617,280.265,99.063,158.84,192.288,171.468,191.418,192.326,109.112,134.164,264.886
2005-05-16 06:05:00,171.158,53.157,208.667,145.3,1322.72,408.35,,206.44,87.308,153.147,283.032,98.958,160.32,192.44,170.44,189.97,193.672,109.896,137.62,266.292
2005-05-16 06:10:00,170.576,53.577,208.033,145.273,1316.1,410.617,,204.436,88.3,155.623,285.461,97.531,158.76,192.156,170.842,192.854,196.034,110.618,137.044,266.514
2005-05-16 06:15:00,168.312,53.21,208.967,141.96,1315.68,406.387,103.666,207.046,88.032,156.67,282.969,97.621,157.58,195.126,169.986,191.348,193.602,110.708,136.778,266.108
2005-05-16 06:20:00,167.866,53.13,207.2,142.36,1309.0,408.64,,206.966,88.486,156.553,285.959,96.822,160.36,193.286,170.298,190.644,192.9,109.56,136.81,270.188
2005-05-16 06:25:00,168.776,53.29,208.867,144.953,1312.8,410.193,,204.7,87.546,156.047,283.102,98.431,157.92,192.528,169.784,191.478,192.202,109.902,136.86,266.724
2005-05-16 06:30:00,170.658,54.043,209.133,145.263,1318.0,408.253,103.814,205.204,88.244,154.887,284.829,98.286,160.56,192.892,171.25,193.268,193.894,110.44,136.938,266.712
2005-05-16 06:35:00,169.224,52.413,209.7,144.767,1317.02,411.6,,205.422,88.684,155.51,283.232,98.446,160.58,191.592,171.988,192.752,192.352,110.9,136.2,265.252
2005-05-16 06:40:00,167.922,53.533,208.933,144.573,1314.3,413.4,,204.582,88.724,154.907,284.867,98.264,160.32,192.998,171.398,194.754,195.702,109.486,137.488,265.94
2005-05-16 06:45:00,168.138,53.89,208.5,146.897,1312.46,409.647,104.624,204.482,87.688,156.853,283.279,96.687,157.3,193.956,169.74,193.588,192.686,111.194,136.966,267.5
2005-05-16 06:50:00,166.424,54.047,206.867,142.843,1308.16,409.14,,205.522,87.342,156.913,287.545,97.049,157.9,190.854,169.772,193.928,193.064,110.102,137.14,266.378
2005-05-16 06:55:00,166.69,53.827,208.633,145.907,1308.0,409.377,,202.59,87.654,154.913,284.702,96.666,158.98,192.648,172.054,192.488,193.452,109.166,137.058,263.524
2005-05-16 07:00:00,167.944,53.197,205.667,143.67,1305.76,409.51,104.002,203.294,87.08,154.026,286.728,96.225,157.48,192.486,169.278,193.184,191.826,108.702,137.236,264.894
2005-05-16 07:05:00,165.402,54.677,208.633,143.743,1306.82,408.163,,203.034,88.79,155.09,287.16,94.804,156.88,190.896,171.15,192.532,190.824,110.974,134.148,263.608
2005-05-16 07:10:00,166.164,52.753,206.633,143.24,1312.44,405.663,,204.458,87.986,156.283,284.349,97.555,158.34,192.926,169.152,193.486,195.372,109.162,135.778,263.072
2005-05-16 07:15:00,168.742,54.48,210.333,145.78,1310.12,410.607,105.108,204.136,89.326,157.577,283.866,95.664,156.24,194.264,172.944,191.444,196.832,110.108,136.394,262.27
2005-05-16 07:20:00,166.784,54.033,206.767,142.95,1300.04,408.14,,205.662,87.774,158.54,286.86,94.43,155.38,191.728,169.252,192.812,193.266,110.45,135.0,264.066
2005-05-16 07:25:00,168.508,54.03,210.967,143.62,1306.64,402.763,,202.786,87.924,154.093,286.986,94.906,157.62,189.916,169.542,192.692,190.388,109.892,134.396,265.214
2005-05-16 07:30:00,167.822,53.853,208.967,142.803,1298.06,405.423,103.541,204.996,89.772,156.86,282.743,95.183,156.32,192.854,171.03,191.848,192.584,109.434,135.602,264.648
2005-05-16 07:35:00,165.802,52.927,208.433,142.663,1305.74,406.31,,202.436,88.118,155.363,285.552,97.494,157.34,192.322,170.25,191.18,194.484,109.698,135.604,263.934
2005-05-16 07:40:00,166.702,52.843,207.567,143.44,1298.62,410.077,,202.87,88.538,154.21,284.764,95.907,155.24,191.496,170.738,192.976,193.664,109.89,136.83,264.658
2005-05-16 07:45:00,165.364,53.06,208.567,144.817,1304.78,405.587,103.512,204.78,90.444,156.763,285.104,95.234,155.2,193.246,168.678,192.04,191.234,110.266,137.018,265.476
2005-05-16 07:50:00,166.016,53.287,208.367,141.5,1300.96,405.153,,206.524,87.762,156.33,286.719,94.207,157.18,194.26,171.598,193.754,195.446,111.89,135.8,264.534
2005-05-16 07:55:00,167.56,52.353,209.367,142.01,1302.06,404.8,,205.972,88.748,155.707,286.174,96.054,154.66,193.202,169.51,189.446,191.368,108.62,135.688,264.388
2005-05-16 08:00:00,165.606,52.4,207.467,140.887,1299.46,403.4,104.168,202.408,88.534,154.65,285.536,96.578,156.9,194.416,171.434,193.408,193.494,109.548,136.202,266.354
2005-05-16 08:05:00,166.726,52.557,207.1,142.97,1304.92,401.053,,204.58,89.8,154.087,285.84,95.029,156.08,192.85,169.192,191.752,192.186,108.934,134.418,265.022
2005-05-16 08:10:00,166.378,53.52,209.1,141.0,1305.22,402.057,,202.96,88.224,154.137,283.258,95.36,156.44,191.018,168.606,191.92,195.048,108.296,136.35,263.582
2005-05-16 08:15:00,166.81,53.303,207.633,142.13,1301.4,403.91,103.844,200.958,89.196,154.45,284.105,94.942,157.28,193.558,169.3,191.994,194.916,107.546,135.556,262.77
2005-05-16 08:20:00,165.892,52.597,209.733,142.0,1302.04,403.89,,205.494,89.444,152.753,283.927,95.06,155.8,192.582,167.64,192.086,194.984,109.66,136.022,266.878
2005-05-16 08:25:00,165.114,51.683,210.767,141.407,1294.96,401.633,,203.846,89.326,153.423,284.754,95.771,156.94,191.106,168.89,191.15,192.244,108.866,133.802,262.962
2005-05-16 08:30:00,165.726,52.663,207.567,142.783,1308.7,401.03,102.553,203.038,89.73,152.3,287.643,93.914,154.98,191.826,170.512,191.822,192.718,108.448,133.98,262.734
