DATETIME,ATHN,MXCO,ROME,LMKS,DRBS,MOSC,NEWK,KIEL,CALG,OULU,APTY,FSMT,INVK,NAIN,PWNK,THUL,SOPB,SOPO
2004-11-07 13:25:00,54.44,218.367,131.65,431.593,,215.45,95.918,159.686,308.561,103.918,169.0,208.312,187.096,206.492,207.346,120.092,151.448,292.796
2004-11-07 13:30:00,55.273,217.233,130.543,432.933,,217.73,94.078,163.68,308.751,104.046,167.44,210.436,188.05,206.72,208.622,118.186,152.666,296.062
2004-11-07 13:35:00,53.563,218.133,129.713,439.013,,220.23,94.02,160.84,308.19,102.455,169.96,210.474,186.208,205.244,208.372,119.714,152.42,292.344
2004-11-07 13:40:00,55.123,218.6,129.66,435.557,,217.582,95.022,161.813,307.054,102.049,169.54,209.08,185.208,206.294,207.674,117.608,151.592,293.102
2004-11-07 13:45:00,54.397,218.067,129.477,434.32,,221.254,95.294,160.517,310.909,103.594,171.24,207.156,185.542,205.36,205.5,118.214,151.304,295.23
2004-11-07 13:50:00,55.507,218.3,128.053,433.997,,219.684,94.638,162.29,307.932,103.353,167.9,208.8,186.572,206.758,209.83,119.734,150.738,297.038
2004-11-07 13:55:00,54.633,218.0,130.41,434.85,,218.506,94.008,158.94,310.454,102.612,169.98,207.178,185.286,206.016,206.338,118.616,153.678,294.04
2004-11-07 14:00:00,54.603,219.7,129.673,434.383,,219.3,94.66,164.163,308.246,105.355,169.0,207.99,185.078,204.738,207.34,118.308,151.768,292.536
2004-11-07 14:05:00,53.19,218.833,129.037,432.563,,217.818,92.89,162.82,311.382,103.362,169.68,207.98,185.846,208.064,209.12,118.45,152.092,295.088
2004-11-07 14:10:00,56.24,218.133,129.233,435.513,,219.28,95.636,162.08,311.732,103.912,168.66,207.198,185.498,205.082,207.556,119.748,152.038,294.08
2004-11-07 14:15:00,54.87,217.633,130.96,437.147,,219.698,94.252,163.683,308.035,103.942,169.74,209.342,185.264,207.29,208.97,119.442,152.532,293.518
2004-11-07 14:20:00,54.873,216.333,130.713,436.043,,220.4,92.682,161.9,307.825,103.078,169.76,208.598,185.232,208.206,206.902,119.144,151.646,294.232
2004-11-07 14:25:00,54.28,216.8,129.21,434.403,,219.508,94.636,160.593,308.161,103.026,167.66,207.442,186.242,207.21,208.326,117.968,151.504,295.272
2004-11-07 14:30:00,54.023,216.967,131.577,435.693,,221.114,94.652,162.74,310.91,103.589,168.94,206.866,184.296,208.822,207.712,118.32,152.508,296.384
2004-11-07 14:35:00,54.683,216.833,130.637,437.95,,219.074,95.302,160.823,312.729,103.635,168.36,208.436,187.256,209.048,207.398,117.686,150.734,292.254
2004-11-07 14:40:00,54.543,219.7,130.94,438.353,,221.72,94.348,161.39,308.075,103.419,169.98,207.516,188.746,207.016,211.222,117.006,151.922,294.366
2004-11-07 14:45:00,55.37,218.567,129.96,436.807,,218.48,94.432,160.193,307.201,103.216,167.86,207.91,185.73,207.616,208.458,117.952,153.166,293.814
2004-11-07 14:50:00,54.903,217.667,130.463,436.07,,221.864,95.02,161.99,307.832,104.393,169.42,208.604,186.286,207.038,208.402,117.03,151.81,293.44
2004-11-07 14:55:00,54.643,217.0,127.957,437.266,,218.214,95.506,162.593,308.076,104.644,169.14,210.436,187.454,207.05,206.95,118.618,151.306,295.76
2004-11-07 15:00:00,54.74,219.467,130.573,436.187,,219.748,95.11,163.077,307.167,103.228,168.96,207.806,188.432,207.202,208.15,117.618,151.138,289.59
2004-11-07 15:05:00,54.447,215.867,129.913,434.437,,218.974,94.428,161.047,305.789,103.315,167.92,207.006,184.518,206.264,207.596,117.952,152.26,294.874
2004-11-07 15:10:00,55.503,214.933,128.213,438.98,,219.876,95.12,162.43,309.915,103.15,167.44,209.102,184.314,207.24,207.42,117.342,150.726,292.65
2004-11-07 15:15:00,54.523,218.2,127.62,433.66,,218.724,94.528,159.896,307.137,102.23,169.74,208.458,187.016,208.592,208.882,119.014,152.854,292.336
2004-11-07 15:20:00,54.253,220.067,128.86,439.03,,216.58,95.816,160.963,309.442,103.371,169.82,205.022,186.072,207.266,208.662,118.162,151.464,295.34
2004-11-07 15:25:00,55.753,217.367,129.267,437.87,,218.114,95.766,158.523,310.666,103.666,167.6,207.99,185.834,204.918,209.166,118.598,151.356,295.036
2004-11-07 15:30:00,54.73,217.233,129.96,438.11,,219.856,93.964,160.573,310.788,103.619,169.58,210.104,185.93,208.632,207.744,117.398,150.766,292.822
2004-11-07 15:35:00,54.35,221.067,130.723,436.01,,217.35,94.05,161.117,310.737,103.969,169.46,207.882,185.644,203.92,207.818,117.096,153.086,296.538
2004-11-07 15:40:00,54.087,217.367,129.443,438.394,,219.298,94.296,162.126,306.249,102.137,170.24,206.452,184.208,205.708,208.816,118.11,152.128,294.908
2004-11-07 15:45:00,54.64,219.333,130.12,438.813,,219.122,95.87,160.927,310.945,102.737,167.96,209.854,185.232,208.828,207.5,117.638,151.062,291.378
2004-11-07 15:50:00,54.263,218.1,130.133,436.757,,218.122,95.06,161.05,307.771,103.565,166.76,208.064,186.664,203.986,206.892,117.716,151.414,293.958
2004-11-07 15:55:00,55.543,218.367,131.643,438.593,,219.01,93.366,160.543,310.422,103.189,167.44,209.224,185.162,209.064,206.136,118.282,151.242,294.16
2004-11-07 16:00:00,54.417,220.667,130.737,441.227,,214.71,94.496,161.927,308.468,106.015,170.04,209.612,185.652,205.548,206.908,117.26,152.204,294.428
2004-11-07 16:05:00,54.94,220.2,129.317,439.003,,218.298,95.192,162.443,306.181,101.544,168.76,208.368,186.614,203.35,207.038,116.04,151.3,295.37
2004-11-07 16:10:00,53.813,218.7,133.433,438.014,,218.5,95.194,164.327,311.574,102.645,168.68,211.294,185.42,206.258,207.902,117.536,151.434,293.004
2004-11-07 16:15:00,55.11,217.6,130.383,437.21,,216.918,94.7,163.35,306.139,103.437,167.14,209.832,184.906,205.474,206.874,117.862,150.218,294.038
2004-11-07 16:20:00,54.307,221.2,130.32,438.817,,219.054,92.664,162.053,311.416,103.452,167.78,210.612,185.132,206.458,208.704,119.316,149.814,295.656
2004-11-07 16:25:00,55.797,215.667,128.707,436.883,,218.922,94.66,163.36,306.221,103.46,166.58,207.582,185.554,204.342,207.99,118.226,150.338,294.804
2004-11-07 16:30:00,56.26,216.333,129.41,438.803,,218.02,95.992,162.44,310.579,102.574,169.8,208.246,186.888,205.89,206.55,118.51,151.398,291.458
2004-11-07 16:35:00,54.117,218.0,130.067,441.043,,217.206,93.548,162.14,314.219,103.628,167.42,207.054,187.498,206.74,206.128,118.688,151.258,294.692
2004-11-07 16:40:00,54.797,218.133,133.027,438.587,,218.398,93.838,160.717,309.446,103.667,169.92,208.006,188.896,207.564,208.092,118.032,151.814,294.568
2004-11-07 16:45:00,55.913,218.667,131.037,441.533,,216.638,94.684,160.336,313.208,103.002,168.64,207.788,186.116,205.328,208.74,118.19,150.326,293.854
2004-11-07 16:50:00,56.35,217.933,129.307,442.163,,218.67,95.352,161.63,309.482,103.631,167.74,209.604,185.128,205.442,207.496,118.518,150.368,292.55
2004-11-07 16:55:00,54.967,220.1,131.57,440.767,,220.43,93.614,161.42,310.02,103.403,169.36,209.664,187.776,205.022,207.188,117.668,149.212,292.352
2004-11-07 17:00:00,54.153,220.233,132.367,440.92,,219.69,94.828,160.187,310.61,103.423,168.48,209.752,187.452,206.11,207.628,118.864,150.75,293.056
2004-11-07 17:05:00,54.85,218.533,129.847,443.877,,216.56,94.868,160.647,306.95,101.189,168.22,205.998,189.77,206.946,209.244,118.566,150.46,290.748
2004-11-07 17:10:00,55.84,220.933,131.74,441.067,,219.616,94.928,160.767,309.621,105.433,167.96,209.67,185.19,206.34,209.112,118.236,150.804,291.994
2004-11-07 17:15:00,54.59,221.567,130.717,446.653,,219.68,94.49,160.257,312.483,101.784,169.6,209.84,187.318,208.062,207.238,119.174,150.294,293.688
2004-11-07 17:20:00,55.497,216.767,129.857,442.637,,216.794,94.394,158.7,310.887,103.702,166.94,208.706,187.536,204.36,207.152,116.378,150.94,290.784
2004-11-07 17:25:00,55.777,218.3,131.7,438.87,,217.26,93.92,162.327,313.573,103.723,169.06,209.508,185.978,209.786,208.284,118.466,150.806,293.07
2004-11-07 17:30:00,55.82,218.567,130.267,438.683,,216.204,94.392,162.577,311.424,103.792,168.16,209.826,184.618,205.656,208.678,118.428,149.108,292.148
2004-11-07 17:35:00,55.8,216.833,129.177,442.093,,218.444,94.576,160.803,308.822,103.416,166.86,208.364,184.984,208.322,208.808,118.624,149.432,292.5
2004-11-07 17:40:00,55.027,215.9,130.093,440.697,,217.45,95.044,161.79,307.023,102.725,167.76,208.984,186.882,208.56,207.63,119.4,149.754,292.824
2004-11-07 17:45:00,54.223,216.4,131.317,440.237,,219.11,93.97,161.917,310.688,103.789,168.08,209.126,188.08,206.888,208.042,117.478,150.74,292.432
2004-11-07 17:50:00,55.973,217.567,131.6,438.76,,217.406,94.57,159.273,311.146,102.589,168.16,207.342,187.488,205.734,210.4,118.376,150.286,293.044
2004-11-07 17:55:00,54.907,217.133,130.827,438.747,,217.902,95.376,159.76,310.797,104.184,167.36,209.294,184.932,207.564,209.302,118.992,149.988,294.734
2004-11-07 18:00:00,55.697,215.7,130.587,436.24,,217.152,93.706,159.593,311.996,103.523,168.56,209.146,185.734,205.928,209.286,118.622,151.952,291.686
2004-11-07 18:05:00,55.1,218.633,129.083,443.243,,217.474,93.082,162.433,307.404,102.697,167.8,209.388,188.118,208.344,207.816,117.35,151.71,291.422
2004-11-07 18:10:00,55.08,217.633,133.197,439.583,,217.342,95.04,161.053,310.058,103.596,167.88,207.776,185.79,207.54,209.876,119.242,149.506,294.51
2004-11-07 18:15:00,56.15,219.4,129.79,435.64,,215.89,93.87,159.447,310.997,104.31,168.58,209.564,187.172,208.064,209.93,117.994,150.222,290.9
2004-11-07 18:20:00,55.287,217.9,132.383,436.723,,216.308,94.412,163.077,312.132,102.27,170.98,210.346,186.656,207.174,210.04,118.024,150.84,295.246
2004-11-07 18:25:00,54.68,218.133,129.047,436.223,,218.246,94.614,163.523,309.159,103.458,167.94,212.662,186.772,207.218,210.224,119.136,150.02,291.6
2004-11-07 18:30:00,54.427,218.333,129.267,431.607,,217.424,95.234,159.88,312.139,103.297,168.92,210.472,185.148,207.874,208.444,117.446,152.812,290.438
2004-11-07 18:35:00,52.833,216.7,129.35,431.66,,214.764,95.806,159.31,311.685,101.192,167.96,208.948,186.39,206.934,207.47,118.998,150.766,293.52
2004-11-07 18:40:00,54.85,214.067,128.42,432.243,,216.944,94.202,158.79,310.763,103.282,167.44,209.762,186.782,208.314,208.738,118.906,151.822,292.862
2004-11-07 18:45:00,53.673,218.933,129.163,428.89,,213.876,94.658,161.017,309.741,104.031,167.02,207.448,184.004,206.448,209.032,119.374,149.47,291.858
2004-11-07 18:50:00,53.88,216.7,128.833,431.63,,215.03,94.068,158.947,309.255,101.939,166.82,207.118,186.416,206.592,209.022,117.44,149.88,287.898
2004-11-07 18:55:00,53.597,222.233,129.087,429.543,,216.43,95.106,162.553,311.229,102.998,167.76,210.74,185.722,206.906,208.588,117.99,149.114,289.456
2004-11-07 19:00:00,54.283,218.2,127.62,428.007,,217.41,94.258,157.183,309.725,104.309,168.26,209.784,183.322,209.208,208.644,119.482,148.408,289.89
2004-11-07 19:05:00,53.887,216.4,129.073,427.683,,217.114,94.796,160.263,312.275,101.69,168.34,207.016,185.336,206.99,207.598,117.722,147.844,289.992
2004-11-07 19:10:00,53.78,220.533,130.177,426.47,,212.962,93.294,161.427,308.871,101.656,167.58,208.758,185.952,206.54,209.772,116.6,148.712,288.146
2004-11-07 19:15:00,54.06,214.4,128.26,426.42,,210.188,95.208,159.183,310.309,102.013,166.22,205.858,181.52,206.7,207.432,116.228,146.35,286.982
2004-11-07 19:20:00,55.257,217.0,126.49,423.104,,214.242,93.12,160.143,306.045,100.766,166.74,205.486,183.37,206.244,207.978,116.442,148.116,290.38
2004-11-07 19:25:00,53.893,216.833,129.83,427.583,,213.652,93.71,157.443,306.598,100.221,165.94,206.338,182.952,203.592,206.182,116.32,149.226,291.768
2004-11-07 19:30:00,54.237,217.633,127.56,427.93,,210.948,93.33,155.3,304.866,103.253,163.64,206.872,184.882,206.108,205.454,116.064,150.586,291.454
2004-11-07 19:35:00,53.97,216.567,129.327,430.463,,213.586,94.086,159.217,306.277,101.266,163.94,205.346,185.526,207.052,206.484,116.262,149.348,291.006
2004-11-07 19:40:00,53.427,215.3,127.543,427.223,,213.262,93.07,161.317,303.1,100.614,162.1,206.93,184.548,203.816,207.59,115.692,146.51,286.88
2004-11-07 19:45:00,53.577,215.1,128.07,427.213,,215.038,93.402,160.333,300.081,99.853,163.5,206.352,182.258,201.708,205.606,115.81,144.63,284.122
2004-11-07 19:50:00,51.76,215.067,127.03,422.243,,209.684,92.126,158.007,298.133,100.976,161.84,203.812,180.31,200.832,203.916,116.146,145.552,281.286
2004-11-07 19:55:00,53.0,215.267,126.64,422.51,,209.558,93.26,157.007,300.812,100.513,161.32,203.34,181.604,201.474,200.426,114.68,147.428,284.078
2004-11-07 20:00:00,52.8,218.767,128.697,423.24,,209.42,92.728,157.03,297.593,100.82,162.46,204.27,182.336,202.502,201.618,115.324,144.226,281.92
2004-11-07 20:05:00,52.067,213.5,128.227,423.41,,207.442,93.644,156.763,294.633,99.98,161.02,201.054,181.336,199.328,202.602,114.036,145.232,282.758
2004-11-07 20:10:00,52.913,215.333,125.55,420.22,,209.348,93.086,156.84,301.607,99.106,161.52,200.29,181.074,199.098,200.896,113.194,145.006,284.568
2004-11-07 20:15:00,52.543,217.4,128.05,421.5,,210.928,91.82,154.653,299.732,100.238,162.08,202.214,181.114,199.554,199.904,113.484,144.612,284.376
2004-11-07 20:20:00,53.607,213.9,125.957,425.233,,208.654,92.35,154.28,298.583,98.098,162.8,201.582,179.938,198.934,201.866,113.792,144.882,284.63
2004-11-07 20:25:00,53.207,215.433,125.74,420.863,,209.996,92.692,154.984,300.306,98.043,162.08,200.746,179.972,201.324,201.668,113.072,144.732,285.9
2004-11-07 20:30:00,52.883,215.567,128.047,422.15,,210.19,92.726,152.773,297.574,99.481,160.64,201.058,180.688,200.27,200.048,112.044,144.926,282.946
2004-11-07 20:35:00,53.683,213.7,126.483,422.243,,210.674,91.354,152.31,300.71,96.422,162.1,200.694,176.834,200.966,200.262,112.55,145.174,283.864
2004-11-07 20:40:00,53.777,215.5,127.773,427.507,,210.15,93.034,157.313,300.625,99.286,160.74,199.778,178.078,198.79,199.838,111.93,146.64,283.548
2004-11-07 20:45:00,52.46,215.067,127.207,427.933,,210.38,92.948,154.863,301.198,99.622,161.5,201.258,176.018,201.042,202.782,112.862,145.864,282.356
2004-11-07 20:50:00,53.977,213.533,127.487,426.507,,210.652,93.098,156.553,299.75,99.472,162.78,200.594,177.862,201.386,204.778,111.81,146.46,284.702
2004-11-07 20:55:00,54.847,215.1,127.74,430.407,,212.202,93.02,156.44,301.617,99.529,161.98,201.692,179.704,199.876,202.186,112.866,147.168,283.84
2004-11-07 21:00:00,55.773,217.033,128.893,432.703,,210.912,93.148,154.893,298.708,100.28,163.2,200.798,179.786,201.444,202.372,112.488,146.598,286.53
2004-11-07 21:05:00,54.573,218.167,128.697,434.13,,211.22,94.18,156.567,302.169,100.263,162.16,197.468,178.678,201.692,204.962,111.976,145.916,284.016
2004-11-07 21:10:00,53.72,217.1,129.383,429.02,,211.844,92.582,158.187,301.475,98.865,160.56,201.872,176.52,200.926,203.812,111.284,146.042,283.52
2004-11-07 21:15:00,53.817,217.8,127.693,431.837,,211.764,91.91,157.387,298.725,100.057,161.42,199.888,174.536,200.61,205.352,112.128,146.262,283.782
2004-11-07 21:20:00,53.883,216.333,128.097,430.57,,210.676,92.876,157.5,301.277,98.58,161.82,200.44,177.584,200.448,204.698,111.086,145.162,286.436
2004-11-07 21:25:00,54.317,215.967,127.84,432.063,,210.206,93.552,157.257,301.695,99.918,160.88,199.432,177.124,198.602,199.668,112.518,147.72,283.432
2004-11-07 21:30:00,52.917,217.433,126.997,423.99,,210.204,92.742,156.167,299.111,99.865,160.48,200.846,174.704,200.17,198.236,111.768,145.524,284.87
2004-11-07 21:35:00,52.853,218.9,127.81,425.957,,206.548,91.276,155.873,295.108,98.1,159.28,199.868,176.444,203.018,198.242,112.18,143.438,278.726
2004-11-07 21:40:00,55.093,214.667,126.417,423.807,,210.174,91.854,153.233,294.825,96.947,157.88,198.632,174.268,200.554,198.8,111.354,141.872,278.464
2004-11-07 21:45:00,54.477,213.3,125.323,422.69,,209.152,91.99,153.257,292.83,97.644,159.76,197.078,174.946,200.02,197.45,109.8,143.59,279.146
2004-11-07 21:50:00,53.683,213.567,127.283,421.373,,207.386,92.596,152.37,295.878,97.634,158.12,199.534,175.306,200.136,200.576,111.718,141.658,276.32
2004-11-07 21:55:00,53.737,213.133,126.677,417.773,,209.548,92.31,152.717,294.639,96.912,158.6,198.706,173.21,200.188,197.882,111.704,142.88,278.14
2004-11-07 22:00:00,53.19,213.833,124.02,422.093,,208.74,91.694,152.62,294.873,98.695,160.1,198.986,175.488,202.816,200.868,112.426,143.618,281.416
2004-11-07 22:05:00,53.403,215.6,124.853,421.627,,207.644,92.594,150.54,292.911,98.236,160.26,196.464,176.388,199.158,200.59,111.638,144.0,279.9
2004-11-07 22:10:00,52.793,212.067,126.027,417.473,,206.144,92.094,152.63,293.701,97.277,158.78,198.408,175.776,198.802,199.594,111.198,140.256,274.018
2004-11-07 22:15:00,52.67,212.433,125.543,418.387,,205.686,90.862,151.643,298.273,98.403,159.46,200.744,176.662,198.354,197.32,111.328,139.388,269.942
2004-11-07 22:20:00,52.66,212.667,124.857,417.916,,205.266,91.592,151.26,296.311,97.149,158.28,199.164,176.25,199.21,202.746,112.294,138.588,273.402
2004-11-07 22:25:00,53.287,212.5,126.763,418.237,,206.54,90.196,153.583,295.942,98.37,158.08,196.52,177.232,197.544,198.598,112.338,138.55,272.23
2004-11-07 22:30:00,52.567,213.3,125.557,414.44,,204.506,91.022,152.313,292.89,98.02,159.38,196.138,178.502,198.7,198.032,112.612,136.99,269.878
2004-11-07 22:35:00,52.957,214.333,127.577,417.56,,205.054,91.572,153.37,292.588,97.773,159.68,197.35,175.188,195.928,197.296,112.392,139.586,270.508
2004-11-07 22:40:00,52.667,209.933,126.32,413.51,,207.106,90.166,151.887,293.574,96.345,158.9,197.688,177.204,197.064,196.628,113.416,138.344,275.046
2004-11-07 22:45:00,53.367,211.367,126.237,417.923,,205.854,90.494,150.633,293.527,97.769,159.16,195.888,176.216,194.896,198.754,111.744,139.434,274.5
2004-11-07 22:50:00,52.273,209.567,126.623,419.447,,209.136,90.712,152.827,293.406,96.885,160.84,198.18,176.57,194.864,197.994,112.588,138.752,271.234
2004-11-07 22:55:00,53.293,210.167,126.953,419.38,,206.72,90.326,152.533,292.89,98.663,158.78,198.434,178.438,193.844,196.036,111.6,136.63,269.122
2004-11-07 23:00:00,52.82,213.633,125.68,418.066,,206.896,91.616,153.233,293.728,98.64,157.88,199.218,177.278,193.914,195.852,112.388,136.634,271.446
2004-11-07 23:05:00,53.737,211.9,126.777,420.61,,205.85,89.71,154.904,292.109,97.207,158.28,198.006,178.522,194.46,197.862,111.706,138.796,271.7
2004-11-07 23:10:00,53.05,211.8,125.557,415.61,,205.016,90.256,152.433,295.51,96.927,159.5,197.024,176.57,192.162,196.52,110.216,136.886,271.312
2004-11-07 23:15:00,53.003,209.867,127.723,420.483,,206.376,88.94,153.89,293.881,97.919,158.62,196.63,178.136,195.7,195.554,110.512,138.846,272.792
2004-11-07 23:20:00,53.09,213.133,125.89,419.277,,204.156,89.442,152.563,289.634,98.936,159.6,197.762,175.612,194.194,196.488,112.974,139.082,273.47
2004-11-07 23:25:00,53.403,210.867,127.747,419.557,,208.366,88.776,156.19,293.141,97.974,160.14,199.05,177.934,191.602,194.47,111.024,138.944,269.562
2004-11-07 23:30:00,53.507,212.633,126.16,420.2,,207.166,89.6,151.07,293.187,97.15,160.44,194.936,176.712,196.476,195.324,111.594,137.58,271.64
2004-11-07 23:35:00,53.0,213.267,128.243,421.83,,207.792,90.086,157.073,292.85,98.171,159.06,194.604,175.276,195.456,193.61,111.84,139.026,268.626
2004-11-07 23:40:00,54.243,211.933,126.393,422.657,,206.71,88.618,152.347,292.682,96.716,158.44,198.186,174.44,193.318,193.278,111.356,138.23,268.938
2004-11-07 23:45:00,52.45,212.4,126.66,417.687,,205.956,89.672,153.083,290.215,97.533,158.3,196.538,174.466,193.438,195.818,113.138,138.442,267.028
2004-11-07 23:50:00,54.127,210.7,127.083,418.823,,204.15,90.608,147.453,291.93,96.72,158.6,197.316,177.042,193.28,197.274,112.888,137.498,267.378
2004-11-07 23:55:00,53.833,212.6,126.323,422.213,,209.19,89.252,151.887,293.312,97.367,159.14,200.54,176.036,194.476,196.064,112.164,135.592,268.984
2004-11-08 00:00:00,53.793,211.7,129.09,423.363,,206.282,89.878,152.86,295.212,99.327,158.08,198.048,178.078,195.332,197.738,111.972,136.678,265.8
2004-11-08 00:05:00,53.563,215.0,128.043,421.933,,205.246,87.984,154.18,288.913,94.777,159.46,197.197,177.914,192.698,193.882,112.018,134.892,268.236
2004-11-08 00:10:00,53.2,213.767,128.587,422.207,,207.588,90.04,155.253,292.209,97.015,158.24,198.774,179.214,197.306,198.664,112.23,137.81,266.36
2004-11-08 00:15:00,54.693,211.2,128.55,425.237,,209.364,89.476,155.697,293.076,96.578,158.74,197.162,179.47,195.232,195.2,111.59,136.142,267.662
2004-11-08 00:20:00,53.757,213.633,126.687,421.003,,206.07,89.202,153.21,290.948,97.971,159.1,196.342,175.972,196.768,197.186,112.568,137.492,266.416
2004-11-08 00:25:00,53.373,211.133,129.23,423.723,,208.31,88.638,151.847,297.585,97.54,159.64,199.75,177.418,197.194,198.414,112.38,135.012,268.464
2004-11-08 00:30:00,54.637,211.533,127.25,421.157,,206.094,89.194,152.99,294.464,97.339,161.68,200.93,175.586,193.016,197.164,112.214,137.534,268.676
2004-11-08 00:35:00,53.653,212.233,128.247,422.0,,206.518,88.792,155.007,292.761,98.059,157.3,200.02,178.896,194.472,196.396,111.714,137.524,268.23
2004-11-08 00:40:00,54.57,211.6,126.547,421.633,,206.826,89.386,152.973,291.461,98.129,157.12,197.836,178.644,193.868,195.726,113.436,137.594,269.916
2004-11-08 00:45:00,52.497,209.633,127.607,421.533,,203.698,87.948,151.247,292.873,97.229,160.16,198.716,177.272,194.362,196.748,111.784,138.59,267.926
2004-11-08 00:50:00,53.393,211.833,128.08,420.833,,207.5,88.318,152.703,294.983,96.446,160.76,198.1,177.722,195.01,198.308,111.972,137.758,268.884
2004-11-08 00:55:00,55.203,211.333,129.953,424.516,,207.5,89.186,151.053,290.698,97.549,160.2,196.976,178.986,193.468,195.754,113.774,139.798,268.826
2004-11-08 01:00:00,53.55,210.633,127.973,421.083,,207.882,88.302,153.53,290.995,98.606,160.08,197.58,177.542,195.778,196.558,113.534,137.33,269.012
2004-11-08 01:05:00,52.637,212.767,125.657,421.38,,208.126,90.236,154.137,289.775,98.856,159.6,197.952,177.862,194.368,194.918,113.186,136.994,268.62
2004-11-08 01:10:00,53.013,209.4,126.37,419.52,,208.352,89.242,153.7,294.205,97.497,158.34,196.502,175.714,194.622,197.946,112.996,137.896,267.79
2004-11-08 01:15:00,52.607,213.2,126.45,418.656,,207.542,89.236,153.11,295.335,97.384,161.64,199.212,178.554,193.27,195.922,111.95,136.802,270.502
2004-11-08 01:20:00,54.133,210.467,125.977,417.45,,206.482,90.26,153.183,292.938,98.271,161.12,200.394,177.874,194.222,196.84,111.77,138.598,268.462
2004-11-08 01:25:00,52.69,214.1,126.693,419.273,,205.05,88.71,151.913,293.22,99.394,160.66,199.12,178.96,194.128,194.802,112.184,136.37,269.678
2004-11-08 01:30:00,54.093,210.4,127.497,423.91,,208.872,88.45,152.406,290.037,98.908,160.28,200.944,178.132,196.522,197.138,111.412,135.686,268.868
2004-11-08 01:35:00,53.147,212.0,125.323,416.943,,206.144,88.828,154.2,290.64,95.974,158.46,197.726,177.38,194.824,198.198,113.486,136.93,270.88
2004-11-08 01:40:00,53.923,211.567,126.217,419.417,,207.788,88.38,152.723,291.056,99.596,160.08,197.89,177.794,193.178,197.504,111.972,137.476,269.268
2004-11-08 01:45:00,52.03,210.867,125.883,419.303,,207.48,89.454,155.257,290.92,98.496,158.76,196.014,176.088,195.598,198.124,113.056,138.728,268.154
2004-11-08 01:50:00,53.2,210.7,128.247,418.73,,206.532,87.55,152.847,293.115,96.949,157.92,194.196,177.562,194.804,196.84,112.962,139.08,266.76
2004-11-08 01:55:00,53.333,209.5,126.437,418.15,,204.148,88.156,153.513,290.741,96.665,158.08,196.314,175.196,193.156,195.654,110.93,136.75,268.414
2004-11-08 02:00:00,54.457,211.867,127.463,419.977,,206.838,88.81,153.637,288.908,98.788,160.96,196.848,174.68,192.994,195.958,111.45,138.542,269.046
2004-11-08 02:05:00,53.547,210.3,127.147,417.99,,207.384,88.974,154.187,288.363,97.407,159.24,195.55,174.268,193.48,195.798,111.64,137.608,269.914
2004-11-08 02:10:00,52.593,208.767,126.563,418.83,,206.698,87.844,152.873,287.101,96.916,159.54,195.836,177.93,192.254,196.484,111.942,135.946,269.846
2004-11-08 02:15:00,53.513,208.733,128.643,422.01,,207.444,87.504,152.953,287.103,97.096,156.64,198.684,176.754,192.588,195.488,111.5,138.656,269.198
2004-11-08 02:20:00,52.643,209.667,127.727,420.11,,206.756,89.026,153.533,290.354,97.221,158.44,194.016,176.606,193.604,195.378,111.298,136.834,268.93
2004-11-08 02:25:00,54.503,209.8,127.693,416.453,,205.112,87.598,154.017,286.975,97.787,158.88,196.002,176.366,192.808,193.41,110.906,136.854,268.812
2004-11-08 02:30:00,53.907,211.033,126.377,421.747,,208.594,90.006,150.107,289.876,95.929,160.06,196.014,175.396,194.464,193.706,111.54,137.23,270.152
2004-11-08 02:35:00,54.413,210.8,128.133,417.607,,207.376,89.426,152.96,288.573,96.841,159.1,198.208,174.818,191.88,194.172,111.214,136.726,269.628
2004-11-08 02:40:00,54.057,207.9,127.537,419.477,,210.418,88.326,152.243,288.301,97.025,158.82,194.964,175.06,193.752,195.88,111.06,138.344,269.594
2004-11-08 02:45:00,53.22,209.133,127.207,422.097,,209.752,88.904,152.75,290.755,98.603,159.9,194.958,176.768,192.346,196.238,111.562,140.378,269.808
2004-11-08 02:50:00,53.953,208.9,126.593,423.313,,208.474,88.434,153.11,290.382,98.113,160.72,195.4,174.814,191.652,195.576,112.022,137.824,268.962
2004-11-08 02:55:00,53.383,209.033,126.18,421.583,,211.188,88.408,154.54,290.319,97.193,159.92,195.562,177.262,194.596,195.186,111.964,138.76,267.59
2004-11-08 03:00:00,54.717,207.867,129.98,424.997,,211.02,88.56,154.297,290.156,97.815,158.1,196.374,177.114,192.822,194.824,111.828,135.082,265.676
2004-11-08 03:05:00,54.207,211.133,128.52,421.14,,207.634,90.114,151.93,291.276,96.935,159.56,197.71,178.668,192.154,192.308,111.908,137.296,268.344
2004-11-08 03:10:00,53.993,211.967,127.717,424.813,,209.734,87.902,152.923,289.534,96.28,158.8,196.42,177.568,193.358,196.374,110.984,137.122,268.194
2004-11-08 03:15:00,54.797,208.733,127.823,425.92,,210.834,88.49,153.733,287.857,96.54,159.32,196.128,175.438,193.898,192.05,110.754,136.222,265.274
2004-11-08 03:20:00,52.747,206.433,129.47,423.847,,209.432,88.718,153.114,287.994,98.323,157.96,197.396,175.724,192.234,193.57,111.504,136.498,268.64
2004-11-08 03:25:00,53.667,211.0,127.527,428.38,,208.13,89.882,152.12,286.692,98.574,162.26,192.374,174.678,193.408,192.026,111.442,136.524,266.846
2004-11-08 03:30:00,54.04,211.5,128.463,425.81,,207.394,88.15,153.76,286.654,97.661,160.52,192.816,174.834,193.102,194.074,110.88,136.81,267.252
2004-11-08 03:35:00,53.81,209.0,127.287,424.883,,208.346,89.326,152.73,286.784,97.898,159.16,194.132,172.972,192.792,193.872,111.016,137.512,268.406
2004-11-08 03:40:00,53.887,211.667,127.743,425.427,,210.392,87.248,155.373,288.141,98.091,160.02,196.54,173.946,194.616,194.938,111.492,136.76,270.104
2004-11-08 03:45:00,54.933,209.733,131.55,423.367,,207.91,87.874,154.983,285.284,98.06,160.96,196.204,177.976,193.684,195.004,110.688,135.878,266.22
2004-11-08 03:50:00,55.343,212.067,131.007,424.373,,210.226,89.014,154.147,286.757,98.249,157.46,194.734,176.912,189.684,194.732,112.066,135.5,264.596
2004-11-08 03:55:00,53.493,209.6,129.647,426.23,,207.688,88.382,153.88,290.449,96.881,159.44,197.052,176.046,192.888,194.238,111.002,137.23,269.284
2004-11-08 04:00:00,56.18,211.133,129.463,425.703,,207.19,88.042,153.964,291.795,97.475,162.08,194.686,177.56,194.8,198.026,112.712,136.43,267.492
2004-11-08 04:05:00,55.207,208.333,127.683,430.53,,206.938,88.12,153.733,290.592,100.456,159.28,196.474,175.796,192.332,193.088,111.526,136.386,268.472
2004-11-08 04:10:00,55.56,210.933,128.137,430.613,,207.53,89.184,151.917,290.129,96.861,160.32,197.48,175.64,192.316,194.366,112.292,138.056,269.938
2004-11-08 04:15:00,54.527,210.333,129.693,428.487,,210.122,89.726,154.627,291.276,97.885,161.6,197.226,177.302,193.978,195.952,112.548,139.162,270.686
2004-11-08 04:20:00,54.38,211.6,131.197,427.573,,207.454,91.29,155.447,290.914,97.871,159.94,196.698,176.896,194.036,195.06,111.8,140.412,272.572
2004-11-08 04:25:00,55.367,213.067,130.643,431.35,,209.268,92.012,154.577,290.498,97.902,159.98,197.382,175.786,192.99,193.914,112.02,140.864,274.104
2004-11-08 04:30:00,55.497,212.667,131.2,429.417,,205.98,89.638,152.28,289.405,97.744,160.84,199.53,176.464,196.882,196.558,112.644,140.112,272.768
2004-11-08 04:35:00,55.183,216.667,130.56,432.8,,207.324,89.774,154.487,285.985,96.969,161.56,197.676,174.294,194.948,195.144,112.218,140.866,273.578
2004-11-08 04:40:00,55.8,213.9,130.983,430.187,,209.364,91.644,155.673,287.488,100.683,161.32,199.62,177.204,197.374,195.102,112.942,141.946,276.162
2004-11-08 04:45:00,54.46,212.4,132.44,434.33,,209.362,89.55,154.52,288.301,97.941,159.7,194.806,173.916,194.014,195.59,113.356,140.77,275.056
2004-11-08 04:50:00,54.713,216.1,132.56,433.42,,209.71,88.91,156.747,287.652,98.367,161.54,198.194,176.132,194.238,195.96,113.686,137.852,270.95
2004-11-08 04:55:00,54.34,216.7,131.933,431.767,,211.322,89.026,154.293,287.555,99.54,162.54,196.944,175.444,195.23,195.44,112.64,137.038,271.4
2004-11-08 05:00:00,55.377,214.9,129.587,433.223,,210.976,90.038,153.953,287.311,99.823,159.88,198.786,175.314,194.612,195.42,112.824,136.69,268.888
2004-11-08 05:05:00,54.777,215.433,130.073,433.937,,210.94,89.096,155.107,285.675,98.052,158.42,196.732,174.734,194.072,196.938,114.198,137.69,268.124
2004-11-08 05:10:00,55.943,212.833,130.337,435.717,,210.092,89.28,153.473,288.92,99.197,161.34,197.604,176.52,196.626,193.544,114.284,136.99,269.62
2004-11-08 05:15:00,54.72,211.633,132.463,436.75,,211.656,89.57,155.357,287.379,99.0,162.08,198.346,174.84,193.702,195.08,112.634,137.27,268.854
2004-11-08 05:20:00,55.067,215.6,130.553,433.76,,211.614,89.884,155.67,289.405,97.982,159.54,194.864,175.718,196.32,197.558,113.016,137.17,270.106
2004-11-08 05:25:00,55.977,213.1,132.133,435.317,,213.382,90.264,154.75,285.44,99.006,162.18,196.854,176.238,193.328,198.68,113.212,137.808,270.496
2004-11-08 05:30:00,55.69,214.333,130.607,436.76,,211.604,90.328,159.706,284.657,98.397,162.08,196.718,178.326,197.42,194.788,112.756,137.796,268.646
2004-11-08 05:35:00,54.047,212.7,130.497,434.22,,210.74,89.488,156.507,288.442,99.296,161.22,194.736,176.928,196.108,195.298,113.76,137.794,270.358
2004-11-08 05:40:00,54.667,213.433,131.98,436.713,,209.916,89.958,154.18,287.76,98.787,161.78,198.312,174.964,198.57,195.35,115.038,137.982,269.528
2004-11-08 05:45:00,56.24,211.667,131.683,435.156,,213.17,89.912,154.3,290.518,99.129,161.08,197.134,175.664,195.002,199.574,113.736,139.046,269.124
2004-11-08 05:50:00,56.227,216.633,130.767,439.0,,211.372,91.45,155.35,287.749,98.412,162.44,194.878,176.39,196.518,198.102,113.66,138.426,271.02
2004-11-08 05:55:00,55.353,214.133,133.173,440.323,,214.126,88.994,157.23,288.765,99.45,160.08,198.53,176.73,199.36,196.7,114.152,139.636,270.174
2004-11-08 06:00:00,56.557,217.9,131.887,437.777,,211.268,91.978,157.977,290.876,99.688,161.18,197.516,176.822,199.084,199.21,114.002,138.31,272.326
2004-11-08 06:05:00,55.75,216.133,131.783,437.723,,213.562,89.722,157.133,288.044,100.699,160.18,199.136,176.914,197.03,198.952,114.02,137.736,271.974
2004-11-08 06:10:00,56.677,219.4,131.563,436.7,,209.714,91.666,156.547,291.354,98.044,160.36,196.678,178.946,199.696,198.716,113.96,139.488,271.974
2004-11-08 06:15:00,54.83,215.433,131.073,432.887,,211.682,90.52,156.1,293.216,101.488,160.9,198.06,177.124,198.352,200.548,113.516,140.81,276.104
2004-11-08 06:20:00,56.037,214.533,130.683,439.423,,210.352,91.33,157.51,293.104,101.076,162.34,197.66,179.176,197.79,200.984,114.228,142.21,276.702
2004-11-08 06:25:00,54.577,218.3,132.093,437.233,,213.76,91.428,157.457,294.883,99.397,162.76,199.822,175.864,198.434,200.316,114.46,142.56,275.224
2004-11-08 06:30:00,57.06,216.633,131.183,439.157,,212.086,92.342,157.303,294.454,100.659,163.04,200.562,178.222,199.034,200.224,114.656,141.716,278.264
2004-11-08 06:35:00,54.607,217.5,132.157,437.603,,209.872,92.658,156.773,296.207,99.99,164.18,199.992,178.42,198.324,196.722,114.016,142.97,279.62
2004-11-08 06:40:00,56.117,216.067,132.447,439.463,,213.976,92.19,157.597,293.254,98.655,164.5,198.322,174.154,199.822,197.922,115.122,142.14,277.492
2004-11-08 06:45:00,55.63,217.7,132.087,440.046,,213.774,91.236,157.07,295.269,98.02,163.58,198.198,176.35,201.216,199.402,115.22,143.856,279.09
2004-11-08 06:50:00,55.67,217.733,131.257,439.513,,212.75,91.286,157.783,295.461,98.89,164.78,198.516,175.984,200.424,200.936,114.322,142.612,277.298
2004-11-08 06:55:00,56.313,216.367,130.86,438.41,,209.788,92.254,158.587,295.087,99.48,160.96,199.852,177.588,196.58,200.882,115.104,141.164,280.782
2004-11-08 07:00:00,54.947,217.1,132.443,441.23,,213.886,90.36,157.507,294.805,100.915,162.48,198.206,177.506,201.056,199.508,114.938,141.142,277.216
2004-11-08 07:05:00,55.417,217.4,132.2,435.99,,210.754,92.548,155.957,296.717,97.754,162.64,197.858,176.996,198.442,200.296,114.796,142.182,276.954
2004-11-08 07:10:00,55.19,219.133,131.753,441.75,,212.126,92.536,154.277,291.106,101.052,160.08,198.584,177.88,198.888,200.014,115.226,144.482,277.788
2004-11-08 07:15:00,55.387,215.967,131.63,436.76,,212.344,91.786,158.18,294.194,99.284,160.98,198.658,177.246,198.598,200.498,114.674,141.85,279.136
2004-11-08 07:20:00,55.847,218.4,131.187,437.96,,210.848,91.988,155.933,295.55,98.588,162.1,201.002,179.194,198.272,198.864,112.648,142.734,281.042
2004-11-08 07:25:00,55.913,217.267,129.847,437.117,,213.2,92.384,156.177,293.684,99.568,162.04,198.366,178.786,200.756,199.768,113.318,141.182,276.536
2004-11-08 07:30:00,54.007,215.6,130.56,436.777,,210.102,91.522,156.907,293.165,100.342,163.34,197.932,178.36,196.954,199.988,112.532,142.56,281.4
2004-11-08 07:35:00,55.713,216.9,131.01,434.567,,213.096,92.518,155.83,293.008,101.358,163.34,197.054,178.346,197.576,198.682,111.986,141.518,277.834
2004-11-08 07:40:00,55.957,216.5,131.4,441.8,,211.91,92.274,154.89,294.25,98.62,162.28,197.94,176.118,196.438,199.252,112.358,142.346,279.852
2004-11-08 07:45:00,54.653,214.0,130.97,435.99,,211.952,92.512,155.75,296.169,99.586,160.6,199.522,178.744,200.01,201.444,112.146,142.612,278.076
2004-11-08 07:50:00,55.29,217.867,130.503,431.577,,212.196,92.784,157.91,294.374,100.293,161.74,197.748,179.124,199.518,200.248,113.388,142.898,277.346
2004-11-08 07:55:00,55.61,214.667,130.19,435.793,,213.058,92.48,155.823,294.442,99.157,162.18,198.694,177.016,200.198,200.104,111.984,142.662,277.742
2004-11-08 08:00:00,55.553,216.333,131.77,436.087,,208.616,91.504,155.193,296.834,98.002,161.98,198.08,178.56,198.044,198.924,113.144,142.81,280.676
2004-11-08 08:05:00,55.08,215.7,131.417,436.033,,210.502,92.556,154.707,296.055,99.454,162.3,197.588,176.704,199.794,199.458,114.526,143.304,279.118
2004-11-08 08:10:00,55.743,213.933,129.69,437.59,,210.866,92.39,155.97,294.485,98.664,162.6,200.592,178.02,200.532,198.98,114.264,141.956,280.622
2004-11-08 08:15:00,54.253,213.667,131.3,436.26,,213.418,91.786,155.244,293.538,98.384,161.18,199.864,178.268,,201.104,114.6,141.916,278.542
2004-11-08 08:20:00,54.87,214.0,131.177,431.93,,210.646,92.132,157.017,294.384,98.097,159.98,199.368,177.552,,198.834,114.22,142.724,280.192
2004-11-08 08:25:00,54.913,214.233,130.38,436.657,,209.376,91.092,156.967,294.8,98.897,161.52,200.564,178.752,,198.546,112.996,143.402,277.426
2004-11-08 08:30:00,54.707,214.067,130.59,434.447,,208.202,92.316,153.833,294.82,98.223,163.26,197.676,177.752,,201.942,113.32,142.838,278.666
2004-11-08 08:35:00,55.133,214.6,130.547,433.53,,209.56,90.074,155.77,293.166,99.455,162.08,197.918,179.668,,201.672,113.194,142.414,278.18
2004-11-08 08:40:00,54.03,213.733,131.207,431.03,,209.97,92.078,154.87,291.862,97.742,159.42,198.412,176.65,,197.578,112.074,142.08,277.72
2004-11-08 08:45:00,54.78,213.7,130.343,431.363,,209.38,92.324,157.39,289.571,97.437,161.1,199.366,177.092,,198.142,111.98,144.626,278.464
2004-11-08 08:50:00,54.097,212.333,129.12,429.987,,209.568,92.076,155.917,293.187,98.105,159.78,201.166,177.804,,199.914,111.49,142.63,278.272
2004-11-08 08:55:00,55.323,213.5,129.91,429.633,,208.672,91.506,155.13,292.412,99.546,159.34,200.068,176.372,,199.384,112.002,140.128,275.31
2004-11-08 09:00:00,54.82,212.267,128.453,429.61,,208.4,90.656,151.75,292.906,98.594,159.1,199.496,175.942,,197.102,113.164,141.218,275.0
2004-11-08 09:05:00,55.597,214.133,130.267,433.013,,207.878,91.486,155.367,292.838,98.281,159.64,198.238,175.084,,198.254,112.472,140.832,274.864
2004-11-08 09:10:00,55.46,212.833,129.047,429.977,,207.298,91.658,153.3,291.459,97.958,159.44,197.576,175.226,,196.888,113.14,141.114,274.874
2004-11-08 09:15:00,54.24,212.567,128.633,430.447,,207.58,90.358,153.78,287.752,96.667,159.7,197.502,175.302,,198.0,114.176,141.82,273.9
2004-11-08 09:20:00,54.75,216.067,127.123,431.296,,208.37,89.568,153.813,293.23,96.622,161.08,198.25,174.764,,197.112,113.948,139.696,274.692
2004-11-08 09:25:00,55.057,214.1,128.393,432.533,,209.092,90.62,155.703,290.125,98.271,160.16,197.504,176.348,,196.89,113.04,140.356,274.782
2004-11-08 09:30:00,54.727,213.267,129.703,430.163,,209.994,91.524,153.243,289.13,98.043,158.9,195.526,176.45,,199.982,114.382,140.926,275.188
2004-11-08 09:35:00,55.107,213.4,129.623,430.733,,208.388,90.362,153.877,291.146,98.517,158.8,197.438,176.176,,200.55,113.604,139.19,275.622
2004-11-08 09:40:00,54.253,212.433,128.977,429.327,,206.186,90.58,152.663,292.164,97.295,159.84,198.428,178.158,,200.48,112.698,139.934,274.248
2004-11-08 09:45:00,55.157,212.933,126.89,428.447,,210.202,90.18,155.037,291.683,100.009,160.16,199.53,178.994,,200.304,112.714,141.096,272.364
2004-11-08 09:50:00,53.327,212.733,127.68,429.983,,206.408,92.44,152.63,294.332,97.426,159.8,197.872,176.394,,200.514,112.772,139.832,272.91
2004-11-08 09:55:00,55.43,213.5,129.993,432.153,,209.826,90.762,152.447,291.157,98.936,160.7,197.074,177.96,,199.986,112.37,139.986,272.768
2004-11-08 10:00:00,54.26,212.067,130.65,429.29,,208.35,90.072,154.983,292.311,97.662,160.56,196.544,179.126,,197.576,112.268,141.002,273.142
2004-11-08 10:05:00,54.417,212.5,128.417,430.463,,207.204,91.814,154.44,293.024,97.701,161.66,198.856,175.688,,197.398,112.106,139.668,273.072
2004-11-08 10:10:00,54.83,213.433,128.15,428.666,,211.326,90.36,153.473,292.726,98.068,162.78,200.65,177.582,,198.686,112.106,139.306,274.044
2004-11-08 10:15:00,54.41,214.233,128.623,429.467,107.341,209.056,89.878,158.603,291.951,98.867,163.16,199.922,176.138,,200.368,112.776,140.568,276.468
2004-11-08 10:20:00,54.823,214.6,128.897,429.803,,208.032,91.098,155.334,290.722,99.616,161.38,198.38,177.716,,197.066,110.238,139.73,274.908
2004-11-08 10:25:00,54.577,214.1,130.44,431.983,,208.478,88.448,155.643,293.227,98.473,162.22,198.59,176.712,,197.236,112.672,140.748,275.466
2004-11-08 10:30:00,54.373,211.5,130.553,431.56,106.569,208.17,90.698,155.843,292.27,98.596,160.82,200.93,176.73,,197.47,112.238,139.84,273.784
2004-11-08 10:35:00,53.967,215.7,129.59,432.13,,208.192,91.52,157.143,293.554,97.015,159.98,199.872,176.884,,198.236,111.858,140.492,275.172
2004-11-08 10:40:00,53.82,213.233,129.433,431.807,,210.21,90.534,157.06,296.051,100.206,161.24,200.088,178.634,,198.094,112.08,140.37,273.91
2004-11-08 10:45:00,54.12,213.5,131.153,427.897,107.578,210.53,90.884,152.65,292.931,98.836,160.54,199.984,174.988,,198.18,111.218,139.404,274.73
2004-11-08 10:50:00,54.72,213.967,127.083,429.693,,208.73,89.122,153.783,294.481,100.595,162.86,201.266,178.028,,197.894,111.83,140.992,273.674
2004-11-08 10:55:00,53.973,213.3,129.083,432.373,,208.418,91.646,156.38,294.266,99.721,158.48,200.304,175.462,,199.046,113.056,141.892,277.148
2004-11-08 11:00:00,52.68,213.467,127.88,429.377,106.591,210.17,90.818,153.543,293.127,99.183,160.4,197.5,178.454,,199.918,111.744,139.81,273.414
2004-11-08 11:05:00,53.33,213.367,128.61,430.64,,209.562,91.732,154.167,293.861,98.344,161.82,198.524,176.754,,197.312,111.728,140.972,274.032
2004-11-08 11:10:00,54.337,213.1,128.0,430.557,,208.458,89.926,157.02,295.468,99.782,161.64,198.18,177.302,,200.092,113.29,141.416,274.428
2004-11-08 11:15:00,54.107,212.933,129.0,427.84,106.352,209.714,90.626,156.97,292.131,98.07,161.94,195.198,177.606,,197.272,113.486,140.718,274.636
2004-11-08 11:20:00,55.087,212.267,127.6,429.563,,208.94,90.388,153.317,293.801,98.532,160.9,198.516,179.742,,197.572,112.796,141.004,276.422
2004-11-08 11:25:00,55.207,214.233,129.007,430.036,,207.48,91.082,155.863,293.68,99.572,161.62,199.374,174.982,,199.052,113.34,140.542,274.948
2004-11-08 11:30:00,54.973,214.667,127.807,430.153,106.449,208.312,90.316,155.967,292.332,99.764,160.86,198.816,175.94,,198.618,112.018,140.648,275.214
2004-11-08 11:35:00,55.253,214.533,126.647,430.384,,209.716,88.944,152.593,294.266,98.26,160.78,200.174,177.286,,199.67,112.344,142.286,274.278
2004-11-08 11:40:00,54.257,215.133,129.863,429.934,,208.634,91.902,155.54,291.218,98.514,160.9,198.182,178.154,,196.304,112.55,141.748,274.11
2004-11-08 11:45:00,54.083,215.733,128.507,430.943,106.915,208.518,91.124,153.707,295.301,99.14,162.9,196.696,177.234,,197.162,111.462,142.306,274.888
2004-11-08 11:50:00,53.073,212.267,128.98,429.567,,209.564,90.198,156.457,290.652,98.602,159.84,198.394,177.054,,199.362,112.214,142.964,275.682
2004-11-08 11:55:00,54.907,214.333,128.73,427.897,,209.836,89.93,155.893,291.284,98.392,158.0,197.704,176.478,,197.044,111.052,140.588,275.908
2004-11-08 12:00:00,54.403,214.2,131.123,427.783,105.967,207.288,90.562,156.927,292.372,97.67,161.38,198.692,178.15,,197.846,109.934,139.358,272.588
2004-11-08 12:05:00,54.797,214.7,128.35,426.634,,209.55,88.19,155.133,290.826,97.965,161.04,197.334,177.032,,198.014,108.83,139.946,274.912
2004-11-08 12:10:00,55.167,213.333,127.397,425.483,,207.888,90.192,156.777,291.679,97.462,161.48,197.246,176.698,,193.67,109.426,140.672,274.27
2004-11-08 12:15:00,53.237,213.867,128.1,423.216,105.78,207.94,90.214,155.23,292.51,98.744,160.16,198.262,176.824,,191.95,110.474,139.41,273.278
2004-11-08 12:20:00,54.353,213.3,130.207,426.477,,210.71,90.11,154.05,291.931,98.873,161.46,197.956,177.75,,194.176,108.156,140.126,274.288
2004-11-08 12:25:00,54.723,213.633,127.63,425.57,,206.876,89.424,152.987,294.059,99.468,160.3,196.37,177.418,,190.032,108.324,140.148,273.76
2004-11-08 12:30:00,54.07,214.167,127.877,423.637,106.66,209.058,90.156,153.973,291.419,97.434,158.5,197.176,173.752,,193.14,109.22,138.172,272.488
2004-11-08 12:35:00,54.467,213.233,126.993,422.24,,209.86,90.442,156.01,294.823,97.405,161.72,195.974,176.718,,189.976,109.084,140.148,274.556
2004-11-08 12:40:00,53.083,212.267,128.24,424.49,,205.574,90.224,152.083,289.438,99.329,161.34,196.358,176.098,,190.016,109.654,140.612,271.942
2004-11-08 12:45:00,53.193,213.067,127.5,423.917,106.12,209.194,91.922,153.064,292.415,99.148,160.76,198.22,177.546,,187.812,108.702,139.868,275.064
2004-11-08 12:50:00,54.4,215.5,128.207,424.253,,208.96,90.592,154.553,290.045,97.89,160.18,197.1,176.13,,188.226,109.372,139.328,272.248
2004-11-08 12:55:00,54.297,213.6,127.767,422.737,,208.726,91.758,154.637,288.804,98.548,161.34,195.748,175.796,,186.924,109.896,140.362,271.794
2004-11-08 13:00:00,53.737,215.367,128.503,421.173,106.111,206.504,91.258,155.463,289.978,99.215,159.7,194.966,175.18,,188.088,111.15,138.756,273.166
2004-11-08 13:05:00,53.97,212.467,128.657,423.247,,208.664,91.166,154.473,288.827,98.29,162.32,198.118,174.93,,186.79,110.834,138.6,271.972
2004-11-08 13:10:00,54.12,212.8,128.117,424.213,,206.308,90.998,152.933,290.423,97.214,161.74,197.174,174.266,,188.866,110.44,138.932,271.158
2004-11-08 13:15:00,54.92,211.2,127.967,422.847,105.271,207.634,92.09,153.727,286.46,96.719,160.68,196.334,173.224,,187.286,109.913,137.518,272.512
2004-11-08 13:20:00,53.583,213.833,127.0,418.107,,207.714,90.782,152.697,290.311,98.795,160.7,193.816,174.734,,190.63,112.028,137.218,269.872
2004-11-08 13:25:00,54.797,213.433,128.417,422.19,,209.082,90.95,152.857,291.771,98.494,160.68,195.118,175.194,,189.174,110.816,136.372,266.63
2004-11-08 13:30:00,52.237,212.767,128.193,421.967,105.651,203.346,90.312,154.933,288.727,97.988,160.9,193.972,173.594,,189.474,110.87,135.534,268.318
2004-11-08 13:35:00,54.057,212.6,126.617,422.577,,204.546,91.34,153.627,292.343,99.567,160.5,193.054,173.044,,190.116,111.158,135.564,266.172
2004-11-08 13:40:00,53.917,212.067,125.86,421.407,,206.63,89.584,153.32,290.609,98.045,160.42,193.64,173.678,,188.222,111.338,135.932,266.416
2004-11-08 13:45:00,52.927,212.1,127.207,420.53,106.35,207.882,91.762,155.197,288.764,97.936,161.5,192.91,172.794,,189.456,110.934,136.066,266.596
2004-11-08 13:50:00,53.147,212.033,128.963,421.703,,206.988,90.938,152.743,288.244,98.197,162.12,191.382,174.152,,191.392,112.346,135.572,266.444
2004-11-08 13:55:00,53.263,212.4,128.023,420.96,,204.794,90.5,154.054,288.291,97.326,161.46,192.034,175.558,,191.134,112.964,135.826,265.664
2004-11-08 14:00:00,53.613,213.2,126.817,422.433,106.625,205.616,90.126,153.757,288.356,100.423,160.7,191.69,174.286,,193.066,112.134,136.428,266.884
2004-11-08 14:05:00,54.52,213.067,126.737,424.324,,206.308,90.88,152.907,286.991,98.991,162.16,192.206,174.27,,193.09,112.624,134.262,265.954
2004-11-08 14:10:00,54.243,212.8,127.827,422.16,,207.456,90.256,157.05,282.268,98.463,159.54,189.952,172.776,,189.15,112.032,133.088,265.158
2004-11-08 14:15:00,55.013,212.2,129.09,417.457,105.442,206.168,89.716,155.56,283.52,98.936,161.4,192.98,173.112,,194.86,111.03,134.254,264.062
2004-11-08 14:20:00,54.377,211.433,127.137,421.63,,203.528,89.8,153.17,284.399,97.749,161.22,193.622,174.232,,194.754,112.856,133.638,262.968
2004-11-08 14:25:00,53.11,212.9,127.78,415.873,,206.782,89.114,152.287,284.85,97.711,160.9,194.964,173.768,,194.23,112.448,133.44,260.724
2004-11-08 14:30:00,54.5,212.533,125.753,416.163,104.876,205.114,89.468,155.333,288.127,98.905,157.9,194.364,176.324,,190.6,112.46,133.11,262.198
2004-11-08 14:35:00,53.137,212.733,125.683,417.29,,203.958,90.52,154.267,283.665,97.131,160.48,193.852,173.89,,192.396,111.668,133.616,262.172
2004-11-08 14:40:00,54.177,212.4,127.867,415.783,,207.424,89.324,152.287,285.256,97.702,160.02,195.1,176.464,,196.678,111.506,132.814,261.174
2004-11-08 14:45:00,53.873,213.033,126.477,414.293,105.665,204.964,88.828,152.703,284.531,98.305,159.44,192.274,175.578,,195.156,111.972,132.726,261.502
2004-11-08 14:50:00,54.353,212.633,127.42,416.9,,202.6,90.998,155.393,287.725,98.134,159.7,195.0,175.064,,196.098,111.71,132.018,258.516
2004-11-08 14:55:00,54.033,213.867,127.587,416.067,,205.062,89.422,153.117,286.925,98.416,159.64,193.698,175.854,,194.174,111.202,131.444,258.448
2004-11-08 15:00:00,54.54,211.7,127.75,416.823,104.474,204.614,90.626,149.4,285.969,97.406,162.06,195.542,174.206,,196.93,111.816,132.096,259.506
2004-11-08 15:05:00,53.953,211.2,126.117,415.097,,202.622,88.536,153.277,287.441,97.905,160.6,193.956,176.444,,197.698,112.034,132.494,259.9
2004-11-08 15:10:00,54.457,213.633,125.98,413.313,,203.804,89.892,152.263,286.979,95.929,161.94,194.48,175.92,,195.17,112.53,132.17,259.186
2004-11-08 15:15:00,54.717,211.167,126.367,414.527,105.122,202.61,90.128,152.837,287.869,100.748,158.96,194.64,174.846,,196.8,112.72,132.39,259.79
2004-11-08 15:20:00,52.897,211.567,127.503,415.13,,204.552,89.936,153.64,288.383,98.681,160.28,195.054,175.372,,196.414,111.944,133.848,259.984
2004-11-08 15:25:00,54.37,211.033,126.22,415.28,,202.378,90.694,150.446,287.033,99.161,157.7,195.072,174.476,,194.762,112.458,131.924,261.786
2004-11-08 15:30:00,54.057,214.667,127.707,416.053,105.051,204.308,90.68,153.364,287.897,97.211,160.8,194.152,174.842,,196.108,111.906,134.148,261.082
2004-11-08 15:35:00,54.023,213.5,125.33,414.02,,204.464,88.192,151.75,288.686,98.675,159.48,197.692,177.418,,198.122,112.398,133.944,262.88
2004-11-08 15:40:00,54.093,215.2,124.443,414.017,,203.336,91.214,150.92,289.086,99.701,159.1,195.502,175.1,,196.864,112.6,131.73,261.356
2004-11-08 15:45:00,53.81,213.1,128.377,412.163,104.672,203.592,90.268,154.124,290.122,99.17,158.56,197.718,178.072,,199.264,113.394,131.948,262.086
2004-11-08 15:50:00,52.703,213.867,126.96,414.673,,205.744,92.644,150.193,290.172,99.082,159.92,199.254,175.696,,197.602,113.486,133.12,262.526
2004-11-08 15:55:00,52.903,213.267,126.313,415.907,,201.482,90.246,151.563,293.223,97.258,158.56,196.626,177.552,,197.242,112.608,134.16,261.926
2004-11-08 16:00:00,54.02,212.633,126.49,411.8,103.923,204.226,90.168,152.977,292.927,98.436,161.86,198.19,177.152,,197.93,114.16,134.258,264.2
2004-11-08 16:05:00,52.987,213.533,126.253,412.217,,200.886,91.304,151.35,292.746,96.807,158.02,199.042,177.394,,199.454,113.116,132.71,261.472
2004-11-08 16:10:00,54.18,210.1,126.933,413.717,,202.806,88.938,149.683,291.35,97.33,160.16,197.468,176.146,,196.582,112.588,133.286,262.684
2004-11-08 16:15:00,52.923,212.1,125.63,407.197,104.446,203.13,90.404,152.863,289.297,98.36,160.32,196.616,178.22,,196.624,114.196,133.888,259.988
2004-11-08 16:20:00,52.143,212.4,125.573,410.777,,202.458,90.918,149.523,291.003,96.894,158.56,198.13,176.492,,202.084,114.39,133.51,262.096
2004-11-08 16:25:00,53.5,214.3,126.357,408.253,,203.746,90.038,151.353,292.369,97.859,162.2,197.32,176.018,,197.034,112.116,132.212,263.84
2004-11-08 16:30:00,53.96,211.933,127.71,408.207,103.639,201.98,89.688,151.87,291.761,96.567,163.48,199.512,177.606,,201.196,112.664,133.77,263.414
2004-11-08 16:35:00,53.567,212.5,126.343,410.373,,201.486,89.316,153.187,293.092,98.387,159.72,196.898,178.434,,198.534,113.054,134.212,264.07
2004-11-08 16:40:00,53.067,212.433,126.487,413.54,,205.56,89.892,151.493,294.207,98.774,161.08,197.836,179.068,,198.176,113.27,133.334,263.64
2004-11-08 16:45:00,53.127,210.1,127.94,409.83,105.034,205.818,90.146,153.757,294.732,97.837,160.06,198.542,178.966,,198.416,114.066,134.806,264.164
2004-11-08 16:50:00,52.71,212.567,127.9,412.883,,203.3,88.822,153.363,294.715,97.582,160.66,197.934,179.586,,199.568,114.228,135.892,266.07
2004-11-08 16:55:00,53.713,214.5,126.187,416.84,,205.176,89.056,154.19,290.975,99.144,158.0,196.944,176.972,,199.216,113.498,135.434,266.808
2004-11-08 17:00:00,52.54,209.833,125.913,416.46,105.626,203.384,90.036,154.42,291.417,97.922,161.38,198.158,179.126,,199.246,112.5,136.36,268.484
2004-11-08 17:05:00,53.807,211.3,125.083,417.937,,204.45,90.11,153.4,293.042,98.471,161.12,198.836,180.202,,199.386,113.026,137.576,266.124
2004-11-08 17:10:00,54.537,211.1,125.893,415.994,,206.182,89.636,152.1,292.977,99.23,161.58,197.876,179.38,,198.146,113.144,138.908,270.222
2004-11-08 17:15:00,54.567,213.467,127.463,414.75,105.779,206.928,90.642,153.177,293.355,98.114,159.18,200.314,178.172,,197.88,112.954,138.248,269.512
2004-11-08 17:20:00,54.493,211.9,127.3,412.903,,209.002,91.068,154.353,294.966,98.876,158.74,200.564,178.348,,198.214,113.498,138.488,269.392
2004-11-08 17:25:00,54.147,211.467,127.027,414.73,,202.716,89.974,151.393,295.098,97.786,160.14,200.214,178.15,,200.254,114.12,137.49,272.556
2004-11-08 17:30:00,54.0,210.467,127.643,415.14,105.668,205.546,88.438,154.643,293.585,97.169,159.34,198.014,177.796,,198.46,113.346,138.338,272.04
2004-11-08 17:35:00,53.48,211.133,125.643,415.997,,207.132,90.724,153.697,299.602,98.352,160.42,197.652,179.252,,197.984,113.55,137.576,271.894
2004-11-08 17:40:00,52.54,209.867,126.083,416.933,,205.34,89.734,151.797,293.206,99.422,162.42,198.02,178.816,,196.468,111.936,139.186,271.04
2004-11-08 17:45:00,54.673,209.067,127.943,415.27,105.546,204.208,90.954,152.457,291.135,97.557,159.72,199.65,178.646,,198.66,113.946,138.796,271.682
2004-11-08 17:50:00,52.523,209.833,125.527,415.1,,205.432,89.78,152.123,292.484,97.152,160.2,199.218,177.828,,194.884,112.656,138.69,272.928
2004-11-08 17:55:00,52.937,211.3,126.173,416.49,,203.904,87.816,153.343,290.725,97.739,160.28,199.57,179.128,,197.504,112.256,139.768,273.17
2004-11-08 18:00:00,54.007,213.867,124.933,419.783,105.639,206.36,90.104,154.847,290.001,99.593,161.58,197.256,178.56,,198.45,112.504,139.514,271.396
2004-11-08 18:05:00,53.1,210.867,126.64,416.17,,202.114,90.188,154.95,291.12,99.141,160.2,196.662,179.356,,200.948,113.814,138.266,271.926
2004-11-08 18:10:00,53.657,210.233,126.583,415.7,,205.614,90.15,151.853,293.535,99.584,161.76,199.256,179.594,,198.924,112.416,139.074,271.796
2004-11-08 18:15:00,54.26,212.5,124.607,414.56,105.602,204.45,90.864,154.7,296.289,99.151,160.46,198.246,176.578,,196.674,112.72,140.006,271.55
2004-11-08 18:20:00,52.943,208.367,127.387,418.294,,206.396,89.414,153.65,292.434,99.406,161.16,199.702,176.538,,195.384,114.422,139.408,272.83
2004-11-08 18:25:00,53.797,213.667,126.72,419.54,,203.852,90.398,154.35,291.532,98.077,158.66,199.078,179.606,,196.776,112.976,140.868,273.904
2004-11-08 18:30:00,53.79,211.033,126.82,416.787,106.028,206.374,89.792,152.787,292.205,98.741,159.68,199.364,177.89,,196.448,113.136,139.27,270.038
2004-11-08 18:35:00,53.683,214.3,126.183,416.82,,204.962,88.778,152.743,293.055,97.597,161.68,198.436,177.62,,197.594,114.066,137.77,273.092
2004-11-08 18:40:00,53.23,211.667,127.283,415.28,,206.558,89.596,153.067,293.99,98.79,161.42,197.06,177.546,,196.922,112.394,138.394,272.656
2004-11-08 18:45:00,53.863,211.067,127.553,421.817,106.32,208.134,89.946,152.987,293.12,99.166,161.7,196.798,178.444,,197.858,112.86,138.89,270.298
2004-11-08 18:50:00,53.513,211.5,126.623,417.15,,207.73,88.746,154.443,290.126,96.961,161.44,199.002,177.176,,198.734,112.906,139.304,271.664
2004-11-08 18:55:00,53.653,213.6,126.683,417.957,,206.622,89.868,152.443,293.92,99.448,160.34,200.326,178.598,,195.718,113.068,140.01,270.59
2004-11-08 19:00:00,54.677,212.833,127.433,419.993,105.125,209.198,89.422,152.217,292.464,100.746,159.86,200.908,179.454,,198.694,111.754,141.312,271.07
2004-11-08 19:05:00,53.737,212.4,129.387,415.17,,207.414,89.974,152.6,291.124,98.133,160.86,199.818,176.146,,197.044,111.684,138.846,273.878
2004-11-08 19:10:00,53.443,210.767,124.3,419.63,,206.17,88.914,154.007,293.208,99.169,160.5,200.982,179.15,,198.85,112.84,137.922,272.022
2004-11-08 19:15:00,52.197,211.433,127.77,417.947,105.786,206.762,90.316,153.997,294.095,98.534,162.64,198.26,179.466,,196.754,112.954,140.384,272.774
2004-11-08 19:20:00,52.747,210.333,126.79,419.25,,206.244,90.28,155.963,290.486,98.656,162.24,199.64,181.05,,199.426,111.908,138.982,270.24
2004-11-08 19:25:00,53.083,212.667,124.817,417.687,,208.892,89.368,153.063,292.474,98.167,161.88,199.568,180.004,,199.61,111.636,138.93,269.762
2004-11-08 19:30:00,53.793,211.267,126.32,417.07,106.192,206.44,87.954,154.023,292.65,97.749,161.62,200.32,180.042,,198.018,113.73,140.146,273.248
2004-11-08 19:35:00,55.177,211.467,128.317,414.573,,206.826,88.422,154.593,292.145,99.808,160.6,198.874,181.074,,199.958,113.484,139.428,272.498
2004-11-08 19:40:00,53.87,214.333,127.54,420.37,,206.854,89.526,154.033,290.936,97.756,161.28,201.2,180.432,,196.99,112.062,140.704,270.962
2004-11-08 19:45:00,53.697,212.6,126.813,414.63,106.53,206.796,89.356,151.88,294.048,98.485,161.32,200.472,179.94,,198.384,112.978,138.548,271.14
2004-11-08 19:50:00,53.6,212.3,126.307,417.684,,208.74,90.078,153.357,291.83,98.095,161.66,199.068,179.81,,198.35,112.632,139.63,271.154
2004-11-08 19:55:00,54.4,212.767,126.483,417.137,,206.796,89.794,155.753,291.783,100.11,162.0,199.56,182.29,,197.418,112.718,136.942,272.79
2004-11-08 20:00:00,53.547,212.133,127.623,419.363,105.894,209.096,90.358,154.713,292.173,98.911,164.84,199.736,181.914,,198.908,113.258,139.226,272.752
2004-11-08 20:05:00,53.663,212.1,128.0,417.827,,206.178,89.326,153.73,294.629,98.602,162.44,198.05,181.1,,197.172,111.998,137.288,272.312
2004-11-08 20:10:00,53.23,212.533,127.687,422.597,,208.874,90.43,154.81,290.176,99.104,160.16,198.678,181.888,,195.984,111.114,139.242,269.832
2004-11-08 20:15:00,54.22,213.967,127.787,419.64,106.593,207.294,89.61,153.397,291.574,98.447,162.6,199.482,179.92,,198.488,112.678,138.172,272.326
2004-11-08 20:20:00,53.873,211.2,127.003,418.983,,209.478,89.188,153.05,290.745,98.366,160.88,198.056,180.706,,196.082,112.83,139.19,269.474
2004-11-08 20:25:00,54.513,212.7,126.087,419.757,,207.414,89.022,153.86,293.152,98.588,161.92,197.294,180.87,,196.42,113.062,139.74,272.366
2004-11-08 20:30:00,52.847,215.2,128.363,421.007,105.879,207.854,89.736,154.947,293.022,98.532,162.64,198.298,181.146,,195.498,113.952,139.766,272.342
2004-11-08 20:35:00,55.15,213.333,127.143,419.053,,208.192,89.866,155.52,290.177,98.787,162.18,198.708,180.628,,197.662,113.502,139.504,272.202
2004-11-08 20:40:00,53.783,213.167,127.767,419.647,,208.352,89.82,153.867,291.852,98.807,159.72,199.088,180.116,,196.718,113.184,139.656,270.756
2004-11-08 20:45:00,53.713,210.833,128.803,421.57,106.015,206.342,90.044,156.18,289.542,97.903,160.24,198.584,178.83,,195.29,112.12,139.114,272.038
2004-11-08 20:50:00,55.127,213.533,127.873,420.3,,208.926,88.374,155.63,291.495,97.571,161.74,197.966,180.656,,196.308,113.632,137.742,269.936
2004-11-08 20:55:00,53.037,215.433,128.187,416.74,,208.978,89.17,155.863,295.852,98.579,161.78,196.81,178.52,,197.618,112.71,136.508,270.922
2004-11-08 21:00:00,55.537,212.267,128.293,419.963,105.579,210.074,89.576,154.503,294.225,99.613,161.52,197.706,180.312,,195.756,113.038,138.934,270.666
2004-11-08 21:05:00,54.61,212.733,129.77,420.01,,209.058,90.942,154.837,293.608,99.605,160.94,197.478,180.186,,194.762,113.712,140.324,272.854
2004-11-08 21:10:00,54.153,212.967,126.84,417.933,,207.584,90.808,154.42,292.795,99.212,159.58,198.304,180.002,,196.362,113.528,138.592,272.794
2004-11-08 21:15:00,53.303,213.9,127.473,417.24,106.283,208.088,88.682,153.037,291.819,97.889,162.0,197.652,180.96,,195.422,112.6,139.644,272.064
2004-11-08 21:20:00,54.967,211.4,129.17,418.21,,208.83,89.858,151.79,293.51,98.266,158.7,196.026,179.488,,197.964,113.71,139.042,269.528
2004-11-08 21:25:00,53.233,212.333,128.79,419.1,,205.748,90.226,154.433,293.51,98.854,163.06,196.782,180.434,,195.004,113.412,139.34,270.75
2004-11-08 21:30:00,55.703,214.6,127.873,418.636,105.765,207.438,91.31,153.51,293.185,96.149,160.94,199.314,178.946,,195.936,113.07,139.588,270.652
2004-11-08 21:35:00,53.747,211.067,128.047,415.107,,207.802,89.37,151.93,289.363,96.377,162.0,196.202,180.01,,195.808,113.696,140.138,270.526
2004-11-08 21:40:00,53.02,211.833,126.987,418.053,,206.412,91.74,152.303,291.249,97.743,160.54,198.158,178.874,,195.006,113.51,139.748,272.478
2004-11-08 21:45:00,54.617,212.7,127.273,419.063,105.895,206.74,90.254,153.71,291.964,98.326,159.32,197.714,178.396,,196.526,112.924,139.428,272.844
2004-11-08 21:50:00,52.657,211.433,128.023,420.61,,207.056,88.918,155.613,291.313,97.778,161.22,195.3,177.712,,194.616,113.714,138.282,270.022
2004-11-08 21:55:00,54.67,213.633,127.25,414.28,,207.144,90.026,155.94,290.663,96.566,162.18,196.082,178.042,,197.806,112.524,138.436,272.862
2004-11-08 22:00:00,53.95,213.733,128.583,420.56,106.177,204.716,90.038,153.91,292.665,99.635,161.6,198.092,178.04,,197.246,113.028,139.456,273.608
2004-11-08 22:05:00,53.63,211.133,126.983,416.833,,206.14,91.208,152.87,292.144,99.033,159.98,197.652,175.67,,196.0,111.77,137.994,271.972
2004-11-08 22:10:00,54.097,210.4,128.757,414.323,,208.418,90.17,155.126,290.826,98.289,160.92,197.744,178.528,,194.648,113.628,138.558,273.02
2004-11-08 22:15:00,53.653,211.4,125.237,418.343,106.69,205.11,89.568,154.057,293.848,98.366,159.5,197.004,178.916,,194.51,113.26,138.966,273.718
2004-11-08 22:20:00,53.643,210.5,128.053,413.57,,210.638,90.816,156.727,292.874,98.589,160.48,197.256,177.922,,196.112,113.986,137.986,272.178
2004-11-08 22:25:00,54.687,214.633,128.32,415.033,,206.846,90.132,152.81,290.791,98.295,159.44,198.178,176.728,,197.014,113.28,139.87,275.086
2004-11-08 22:30:00,53.633,212.433,128.477,416.03,105.367,208.902,89.36,151.913,289.428,98.572,161.12,198.724,176.758,,195.818,112.892,139.202,272.246
2004-11-08 22:35:00,53.877,209.2,125.55,413.543,,207.24,88.72,155.307,291.811,97.159,160.26,196.31,173.304,,197.328,113.16,138.902,271.268
2004-11-08 22:40:00,53.26,212.2,129.123,417.813,,208.712,89.92,156.303,291.227,98.872,159.1,195.848,176.808,,196.996,113.222,139.754,272.732
2004-11-08 22:45:00,54.42,211.633,127.917,412.41,105.892,207.32,89.65,155.493,293.174,99.807,160.28,197.706,179.206,,196.162,111.864,139.076,271.772
2004-11-08 22:50:00,53.797,210.167,130.093,411.497,,207.542,90.756,153.99,293.705,97.235,161.0,195.152,178.852,,197.334,112.578,140.116,273.29
2004-11-08 22:55:00,53.923,211.767,126.6,413.293,,207.336,90.92,151.73,292.28,98.146,161.9,197.412,180.072,,197.72,113.562,138.622,275.78
2004-11-08 23:00:00,53.313,212.933,128.073,412.373,106.064,210.158,88.702,154.537,292.57,99.292,161.24,195.72,178.438,,197.994,112.508,141.174,272.57
2004-11-08 23:05:00,53.717,212.067,129.077,413.147,,208.996,91.53,155.753,292.928,98.467,160.94,195.89,177.508,,195.898,113.226,138.772,273.788
2004-11-08 23:10:00,54.18,213.4,128.803,416.773,,208.388,90.222,154.427,292.214,99.482,162.0,197.316,177.764,,197.176,112.39,139.006,275.542
2004-11-08 23:15:00,53.99,212.4,128.167,415.264,106.306,208.726,90.26,153.187,293.056,99.028,159.64,196.682,175.378,,196.702,112.052,137.976,272.102
2004-11-08 23:20:00,54.14,212.533,128.0,414.11,,207.934,89.178,152.927,290.593,98.661,162.4,197.244,177.954,,197.53,113.36,139.716,272.27
2004-11-08 23:25:00,52.943,213.067,126.78,412.87,,211.21,89.988,155.07,294.591,97.621,159.52,195.616,177.176,,196.036,111.968,137.632,271.326
2004-11-08 23:30:00,55.163,213.867,127.78,413.41,106.617,207.676,91.724,153.967,292.486,96.205,162.12,195.756,178.334,,197.374,112.92,137.546,271.232
2004-11-08 23:35:00,53.887,213.933,129.163,415.137,,210.716,89.648,152.86,292.5,98.628,161.38,197.212,178.782,,195.032,113.07,139.788,270.478
2004-11-08 23:40:00,54.6,210.2,127.707,413.367,,209.396,90.512,153.763,292.953,99.973,160.84,195.354,177.61,,197.104,113.48,140.298,272.166
2004-11-08 23:45:00,53.797,214.3,129.33,414.653,106.097,210.336,89.17,153.67,293.147,99.739,161.58,197.556,176.056,,197.072,112.828,139.588,269.1
2004-11-08 23:50:00,54.98,213.1,128.253,409.803,,206.518,90.486,155.72,292.324,100.072,160.44,195.58,176.374,,196.04,112.748,139.466,272.376
2004-11-08 23:55:00,53.787,213.667,127.347,415.547,,209.094,90.222,152.063,294.04,97.384,160.7,198.198,177.548,,196.94,112.324,138.708,271.772
2004-11-09 00:00:00,53.713,210.5,128.88,414.23,105.772,207.7,88.814,154.513,291.516,98.949,160.76,196.586,177.298,,196.836,111.648,139.482,271.704
2004-11-09 00:05:00,53.87,213.367,127.427,413.587,,208.856,91.176,156.877,290.932,100.366,161.66,197.744,176.92,,198.274,112.6,137.934,271.814
2004-11-09 00:10:00,53.843,210.567,128.64,410.713,,209.76,89.916,151.847,291.03,97.306,162.16,197.838,178.682,,197.308,113.574,140.16,272.01
2004-11-09 00:15:00,55.82,213.067,128.967,413.577,107.002,206.252,91.78,154.22,293.413,100.114,163.44,197.216,176.298,,195.628,112.326,140.25,271.606
2004-11-09 00:20:00,54.38,213.7,126.617,415.25,,206.926,90.116,153.363,293.037,98.859,159.94,196.628,175.712,,195.936,113.93,139.594,274.2
