ATHN    MXCO    ROME    LMKS    DRBS    MOSC    NEWK    KIEL    CALG    OULU    APTY    FSMT    INVK    NAIN    PWNK    THUL    SOPB    SOPO
2004-11-07 13:25:00; 54.440;218.367;131.650;431.593;   null;215.450; 95.918;159.686;308.561;103.918;169.000;208.312;187.096;206.492;207.346;120.092;151.448;292.796
2004-11-07 13:30:00; 55.273;217.233;130.543;432.933;   null;217.730; 94.078;163.680;308.751;104.046;167.440;210.436;188.050;206.720;208.622;118.186;152.666;296.062
2004-11-07 13:35:00; 53.563;218.133;129.713;439.013;   null;220.230; 94.020;160.840;308.190;102.455;169.960;210.474;186.208;205.244;208.372;119.714;152.420;292.344
2004-11-07 13:40:00; 55.123;218.600;129.660;435.557;   null;217.582; 95.022;161.813;307.054;102.049;169.540;209.080;185.208;206.294;207.674;117.608;151.592;293.102
2004-11-07 13:45:00; 54.397;218.067;129.477;434.320;   null;221.254; 95.294;160.517;310.909;103.594;171.240;207.156;185.542;205.360;205.500;118.214;151.304;295.230
2004-11-07 13:50:00; 55.507;218.300;128.053;433.997;   null;219.684; 94.638;162.290;307.932;103.353;167.900;208.800;186.572;206.758;209.830;119.734;150.738;297.038
2004-11-07 13:55:00; 54.633;218.000;130.410;434.850;   null;218.506; 94.008;158.940;310.454;102.612;169.980;207.178;185.286;206.016;206.338;118.616;153.678;294.040
2004-11-07 14:00:00; 54.603;219.700;129.673;434.383;   null;219.300; 94.660;164.163;308.246;105.355;169.000;207.990;185.078;204.738;207.340;118.308;151.768;292.536
2004-11-07 14:05:00; 53.190;218.833;129.037;432.563;   null;217.818; 92.890;162.820;311.382;103.362;169.680;207.980;185.846;208.064;209.120;118.450;152.092;295.088
2004-11-07 14:10:00; 56.240;218.133;129.233;435.513;   null;219.280; 95.636;162.080;311.732;103.912;168.660;207.198;185.498;205.082;207.556;119.748;152.038;294.080
2004-11-07 14:15:00; 54.870;217.633;130.960;437.147;   null;219.698; 94.252;163.683;308.035;103.942;169.740;209.342;185.264;207.290;208.970;119.442;152.532;293.518
2004-11-07 14:20:00; 54.873;216.333;130.713;436.043;   null;220.400; 92.682;161.900;307.825;103.078;169.760;208.598;185.232;208.206;206.902;119.144;151.646;294.232
2004-11-07 14:25:00; 54.280;216.800;129.210;434.403;   null;219.508; 94.636;160.593;308.161;103.026;167.660;207.442;186.242;207.210;208.326;117.968;151.504;295.272
2004-11-07 14:30:00; 54.023;216.967;131.577;435.693;   null;221.114; 94.652;162.740;310.910;103.589;168.940;206.866;184.296;208.822;207.712;118.320;152.508;296.384
2004-11-07 14:35:00; 54.683;216.833;130.637;437.950;   null;219.074; 95.302;160.823;312.729;103.635;168.360;208.436;187.256;209.048;207.398;117.686;150.734;292.254
2004-11-07 14:40:00; 54.543;219.700;130.940;438.353;   null;221.720; 94.348;161.390;308.075;103.419;169.980;207.516;188.746;207.016;211.222;117.006;151.922;294.366
2004-11-07 14:45:00; 55.370;218.567;129.960;436.807;   null;218.480; 94.432;160.193;307.201;103.216;167.860;207.910;185.730;207.616;208.458;117.952;153.166;293.814
2004-11-07 14:50:00; 54.903;217.667;130.463;436.070;   null;221.864; 95.020;161.990;307.832;104.393;169.420;208.604;186.286;207.038;208.402;117.030;151.810;293.440
2004-11-07 14:55:00; 54.643;217.000;127.957;437.266;   null;218.214; 95.506;162.593;308.076;104.644;169.140;210.436;187.454;207.050;206.950;118.618;151.306;295.760
2004-11-07 15:00:00; 54.740;219.467;130.573;436.187;   null;219.748; 95.110;163.077;307.167;103.228;168.960;207.806;188.432;207.202;208.150;117.618;151.138;289.590
2004-11-07 15:05:00; 54.447;215.867;129.913;434.437;   null;218.974; 94.428;161.047;305.789;103.315;167.920;207.006;184.518;206.264;207.596;117.952;152.260;294.874
2004-11-07 15:10:00; 55.503;214.933;128.213;438.980;   null;219.876; 95.120;162.430;309.915;103.150;167.440;209.102;184.314;207.240;207.420;117.342;150.726;292.650
2004-11-07 15:15:00; 54.523;218.200;127.620;433.660;   null;218.724; 94.528;159.896;307.137;102.230;169.740;208.458;187.016;208.592;208.882;119.014;152.854;292.336
2004-11-07 15:20:00; 54.253;220.067;128.860;439.030;   null;216.580; 95.816;160.963;309.442;103.371;169.820;205.022;186.072;207.266;208.662;118.162;151.464;295.340
2004-11-07 15:25:00; 55.753;217.367;129.267;437.870;   null;218.114; 95.766;158.523;310.666;103.666;167.600;207.990;185.834;204.918;209.166;118.598;151.356;295.036
2004-11-07 15:30:00; 54.730;217.233;129.960;438.110;   null;219.856; 93.964;160.573;310.788;103.619;169.580;210.104;185.930;208.632;207.744;117.398;150.766;292.822
2004-11-07 15:35:00; 54.350;221.067;130.723;436.010;   null;217.350; 94.050;161.117;310.737;103.969;169.460;207.882;185.644;203.920;207.818;117.096;153.086;296.538
2004-11-07 15:40:00; 54.087;217.367;129.443;438.394;   null;219.298; 94.296;162.126;306.249;102.137;170.240;206.452;184.208;205.708;208.816;118.110;152.128;294.908
2004-11-07 15:45:00; 54.640;219.333;130.120;438.813;   null;219.122; 95.870;160.927;310.945;102.737;167.960;209.854;185.232;208.828;207.500;117.638;151.062;291.378
2004-11-07 15:50:00; 54.263;218.100;130.133;436.757;   null;218.122; 95.060;161.050;307.771;103.565;166.760;208.064;186.664;203.986;206.892;117.716;151.414;293.958
2004-11-07 15:55:00; 55.543;218.367;131.643;438.593;   null;219.010; 93.366;160.543;310.422;103.189;167.440;209.224;185.162;209.064;206.136;118.282;151.242;294.160
2004-11-07 16:00:00; 54.417;220.667;130.737;441.227;   null;214.710; 94.496;161.927;308.468;106.015;170.040;209.612;185.652;205.548;206.908;117.260;152.204;294.428
2004-11-07 16:05:00; 54.940;220.200;129.317;439.003;   null;218.298; 95.192;162.443;306.181;101.544;168.760;208.368;186.614;203.350;207.038;116.040;151.300;295.370
2004-11-07 16:10:00; 53.813;218.700;133.433;438.014;   null;218.500; 95.194;164.327;311.574;102.645;168.680;211.294;185.420;206.258;207.902;117.536;151.434;293.004
2004-11-07 16:15:00; 55.110;217.600;130.383;437.210;   null;216.918; 94.700;163.350;306.139;103.437;167.140;209.832;184.906;205.474;206.874;117.862;150.218;294.038
2004-11-07 16:20:00; 54.307;221.200;130.320;438.817;   null;219.054; 92.664;162.053;311.416;103.452;167.780;210.612;185.132;206.458;208.704;119.316;149.814;295.656
2004-11-07 16:25:00; 55.797;215.667;128.707;436.883;   null;218.922; 94.660;163.360;306.221;103.460;166.580;207.582;185.554;204.342;207.990;118.226;150.338;294.804
2004-11-07 16:30:00; 56.260;216.333;129.410;438.803;   null;218.020; 95.992;162.440;310.579;102.574;169.800;208.246;186.888;205.890;206.550;118.510;151.398;291.458
2004-11-07 16:35:00; 54.117;218.000;130.067;441.043;   null;217.206; 93.548;162.140;314.219;103.628;167.420;207.054;187.498;206.740;206.128;118.688;151.258;294.692
2004-11-07 16:40:00; 54.797;218.133;133.027;438.587;   null;218.398; 93.838;160.717;309.446;103.667;169.920;208.006;188.896;207.564;208.092;118.032;151.814;294.568
2004-11-07 16:45:00; 55.913;218.667;131.037;441.533;   null;216.638; 94.684;160.336;313.208;103.002;168.640;207.788;186.116;205.328;208.740;118.190;150.326;293.854
2004-11-07 16:50:00; 56.350;217.933;129.307;442.163;   null;218.670; 95.352;161.630;309.482;103.631;167.740;209.604;185.128;205.442;207.496;118.518;150.368;292.550
2004-11-07 16:55:00; 54.967;220.100;131.570;440.767;   null;220.430; 93.614;161.420;310.020;103.403;169.360;209.664;187.776;205.022;207.188;117.668;149.212;292.352
2004-11-07 17:00:00; 54.153;220.233;132.367;440.920;   null;219.690; 94.828;160.187;310.610;103.423;168.480;209.752;187.452;206.110;207.628;118.864;150.750;293.056
2004-11-07 17:05:00; 54.850;218.533;129.847;443.877;   null;216.560; 94.868;160.647;306.950;101.189;168.220;205.998;189.770;206.946;209.244;118.566;150.460;290.748
2004-11-07 17:10:00; 55.840;220.933;131.740;441.067;   null;219.616; 94.928;160.767;309.621;105.433;167.960;209.670;185.190;206.340;209.112;118.236;150.804;291.994
2004-11-07 17:15:00; 54.590;221.567;130.717;446.653;   null;219.680; 94.490;160.257;312.483;101.784;169.600;209.840;187.318;208.062;207.238;119.174;150.294;293.688
2004-11-07 17:20:00; 55.497;216.767;129.857;442.637;   null;216.794; 94.394;158.700;310.887;103.702;166.940;208.706;187.536;204.360;207.152;116.378;150.940;290.784
2004-11-07 17:25:00; 55.777;218.300;131.700;438.870;   null;217.260; 93.920;162.327;313.573;103.723;169.060;209.508;185.978;209.786;208.284;118.466;150.806;293.070
2004-11-07 17:30:00; 55.820;218.567;130.267;438.683;   null;216.204; 94.392;162.577;311.424;103.792;168.160;209.826;184.618;205.656;208.678;118.428;149.108;292.148
2004-11-07 17:35:00; 55.800;216.833;129.177;442.093;   null;218.444; 94.576;160.803;308.822;103.416;166.860;208.364;184.984;208.322;208.808;118.624;149.432;292.500
2004-11-07 17:40:00; 55.027;215.900;130.093;440.697;   null;217.450; 95.044;161.790;307.023;102.725;167.760;208.984;186.882;208.560;207.630;119.400;149.754;292.824
2004-11-07 17:45:00; 54.223;216.400;131.317;440.237;   null;219.110; 93.970;161.917;310.688;103.789;168.080;209.126;188.080;206.888;208.042;117.478;150.740;292.432
2004-11-07 17:50:00; 55.973;217.567;131.600;438.760;   null;217.406; 94.570;159.273;311.146;102.589;168.160;207.342;187.488;205.734;210.400;118.376;150.286;293.044
2004-11-07 17:55:00; 54.907;217.133;130.827;438.747;   null;217.902; 95.376;159.760;310.797;104.184;167.360;209.294;184.932;207.564;209.302;118.992;149.988;294.734
2004-11-07 18:00:00; 55.697;215.700;130.587;436.240;   null;217.152; 93.706;159.593;311.996;103.523;168.560;209.146;185.734;205.928;209.286;118.622;151.952;291.686
2004-11-07 18:05:00; 55.100;218.633;129.083;443.243;   null;217.474; 93.082;162.433;307.404;102.697;167.800;209.388;188.118;208.344;207.816;117.350;151.710;291.422
2004-11-07 18:10:00; 55.080;217.633;133.197;439.583;   null;217.342; 95.040;161.053;310.058;103.596;167.880;207.776;185.790;207.540;209.876;119.242;149.506;294.510
2004-11-07 18:15:00; 56.150;219.400;129.790;435.640;   null;215.890; 93.870;159.447;310.997;104.310;168.580;209.564;187.172;208.064;209.930;117.994;150.222;290.900
2004-11-07 18:20:00; 55.287;217.900;132.383;436.723;   null;216.308; 94.412;163.077;312.132;102.270;170.980;210.346;186.656;207.174;210.040;118.024;150.840;295.246
2004-11-07 18:25:00; 54.680;218.133;129.047;436.223;   null;218.246; 94.614;163.523;309.159;103.458;167.940;212.662;186.772;207.218;210.224;119.136;150.020;291.600
2004-11-07 18:30:00; 54.427;218.333;129.267;431.607;   null;217.424; 95.234;159.880;312.139;103.297;168.920;210.472;185.148;207.874;208.444;117.446;152.812;290.438
2004-11-07 18:35:00; 52.833;216.700;129.350;431.660;   null;214.764; 95.806;159.310;311.685;101.192;167.960;208.948;186.390;206.934;207.470;118.998;150.766;293.520
2004-11-07 18:40:00; 54.850;214.067;128.420;432.243;   null;216.944; 94.202;158.790;310.763;103.282;167.440;209.762;186.782;208.314;208.738;118.906;151.822;292.862
2004-11-07 18:45:00; 53.673;218.933;129.163;428.890;   null;213.876; 94.658;161.017;309.741;104.031;167.020;207.448;184.004;206.448;209.032;119.374;149.470;291.858
2004-11-07 18:50:00; 53.880;216.700;128.833;431.630;   null;215.030; 94.068;158.947;309.255;101.939;166.820;207.118;186.416;206.592;209.022;117.440;149.880;287.898
2004-11-07 18:55:00; 53.597;222.233;129.087;429.543;   null;216.430; 95.106;162.553;311.229;102.998;167.760;210.740;185.722;206.906;208.588;117.990;149.114;289.456
2004-11-07 19:00:00; 54.283;218.200;127.620;428.007;   null;217.410; 94.258;157.183;309.725;104.309;168.260;209.784;183.322;209.208;208.644;119.482;148.408;289.890
2004-11-07 19:05:00; 53.887;216.400;129.073;427.683;   null;217.114; 94.796;160.263;312.275;101.690;168.340;207.016;185.336;206.990;207.598;117.722;147.844;289.992
2004-11-07 19:10:00; 53.780;220.533;130.177;426.470;   null;212.962; 93.294;161.427;308.871;101.656;167.580;208.758;185.952;206.540;209.772;116.600;148.712;288.146
2004-11-07 19:15:00; 54.060;214.400;128.260;426.420;   null;210.188; 95.208;159.183;310.309;102.013;166.220;205.858;181.520;206.700;207.432;116.228;146.350;286.982
2004-11-07 19:20:00; 55.257;217.000;126.490;423.104;   null;214.242; 93.120;160.143;306.045;100.766;166.740;205.486;183.370;206.244;207.978;116.442;148.116;290.380
2004-11-07 19:25:00; 53.893;216.833;129.830;427.583;   null;213.652; 93.710;157.443;306.598;100.221;165.940;206.338;182.952;203.592;206.182;116.320;149.226;291.768
2004-11-07 19:30:00; 54.237;217.633;127.560;427.930;   null;210.948; 93.330;155.300;304.866;103.253;163.640;206.872;184.882;206.108;205.454;116.064;150.586;291.454
2004-11-07 19:35:00; 53.970;216.567;129.327;430.463;   null;213.586; 94.086;159.217;306.277;101.266;163.940;205.346;185.526;207.052;206.484;116.262;149.348;291.006
2004-11-07 19:40:00; 53.427;215.300;127.543;427.223;   null;213.262; 93.070;161.317;303.100;100.614;162.100;206.930;184.548;203.816;207.590;115.692;146.510;286.880
2004-11-07 19:45:00; 53.577;215.100;128.070;427.213;   null;215.038; 93.402;160.333;300.081; 99.853;163.500;206.352;182.258;201.708;205.606;115.810;144.630;284.122
2004-11-07 19:50:00; 51.760;215.067;127.030;422.243;   null;209.684; 92.126;158.007;298.133;100.976;161.840;203.812;180.310;200.832;203.916;116.146;145.552;281.286
2004-11-07 19:55:00; 53.000;215.267;126.640;422.510;   null;209.558; 93.260;157.007;300.812;100.513;161.320;203.340;181.604;201.474;200.426;114.680;147.428;284.078
2004-11-07 20:00:00; 52.800;218.767;128.697;423.240;   null;209.420; 92.728;157.030;297.593;100.820;162.460;204.270;182.336;202.502;201.618;115.324;144.226;281.920
2004-11-07 20:05:00; 52.067;213.500;128.227;423.410;   null;207.442; 93.644;156.763;294.633; 99.980;161.020;201.054;181.336;199.328;202.602;114.036;145.232;282.758
2004-11-07 20:10:00; 52.913;215.333;125.550;420.220;   null;209.348; 93.086;156.840;301.607; 99.106;161.520;200.290;181.074;199.098;200.896;113.194;145.006;284.568
2004-11-07 20:15:00; 52.543;217.400;128.050;421.500;   null;210.928; 91.820;154.653;299.732;100.238;162.080;202.214;181.114;199.554;199.904;113.484;144.612;284.376
2004-11-07 20:20:00; 53.607;213.900;125.957;425.233;   null;208.654; 92.350;154.280;298.583; 98.098;162.800;201.582;179.938;198.934;201.866;113.792;144.882;284.630
2004-11-07 20:25:00; 53.207;215.433;125.740;420.863;   null;209.996; 92.692;154.984;300.306; 98.043;162.080;200.746;179.972;201.324;201.668;113.072;144.732;285.900
2004-11-07 20:30:00; 52.883;215.567;128.047;422.150;   null;210.190; 92.726;152.773;297.574; 99.481;160.640;201.058;180.688;200.270;200.048;112.044;144.926;282.946
2004-11-07 20:35:00; 53.683;213.700;126.483;422.243;   null;210.674; 91.354;152.310;300.710; 96.422;162.100;200.694;176.834;200.966;200.262;112.550;145.174;283.864
2004-11-07 20:40:00; 53.777;215.500;127.773;427.507;   null;210.150; 93.034;157.313;300.625; 99.286;160.740;199.778;178.078;198.790;199.838;111.930;146.640;283.548
2004-11-07 20:45:00; 52.460;215.067;127.207;427.933;   null;210.380; 92.948;154.863;301.198; 99.622;161.500;201.258;176.018;201.042;202.782;112.862;145.864;282.356
2004-11-07 20:50:00; 53.977;213.533;127.487;426.507;   null;210.652; 93.098;156.553;299.750; 99.472;162.780;200.594;177.862;201.386;204.778;111.810;146.460;284.702
2004-11-07 20:55:00; 54.847;215.100;127.740;430.407;   null;212.202; 93.020;156.440;301.617; 99.529;161.980;201.692;179.704;199.876;202.186;112.866;147.168;283.840
2004-11-07 21:00:00; 55.773;217.033;128.893;432.703;   null;210.912; 93.148;154.893;298.708;100.280;163.200;200.798;179.786;201.444;202.372;112.488;146.598;286.530
2004-11-07 21:05:00; 54.573;218.167;128.697;434.130;   null;211.220; 94.180;156.567;302.169;100.263;162.160;197.468;178.678;201.692;204.962;111.976;145.916;284.016
2004-11-07 21:10:00; 53.720;217.100;129.383;429.020;   null;211.844; 92.582;158.187;301.475; 98.865;160.560;201.872;176.520;200.926;203.812;111.284;146.042;283.520
2004-11-07 21:15:00; 53.817;217.800;127.693;431.837;   null;211.764; 91.910;157.387;298.725;100.057;161.420;199.888;174.536;200.610;205.352;112.128;146.262;283.782
2004-11-07 21:20:00; 53.883;216.333;128.097;430.570;   null;210.676; 92.876;157.500;301.277; 98.580;161.820;200.440;177.584;200.448;204.698;111.086;145.162;286.436
2004-11-07 21:25:00; 54.317;215.967;127.840;432.063;   null;210.206; 93.552;157.257;301.695; 99.918;160.880;199.432;177.124;198.602;199.668;112.518;147.720;283.432
2004-11-07 21:30:00; 52.917;217.433;126.997;423.990;   null;210.204; 92.742;156.167;299.111; 99.865;160.480;200.846;174.704;200.170;198.236;111.768;145.524;284.870
2004-11-07 21:35:00; 52.853;218.900;127.810;425.957;   null;206.548; 91.276;155.873;295.108; 98.100;159.280;199.868;176.444;203.018;198.242;112.180;143.438;278.726
2004-11-07 21:40:00; 55.093;214.667;126.417;423.807;   null;210.174; 91.854;153.233;294.825; 96.947;157.880;198.632;174.268;200.554;198.800;111.354;141.872;278.464
2004-11-07 21:45:00; 54.477;213.300;125.323;422.690;   null;209.152; 91.990;153.257;292.830; 97.644;159.760;197.078;174.946;200.020;197.450;109.800;143.590;279.146
2004-11-07 21:50:00; 53.683;213.567;127.283;421.373;   null;207.386; 92.596;152.370;295.878; 97.634;158.120;199.534;175.306;200.136;200.576;111.718;141.658;276.320
2004-11-07 21:55:00; 53.737;213.133;126.677;417.773;   null;209.548; 92.310;152.717;294.639; 96.912;158.600;198.706;173.210;200.188;197.882;111.704;142.880;278.140
2004-11-07 22:00:00; 53.190;213.833;124.020;422.093;   null;208.740; 91.694;152.620;294.873; 98.695;160.100;198.986;175.488;202.816;200.868;112.426;143.618;281.416
2004-11-07 22:05:00; 53.403;215.600;124.853;421.627;   null;207.644; 92.594;150.540;292.911; 98.236;160.260;196.464;176.388;199.158;200.590;111.638;144.000;279.900
2004-11-07 22:10:00; 52.793;212.067;126.027;417.473;   null;206.144; 92.094;152.630;293.701; 97.277;158.780;198.408;175.776;198.802;199.594;111.198;140.256;274.018
2004-11-07 22:15:00; 52.670;212.433;125.543;418.387;   null;205.686; 90.862;151.643;298.273; 98.403;159.460;200.744;176.662;198.354;197.320;111.328;139.388;269.942
2004-11-07 22:20:00; 52.660;212.667;124.857;417.916;   null;205.266; 91.592;151.260;296.311; 97.149;158.280;199.164;176.250;199.210;202.746;112.294;138.588;273.402
2004-11-07 22:25:00; 53.287;212.500;126.763;418.237;   null;206.540; 90.196;153.583;295.942; 98.370;158.080;196.520;177.232;197.544;198.598;112.338;138.550;272.230
2004-11-07 22:30:00; 52.567;213.300;125.557;414.440;   null;204.506; 91.022;152.313;292.890; 98.020;159.380;196.138;178.502;198.700;198.032;112.612;136.990;269.878
2004-11-07 22:35:00; 52.957;214.333;127.577;417.560;   null;205.054; 91.572;153.370;292.588; 97.773;159.680;197.350;175.188;195.928;197.296;112.392;139.586;270.508
2004-11-07 22:40:00; 52.667;209.933;126.320;413.510;   null;207.106; 90.166;151.887;293.574; 96.345;158.900;197.688;177.204;197.064;196.628;113.416;138.344;275.046
2004-11-07 22:45:00; 53.367;211.367;126.237;417.923;   null;205.854; 90.494;150.633;293.527; 97.769;159.160;195.888;176.216;194.896;198.754;111.744;139.434;274.500
2004-11-07 22:50:00; 52.273;209.567;126.623;419.447;   null;209.136; 90.712;152.827;293.406; 96.885;160.840;198.180;176.570;194.864;197.994;112.588;138.752;271.234
2004-11-07 22:55:00; 53.293;210.167;126.953;419.380;   null;206.720; 90.326;152.533;292.890; 98.663;158.780;198.434;178.438;193.844;196.036;111.600;136.630;269.122
2004-11-07 23:00:00; 52.820;213.633;125.680;418.066;   null;206.896; 91.616;153.233;293.728; 98.640;157.880;199.218;177.278;193.914;195.852;112.388;136.634;271.446
2004-11-07 23:05:00; 53.737;211.900;126.777;420.610;   null;205.850; 89.710;154.904;292.109; 97.207;158.280;198.006;178.522;194.460;197.862;111.706;138.796;271.700
2004-11-07 23:10:00; 53.050;211.800;125.557;415.610;   null;205.016; 90.256;152.433;295.510; 96.927;159.500;197.024;176.570;192.162;196.520;110.216;136.886;271.312
2004-11-07 23:15:00; 53.003;209.867;127.723;420.483;   null;206.376; 88.940;153.890;293.881; 97.919;158.620;196.630;178.136;195.700;195.554;110.512;138.846;272.792
2004-11-07 23:20:00; 53.090;213.133;125.890;419.277;   null;204.156; 89.442;152.563;289.634; 98.936;159.600;197.762;175.612;194.194;196.488;112.974;139.082;273.470
2004-11-07 23:25:00; 53.403;210.867;127.747;419.557;   null;208.366; 88.776;156.190;293.141; 97.974;160.140;199.050;177.934;191.602;194.470;111.024;138.944;269.562
2004-11-07 23:30:00; 53.507;212.633;126.160;420.200;   null;207.166; 89.600;151.070;293.187; 97.150;160.440;194.936;176.712;196.476;195.324;111.594;137.580;271.640
2004-11-07 23:35:00; 53.000;213.267;128.243;421.830;   null;207.792; 90.086;157.073;292.850; 98.171;159.060;194.604;175.276;195.456;193.610;111.840;139.026;268.626
2004-11-07 23:40:00; 54.243;211.933;126.393;422.657;   null;206.710; 88.618;152.347;292.682; 96.716;158.440;198.186;174.440;193.318;193.278;111.356;138.230;268.938
2004-11-07 23:45:00; 52.450;212.400;126.660;417.687;   null;205.956; 89.672;153.083;290.215; 97.533;158.300;196.538;174.466;193.438;195.818;113.138;138.442;267.028
2004-11-07 23:50:00; 54.127;210.700;127.083;418.823;   null;204.150; 90.608;147.453;291.930; 96.720;158.600;197.316;177.042;193.280;197.274;112.888;137.498;267.378
2004-11-07 23:55:00; 53.833;212.600;126.323;422.213;   null;209.190; 89.252;151.887;293.312; 97.367;159.140;200.540;176.036;194.476;196.064;112.164;135.592;268.984
2004-11-08 00:00:00; 53.793;211.700;129.090;423.363;   null;206.282; 89.878;152.860;295.212; 99.327;158.080;198.048;178.078;195.332;197.738;111.972;136.678;265.800
2004-11-08 00:05:00; 53.563;215.000;128.043;421.933;   null;205.246; 87.984;154.180;288.913; 94.777;159.460;197.197;177.914;192.698;193.882;112.018;134.892;268.236
2004-11-08 00:10:00; 53.200;213.767;128.587;422.207;   null;207.588; 90.040;155.253;292.209; 97.015;158.240;198.774;179.214;197.306;198.664;112.230;137.810;266.360
2004-11-08 00:15:00; 54.693;211.200;128.550;425.237;   null;209.364; 89.476;155.697;293.076; 96.578;158.740;197.162;179.470;195.232;195.200;111.590;136.142;267.662
2004-11-08 00:20:00; 53.757;213.633;126.687;421.003;   null;206.070; 89.202;153.210;290.948; 97.971;159.100;196.342;175.972;196.768;197.186;112.568;137.492;266.416
2004-11-08 00:25:00; 53.373;211.133;129.230;423.723;   null;208.310; 88.638;151.847;297.585; 97.540;159.640;199.750;177.418;197.194;198.414;112.380;135.012;268.464
2004-11-08 00:30:00; 54.637;211.533;127.250;421.157;   null;206.094; 89.194;152.990;294.464; 97.339;161.680;200.930;175.586;193.016;197.164;112.214;137.534;268.676
2004-11-08 00:35:00; 53.653;212.233;128.247;422.000;   null;206.518; 88.792;155.007;292.761; 98.059;157.300;200.020;178.896;194.472;196.396;111.714;137.524;268.230
2004-11-08 00:40:00; 54.570;211.600;126.547;421.633;   null;206.826; 89.386;152.973;291.461; 98.129;157.120;197.836;178.644;193.868;195.726;113.436;137.594;269.916
2004-11-08 00:45:00; 52.497;209.633;127.607;421.533;   null;203.698; 87.948;151.247;292.873; 97.229;160.160;198.716;177.272;194.362;196.748;111.784;138.590;267.926
2004-11-08 00:50:00; 53.393;211.833;128.080;420.833;   null;207.500; 88.318;152.703;294.983; 96.446;160.760;198.100;177.722;195.010;198.308;111.972;137.758;268.884
2004-11-08 00:55:00; 55.203;211.333;129.953;424.516;   null;207.500; 89.186;151.053;290.698; 97.549;160.200;196.976;178.986;193.468;195.754;113.774;139.798;268.826
2004-11-08 01:00:00; 53.550;210.633;127.973;421.083;   null;207.882; 88.302;153.530;290.995; 98.606;160.080;197.580;177.542;195.778;196.558;113.534;137.330;269.012
2004-11-08 01:05:00; 52.637;212.767;125.657;421.380;   null;208.126; 90.236;154.137;289.775; 98.856;159.600;197.952;177.862;194.368;194.918;113.186;136.994;268.620
2004-11-08 01:10:00; 53.013;209.400;126.370;419.520;   null;208.352; 89.242;153.700;294.205; 97.497;158.340;196.502;175.714;194.622;197.946;112.996;137.896;267.790
2004-11-08 01:15:00; 52.607;213.200;126.450;418.656;   null;207.542; 89.236;153.110;295.335; 97.384;161.640;199.212;178.554;193.270;195.922;111.950;136.802;270.502
2004-11-08 01:20:00; 54.133;210.467;125.977;417.450;   null;206.482; 90.260;153.183;292.938; 98.271;161.120;200.394;177.874;194.222;196.840;111.770;138.598;268.462
2004-11-08 01:25:00; 52.690;214.100;126.693;419.273;   null;205.050; 88.710;151.913;293.220; 99.394;160.660;199.120;178.960;194.128;194.802;112.184;136.370;269.678
2004-11-08 01:30:00; 54.093;210.400;127.497;423.910;   null;208.872; 88.450;152.406;290.037; 98.908;160.280;200.944;178.132;196.522;197.138;111.412;135.686;268.868
2004-11-08 01:35:00; 53.147;212.000;125.323;416.943;   null;206.144; 88.828;154.200;290.640; 95.974;158.460;197.726;177.380;194.824;198.198;113.486;136.930;270.880
2004-11-08 01:40:00; 53.923;211.567;126.217;419.417;   null;207.788; 88.380;152.723;291.056; 99.596;160.080;197.890;177.794;193.178;197.504;111.972;137.476;269.268
2004-11-08 01:45:00; 52.030;210.867;125.883;419.303;   null;207.480; 89.454;155.257;290.920; 98.496;158.760;196.014;176.088;195.598;198.124;113.056;138.728;268.154
2004-11-08 01:50:00; 53.200;210.700;128.247;418.730;   null;206.532; 87.550;152.847;293.115; 96.949;157.920;194.196;177.562;194.804;196.840;112.962;139.080;266.760
2004-11-08 01:55:00; 53.333;209.500;126.437;418.150;   null;204.148; 88.156;153.513;290.741; 96.665;158.080;196.314;175.196;193.156;195.654;110.930;136.750;268.414
2004-11-08 02:00:00; 54.457;211.867;127.463;419.977;   null;206.838; 88.810;153.637;288.908; 98.788;160.960;196.848;174.680;192.994;195.958;111.450;138.542;269.046
2004-11-08 02:05:00; 53.547;210.300;127.147;417.990;   null;207.384; 88.974;154.187;288.363; 97.407;159.240;195.550;174.268;193.480;195.798;111.640;137.608;269.914
2004-11-08 02:10:00; 52.593;208.767;126.563;418.830;   null;206.698; 87.844;152.873;287.101; 96.916;159.540;195.836;177.930;192.254;196.484;111.942;135.946;269.846
2004-11-08 02:15:00; 53.513;208.733;128.643;422.010;   null;207.444; 87.504;152.953;287.103; 97.096;156.640;198.684;176.754;192.588;195.488;111.500;138.656;269.198
2004-11-08 02:20:00; 52.643;209.667;127.727;420.110;   null;206.756; 89.026;153.533;290.354; 97.221;158.440;194.016;176.606;193.604;195.378;111.298;136.834;268.930
2004-11-08 02:25:00; 54.503;209.800;127.693;416.453;   null;205.112; 87.598;154.017;286.975; 97.787;158.880;196.002;176.366;192.808;193.410;110.906;136.854;268.812
2004-11-08 02:30:00; 53.907;211.033;126.377;421.747;   null;208.594; 90.006;150.107;289.876; 95.929;160.060;196.014;175.396;194.464;193.706;111.540;137.230;270.152
2004-11-08 02:35:00; 54.413;210.800;128.133;417.607;   null;207.376; 89.426;152.960;288.573; 96.841;159.100;198.208;174.818;191.880;194.172;111.214;136.726;269.628
2004-11-08 02:40:00; 54.057;207.900;127.537;419.477;   null;210.418; 88.326;152.243;288.301; 97.025;158.820;194.964;175.060;193.752;195.880;111.060;138.344;269.594
2004-11-08 02:45:00; 53.220;209.133;127.207;422.097;   null;209.752; 88.904;152.750;290.755; 98.603;159.900;194.958;176.768;192.346;196.238;111.562;140.378;269.808
2004-11-08 02:50:00; 53.953;208.900;126.593;423.313;   null;208.474; 88.434;153.110;290.382; 98.113;160.720;195.400;174.814;191.652;195.576;112.022;137.824;268.962
2004-11-08 02:55:00; 53.383;209.033;126.180;421.583;   null;211.188; 88.408;154.540;290.319; 97.193;159.920;195.562;177.262;194.596;195.186;111.964;138.760;267.590
2004-11-08 03:00:00; 54.717;207.867;129.980;424.997;   null;211.020; 88.560;154.297;290.156; 97.815;158.100;196.374;177.114;192.822;194.824;111.828;135.082;265.676
2004-11-08 03:05:00; 54.207;211.133;128.520;421.140;   null;207.634; 90.114;151.930;291.276; 96.935;159.560;197.710;178.668;192.154;192.308;111.908;137.296;268.344
2004-11-08 03:10:00; 53.993;211.967;127.717;424.813;   null;209.734; 87.902;152.923;289.534; 96.280;158.800;196.420;177.568;193.358;196.374;110.984;137.122;268.194
2004-11-08 03:15:00; 54.797;208.733;127.823;425.920;   null;210.834; 88.490;153.733;287.857; 96.540;159.320;196.128;175.438;193.898;192.050;110.754;136.222;265.274
2004-11-08 03:20:00; 52.747;206.433;129.470;423.847;   null;209.432; 88.718;153.114;287.994; 98.323;157.960;197.396;175.724;192.234;193.570;111.504;136.498;268.640
2004-11-08 03:25:00; 53.667;211.000;127.527;428.380;   null;208.130; 89.882;152.120;286.692; 98.574;162.260;192.374;174.678;193.408;192.026;111.442;136.524;266.846
2004-11-08 03:30:00; 54.040;211.500;128.463;425.810;   null;207.394; 88.150;153.760;286.654; 97.661;160.520;192.816;174.834;193.102;194.074;110.880;136.810;267.252
2004-11-08 03:35:00; 53.810;209.000;127.287;424.883;   null;208.346; 89.326;152.730;286.784; 97.898;159.160;194.132;172.972;192.792;193.872;111.016;137.512;268.406
2004-11-08 03:40:00; 53.887;211.667;127.743;425.427;   null;210.392; 87.248;155.373;288.141; 98.091;160.020;196.540;173.946;194.616;194.938;111.492;136.760;270.104
2004-11-08 03:45:00; 54.933;209.733;131.550;423.367;   null;207.910; 87.874;154.983;285.284; 98.060;160.960;196.204;177.976;193.684;195.004;110.688;135.878;266.220
2004-11-08 03:50:00; 55.343;212.067;131.007;424.373;   null;210.226; 89.014;154.147;286.757; 98.249;157.460;194.734;176.912;189.684;194.732;112.066;135.500;264.596
2004-11-08 03:55:00; 53.493;209.600;129.647;426.230;   null;207.688; 88.382;153.880;290.449; 96.881;159.440;197.052;176.046;192.888;194.238;111.002;137.230;269.284
2004-11-08 04:00:00; 56.180;211.133;129.463;425.703;   null;207.190; 88.042;153.964;291.795; 97.475;162.080;194.686;177.560;194.800;198.026;112.712;136.430;267.492
2004-11-08 04:05:00; 55.207;208.333;127.683;430.530;   null;206.938; 88.120;153.733;290.592;100.456;159.280;196.474;175.796;192.332;193.088;111.526;136.386;268.472
2004-11-08 04:10:00; 55.560;210.933;128.137;430.613;   null;207.530; 89.184;151.917;290.129; 96.861;160.320;197.480;175.640;192.316;194.366;112.292;138.056;269.938
2004-11-08 04:15:00; 54.527;210.333;129.693;428.487;   null;210.122; 89.726;154.627;291.276; 97.885;161.600;197.226;177.302;193.978;195.952;112.548;139.162;270.686
2004-11-08 04:20:00; 54.380;211.600;131.197;427.573;   null;207.454; 91.290;155.447;290.914; 97.871;159.940;196.698;176.896;194.036;195.060;111.800;140.412;272.572
2004-11-08 04:25:00; 55.367;213.067;130.643;431.350;   null;209.268; 92.012;154.577;290.498; 97.902;159.980;197.382;175.786;192.990;193.914;112.020;140.864;274.104
2004-11-08 04:30:00; 55.497;212.667;131.200;429.417;   null;205.980; 89.638;152.280;289.405; 97.744;160.840;199.530;176.464;196.882;196.558;112.644;140.112;272.768
2004-11-08 04:35:00; 55.183;216.667;130.560;432.800;   null;207.324; 89.774;154.487;285.985; 96.969;161.560;197.676;174.294;194.948;195.144;112.218;140.866;273.578
2004-11-08 04:40:00; 55.800;213.900;130.983;430.187;   null;209.364; 91.644;155.673;287.488;100.683;161.320;199.620;177.204;197.374;195.102;112.942;141.946;276.162
2004-11-08 04:45:00; 54.460;212.400;132.440;434.330;   null;209.362; 89.550;154.520;288.301; 97.941;159.700;194.806;173.916;194.014;195.590;113.356;140.770;275.056
2004-11-08 04:50:00; 54.713;216.100;132.560;433.420;   null;209.710; 88.910;156.747;287.652; 98.367;161.540;198.194;176.132;194.238;195.960;113.686;137.852;270.950
2004-11-08 04:55:00; 54.340;216.700;131.933;431.767;   null;211.322; 89.026;154.293;287.555; 99.540;162.540;196.944;175.444;195.230;195.440;112.640;137.038;271.400
2004-11-08 05:00:00; 55.377;214.900;129.587;433.223;   null;210.976; 90.038;153.953;287.311; 99.823;159.880;198.786;175.314;194.612;195.420;112.824;136.690;268.888
2004-11-08 05:05:00; 54.777;215.433;130.073;433.937;   null;210.940; 89.096;155.107;285.675; 98.052;158.420;196.732;174.734;194.072;196.938;114.198;137.690;268.124
2004-11-08 05:10:00; 55.943;212.833;130.337;435.717;   null;210.092; 89.280;153.473;288.920; 99.197;161.340;197.604;176.520;196.626;193.544;114.284;136.990;269.620
2004-11-08 05:15:00; 54.720;211.633;132.463;436.750;   null;211.656; 89.570;155.357;287.379; 99.000;162.080;198.346;174.840;193.702;195.080;112.634;137.270;268.854
2004-11-08 05:20:00; 55.067;215.600;130.553;433.760;   null;211.614; 89.884;155.670;289.405; 97.982;159.540;194.864;175.718;196.320;197.558;113.016;137.170;270.106
2004-11-08 05:25:00; 55.977;213.100;132.133;435.317;   null;213.382; 90.264;154.750;285.440; 99.006;162.180;196.854;176.238;193.328;198.680;113.212;137.808;270.496
2004-11-08 05:30:00; 55.690;214.333;130.607;436.760;   null;211.604; 90.328;159.706;284.657; 98.397;162.080;196.718;178.326;197.420;194.788;112.756;137.796;268.646
2004-11-08 05:35:00; 54.047;212.700;130.497;434.220;   null;210.740; 89.488;156.507;288.442; 99.296;161.220;194.736;176.928;196.108;195.298;113.760;137.794;270.358
2004-11-08 05:40:00; 54.667;213.433;131.980;436.713;   null;209.916; 89.958;154.180;287.760; 98.787;161.780;198.312;174.964;198.570;195.350;115.038;137.982;269.528
2004-11-08 05:45:00; 56.240;211.667;131.683;435.156;   null;213.170; 89.912;154.300;290.518; 99.129;161.080;197.134;175.664;195.002;199.574;113.736;139.046;269.124
2004-11-08 05:50:00; 56.227;216.633;130.767;439.000;   null;211.372; 91.450;155.350;287.749; 98.412;162.440;194.878;176.390;196.518;198.102;113.660;138.426;271.020
2004-11-08 05:55:00; 55.353;214.133;133.173;440.323;   null;214.126; 88.994;157.230;288.765; 99.450;160.080;198.530;176.730;199.360;196.700;114.152;139.636;270.174
2004-11-08 06:00:00; 56.557;217.900;131.887;437.777;   null;211.268; 91.978;157.977;290.876; 99.688;161.180;197.516;176.822;199.084;199.210;114.002;138.310;272.326
2004-11-08 06:05:00; 55.750;216.133;131.783;437.723;   null;213.562; 89.722;157.133;288.044;100.699;160.180;199.136;176.914;197.030;198.952;114.020;137.736;271.974
2004-11-08 06:10:00; 56.677;219.400;131.563;436.700;   null;209.714; 91.666;156.547;291.354; 98.044;160.360;196.678;178.946;199.696;198.716;113.960;139.488;271.974
2004-11-08 06:15:00; 54.830;215.433;131.073;432.887;   null;211.682; 90.520;156.100;293.216;101.488;160.900;198.060;177.124;198.352;200.548;113.516;140.810;276.104
2004-11-08 06:20:00; 56.037;214.533;130.683;439.423;   null;210.352; 91.330;157.510;293.104;101.076;162.340;197.660;179.176;197.790;200.984;114.228;142.210;276.702
2004-11-08 06:25:00; 54.577;218.300;132.093;437.233;   null;213.760; 91.428;157.457;294.883; 99.397;162.760;199.822;175.864;198.434;200.316;114.460;142.560;275.224
2004-11-08 06:30:00; 57.060;216.633;131.183;439.157;   null;212.086; 92.342;157.303;294.454;100.659;163.040;200.562;178.222;199.034;200.224;114.656;141.716;278.264
2004-11-08 06:35:00; 54.607;217.500;132.157;437.603;   null;209.872; 92.658;156.773;296.207; 99.990;164.180;199.992;178.420;198.324;196.722;114.016;142.970;279.620
2004-11-08 06:40:00; 56.117;216.067;132.447;439.463;   null;213.976; 92.190;157.597;293.254; 98.655;164.500;198.322;174.154;199.822;197.922;115.122;142.140;277.492
2004-11-08 06:45:00; 55.630;217.700;132.087;440.046;   null;213.774; 91.236;157.070;295.269; 98.020;163.580;198.198;176.350;201.216;199.402;115.220;143.856;279.090
2004-11-08 06:50:00; 55.670;217.733;131.257;439.513;   null;212.750; 91.286;157.783;295.461; 98.890;164.780;198.516;175.984;200.424;200.936;114.322;142.612;277.298
2004-11-08 06:55:00; 56.313;216.367;130.860;438.410;   null;209.788; 92.254;158.587;295.087; 99.480;160.960;199.852;177.588;196.580;200.882;115.104;141.164;280.782
2004-11-08 07:00:00; 54.947;217.100;132.443;441.230;   null;213.886; 90.360;157.507;294.805;100.915;162.480;198.206;177.506;201.056;199.508;114.938;141.142;277.216
2004-11-08 07:05:00; 55.417;217.400;132.200;435.990;   null;210.754; 92.548;155.957;296.717; 97.754;162.640;197.858;176.996;198.442;200.296;114.796;142.182;276.954
2004-11-08 07:10:00; 55.190;219.133;131.753;441.750;   null;212.126; 92.536;154.277;291.106;101.052;160.080;198.584;177.880;198.888;200.014;115.226;144.482;277.788
2004-11-08 07:15:00; 55.387;215.967;131.630;436.760;   null;212.344; 91.786;158.180;294.194; 99.284;160.980;198.658;177.246;198.598;200.498;114.674;141.850;279.136
2004-11-08 07:20:00; 55.847;218.400;131.187;437.960;   null;210.848; 91.988;155.933;295.550; 98.588;162.100;201.002;179.194;198.272;198.864;112.648;142.734;281.042
2004-11-08 07:25:00; 55.913;217.267;129.847;437.117;   null;213.200; 92.384;156.177;293.684; 99.568;162.040;198.366;178.786;200.756;199.768;113.318;141.182;276.536
2004-11-08 07:30:00; 54.007;215.600;130.560;436.777;   null;210.102; 91.522;156.907;293.165;100.342;163.340;197.932;178.360;196.954;199.988;112.532;142.560;281.400
2004-11-08 07:35:00; 55.713;216.900;131.010;434.567;   null;213.096; 92.518;155.830;293.008;101.358;163.340;197.054;178.346;197.576;198.682;111.986;141.518;277.834
2004-11-08 07:40:00; 55.957;216.500;131.400;441.800;   null;211.910; 92.274;154.890;294.250; 98.620;162.280;197.940;176.118;196.438;199.252;112.358;142.346;279.852
2004-11-08 07:45:00; 54.653;214.000;130.970;435.990;   null;211.952; 92.512;155.750;296.169; 99.586;160.600;199.522;178.744;200.010;201.444;112.146;142.612;278.076
2004-11-08 07:50:00; 55.290;217.867;130.503;431.577;   null;212.196; 92.784;157.910;294.374;100.293;161.740;197.748;179.124;199.518;200.248;113.388;142.898;277.346
2004-11-08 07:55:00; 55.610;214.667;130.190;435.793;   null;213.058; 92.480;155.823;294.442; 99.157;162.180;198.694;177.016;200.198;200.104;111.984;142.662;277.742
2004-11-08 08:00:00; 55.553;216.333;131.770;436.087;   null;208.616; 91.504;155.193;296.834; 98.002;161.980;198.080;178.560;198.044;198.924;113.144;142.810;280.676
2004-11-08 08:05:00; 55.080;215.700;131.417;436.033;   null;210.502; 92.556;154.707;296.055; 99.454;162.300;197.588;176.704;199.794;199.458;114.526;143.304;279.118
2004-11-08 08:10:00; 55.743;213.933;129.690;437.590;   null;210.866; 92.390;155.970;294.485; 98.664;162.600;200.592;178.020;200.532;198.980;114.264;141.956;280.622
2004-11-08 08:15:00; 54.253;213.667;131.300;436.260;   null;213.418; 91.786;155.244;293.538; 98.384;161.180;199.864;178.268;   null;201.104;114.600;141.916;278.542
2004-11-08 08:20:00; 54.870;214.000;131.177;431.930;   null;210.646; 92.132;157.017;294.384; 98.097;159.980;199.368;177.552;   null;198.834;114.220;142.724;280.192
2004-11-08 08:25:00; 54.913;214.233;130.380;436.657;   null;209.376; 91.092;156.967;294.800; 98.897;161.520;200.564;178.752;   null;198.546;112.996;143.402;277.426
2004-11-08 08:30:00; 54.707;214.067;130.590;434.447;   null;208.202; 92.316;153.833;294.820; 98.223;163.260;197.676;177.752;   null;201.942;113.320;142.838;278.666
2004-11-08 08:35:00; 55.133;214.600;130.547;433.530;   null;209.560; 90.074;155.770;293.166; 99.455;162.080;197.918;179.668;   null;201.672;113.194;142.414;278.180
2004-11-08 08:40:00; 54.030;213.733;131.207;431.030;   null;209.970; 92.078;154.870;291.862; 97.742;159.420;198.412;176.650;   null;197.578;112.074;142.080;277.720
2004-11-08 08:45:00; 54.780;213.700;130.343;431.363;   null;209.380; 92.324;157.390;289.571; 97.437;161.100;199.366;177.092;   null;198.142;111.980;144.626;278.464
2004-11-08 08:50:00; 54.097;212.333;129.120;429.987;   null;209.568; 92.076;155.917;293.187; 98.105;159.780;201.166;177.804;   null;199.914;111.490;142.630;278.272
2004-11-08 08:55:00; 55.323;213.500;129.910;429.633;   null;208.672; 91.506;155.130;292.412; 99.546;159.340;200.068;176.372;   null;199.384;112.002;140.128;275.310
2004-11-08 09:00:00; 54.820;212.267;128.453;429.610;   null;208.400; 90.656;151.750;292.906; 98.594;159.100;199.496;175.942;   null;197.102;113.164;141.218;275.000
2004-11-08 09:05:00; 55.597;214.133;130.267;433.013;   null;207.878; 91.486;155.367;292.838; 98.281;159.640;198.238;175.084;   null;198.254;112.472;140.832;274.864
2004-11-08 09:10:00; 55.460;212.833;129.047;429.977;   null;207.298; 91.658;153.300;291.459; 97.958;159.440;197.576;175.226;   null;196.888;113.140;141.114;274.874
2004-11-08 09:15:00; 54.240;212.567;128.633;430.447;   null;207.580; 90.358;153.780;287.752; 96.667;159.700;197.502;175.302;   null;198.000;114.176;141.820;273.900
2004-11-08 09:20:00; 54.750;216.067;127.123;431.296;   null;208.370; 89.568;153.813;293.230; 96.622;161.080;198.250;174.764;   null;197.112;113.948;139.696;274.692
2004-11-08 09:25:00; 55.057;214.100;128.393;432.533;   null;209.092; 90.620;155.703;290.125; 98.271;160.160;197.504;176.348;   null;196.890;113.040;140.356;274.782
2004-11-08 09:30:00; 54.727;213.267;129.703;430.163;   null;209.994; 91.524;153.243;289.130; 98.043;158.900;195.526;176.450;   null;199.982;114.382;140.926;275.188
2004-11-08 09:35:00; 55.107;213.400;129.623;430.733;   null;208.388; 90.362;153.877;291.146; 98.517;158.800;197.438;176.176;   null;200.550;113.604;139.190;275.622
2004-11-08 09:40:00; 54.253;212.433;128.977;429.327;   null;206.186; 90.580;152.663;292.164; 97.295;159.840;198.428;178.158;   null;200.480;112.698;139.934;274.248
2004-11-08 09:45:00; 55.157;212.933;126.890;428.447;   null;210.202; 90.180;155.037;291.683;100.009;160.160;199.530;178.994;   null;200.304;112.714;141.096;272.364
2004-11-08 09:50:00; 53.327;212.733;127.680;429.983;   null;206.408; 92.440;152.630;294.332; 97.426;159.800;197.872;176.394;   null;200.514;112.772;139.832;272.910
2004-11-08 09:55:00; 55.430;213.500;129.993;432.153;   null;209.826; 90.762;152.447;291.157; 98.936;160.700;197.074;177.960;   null;199.986;112.370;139.986;272.768
2004-11-08 10:00:00; 54.260;212.067;130.650;429.290;   null;208.350; 90.072;154.983;292.311; 97.662;160.560;196.544;179.126;   null;197.576;112.268;141.002;273.142
2004-11-08 10:05:00; 54.417;212.500;128.417;430.463;   null;207.204; 91.814;154.440;293.024; 97.701;161.660;198.856;175.688;   null;197.398;112.106;139.668;273.072
2004-11-08 10:10:00; 54.830;213.433;128.150;428.666;   null;211.326; 90.360;153.473;292.726; 98.068;162.780;200.650;177.582;   null;198.686;112.106;139.306;274.044
2004-11-08 10:15:00; 54.410;214.233;128.623;429.467;107.341;209.056; 89.878;158.603;291.951; 98.867;163.160;199.922;176.138;   null;200.368;112.776;140.568;276.468
2004-11-08 10:20:00; 54.823;214.600;128.897;429.803;   null;208.032; 91.098;155.334;290.722; 99.616;161.380;198.380;177.716;   null;197.066;110.238;139.730;274.908
2004-11-08 10:25:00; 54.577;214.100;130.440;431.983;   null;208.478; 88.448;155.643;293.227; 98.473;162.220;198.590;176.712;   null;197.236;112.672;140.748;275.466
2004-11-08 10:30:00; 54.373;211.500;130.553;431.560;106.569;208.170; 90.698;155.843;292.270; 98.596;160.820;200.930;176.730;   null;197.470;112.238;139.840;273.784
2004-11-08 10:35:00; 53.967;215.700;129.590;432.130;   null;208.192; 91.520;157.143;293.554; 97.015;159.980;199.872;176.884;   null;198.236;111.858;140.492;275.172
2004-11-08 10:40:00; 53.820;213.233;129.433;431.807;   null;210.210; 90.534;157.060;296.051;100.206;161.240;200.088;178.634;   null;198.094;112.080;140.370;273.910
2004-11-08 10:45:00; 54.120;213.500;131.153;427.897;107.578;210.530; 90.884;152.650;292.931; 98.836;160.540;199.984;174.988;   null;198.180;111.218;139.404;274.730
2004-11-08 10:50:00; 54.720;213.967;127.083;429.693;   null;208.730; 89.122;153.783;294.481;100.595;162.860;201.266;178.028;   null;197.894;111.830;140.992;273.674
2004-11-08 10:55:00; 53.973;213.300;129.083;432.373;   null;208.418; 91.646;156.380;294.266; 99.721;158.480;200.304;175.462;   null;199.046;113.056;141.892;277.148
2004-11-08 11:00:00; 52.680;213.467;127.880;429.377;106.591;210.170; 90.818;153.543;293.127; 99.183;160.400;197.500;178.454;   null;199.918;111.744;139.810;273.414
2004-11-08 11:05:00; 53.330;213.367;128.610;430.640;   null;209.562; 91.732;154.167;293.861; 98.344;161.820;198.524;176.754;   null;197.312;111.728;140.972;274.032
2004-11-08 11:10:00; 54.337;213.100;128.000;430.557;   null;208.458; 89.926;157.020;295.468; 99.782;161.640;198.180;177.302;   null;200.092;113.290;141.416;274.428
2004-11-08 11:15:00; 54.107;212.933;129.000;427.840;106.352;209.714; 90.626;156.970;292.131; 98.070;161.940;195.198;177.606;   null;197.272;113.486;140.718;274.636
2004-11-08 11:20:00; 55.087;212.267;127.600;429.563;   null;208.940; 90.388;153.317;293.801; 98.532;160.900;198.516;179.742;   null;197.572;112.796;141.004;276.422
2004-11-08 11:25:00; 55.207;214.233;129.007;430.036;   null;207.480; 91.082;155.863;293.680; 99.572;161.620;199.374;174.982;   null;199.052;113.340;140.542;274.948
2004-11-08 11:30:00; 54.973;214.667;127.807;430.153;106.449;208.312; 90.316;155.967;292.332; 99.764;160.860;198.816;175.940;   null;198.618;112.018;140.648;275.214
2004-11-08 11:35:00; 55.253;214.533;126.647;430.384;   null;209.716; 88.944;152.593;294.266; 98.260;160.780;200.174;177.286;   null;199.670;112.344;142.286;274.278
2004-11-08 11:40:00; 54.257;215.133;129.863;429.934;   null;208.634; 91.902;155.540;291.218; 98.514;160.900;198.182;178.154;   null;196.304;112.550;141.748;274.110
2004-11-08 11:45:00; 54.083;215.733;128.507;430.943;106.915;208.518; 91.124;153.707;295.301; 99.140;162.900;196.696;177.234;   null;197.162;111.462;142.306;274.888
2004-11-08 11:50:00; 53.073;212.267;128.980;429.567;   null;209.564; 90.198;156.457;290.652; 98.602;159.840;198.394;177.054;   null;199.362;112.214;142.964;275.682
2004-11-08 11:55:00; 54.907;214.333;128.730;427.897;   null;209.836; 89.930;155.893;291.284; 98.392;158.000;197.704;176.478;   null;197.044;111.052;140.588;275.908
2004-11-08 12:00:00; 54.403;214.200;131.123;427.783;105.967;207.288; 90.562;156.927;292.372; 97.670;161.380;198.692;178.150;   null;197.846;109.934;139.358;272.588
2004-11-08 12:05:00; 54.797;214.700;128.350;426.634;   null;209.550; 88.190;155.133;290.826; 97.965;161.040;197.334;177.032;   null;198.014;108.830;139.946;274.912
2004-11-08 12:10:00; 55.167;213.333;127.397;425.483;   null;207.888; 90.192;156.777;291.679; 97.462;161.480;197.246;176.698;   null;193.670;109.426;140.672;274.270
2004-11-08 12:15:00; 53.237;213.867;128.100;423.216;105.780;207.940; 90.214;155.230;292.510; 98.744;160.160;198.262;176.824;   null;191.950;110.474;139.410;273.278
2004-11-08 12:20:00; 54.353;213.300;130.207;426.477;   null;210.710; 90.110;154.050;291.931; 98.873;161.460;197.956;177.750;   null;194.176;108.156;140.126;274.288
2004-11-08 12:25:00; 54.723;213.633;127.630;425.570;   null;206.876; 89.424;152.987;294.059; 99.468;160.300;196.370;177.418;   null;190.032;108.324;140.148;273.760
2004-11-08 12:30:00; 54.070;214.167;127.877;423.637;106.660;209.058; 90.156;153.973;291.419; 97.434;158.500;197.176;173.752;   null;193.140;109.220;138.172;272.488
2004-11-08 12:35:00; 54.467;213.233;126.993;422.240;   null;209.860; 90.442;156.010;294.823; 97.405;161.720;195.974;176.718;   null;189.976;109.084;140.148;274.556
2004-11-08 12:40:00; 53.083;212.267;128.240;424.490;   null;205.574; 90.224;152.083;289.438; 99.329;161.340;196.358;176.098;   null;190.016;109.654;140.612;271.942
2004-11-08 12:45:00; 53.193;213.067;127.500;423.917;106.120;209.194; 91.922;153.064;292.415; 99.148;160.760;198.220;177.546;   null;187.812;108.702;139.868;275.064
2004-11-08 12:50:00; 54.400;215.500;128.207;424.253;   null;208.960; 90.592;154.553;290.045; 97.890;160.180;197.100;176.130;   null;188.226;109.372;139.328;272.248
2004-11-08 12:55:00; 54.297;213.600;127.767;422.737;   null;208.726; 91.758;154.637;288.804; 98.548;161.340;195.748;175.796;   null;186.924;109.896;140.362;271.794
2004-11-08 13:00:00; 53.737;215.367;128.503;421.173;106.111;206.504; 91.258;155.463;289.978; 99.215;159.700;194.966;175.180;   null;188.088;111.150;138.756;273.166
2004-11-08 13:05:00; 53.970;212.467;128.657;423.247;   null;208.664; 91.166;154.473;288.827; 98.290;162.320;198.118;174.930;   null;186.790;110.834;138.600;271.972
2004-11-08 13:10:00; 54.120;212.800;128.117;424.213;   null;206.308; 90.998;152.933;290.423; 97.214;161.740;197.174;174.266;   null;188.866;110.440;138.932;271.158
2004-11-08 13:15:00; 54.920;211.200;127.967;422.847;105.271;207.634; 92.090;153.727;286.460; 96.719;160.680;196.334;173.224;   null;187.286;109.913;137.518;272.512
2004-11-08 13:20:00; 53.583;213.833;127.000;418.107;   null;207.714; 90.782;152.697;290.311; 98.795;160.700;193.816;174.734;   null;190.630;112.028;137.218;269.872
2004-11-08 13:25:00; 54.797;213.433;128.417;422.190;   null;209.082; 90.950;152.857;291.771; 98.494;160.680;195.118;175.194;   null;189.174;110.816;136.372;266.630
2004-11-08 13:30:00; 52.237;212.767;128.193;421.967;105.651;203.346; 90.312;154.933;288.727; 97.988;160.900;193.972;173.594;   null;189.474;110.870;135.534;268.318
2004-11-08 13:35:00; 54.057;212.600;126.617;422.577;   null;204.546; 91.340;153.627;292.343; 99.567;160.500;193.054;173.044;   null;190.116;111.158;135.564;266.172
2004-11-08 13:40:00; 53.917;212.067;125.860;421.407;   null;206.630; 89.584;153.320;290.609; 98.045;160.420;193.640;173.678;   null;188.222;111.338;135.932;266.416
2004-11-08 13:45:00; 52.927;212.100;127.207;420.530;106.350;207.882; 91.762;155.197;288.764; 97.936;161.500;192.910;172.794;   null;189.456;110.934;136.066;266.596
2004-11-08 13:50:00; 53.147;212.033;128.963;421.703;   null;206.988; 90.938;152.743;288.244; 98.197;162.120;191.382;174.152;   null;191.392;112.346;135.572;266.444
2004-11-08 13:55:00; 53.263;212.400;128.023;420.960;   null;204.794; 90.500;154.054;288.291; 97.326;161.460;192.034;175.558;   null;191.134;112.964;135.826;265.664
2004-11-08 14:00:00; 53.613;213.200;126.817;422.433;106.625;205.616; 90.126;153.757;288.356;100.423;160.700;191.690;174.286;   null;193.066;112.134;136.428;266.884
2004-11-08 14:05:00; 54.520;213.067;126.737;424.324;   null;206.308; 90.880;152.907;286.991; 98.991;162.160;192.206;174.270;   null;193.090;112.624;134.262;265.954
2004-11-08 14:10:00; 54.243;212.800;127.827;422.160;   null;207.456; 90.256;157.050;282.268; 98.463;159.540;189.952;172.776;   null;189.150;112.032;133.088;265.158
2004-11-08 14:15:00; 55.013;212.200;129.090;417.457;105.442;206.168; 89.716;155.560;283.520; 98.936;161.400;192.980;173.112;   null;194.860;111.030;134.254;264.062
2004-11-08 14:20:00; 54.377;211.433;127.137;421.630;   null;203.528; 89.800;153.170;284.399; 97.749;161.220;193.622;174.232;   null;194.754;112.856;133.638;262.968
2004-11-08 14:25:00; 53.110;212.900;127.780;415.873;   null;206.782; 89.114;152.287;284.850; 97.711;160.900;194.964;173.768;   null;194.230;112.448;133.440;260.724
2004-11-08 14:30:00; 54.500;212.533;125.753;416.163;104.876;205.114; 89.468;155.333;288.127; 98.905;157.900;194.364;176.324;   null;190.600;112.460;133.110;262.198
2004-11-08 14:35:00; 53.137;212.733;125.683;417.290;   null;203.958; 90.520;154.267;283.665; 97.131;160.480;193.852;173.890;   null;192.396;111.668;133.616;262.172
2004-11-08 14:40:00; 54.177;212.400;127.867;415.783;   null;207.424; 89.324;152.287;285.256; 97.702;160.020;195.100;176.464;   null;196.678;111.506;132.814;261.174
2004-11-08 14:45:00; 53.873;213.033;126.477;414.293;105.665;204.964; 88.828;152.703;284.531; 98.305;159.440;192.274;175.578;   null;195.156;111.972;132.726;261.502
2004-11-08 14:50:00; 54.353;212.633;127.420;416.900;   null;202.600; 90.998;155.393;287.725; 98.134;159.700;195.000;175.064;   null;196.098;111.710;132.018;258.516
2004-11-08 14:55:00; 54.033;213.867;127.587;416.067;   null;205.062; 89.422;153.117;286.925; 98.416;159.640;193.698;175.854;   null;194.174;111.202;131.444;258.448
2004-11-08 15:00:00; 54.540;211.700;127.750;416.823;104.474;204.614; 90.626;149.400;285.969; 97.406;162.060;195.542;174.206;   null;196.930;111.816;132.096;259.506
2004-11-08 15:05:00; 53.953;211.200;126.117;415.097;   null;202.622; 88.536;153.277;287.441; 97.905;160.600;193.956;176.444;   null;197.698;112.034;132.494;259.900
2004-11-08 15:10:00; 54.457;213.633;125.980;413.313;   null;203.804; 89.892;152.263;286.979; 95.929;161.940;194.480;175.920;   null;195.170;112.530;132.170;259.186
2004-11-08 15:15:00; 54.717;211.167;126.367;414.527;105.122;202.610; 90.128;152.837;287.869;100.748;158.960;194.640;174.846;   null;196.800;112.720;132.390;259.790
2004-11-08 15:20:00; 52.897;211.567;127.503;415.130;   null;204.552; 89.936;153.640;288.383; 98.681;160.280;195.054;175.372;   null;196.414;111.944;133.848;259.984
2004-11-08 15:25:00; 54.370;211.033;126.220;415.280;   null;202.378; 90.694;150.446;287.033; 99.161;157.700;195.072;174.476;   null;194.762;112.458;131.924;261.786
2004-11-08 15:30:00; 54.057;214.667;127.707;416.053;105.051;204.308; 90.680;153.364;287.897; 97.211;160.800;194.152;174.842;   null;196.108;111.906;134.148;261.082
2004-11-08 15:35:00; 54.023;213.500;125.330;414.020;   null;204.464; 88.192;151.750;288.686; 98.675;159.480;197.692;177.418;   null;198.122;112.398;133.944;262.880
2004-11-08 15:40:00; 54.093;215.200;124.443;414.017;   null;203.336; 91.214;150.920;289.086; 99.701;159.100;195.502;175.100;   null;196.864;112.600;131.730;261.356
2004-11-08 15:45:00; 53.810;213.100;128.377;412.163;104.672;203.592; 90.268;154.124;290.122; 99.170;158.560;197.718;178.072;   null;199.264;113.394;131.948;262.086
2004-11-08 15:50:00; 52.703;213.867;126.960;414.673;   null;205.744; 92.644;150.193;290.172; 99.082;159.920;199.254;175.696;   null;197.602;113.486;133.120;262.526
2004-11-08 15:55:00; 52.903;213.267;126.313;415.907;   null;201.482; 90.246;151.563;293.223; 97.258;158.560;196.626;177.552;   null;197.242;112.608;134.160;261.926
2004-11-08 16:00:00; 54.020;212.633;126.490;411.800;103.923;204.226; 90.168;152.977;292.927; 98.436;161.860;198.190;177.152;   null;197.930;114.160;134.258;264.200
2004-11-08 16:05:00; 52.987;213.533;126.253;412.217;   null;200.886; 91.304;151.350;292.746; 96.807;158.020;199.042;177.394;   null;199.454;113.116;132.710;261.472
2004-11-08 16:10:00; 54.180;210.100;126.933;413.717;   null;202.806; 88.938;149.683;291.350; 97.330;160.160;197.468;176.146;   null;196.582;112.588;133.286;262.684
2004-11-08 16:15:00; 52.923;212.100;125.630;407.197;104.446;203.130; 90.404;152.863;289.297; 98.360;160.320;196.616;178.220;   null;196.624;114.196;133.888;259.988
2004-11-08 16:20:00; 52.143;212.400;125.573;410.777;   null;202.458; 90.918;149.523;291.003; 96.894;158.560;198.130;176.492;   null;202.084;114.390;133.510;262.096
2004-11-08 16:25:00; 53.500;214.300;126.357;408.253;   null;203.746; 90.038;151.353;292.369; 97.859;162.200;197.320;176.018;   null;197.034;112.116;132.212;263.840
2004-11-08 16:30:00; 53.960;211.933;127.710;408.207;103.639;201.980; 89.688;151.870;291.761; 96.567;163.480;199.512;177.606;   null;201.196;112.664;133.770;263.414
2004-11-08 16:35:00; 53.567;212.500;126.343;410.373;   null;201.486; 89.316;153.187;293.092; 98.387;159.720;196.898;178.434;   null;198.534;113.054;134.212;264.070
2004-11-08 16:40:00; 53.067;212.433;126.487;413.540;   null;205.560; 89.892;151.493;294.207; 98.774;161.080;197.836;179.068;   null;198.176;113.270;133.334;263.640
2004-11-08 16:45:00; 53.127;210.100;127.940;409.830;105.034;205.818; 90.146;153.757;294.732; 97.837;160.060;198.542;178.966;   null;198.416;114.066;134.806;264.164
2004-11-08 16:50:00; 52.710;212.567;127.900;412.883;   null;203.300; 88.822;153.363;294.715; 97.582;160.660;197.934;179.586;   null;199.568;114.228;135.892;266.070
2004-11-08 16:55:00; 53.713;214.500;126.187;416.840;   null;205.176; 89.056;154.190;290.975; 99.144;158.000;196.944;176.972;   null;199.216;113.498;135.434;266.808
2004-11-08 17:00:00; 52.540;209.833;125.913;416.460;105.626;203.384; 90.036;154.420;291.417; 97.922;161.380;198.158;179.126;   null;199.246;112.500;136.360;268.484
2004-11-08 17:05:00; 53.807;211.300;125.083;417.937;   null;204.450; 90.110;153.400;293.042; 98.471;161.120;198.836;180.202;   null;199.386;113.026;137.576;266.124
2004-11-08 17:10:00; 54.537;211.100;125.893;415.994;   null;206.182; 89.636;152.100;292.977; 99.230;161.580;197.876;179.380;   null;198.146;113.144;138.908;270.222
2004-11-08 17:15:00; 54.567;213.467;127.463;414.750;105.779;206.928; 90.642;153.177;293.355; 98.114;159.180;200.314;178.172;   null;197.880;112.954;138.248;269.512
2004-11-08 17:20:00; 54.493;211.900;127.300;412.903;   null;209.002; 91.068;154.353;294.966; 98.876;158.740;200.564;178.348;   null;198.214;113.498;138.488;269.392
2004-11-08 17:25:00; 54.147;211.467;127.027;414.730;   null;202.716; 89.974;151.393;295.098; 97.786;160.140;200.214;178.150;   null;200.254;114.120;137.490;272.556
2004-11-08 17:30:00; 54.000;210.467;127.643;415.140;105.668;205.546; 88.438;154.643;293.585; 97.169;159.340;198.014;177.796;   null;198.460;113.346;138.338;272.040
2004-11-08 17:35:00; 53.480;211.133;125.643;415.997;   null;207.132; 90.724;153.697;299.602; 98.352;160.420;197.652;179.252;   null;197.984;113.550;137.576;271.894
2004-11-08 17:40:00; 52.540;209.867;126.083;416.933;   null;205.340; 89.734;151.797;293.206; 99.422;162.420;198.020;178.816;   null;196.468;111.936;139.186;271.040
2004-11-08 17:45:00; 54.673;209.067;127.943;415.270;105.546;204.208; 90.954;152.457;291.135; 97.557;159.720;199.650;178.646;   null;198.660;113.946;138.796;271.682
2004-11-08 17:50:00; 52.523;209.833;125.527;415.100;   null;205.432; 89.780;152.123;292.484; 97.152;160.200;199.218;177.828;   null;194.884;112.656;138.690;272.928
2004-11-08 17:55:00; 52.937;211.300;126.173;416.490;   null;203.904; 87.816;153.343;290.725; 97.739;160.280;199.570;179.128;   null;197.504;112.256;139.768;273.170
2004-11-08 18:00:00; 54.007;213.867;124.933;419.783;105.639;206.360; 90.104;154.847;290.001; 99.593;161.580;197.256;178.560;   null;198.450;112.504;139.514;271.396
2004-11-08 18:05:00; 53.100;210.867;126.640;416.170;   null;202.114; 90.188;154.950;291.120; 99.141;160.200;196.662;179.356;   null;200.948;113.814;138.266;271.926
2004-11-08 18:10:00; 53.657;210.233;126.583;415.700;   null;205.614; 90.150;151.853;293.535; 99.584;161.760;199.256;179.594;   null;198.924;112.416;139.074;271.796
2004-11-08 18:15:00; 54.260;212.500;124.607;414.560;105.602;204.450; 90.864;154.700;296.289; 99.151;160.460;198.246;176.578;   null;196.674;112.720;140.006;271.550
2004-11-08 18:20:00; 52.943;208.367;127.387;418.294;   null;206.396; 89.414;153.650;292.434; 99.406;161.160;199.702;176.538;   null;195.384;114.422;139.408;272.830
2004-11-08 18:25:00; 53.797;213.667;126.720;419.540;   null;203.852; 90.398;154.350;291.532; 98.077;158.660;199.078;179.606;   null;196.776;112.976;140.868;273.904
2004-11-08 18:30:00; 53.790;211.033;126.820;416.787;106.028;206.374; 89.792;152.787;292.205; 98.741;159.680;199.364;177.890;   null;196.448;113.136;139.270;270.038
2004-11-08 18:35:00; 53.683;214.300;126.183;416.820;   null;204.962; 88.778;152.743;293.055; 97.597;161.680;198.436;177.620;   null;197.594;114.066;137.770;273.092
2004-11-08 18:40:00; 53.230;211.667;127.283;415.280;   null;206.558; 89.596;153.067;293.990; 98.790;161.420;197.060;177.546;   null;196.922;112.394;138.394;272.656
2004-11-08 18:45:00; 53.863;211.067;127.553;421.817;106.320;208.134; 89.946;152.987;293.120; 99.166;161.700;196.798;178.444;   null;197.858;112.860;138.890;270.298
2004-11-08 18:50:00; 53.513;211.500;126.623;417.150;   null;207.730; 88.746;154.443;290.126; 96.961;161.440;199.002;177.176;   null;198.734;112.906;139.304;271.664
2004-11-08 18:55:00; 53.653;213.600;126.683;417.957;   null;206.622; 89.868;152.443;293.920; 99.448;160.340;200.326;178.598;   null;195.718;113.068;140.010;270.590
2004-11-08 19:00:00; 54.677;212.833;127.433;419.993;105.125;209.198; 89.422;152.217;292.464;100.746;159.860;200.908;179.454;   null;198.694;111.754;141.312;271.070
2004-11-08 19:05:00; 53.737;212.400;129.387;415.170;   null;207.414; 89.974;152.600;291.124; 98.133;160.860;199.818;176.146;   null;197.044;111.684;138.846;273.878
2004-11-08 19:10:00; 53.443;210.767;124.300;419.630;   null;206.170; 88.914;154.007;293.208; 99.169;160.500;200.982;179.150;   null;198.850;112.840;137.922;272.022
2004-11-08 19:15:00; 52.197;211.433;127.770;417.947;105.786;206.762; 90.316;153.997;294.095; 98.534;162.640;198.260;179.466;   null;196.754;112.954;140.384;272.774
2004-11-08 19:20:00; 52.747;210.333;126.790;419.250;   null;206.244; 90.280;155.963;290.486; 98.656;162.240;199.640;181.050;   null;199.426;111.908;138.982;270.240
2004-11-08 19:25:00; 53.083;212.667;124.817;417.687;   null;208.892; 89.368;153.063;292.474; 98.167;161.880;199.568;180.004;   null;199.610;111.636;138.930;269.762
2004-11-08 19:30:00; 53.793;211.267;126.320;417.070;106.192;206.440; 87.954;154.023;292.650; 97.749;161.620;200.320;180.042;   null;198.018;113.730;140.146;273.248
2004-11-08 19:35:00; 55.177;211.467;128.317;414.573;   null;206.826; 88.422;154.593;292.145; 99.808;160.600;198.874;181.074;   null;199.958;113.484;139.428;272.498
2004-11-08 19:40:00; 53.870;214.333;127.540;420.370;   null;206.854; 89.526;154.033;290.936; 97.756;161.280;201.200;180.432;   null;196.990;112.062;140.704;270.962
2004-11-08 19:45:00; 53.697;212.600;126.813;414.630;106.530;206.796; 89.356;151.880;294.048; 98.485;161.320;200.472;179.940;   null;198.384;112.978;138.548;271.140
2004-11-08 19:50:00; 53.600;212.300;126.307;417.684;   null;208.740; 90.078;153.357;291.830; 98.095;161.660;199.068;179.810;   null;198.350;112.632;139.630;271.154
2004-11-08 19:55:00; 54.400;212.767;126.483;417.137;   null;206.796; 89.794;155.753;291.783;100.110;162.000;199.560;182.290;   null;197.418;112.718;136.942;272.790
2004-11-08 20:00:00; 53.547;212.133;127.623;419.363;105.894;209.096; 90.358;154.713;292.173; 98.911;164.840;199.736;181.914;   null;198.908;113.258;139.226;272.752
2004-11-08 20:05:00; 53.663;212.100;128.000;417.827;   null;206.178; 89.326;153.730;294.629; 98.602;162.440;198.050;181.100;   null;197.172;111.998;137.288;272.312
2004-11-08 20:10:00; 53.230;212.533;127.687;422.597;   null;208.874; 90.430;154.810;290.176; 99.104;160.160;198.678;181.888;   null;195.984;111.114;139.242;269.832
2004-11-08 20:15:00; 54.220;213.967;127.787;419.640;106.593;207.294; 89.610;153.397;291.574; 98.447;162.600;199.482;179.920;   null;198.488;112.678;138.172;272.326
2004-11-08 20:20:00; 53.873;211.200;127.003;418.983;   null;209.478; 89.188;153.050;290.745; 98.366;160.880;198.056;180.706;   null;196.082;112.830;139.190;269.474
2004-11-08 20:25:00; 54.513;212.700;126.087;419.757;   null;207.414; 89.022;153.860;293.152; 98.588;161.920;197.294;180.870;   null;196.420;113.062;139.740;272.366
2004-11-08 20:30:00; 52.847;215.200;128.363;421.007;105.879;207.854; 89.736;154.947;293.022; 98.532;162.640;198.298;181.146;   null;195.498;113.952;139.766;272.342
2004-11-08 20:35:00; 55.150;213.333;127.143;419.053;   null;208.192; 89.866;155.520;290.177; 98.787;162.180;198.708;180.628;   null;197.662;113.502;139.504;272.202
2004-11-08 20:40:00; 53.783;213.167;127.767;419.647;   null;208.352; 89.820;153.867;291.852; 98.807;159.720;199.088;180.116;   null;196.718;113.184;139.656;270.756
2004-11-08 20:45:00; 53.713;210.833;128.803;421.570;106.015;206.342; 90.044;156.180;289.542; 97.903;160.240;198.584;178.830;   null;195.290;112.120;139.114;272.038
2004-11-08 20:50:00; 55.127;213.533;127.873;420.300;   null;208.926; 88.374;155.630;291.495; 97.571;161.740;197.966;180.656;   null;196.308;113.632;137.742;269.936
2004-11-08 20:55:00; 53.037;215.433;128.187;416.740;   null;208.978; 89.170;155.863;295.852; 98.579;161.780;196.810;178.520;   null;197.618;112.710;136.508;270.922
2004-11-08 21:00:00; 55.537;212.267;128.293;419.963;105.579;210.074; 89.576;154.503;294.225; 99.613;161.520;197.706;180.312;   null;195.756;113.038;138.934;270.666
2004-11-08 21:05:00; 54.610;212.733;129.770;420.010;   null;209.058; 90.942;154.837;293.608; 99.605;160.940;197.478;180.186;   null;194.762;113.712;140.324;272.854
2004-11-08 21:10:00; 54.153;212.967;126.840;417.933;   null;207.584; 90.808;154.420;292.795; 99.212;159.580;198.304;180.002;   null;196.362;113.528;138.592;272.794
2004-11-08 21:15:00; 53.303;213.900;127.473;417.240;106.283;208.088; 88.682;153.037;291.819; 97.889;162.000;197.652;180.960;   null;195.422;112.600;139.644;272.064
2004-11-08 21:20:00; 54.967;211.400;129.170;418.210;   null;208.830; 89.858;151.790;293.510; 98.266;158.700;196.026;179.488;   null;197.964;113.710;139.042;269.528
2004-11-08 21:25:00; 53.233;212.333;128.790;419.100;   null;205.748; 90.226;154.433;293.510; 98.854;163.060;196.782;180.434;   null;195.004;113.412;139.340;270.750
2004-11-08 21:30:00; 55.703;214.600;127.873;418.636;105.765;207.438; 91.310;153.510;293.185; 96.149;160.940;199.314;178.946;   null;195.936;113.070;139.588;270.652
2004-11-08 21:35:00; 53.747;211.067;128.047;415.107;   null;207.802; 89.370;151.930;289.363; 96.377;162.000;196.202;180.010;   null;195.808;113.696;140.138;270.526
2004-11-08 21:40:00; 53.020;211.833;126.987;418.053;   null;206.412; 91.740;152.303;291.249; 97.743;160.540;198.158;178.874;   null;195.006;113.510;139.748;272.478
2004-11-08 21:45:00; 54.617;212.700;127.273;419.063;105.895;206.740; 90.254;153.710;291.964; 98.326;159.320;197.714;178.396;   null;196.526;112.924;139.428;272.844
2004-11-08 21:50:00; 52.657;211.433;128.023;420.610;   null;207.056; 88.918;155.613;291.313; 97.778;161.220;195.300;177.712;   null;194.616;113.714;138.282;270.022
2004-11-08 21:55:00; 54.670;213.633;127.250;414.280;   null;207.144; 90.026;155.940;290.663; 96.566;162.180;196.082;178.042;   null;197.806;112.524;138.436;272.862
2004-11-08 22:00:00; 53.950;213.733;128.583;420.560;106.177;204.716; 90.038;153.910;292.665; 99.635;161.600;198.092;178.040;   null;197.246;113.028;139.456;273.608
2004-11-08 22:05:00; 53.630;211.133;126.983;416.833;   null;206.140; 91.208;152.870;292.144; 99.033;159.980;197.652;175.670;   null;196.000;111.770;137.994;271.972
2004-11-08 22:10:00; 54.097;210.400;128.757;414.323;   null;208.418; 90.170;155.126;290.826; 98.289;160.920;197.744;178.528;   null;194.648;113.628;138.558;273.020
2004-11-08 22:15:00; 53.653;211.400;125.237;418.343;106.690;205.110; 89.568;154.057;293.848; 98.366;159.500;197.004;178.916;   null;194.510;113.260;138.966;273.718
2004-11-08 22:20:00; 53.643;210.500;128.053;413.570;   null;210.638; 90.816;156.727;292.874; 98.589;160.480;197.256;177.922;   null;196.112;113.986;137.986;272.178
2004-11-08 22:25:00; 54.687;214.633;128.320;415.033;   null;206.846; 90.132;152.810;290.791; 98.295;159.440;198.178;176.728;   null;197.014;113.280;139.870;275.086
2004-11-08 22:30:00; 53.633;212.433;128.477;416.030;105.367;208.902; 89.360;151.913;289.428; 98.572;161.120;198.724;176.758;   null;195.818;112.892;139.202;272.246
2004-11-08 22:35:00; 53.877;209.200;125.550;413.543;   null;207.240; 88.720;155.307;291.811; 97.159;160.260;196.310;173.304;   null;197.328;113.160;138.902;271.268
2004-11-08 22:40:00; 53.260;212.200;129.123;417.813;   null;208.712; 89.920;156.303;291.227; 98.872;159.100;195.848;176.808;   null;196.996;113.222;139.754;272.732
2004-11-08 22:45:00; 54.420;211.633;127.917;412.410;105.892;207.320; 89.650;155.493;293.174; 99.807;160.280;197.706;179.206;   null;196.162;111.864;139.076;271.772
2004-11-08 22:50:00; 53.797;210.167;130.093;411.497;   null;207.542; 90.756;153.990;293.705; 97.235;161.000;195.152;178.852;   null;197.334;112.578;140.116;273.290
2004-11-08 22:55:00; 53.923;211.767;126.600;413.293;   null;207.336; 90.920;151.730;292.280; 98.146;161.900;197.412;180.072;   null;197.720;113.562;138.622;275.780
2004-11-08 23:00:00; 53.313;212.933;128.073;412.373;106.064;210.158; 88.702;154.537;292.570; 99.292;161.240;195.720;178.438;   null;197.994;112.508;141.174;272.570
2004-11-08 23:05:00; 53.717;212.067;129.077;413.147;   null;208.996; 91.530;155.753;292.928; 98.467;160.940;195.890;177.508;   null;195.898;113.226;138.772;273.788
2004-11-08 23:10:00; 54.180;213.400;128.803;416.773;   null;208.388; 90.222;154.427;292.214; 99.482;162.000;197.316;177.764;   null;197.176;112.390;139.006;275.542
2004-11-08 23:15:00; 53.990;212.400;128.167;415.264;106.306;208.726; 90.260;153.187;293.056; 99.028;159.640;196.682;175.378;   null;196.702;112.052;137.976;272.102
2004-11-08 23:20:00; 54.140;212.533;128.000;414.110;   null;207.934; 89.178;152.927;290.593; 98.661;162.400;197.244;177.954;   null;197.530;113.360;139.716;272.270
2004-11-08 23:25:00; 52.943;213.067;126.780;412.870;   null;211.210; 89.988;155.070;294.591; 97.621;159.520;195.616;177.176;   null;196.036;111.968;137.632;271.326
2004-11-08 23:30:00; 55.163;213.867;127.780;413.410;106.617;207.676; 91.724;153.967;292.486; 96.205;162.120;195.756;178.334;   null;197.374;112.920;137.546;271.232
2004-11-08 23:35:00; 53.887;213.933;129.163;415.137;   null;210.716; 89.648;152.860;292.500; 98.628;161.380;197.212;178.782;   null;195.032;113.070;139.788;270.478
2004-11-08 23:40:00; 54.600;210.200;127.707;413.367;   null;209.396; 90.512;153.763;292.953; 99.973;160.840;195.354;177.610;   null;197.104;113.480;140.298;272.166
2004-11-08 23:45:00; 53.797;214.300;129.330;414.653;106.097;210.336; 89.170;153.670;293.147; 99.739;161.580;197.556;176.056;   null;197.072;112.828;139.588;269.100
2004-11-08 23:50:00; 54.980;213.100;128.253;409.803;   null;206.518; 90.486;155.720;292.324;100.072;160.440;195.580;176.374;   null;196.040;112.748;139.466;272.376
2004-11-08 23:55:00; 53.787;213.667;127.347;415.547;   null;209.094; 90.222;152.063;294.040; 97.384;160.700;198.198;177.548;   null;196.940;112.324;138.708;271.772
2004-11-09 00:00:00; 53.713;210.500;128.880;414.230;105.772;207.700; 88.814;154.513;291.516; 98.949;160.760;196.586;177.298;   null;196.836;111.648;139.482;271.704
2004-11-09 00:05:00; 53.870;213.367;127.427;413.587;   null;208.856; 91.176;156.877;290.932;100.366;161.660;197.744;176.920;   null;198.274;112.600;137.934;271.814
2004-11-09 00:10:00; 53.843;210.567;128.640;410.713;   null;209.760; 89.916;151.847;291.030; 97.306;162.160;197.838;178.682;   null;197.308;113.574;140.160;272.010
2004-11-09 00:15:00; 55.820;213.067;128.967;413.577;107.002;206.252; 91.780;154.220;293.413;100.114;163.440;197.216;176.298;   null;195.628;112.326;140.250;271.606
2004-11-09 00:20:00; 54.380;213.700;126.617;415.250;   null;206.926; 90.116;153.363;293.037; 98.859;159.940;196.628;175.712;   null;195.936;113.930;139.594;274.200

