DATETIME,ESOI,ATHN,MXCO,ROME,AATB,LMKS,DRBS,MOSC,NEWK,KIEL,CALG,OULU,APTY,FSMT,INVK,NAIN,PWNK,THUL,SOPB,SOPO
2002-04-17 06:05:00,169.81,53.39,213.233,127.183,1365.48,408.853,105.99451500000004,211.472,90.72,157.307,299.869,98.567,161.96,193.396,178.258,196.0,199.432,112.656,47.096,267.248
2002-04-17 06:10:00,170.926,51.83,213.167,127.433,1372.5,409.68,106.4692399999999,215.258,90.718,158.323,299.447,100.141,162.36,195.424,180.1,192.792,198.528,114.25,46.896,270.248
2002-04-17 06:15:00,172.728,51.783,213.533,128.22,1378.4,405.52,106.221,214.67,88.734,160.313,299.057,102.008,161.14,193.374,178.728,193.702,197.298,113.082,46.396,270.606
2002-04-17 06:20:00,169.916,51.147,214.767,127.883,1370.44,409.16,106.31959687499997,214.464,90.64,158.793,299.512,100.761,160.18,192.39,175.876,193.076,199.62,113.694,47.248,268.774
2002-04-17 06:25:00,172.356,53.023,212.567,126.12,1375.9,408.803,106.33024208333332,214.76,89.086,159.83,299.006,99.884,161.9,194.964,176.63,193.36,200.662,114.54,45.712,268.006
2002-04-17 06:30:00,170.812,52.34,212.767,127.91,1372.48,409.8,106.822,214.83,90.01,159.257,302.349,100.838,162.94,192.92,179.686,195.052,200.026,112.674,46.21,268.11
2002-04-17 06:35:00,170.95,52.013,213.4,127.643,1374.9,408.913,106.35539208333324,214.81,90.42,158.537,298.508,100.064,161.18,193.76,176.6,193.56,199.216,113.932,45.82,267.87
2002-04-17 06:40:00,173.408,52.953,214.3,128.99,1379.16,405.713,105.96723166666654,214.02,90.194,155.077,300.884,100.611,160.36,195.358,175.724,194.248,200.074,113.89,46.384,267.246
2002-04-17 06:45:00,171.886,52.577,213.467,126.193,1371.08,407.053,106.254,217.554,89.862,157.85,301.861,98.958,163.74,192.612,178.286,194.816,200.562,113.078,46.538,269.184
2002-04-17 06:50:00,171.214,53.083,213.967,126.833,1380.3,408.83,106.35435999999969,216.028,90.316,157.983,299.369,99.793,163.34,195.778,179.436,193.372,201.746,113.642,46.838,267.982
2002-04-17 06:55:00,171.672,53.653,214.933,127.157,1366.94,409.263,106.00566541666656,212.832,90.616,157.53,300.713,101.129,162.4,196.886,176.446,196.238,196.788,112.962,45.644,267.98
2002-04-17 07:00:00,171.93,52.707,212.067,127.63,1374.82,407.857,104.72,216.342,90.152,159.69,299.443,100.871,160.88,192.842,176.144,194.948,198.89,114.48,46.16,269.544
2002-04-17 07:05:00,172.25,53.587,213.833,127.73,1363.88,413.5,106.37926083333328,213.894,90.854,158.093,299.759,99.786,162.08,194.308,177.724,195.278,198.818,113.5,46.2,263.98
2002-04-17 07:10:00,170.678,52.053,213.433,127.63,1375.4,408.657,106.48552125000002,214.836,90.126,159.073,299.922,99.344,161.44,192.52,178.034,195.198,199.262,113.96,46.206,264.83
2002-04-17 07:15:00,171.898,52.067,212.2,129.773,1371.1,408.573,105.979,214.806,88.332,158.903,298.553,100.566,160.74,193.928,177.316,192.846,199.896,113.728,46.264,265.58
2002-04-17 07:20:00,171.474,51.617,213.167,128.043,1376.32,408.42,106.74173124999994,215.866,89.208,159.083,300.086,99.643,161.36,194.79,176.952,195.292,199.722,114.95,45.34,266.364
2002-04-17 07:25:00,171.768,53.193,209.967,127.62,1373.18,409.427,106.38254791666657,215.432,88.34,159.55,302.758,101.732,164.34,194.44,177.968,195.752,198.288,114.29,46.276,265.674
2002-04-17 07:30:00,172.016,53.143,212.533,128.317,1373.2,411.45,106.487,215.526,90.608,159.163,298.783,101.868,161.92,194.206,175.27,195.356,198.184,113.338,46.47,267.858
2002-04-17 07:35:00,173.02,53.437,212.467,126.327,1375.0,409.65,106.49077624999998,212.966,89.402,161.59,299.998,101.299,165.38,194.096,179.444,194.458,200.876,113.1,46.618,265.9
2002-04-17 07:40:00,173.01,51.797,212.0,126.047,1367.3,408.49,106.2399924999999,216.094,92.01,157.673,299.214,100.934,162.92,193.882,177.96,193.9,198.336,113.09,46.168,267.436
2002-04-17 07:45:00,169.368,52.763,215.933,126.9,1372.32,408.283,106.355,214.902,90.088,157.983,301.617,100.923,161.44,195.068,178.212,196.692,198.996,113.774,45.972,267.062
2002-04-17 07:50:00,170.79,51.843,214.0,129.42,1374.8,410.813,106.77931458333308,216.01,91.102,158.533,301.707,100.206,161.92,194.688,178.86,194.108,198.196,112.322,45.85,267.116
2002-04-17 07:55:00,170.04,54.347,210.5,128.57,1376.78,408.926,106.18667458333323,215.324,88.432,159.573,300.207,98.212,161.66,193.35,177.08,193.842,198.398,114.33,45.88,264.456
2002-04-17 08:00:00,171.944,52.717,213.667,126.597,1374.94,411.967,106.841,214.552,90.574,158.483,300.785,100.538,161.28,192.694,176.402,196.438,199.882,114.186,45.164,264.548
2002-04-17 08:05:00,171.864,52.137,216.3,128.583,1375.1,409.153,106.38220833333331,217.126,89.936,161.2,301.022,101.402,163.42,194.316,177.35,196.588,197.934,114.0,46.514,265.97
2002-04-17 08:10:00,170.864,52.777,212.933,128.127,1372.96,411.47,106.7405141666666,216.662,89.91,158.737,300.109,99.636,161.88,193.402,176.656,195.056,201.942,114.71,45.688,264.762
2002-04-17 08:15:00,170.474,52.06,212.967,127.433,1379.28,407.813,106.959,212.562,89.466,159.18,299.522,101.493,160.86,195.494,176.094,195.134,199.56,113.782,46.476,262.862
2002-04-17 08:20:00,171.388,52.473,213.333,127.19,1370.32,413.203,106.40614916666664,214.584,90.052,156.603,301.153,99.549,162.88,193.912,177.906,194.64,199.996,113.58,46.086,264.054
2002-04-17 08:25:00,171.746,52.457,214.133,126.267,1373.34,409.87,106.21282458333333,215.008,90.858,155.1,299.023,101.835,160.14,194.7,177.578,195.546,200.206,113.272,45.206,264.146
2002-04-17 08:30:00,171.156,52.56,211.933,126.84,1376.26,411.047,106.487,215.68,91.35,159.527,299.675,99.492,159.92,193.7,178.254,195.438,198.71,113.186,46.168,265.404
2002-04-17 08:35:00,170.59,52.867,212.767,126.94,1383.28,411.46,106.39621250000002,216.192,89.658,159.917,298.902,99.183,161.3,193.966,177.168,195.778,198.83,114.75,45.864,266.294
2002-04-17 08:40:00,172.454,52.183,213.233,127.98,1369.68,415.887,106.44124291666644,215.296,90.684,160.977,299.293,101.322,159.62,192.66,177.074,194.626,197.692,113.452,46.658,264.826
2002-04-17 08:45:00,169.268,52.527,210.833,126.117,1379.64,413.52,106.818,214.8,88.848,158.77,301.055,98.913,162.86,195.174,177.268,197.388,199.766,114.438,45.858,266.45
2002-04-17 08:50:00,172.196,52.583,214.167,127.737,1375.26,410.53,106.5243020833333,215.066,90.334,159.027,299.685,100.718,162.04,195.374,179.22,194.794,200.018,114.646,46.282,265.688
2002-04-17 08:55:00,170.946,53.817,213.567,126.723,1375.72,411.067,106.36107104166669,215.668,90.248,159.423,300.883,100.804,160.14,196.046,178.546,196.494,200.806,114.292,46.552,265.256
2002-04-17 09:00:00,170.35,51.257,212.933,130.05,1375.32,412.367,108.008,216.196,90.616,159.17,302.58,100.005,161.9,194.538,175.942,196.498,199.114,113.332,46.15,264.1
2002-04-17 09:05:00,172.054,52.273,213.533,127.993,1371.5,410.28,106.25145333333322,214.468,90.902,157.683,298.434,100.598,162.34,195.15,177.638,192.172,197.754,113.374,46.064,266.01
2002-04-17 09:10:00,171.748,54.003,211.967,129.727,1374.62,410.33,106.42832499999987,216.492,91.054,158.947,299.946,99.584,162.9,194.94,177.636,198.686,199.786,113.674,45.87,267.892
2002-04-17 09:15:00,170.06,51.9,212.967,126.71,1376.58,410.827,107.601,216.28,90.988,159.543,299.969,101.489,160.58,194.896,176.504,194.982,198.198,115.882,46.132,265.346
2002-04-17 09:20:00,171.636,51.797,216.467,129.047,1383.36,413.913,106.55190916666652,216.694,90.478,160.563,297.782,101.278,161.96,194.644,178.036,192.892,199.988,114.782,45.572,267.432
2002-04-17 09:25:00,169.884,51.923,211.433,129.317,1375.56,411.166,106.69674499999991,216.526,90.204,159.957,299.317,100.203,163.84,195.47,176.738,194.848,199.7,114.132,45.91,265.694
2002-04-17 09:30:00,172.41,52.277,214.567,128.61,1381.38,413.163,106.53,216.556,90.324,160.124,300.655,98.579,162.26,194.514,176.572,194.07,198.63,113.79,46.142,265.788
2002-04-17 09:35:00,168.888,51.677,213.967,130.023,1378.2,413.763,106.94817499999975,215.012,89.324,159.203,302.116,100.61,162.0,195.536,179.058,195.978,198.782,114.69,46.0,263.188
2002-04-17 09:40:00,171.118,54.06,214.667,127.607,1381.16,414.153,106.47360812499994,215.388,90.07,158.55,299.928,100.239,160.14,194.214,179.19,196.676,197.556,114.086,45.872,264.756
2002-04-17 09:45:00,171.56,54.343,213.167,128.77,1376.74,417.597,107.897,215.796,88.848,159.943,300.375,101.432,162.2,193.386,179.864,191.954,198.84,113.968,45.986,263.662
2002-04-17 09:50:00,170.686,52.46,212.667,127.223,1373.04,413.843,106.74463791666662,215.528,91.158,158.6,299.548,99.864,161.2,194.17,175.594,195.304,199.722,114.464,46.342,264.968
2002-04-17 09:55:00,169.284,51.677,214.333,127.957,1382.48,411.807,106.66958833333325,215.81,90.29,161.667,298.599,101.205,162.18,195.232,176.618,195.47,202.83,112.846,45.78,264.846
2002-04-17 10:00:00,169.938,52.19,212.833,128.567,1386.38,415.663,106.63,215.658,90.684,160.257,299.798,101.833,162.76,194.044,177.87,195.666,199.224,114.888,45.62,263.09
2002-04-17 10:05:00,169.686,53.207,214.4,127.7,1383.36,416.877,106.60358333333328,215.67,90.42,161.974,300.027,100.787,162.54,193.314,175.766,194.68,198.87,114.774,46.228,265.616
2002-04-17 10:10:00,171.572,51.86,213.967,129.033,1380.9,416.06,106.79684166666647,215.324,89.632,158.727,300.453,99.603,162.56,195.74,177.848,194.998,200.408,114.664,46.372,264.012
2002-04-17 10:15:00,170.584,52.457,213.1,127.763,1378.1,416.21,106.963,216.588,91.142,159.263,302.843,100.281,161.98,194.736,177.668,195.426,199.682,114.406,46.17,264.516
2002-04-17 10:20:00,169.64,51.783,213.267,129.04,1380.86,415.67,106.75990874999981,216.944,89.13,161.317,300.673,100.136,160.52,193.588,176.978,197.266,201.55,114.228,45.238,264.402
2002-04-17 10:25:00,170.796,54.457,215.2,128.333,1383.1,413.863,106.61413875,216.302,92.408,159.22,299.624,100.146,163.48,192.954,178.54,196.68,199.282,114.2,46.298,264.824
2002-04-17 10:30:00,170.774,52.3,212.333,130.983,1376.16,414.803,106.999,215.822,90.014,160.27,299.319,99.286,161.48,195.27,178.204,195.02,199.242,114.998,45.43,263.462
2002-04-17 10:35:00,169.136,53.343,214.133,128.35,1377.76,413.753,106.54832687500006,215.652,91.306,159.923,298.99,99.269,160.84,194.742,177.336,194.518,199.368,114.23,45.092,263.804
2002-04-17 10:40:00,169.736,53.04,213.367,128.357,1379.06,415.413,106.61751749999996,215.032,89.94,160.23,300.368,98.937,163.22,195.418,177.254,195.538,199.832,114.284,46.266,267.176
2002-04-17 10:45:00,170.23,53.137,213.767,128.6,1382.3,410.817,105.869,218.516,91.35,160.667,302.555,99.666,162.56,195.628,178.828,195.932,199.332,113.74,46.452,264.662
2002-04-17 10:50:00,171.998,52.53,213.367,127.397,1380.78,415.23,106.59794874999996,215.578,90.094,161.43,301.792,100.655,162.62,193.906,177.504,194.17,201.17,113.16,46.58,266.436
2002-04-17 10:55:00,170.788,52.227,213.067,127.213,1381.92,413.183,106.86645083333327,216.09,90.162,158.937,301.146,100.679,162.52,193.764,178.128,199.512,199.2,112.914,46.6,262.4
2002-04-17 11:00:00,172.592,52.89,214.2,129.217,1380.32,412.283,106.285,214.112,90.512,159.79,298.738,100.506,162.08,194.318,177.71,194.784,200.07,114.852,46.122,264.336
2002-04-17 11:05:00,170.17,52.74,214.7,128.58,1378.1,411.53,106.76760166666662,215.974,90.966,159.36,300.041,101.234,164.3,193.056,176.392,195.506,200.336,113.236,46.192,267.04
2002-04-17 11:10:00,170.994,52.647,213.667,126.397,1370.18,415.147,106.56913333333324,215.228,90.268,160.407,301.279,100.624,161.98,195.644,177.286,197.114,199.552,114.22,45.54,264.256
2002-04-17 11:15:00,170.422,52.377,214.333,129.083,1376.74,410.787,105.134,214.328,90.552,161.426,303.12,99.229,160.56,196.262,177.26,196.03,198.436,114.346,45.968,263.926
2002-04-17 11:20:00,171.272,52.89,212.033,125.223,1380.14,411.593,106.57960458333329,216.902,90.616,160.39,300.095,99.821,162.18,193.678,180.614,194.33,200.792,114.232,45.536,262.86
2002-04-17 11:25:00,171.508,52.627,212.7,126.727,1374.34,413.55,106.7157637499999,215.184,88.812,157.607,301.828,101.245,162.68,192.73,177.0,193.862,200.634,114.486,45.258,262.312
2002-04-17 11:30:00,169.222,52.683,215.2,127.337,1377.62,411.84,106.844,218.15,89.276,158.857,300.018,99.495,162.2,194.276,177.76,195.516,201.338,115.194,45.524,263.592
2002-04-17 11:35:00,170.4,52.023,213.233,127.797,1376.5,407.917,106.24348166666645,214.632,90.524,161.35,300.073,100.682,164.78,196.376,177.596,194.332,198.424,113.754,45.906,264.242
2002-04-17 11:40:00,171.106,53.647,214.2,126.25,1371.96,412.423,106.04000458333327,216.65,89.63,158.367,295.431,98.886,159.94,193.454,179.81,195.636,197.864,114.642,45.11,261.71
2002-04-17 11:45:00,170.018,52.933,211.5,127.187,1373.7,410.897,106.405,213.138,90.352,160.063,298.216,99.897,160.82,194.304,177.29,199.13,199.134,114.238,45.058,263.77
2002-04-17 11:50:00,170.528,52.05,212.6,126.417,1368.06,411.567,106.11671583333333,216.774,90.514,161.17,298.348,100.445,161.96,194.33,178.148,196.206,199.298,113.852,45.532,259.372
2002-04-17 11:55:00,168.862,51.817,210.233,127.54,1370.84,411.747,106.18071958333323,217.134,89.726,159.404,295.646,99.425,162.26,195.908,176.358,194.836,197.822,115.126,45.292,262.516
2002-04-17 12:00:00,170.34,53.4,211.033,126.713,1375.8,410.467,105.526,214.51,89.898,159.327,298.038,100.589,161.4,193.078,177.722,195.978,197.018,114.274,45.134,261.638
2002-04-17 12:05:00,170.462,52.427,209.367,128.343,1367.1,411.9,106.16874874999996,217.086,90.192,159.657,298.039,99.932,161.56,192.316,178.928,195.656,199.518,113.832,45.568,263.332
2002-04-17 12:10:00,169.29,52.73,212.9,129.453,1376.54,408.5,106.04116833333326,216.292,90.956,160.83,296.62,98.789,161.78,195.358,175.522,197.418,198.992,112.958,44.354,260.366
2002-04-17 12:15:00,169.014,52.227,213.367,127.313,1374.44,410.94,106.548,214.93,89.128,161.137,299.068,98.989,162.94,193.38,176.336,195.486,199.806,114.28,45.71,260.46
2002-04-17 12:20:00,172.756,51.73,211.7,128.233,1370.4,416.136,105.95276833333324,215.224,90.878,161.043,296.493,99.629,161.86,191.492,175.43,195.114,198.196,114.232,44.82,260.414
2002-04-17 12:25:00,169.684,52.887,213.167,126.687,1373.5,412.93,106.11921791666654,214.22,88.64,158.977,292.975,98.965,161.94,193.446,175.672,193.848,199.128,113.946,45.22,261.33
2002-04-17 12:30:00,170.042,52.813,212.533,128.843,1366.44,412.427,105.786,217.64,90.39,159.69,296.969,99.799,163.24,194.04,175.438,196.216,197.3,114.09,44.892,260.744
2002-04-17 12:35:00,170.388,50.95,213.867,127.593,1367.84,414.583,105.47731833333332,214.496,90.024,158.914,295.732,99.127,160.74,191.392,173.374,197.898,195.716,114.142,44.866,260.696
2002-04-17 12:40:00,170.824,53.103,214.0,125.993,1371.48,415.65,105.4664887499999,213.752,90.99,161.703,289.802,99.821,163.92,190.552,174.698,194.662,195.272,113.82,45.38,260.486
2002-04-17 12:45:00,169.438,52.233,215.9,128.12,1367.96,412.32,105.362,215.466,91.2,159.993,293.585,98.553,162.5,190.742,175.378,193.64,194.642,114.598,45.906,264.778
2002-04-17 12:50:00,170.602,52.297,212.6,129.423,1370.86,420.24,105.77575499999988,216.938,89.154,159.997,292.873,99.137,161.92,191.828,175.182,194.858,196.404,112.93,45.682,264.462
2002-04-17 12:55:00,169.818,51.21,212.7,127.857,1376.74,414.17,105.65230541666654,213.706,90.424,155.697,291.567,100.031,160.58,190.75,176.838,196.694,198.99,112.932,45.58,266.574
2002-04-17 13:00:00,169.116,52.687,211.733,128.62,1369.18,412.72,105.592,215.9,89.91,160.273,292.755,100.063,160.38,192.202,172.09,196.086,196.88,113.936,46.082,262.178
2002-04-17 13:05:00,168.942,51.317,212.033,127.917,1373.66,410.247,105.69968999999998,215.342,90.188,159.95,294.213,98.717,162.32,192.602,172.39,195.496,196.698,113.756,45.774,265.028
2002-04-17 13:10:00,169.104,51.74,210.833,126.013,1370.58,412.55,105.43338999999989,214.23,90.65,158.943,291.61,98.25,161.32,192.024,173.762,196.174,195.35,112.534,45.46,264.768
2002-04-17 13:15:00,170.406,51.997,212.867,124.73,1367.0,409.557,105.713,214.7,91.046,159.027,290.583,100.158,159.34,191.688,171.49,194.114,194.71,113.542,45.392,263.11
2002-04-17 13:20:00,166.188,52.01,211.533,128.183,1365.84,407.92,104.57362333333326,215.106,89.15,156.177,290.019,99.78,160.1,190.074,174.39,192.94,196.79,111.948,45.314,260.33
2002-04-17 13:25:00,167.392,51.65,209.733,127.447,1358.26,408.333,104.15824750000006,213.17,90.6,156.29,291.425,99.029,160.8,188.768,174.218,192.67,196.748,111.4,44.71,257.542
2002-04-17 13:30:00,166.21,52.527,210.0,126.523,1356.76,407.387,104.95,212.436,89.832,157.263,290.927,99.875,160.66,190.204,172.554,192.0,195.306,112.684,44.94,257.288
2002-04-17 13:35:00,165.69,53.38,211.233,127.773,1343.82,405.693,104.09376958333338,210.518,89.294,158.56,287.954,99.735,159.74,188.96,172.958,194.404,195.51,111.272,44.05,260.408
2002-04-17 13:40:00,166.844,51.587,211.267,127.513,1340.72,408.167,103.7209695833333,213.368,89.708,156.063,288.385,99.624,160.44,188.308,172.35,192.298,198.092,113.625,44.588,255.946
2002-04-17 13:45:00,167.228,51.433,208.567,126.317,1338.64,407.913,102.832,214.184,89.226,156.79,289.161,99.83,160.76,190.468,171.25,192.626,194.12,111.322,44.72,259.618
2002-04-17 13:50:00,166.262,51.837,210.3,127.007,1336.36,411.543,103.92704916666668,210.492,89.988,158.567,291.964,99.481,160.94,189.458,172.458,193.182,195.36,111.898,43.642,257.944
2002-04-17 13:55:00,165.748,51.727,210.767,127.9,1333.88,410.46,103.73009958333334,213.902,89.282,158.443,290.07,98.444,163.46,190.348,171.308,194.042,194.582,111.564,44.666,257.87
2002-04-17 14:00:00,165.802,51.587,209.067,126.033,1332.52,408.576,103.862,213.314,89.042,157.333,292.61,100.236,160.5,187.346,172.058,194.884,193.136,111.334,43.96,259.856
2002-04-17 14:05:00,167.014,51.57,208.467,126.537,1324.96,407.103,103.45827416666665,213.118,90.514,157.79,291.412,97.46,157.84,189.868,171.286,192.992,193.992,112.322,45.07,258.168
2002-04-17 14:10:00,166.634,50.123,209.067,126.27,1332.04,409.08,103.85648791666661,212.166,89.996,160.877,292.524,99.259,160.74,189.586,170.062,197.168,196.774,112.13,45.134,258.228
2002-04-17 14:15:00,168.502,51.21,211.967,125.533,1334.32,406.686,103.44,215.816,90.6,157.943,288.685,99.796,161.48,190.01,171.684,194.872,193.806,113.708,44.144,258.276
2002-04-17 14:20:00,165.372,51.11,210.1,126.153,1329.6,405.96,103.66151374999998,212.164,89.182,158.683,290.738,98.136,160.0,188.374,171.22,192.706,197.004,112.87,44.858,257.052
2002-04-17 14:25:00,167.372,52.253,207.1,126.023,1330.72,407.46,103.63560208333328,214.452,88.436,157.857,289.705,99.577,163.42,188.542,171.944,194.426,195.31,112.938,44.342,257.46
2002-04-17 14:30:00,165.892,51.993,210.033,125.423,1339.56,405.743,102.096,211.296,89.15,156.67,291.871,98.084,160.42,187.36,173.048,198.198,195.582,112.244,45.284,257.4
2002-04-17 14:35:00,166.1,50.947,210.1,127.73,1330.92,404.68,103.66079333333329,213.02,90.212,154.83,290.618,100.617,160.38,189.612,173.274,196.266,198.574,112.946,44.968,258.258
2002-04-17 14:40:00,165.776,51.063,207.567,123.38,1338.48,404.47,103.46061958333327,207.74,90.45,156.947,290.671,98.913,158.96,188.414,173.19,193.87,195.672,113.168,45.116,257.358
2002-04-17 14:45:00,164.96,50.803,211.7,125.187,1338.4,404.567,103.846,213.128,88.586,156.147,290.963,96.929,157.36,188.63,172.724,196.822,196.714,113.054,45.192,258.552
2002-04-17 14:50:00,165.01,50.96,210.233,124.377,1331.84,401.03,103.55480708333327,209.746,88.984,154.85,288.151,98.055,159.74,189.062,172.358,195.526,194.282,114.03,44.31,257.458
2002-04-17 14:55:00,166.174,51.08,210.3,125.55,1338.18,399.117,103.545425,210.52,89.008,155.387,292.299,99.765,161.14,187.814,171.886,193.288,197.15,112.76,44.504,258.202
2002-04-17 15:00:00,165.66,50.8,210.133,122.833,1328.5,396.773,103.777,205.44,88.512,152.85,290.997,99.673,159.92,188.674,170.442,192.236,198.502,111.774,44.84,257.048
2002-04-17 15:05:00,165.276,51.053,209.1,124.163,1337.12,401.96,103.50857249999996,210.732,87.376,153.64,289.417,98.607,160.02,190.794,171.732,194.388,197.202,112.89,45.106,256.578
2002-04-17 15:10:00,166.488,52.077,207.933,123.743,1336.96,399.193,103.53319875,207.362,88.626,154.82,292.611,97.376,159.24,190.484,170.762,193.28,196.966,113.572,44.354,257.744
2002-04-17 15:15:00,164.722,51.697,208.0,125.217,1324.12,394.383,102.724,206.78,85.72,154.05,286.669,98.055,159.08,189.19,170.21,193.792,197.07,113.22,43.512,256.618
2002-04-17 15:20:00,166.216,50.94,208.633,124.25,1326.62,398.32,103.06948458333325,205.48,87.578,154.31,289.952,96.706,157.54,190.682,172.13,191.974,195.836,112.054,43.872,254.648
2002-04-17 15:25:00,167.23,50.743,209.633,123.13,1328.0,397.447,103.13777416666665,206.55,88.482,151.243,291.088,95.466,155.78,190.162,171.112,192.91,194.826,113.412,44.24,253.88
2002-04-17 15:30:00,164.836,50.57,207.6,122.42,1338.7,395.67,103.493,205.56,89.326,154.253,291.935,95.449,154.88,191.728,172.388,191.754,192.89,113.246,43.522,255.186
2002-04-17 15:35:00,167.558,51.713,208.3,123.767,1334.1,400.783,103.1388816666666,205.108,87.454,154.7,290.543,97.007,153.8,189.72,173.504,188.648,195.412,114.002,44.028,255.814
2002-04-17 15:40:00,166.44,51.867,209.467,124.583,1336.5,399.353,103.17662083333327,207.6,89.096,154.597,288.435,96.857,156.3,189.462,171.886,186.664,192.97,111.554,43.702,254.366
2002-04-17 15:45:00,166.772,51.45,210.0,123.38,1335.14,397.757,102.278,203.382,88.084,151.647,290.274,94.109,154.86,188.598,172.386,187.822,193.964,110.214,43.716,255.734
2002-04-17 15:50:00,166.034,50.363,209.467,125.297,1344.08,402.797,103.43007124999994,209.34,88.108,153.18,288.679,95.085,156.46,188.116,172.206,187.728,193.222,110.934,44.196,253.886
2002-04-17 15:55:00,167.458,51.093,210.0,124.513,1342.46,401.01,103.21713708333328,207.836,89.18,153.103,292.663,95.895,155.9,188.988,172.498,188.532,192.878,110.226,43.74,255.684
2002-04-17 16:00:00,166.166,51.41,210.533,124.907,1342.32,402.703,103.347,205.172,88.21,154.32,289.76,96.701,155.56,189.334,174.284,188.564,191.74,109.772,44.828,256.53
2002-04-17 16:05:00,166.968,50.74,208.4,125.023,1339.32,401.573,103.16146041666661,206.262,87.338,152.28,288.287,96.534,155.86,188.954,172.782,187.604,194.386,111.224,44.792,254.642
2002-04-17 16:10:00,168.682,51.987,209.133,123.787,1348.76,401.853,103.25741499999995,206.298,87.94,152.623,292.823,95.818,156.24,188.956,170.916,189.822,194.308,110.232,44.746,257.496
2002-04-17 16:15:00,167.824,52.263,209.833,125.217,1348.16,400.53,103.123,206.048,88.008,151.85,288.784,95.267,153.56,188.398,170.458,189.692,192.976,109.324,43.802,256.036
2002-04-17 16:20:00,167.494,50.903,206.333,124.273,1345.38,402.477,103.1890141666666,206.588,88.194,153.0,289.287,97.021,154.78,190.424,171.91,189.144,190.052,110.758,44.084,256.074
2002-04-17 16:25:00,167.272,51.953,207.8,124.533,1350.82,398.807,103.13964166666666,205.108,86.146,154.053,287.651,95.932,153.04,189.588,171.48,187.794,192.882,109.588,44.086,258.346
2002-04-17 16:30:00,169.078,52.66,209.433,123.83,1352.84,402.33,102.493,206.092,86.814,151.927,289.768,93.455,155.3,188.262,172.83,190.216,191.81,109.248,44.176,257.92
2002-04-17 16:35:00,167.91,52.753,213.3,123.92,1350.46,399.933,103.14375958333326,205.11,87.814,153.477,288.726,95.401,155.64,190.606,173.02,189.104,190.876,111.678,44.344,256.468
2002-04-17 16:40:00,168.122,51.537,207.933,125.067,1346.7,403.477,103.32019374999996,207.434,88.842,153.677,290.585,95.236,154.32,190.852,171.36,185.096,191.176,110.394,44.166,256.586
2002-04-17 16:45:00,167.3,51.097,210.733,125.857,1352.4,399.813,102.429,207.442,87.498,153.6,292.424,95.779,155.4,190.81,173.05,186.944,191.99,110.55,44.538,255.472
2002-04-17 16:50:00,166.356,51.863,208.9,124.657,1349.78,401.767,103.06976708333345,207.33,88.074,151.86,289.864,94.345,153.82,190.89,171.624,187.888,193.218,109.312,44.408,258.366
2002-04-17 16:55:00,168.714,50.723,207.433,125.95,1354.1,400.654,103.2303362499999,208.164,87.238,154.504,287.446,96.13,153.9,188.352,172.318,188.628,192.302,110.462,43.754,256.116
2002-04-17 17:00:00,170.466,51.32,208.833,126.247,1340.68,402.347,103.018,203.562,88.224,153.117,289.782,96.657,155.98,188.46,174.11,189.466,189.854,110.694,44.564,257.98
2002-04-17 17:05:00,167.97,51.04,211.3,125.37,1354.68,402.117,103.17286416666673,205.588,87.82,153.837,287.624,94.01,153.66,190.626,171.724,187.118,191.224,109.732,43.778,257.9
2002-04-17 17:10:00,166.818,52.087,210.033,127.563,1352.1,402.527,103.43959750000002,205.754,88.01,154.557,288.678,95.196,154.16,187.93,172.56,190.236,193.58,109.268,44.102,256.87
2002-04-17 17:15:00,167.784,52.443,209.267,124.34,1353.34,402.637,103.771,206.32,87.788,151.413,289.622,95.985,155.88,187.826,173.326,188.48,192.072,109.524,45.04,255.472
2002-04-17 17:20:00,168.0,51.607,208.667,125.093,1354.82,404.317,103.34294916666659,206.654,87.538,149.66,289.066,95.905,155.52,188.49,172.228,186.656,193.344,109.264,44.06,254.702
2002-04-17 17:25:00,167.066,51.607,207.367,123.517,1351.52,399.523,103.18573833333333,205.738,87.06,153.62,287.212,96.427,156.1,190.232,172.114,185.79,190.758,108.518,44.326,257.976
2002-04-17 17:30:00,169.06,51.9,208.533,124.343,1352.56,402.407,102.497,206.186,86.318,151.707,288.904,97.228,155.36,188.664,170.668,187.654,190.214,110.226,44.158,257.476
2002-04-17 17:35:00,168.884,51.177,208.2,126.083,1351.44,397.287,103.02207374999996,207.202,87.342,150.553,290.122,96.322,154.86,184.396,172.708,188.312,192.364,109.62,44.408,256.498
2002-04-17 17:40:00,169.304,52.557,208.633,124.953,1348.68,401.697,103.45097874999993,205.3,87.224,154.81,289.495,96.217,156.26,187.744,172.61,186.592,192.092,109.774,44.496,256.01
2002-04-17 17:45:00,168.814,51.693,210.533,126.383,1348.4,400.15,103.382,203.262,87.444,151.277,289.156,96.157,157.38,187.676,171.084,187.738,189.712,109.828,44.144,254.938
2002-04-17 17:50:00,168.858,51.793,211.533,127.21,1346.06,399.453,103.4686604166666,206.56,87.702,152.257,287.747,94.579,156.66,188.202,171.932,186.158,191.176,110.356,44.536,257.764
2002-04-17 17:55:00,168.624,51.59,211.667,124.16,1350.56,399.89,103.4156891666666,207.62,88.146,153.213,289.809,97.484,156.94,188.938,172.602,187.608,190.134,110.952,43.874,256.294
2002-04-17 18:00:00,166.624,51.31,208.033,125.027,1351.48,398.02,102.893,208.604,87.756,152.46,288.223,96.393,158.54,185.342,174.026,186.894,193.15,110.59,44.402,253.55
2002-04-17 18:05:00,167.67,53.643,208.933,125.63,1348.68,401.374,103.34143333333331,208.296,86.55,151.813,289.078,94.31,156.58,189.016,173.286,186.944,190.286,110.024,44.198,255.22
2002-04-17 18:10:00,169.086,51.933,209.233,125.73,1344.48,398.24,103.2508308333333,207.04,86.978,150.54,287.788,96.389,158.5,186.542,172.374,186.992,190.278,110.584,43.966,255.642
2002-04-17 18:15:00,167.008,51.483,209.367,125.06,1340.02,400.98,103.428,208.162,87.406,153.857,286.978,95.344,155.5,187.792,174.654,188.994,190.646,109.868,43.28,255.31
2002-04-17 18:20:00,169.77,52.64,208.833,126.22,1342.06,400.98,103.45734583333322,208.552,87.13,154.684,287.086,96.503,156.0,189.786,173.172,189.414,191.668,110.552,43.498,255.846
2002-04-17 18:25:00,168.804,52.31,210.933,124.373,1350.86,403.847,103.60088791666664,209.706,87.478,152.433,290.281,97.884,157.16,188.214,172.68,188.118,191.728,111.384,44.32,256.244
2002-04-17 18:30:00,167.796,52.683,211.7,124.303,1340.58,400.88,103.281,207.612,86.592,155.87,287.595,95.506,158.02,187.342,174.532,190.038,191.68,110.812,44.064,254.034
2002-04-17 18:35:00,166.45,51.727,209.933,126.537,1352.84,399.69,103.22416666666652,206.934,87.534,153.317,288.514,95.996,156.08,188.36,172.97,187.794,194.322,111.894,43.92,256.008
2002-04-17 18:40:00,166.424,51.503,208.933,125.793,1350.54,407.414,103.6872412499999,207.178,86.644,153.323,287.811,97.495,158.0,189.682,172.198,189.35,193.52,111.676,44.19,253.818
2002-04-17 18:45:00,168.456,51.1,209.167,126.153,1348.68,402.06,103.274,208.302,87.742,154.083,287.199,95.788,153.26,186.508,170.358,189.622,194.09,110.184,43.378,256.502
2002-04-17 18:50:00,168.374,51.023,210.6,127.673,1352.58,404.68,103.67488083333333,208.946,87.066,151.413,287.613,96.534,157.0,189.036,172.07,188.368,192.06,109.458,44.034,253.678
2002-04-17 18:55:00,167.906,52.96,209.067,125.233,1353.1,404.487,103.61869083333319,208.78,87.066,154.277,284.515,97.971,155.92,187.358,173.18,186.908,189.902,109.972,43.734,253.748
2002-04-17 19:00:00,168.27,53.297,207.967,125.427,1352.08,405.457,103.418,208.63,87.252,154.413,288.648,98.339,155.46,187.27,173.246,187.514,191.946,110.694,44.542,257.098
2002-04-17 19:05:00,168.1,51.063,210.333,124.72,1355.52,404.09,103.6021839583333,204.992,86.528,153.307,288.347,98.1,156.12,187.974,175.416,187.376,192.406,110.966,44.816,257.738
2002-04-17 19:10:00,168.01,51.453,210.267,126.147,1343.5,402.043,103.49102666666654,207.712,86.968,154.863,288.852,96.646,155.92,188.87,176.384,187.942,191.638,111.028,44.68,255.242
2002-04-17 19:15:00,170.44,51.62,210.333,126.357,1351.2,402.867,104.001,206.138,87.036,152.177,287.736,95.668,157.48,188.672,173.636,187.118,191.456,109.528,44.246,254.692
2002-04-17 19:20:00,167.202,52.797,210.567,125.693,1351.34,405.003,103.60873749999999,207.43,87.428,154.767,287.731,95.835,157.04,191.054,171.876,188.69,191.502,109.798,44.39,253.748
2002-04-17 19:25:00,168.65,51.723,213.233,126.073,1349.66,400.943,103.71131541666662,211.576,88.508,153.857,287.941,97.86,157.58,188.37,173.64,190.344,191.912,111.142,44.702,255.854
2002-04-17 19:30:00,168.922,50.8,209.833,127.78,1345.46,399.89,103.957,209.046,86.948,153.937,285.932,97.203,156.58,188.954,173.09,187.922,193.188,111.376,44.394,257.588
2002-04-17 19:35:00,169.41,50.937,211.567,127.013,1350.26,400.85,103.65023874999999,209.878,87.01,153.513,290.176,95.221,156.66,189.32,172.37,188.232,191.964,109.55,44.41,255.488
2002-04-17 19:40:00,168.674,52.453,209.7,124.733,1343.3,400.364,103.58439916666661,207.83,87.702,152.803,288.396,97.108,157.16,190.16,171.52,189.728,190.668,110.568,43.736,258.242
2002-04-17 19:45:00,168.872,51.163,211.9,125.97,1343.12,403.933,103.308,210.496,88.316,154.157,289.053,96.753,158.08,187.956,173.624,186.066,192.308,111.978,44.624,257.756
2002-04-17 19:50:00,168.714,51.603,210.867,126.55,1349.98,402.543,103.68877479166669,206.95,87.698,155.87,287.481,96.431,159.88,188.528,174.782,186.498,191.616,111.304,44.52,259.75
2002-04-17 19:55:00,170.508,52.47,209.367,127.837,1350.16,402.87,103.98187874999994,209.338,88.308,154.667,289.646,96.57,156.28,189.398,173.002,188.698,194.262,110.786,44.45,260.35
2002-04-17 20:00:00,167.954,51.833,209.967,125.08,1347.48,399.24,103.664,208.074,87.418,154.817,290.468,97.015,158.94,189.432,172.162,188.262,192.958,110.286,44.33,259.466
2002-04-17 20:05:00,169.974,52.233,209.8,127.307,1355.28,402.317,103.85247208333327,208.554,87.516,155.59,291.128,96.922,158.56,188.646,172.604,186.892,192.01,111.086,43.842,258.684
2002-04-17 20:10:00,170.108,52.277,211.9,128.017,1352.02,406.067,104.10115208333318,211.692,87.042,155.727,287.627,96.576,157.58,187.866,172.738,188.834,192.104,110.068,45.138,258.388
2002-04-17 20:15:00,168.766,52.457,210.433,126.0,1355.78,402.693,103.392,208.808,87.642,156.09,289.892,95.912,158.08,190.834,174.272,187.828,191.574,110.876,44.732,258.532
2002-04-17 20:20:00,168.868,51.19,209.933,126.523,1349.3,402.256,103.76852000000004,210.324,86.048,156.147,290.515,95.124,159.34,188.67,172.036,187.222,192.578,110.304,45.148,256.266
2002-04-17 20:25:00,168.634,52.66,208.367,126.5,1352.14,401.043,103.70072041666663,211.022,86.902,152.65,289.215,96.447,157.12,189.876,175.696,190.082,192.218,110.602,44.742,258.478
2002-04-17 20:30:00,169.22,51.97,208.933,126.39,1351.6,404.98,104.201,205.682,87.922,152.86,289.903,96.612,156.52,187.924,173.378,186.552,192.202,110.05,44.368,256.222
2002-04-17 20:35:00,171.43,51.69,209.6,125.353,1355.7,399.523,103.88743374999989,209.822,87.62,154.363,292.695,97.171,157.32,189.22,173.004,188.922,190.94,110.782,44.652,257.588
2002-04-17 20:40:00,169.248,51.293,207.8,126.017,1354.78,403.99,103.79397458333332,209.182,87.67,156.627,293.624,96.133,158.32,189.148,169.942,186.466,192.878,110.816,44.23,259.966
2002-04-17 20:45:00,169.2,52.087,211.067,126.927,1356.94,403.383,103.635,206.378,87.324,155.18,290.499,97.346,157.88,188.606,172.464,187.224,193.074,111.266,44.426,258.386
2002-04-17 20:50:00,170.134,51.723,208.967,124.76,1349.66,402.683,104.04240999999989,209.89,89.002,153.857,290.849,97.939,158.36,187.398,174.162,187.41,190.504,109.654,45.028,257.94
2002-04-17 20:55:00,169.826,52.987,210.467,126.203,1351.38,403.957,103.7752225,210.72,88.848,154.943,292.013,98.328,154.68,186.948,170.638,187.012,192.362,110.204,45.176,256.562
2002-04-17 21:00:00,168.474,51.963,208.8,124.877,1353.96,404.163,103.122,207.244,88.072,153.64,292.123,96.651,157.24,188.732,171.822,188.822,190.88,109.44,44.496,256.254
2002-04-17 21:05:00,170.508,52.467,207.567,126.657,1354.0,401.387,103.57441791666659,208.354,88.184,152.933,288.958,96.255,155.9,189.948,170.97,188.81,190.83,109.112,44.162,258.808
2002-04-17 21:10:00,170.802,52.257,209.267,124.813,1355.36,403.89,103.81993583333316,211.55,87.978,155.087,292.062,96.782,157.26,190.052,169.758,187.622,191.48,111.558,44.596,256.95
2002-04-17 21:15:00,167.274,51.637,207.667,125.4,1353.58,399.927,103.599,208.826,88.118,155.04,293.619,97.153,158.42,190.108,170.896,186.18,192.84,110.276,44.498,254.746
2002-04-17 21:20:00,169.678,52.673,210.633,125.837,1360.2,404.12,103.90472208333337,209.91,87.428,153.597,289.614,96.679,158.1,187.536,171.902,188.296,191.244,111.92,44.45,257.928
2002-04-17 21:25:00,169.73,52.067,208.0,126.47,1353.98,403.804,104.11602041666667,210.624,86.816,154.977,290.899,98.102,159.96,189.286,173.166,188.506,191.718,109.686,45.012,258.128
2002-04-17 21:30:00,169.032,51.6,211.067,126.947,1348.04,403.1,104.165,211.462,87.206,155.76,289.514,96.402,156.5,190.068,172.184,185.264,189.932,110.382,44.076,258.09
2002-04-17 21:35:00,169.134,53.04,207.367,126.507,1352.76,402.043,103.75656958333329,210.778,87.128,156.1,293.351,96.346,157.64,188.254,173.556,188.386,191.394,110.36,44.17,258.182
2002-04-17 21:40:00,171.438,53.023,208.2,125.89,1352.16,405.77,103.92364958333336,210.95,87.072,155.84,292.286,97.345,159.98,189.884,172.776,188.22,192.918,112.144,44.242,255.982
2002-04-17 21:45:00,170.304,51.29,209.133,124.963,1350.78,403.39,104.169,210.762,88.428,152.807,291.112,97.217,157.92,190.132,170.908,187.662,190.108,109.996,45.01,258.074
2002-04-17 21:50:00,171.66,51.62,206.8,126.943,1345.54,403.33,104.18664833333337,213.186,86.508,155.477,290.351,97.118,157.16,189.298,172.682,189.478,193.35,109.36,44.956,256.32
2002-04-17 21:55:00,169.528,51.6,209.767,126.79,1348.76,402.35,104.07033916666664,212.862,86.504,155.417,289.871,96.623,156.46,189.068,172.166,189.768,189.9,109.69,44.17,259.912
2002-04-17 22:00:00,172.304,51.073,209.467,126.153,1347.74,406.327,104.64,210.034,87.218,153.32,291.32,99.009,158.98,189.25,170.238,189.79,190.276,109.564,44.784,258.736
2002-04-17 22:05:00,170.422,52.887,209.533,125.24,1346.86,405.167,104.33125249999995,210.174,86.432,154.74,288.907,97.513,158.4,188.946,171.026,188.986,191.834,111.372,45.026,259.4
2002-04-17 22:10:00,171.436,51.08,210.1,126.087,1350.16,403.364,104.09239416666655,212.534,88.374,156.917,289.392,96.26,158.36,187.364,170.034,188.626,190.232,111.094,44.364,258.914
2002-04-17 22:15:00,171.314,52.703,208.233,127.58,1351.38,405.676,103.102,210.292,87.872,152.08,289.738,98.373,158.1,190.952,174.65,187.742,192.532,110.884,44.044,257.554
2002-04-17 22:20:00,170.212,52.237,209.633,125.89,1351.14,404.83,104.07981791666656,210.978,88.446,156.817,287.938,95.513,156.42,191.002,172.772,188.718,191.146,110.442,44.654,258.144
2002-04-17 22:25:00,168.178,51.62,210.067,125.17,1352.24,404.787,103.89962291666667,210.53,88.468,155.853,291.957,97.446,157.04,190.264,174.114,188.458,191.064,110.082,45.31,258.22
2002-04-17 22:30:00,171.638,52.16,209.367,126.963,1346.94,402.686,104.767,208.22,86.914,156.49,287.905,97.557,158.04,188.982,172.088,187.52,193.3,109.854,44.71,257.64
2002-04-17 22:35:00,169.32,52.193,212.667,126.75,1351.44,407.427,104.05504083333331,209.858,87.236,155.84,290.958,95.449,156.52,187.656,172.468,186.84,190.784,109.43,44.938,258.19
2002-04-17 22:40:00,169.732,52.823,209.9,127.173,1352.46,410.177,104.0893899999999,214.324,87.822,154.293,289.263,96.96,158.46,189.13,173.576,186.812,192.87,109.928,44.526,258.842
2002-04-17 22:45:00,168.33,51.537,211.0,126.96,1355.86,404.614,103.929,211.44,87.22,152.647,291.31,97.435,159.04,189.982,172.74,187.296,190.274,110.408,44.746,258.922
2002-04-17 22:50:00,169.832,51.28,209.267,126.03,1351.26,404.77,104.04565208333332,208.014,87.12,156.247,291.205,96.652,156.4,188.928,173.828,188.572,191.7,112.382,45.078,260.074
2002-04-17 22:55:00,171.318,51.873,209.533,128.623,1350.9,402.9,104.41720499999985,208.936,87.788,156.953,288.92,99.178,159.62,190.428,173.37,188.196,189.25,111.108,44.52,260.686
2002-04-17 23:00:00,170.92,51.747,209.967,125.433,1347.86,404.794,105.164,209.52,88.084,154.024,290.515,97.729,156.9,188.852,172.186,188.572,189.814,110.624,44.89,258.33
2002-04-17 23:05:00,171.056,51.937,208.833,126.53,1348.16,404.243,104.15891166666661,210.328,87.888,154.963,287.811,96.941,158.74,188.392,171.822,188.378,192.874,110.596,45.274,259.904
2002-04-17 23:10:00,170.916,52.327,210.733,127.56,1348.72,401.513,104.0368312499999,211.524,88.892,155.09,289.894,97.143,158.36,188.762,170.524,186.602,190.866,109.944,44.888,257.074
2002-04-17 23:15:00,166.416,52.457,209.867,125.533,1350.44,401.586,104.183,208.492,88.888,154.137,291.873,97.813,159.04,191.574,172.5,189.724,192.518,109.832,44.966,258.392
2002-04-17 23:20:00,169.274,51.877,210.667,127.047,1347.52,400.783,103.81827625000005,209.706,87.46,155.563,290.94,96.245,158.34,188.608,172.552,188.542,191.16,108.496,44.146,257.67
2002-04-17 23:25:00,171.924,53.26,210.233,128.427,1353.66,406.233,104.2030329166666,209.342,87.604,155.683,290.178,97.206,157.82,187.97,172.258,188.454,190.948,111.344,44.434,258.82
2002-04-17 23:30:00,169.294,52.147,210.733,127.203,1353.52,402.64,103.872,209.968,87.314,153.86,289.309,96.208,159.76,188.398,172.614,188.68,193.36,110.154,45.86,258.012
2002-04-17 23:35:00,169.784,52.47,208.0,125.007,1346.56,401.407,103.56750333333316,209.014,88.058,152.833,288.163,95.942,156.64,189.008,173.078,189.014,190.748,111.162,44.502,258.712
2002-04-17 23:40:00,171.34,52.367,209.633,126.793,1342.72,401.487,104.15130416666662,209.838,86.466,154.343,288.863,97.519,157.08,188.902,173.016,187.116,190.27,109.99,45.212,259.258
2002-04-17 23:45:00,170.156,51.963,209.267,125.933,1348.88,402.793,104.646,207.646,86.396,157.123,289.384,97.338,157.32,190.334,173.628,188.608,190.418,111.244,44.398,257.15
2002-04-17 23:50:00,168.23,52.613,210.333,126.367,1343.48,401.847,103.8987070833334,212.638,87.29,158.163,290.327,95.822,159.56,191.062,170.826,188.96,193.124,109.852,44.1,259.388
2002-04-17 23:55:00,170.588,51.213,208.433,125.887,1345.32,403.103,104.25421416666676,208.018,87.474,156.057,290.989,97.491,158.22,189.856,170.106,187.424,191.104,109.776,44.834,260.408
2002-04-18 00:00:00,169.322,52.683,211.633,125.867,1350.02,405.513,104.617,210.882,86.554,155.92,289.914,97.397,157.06,190.678,172.154,189.846,190.98,110.342,44.142,258.15
2002-04-18 00:05:00,171.076,51.657,210.9,127.767,1357.24,402.257,104.1861020833332,210.956,88.326,155.753,288.937,97.665,159.14,188.734,172.652,187.96,189.612,110.834,45.46,257.558
2002-04-18 00:10:00,168.958,52.907,210.367,125.563,1348.32,406.673,104.2511554166666,210.702,88.558,156.267,289.846,98.638,156.86,188.774,171.87,188.902,189.45,109.348,45.396,258.642
2002-04-18 00:15:00,168.498,52.37,210.2,125.423,1354.86,403.943,103.794,208.506,85.826,154.053,290.335,95.842,155.18,188.88,172.466,190.58,189.83,111.202,44.34,258.288
2002-04-18 00:20:00,168.974,52.667,209.767,125.73,1349.26,399.777,103.80142083333335,210.598,87.832,155.9,286.526,97.164,157.46,188.212,173.09,189.572,191.116,110.364,44.188,256.898
2002-04-18 00:25:00,167.886,51.77,211.167,125.587,1349.3,401.787,103.6883770833333,209.38,88.126,154.674,289.883,97.009,158.32,191.49,171.895,187.514,190.882,112.22,44.834,259.464
2002-04-18 00:30:00,170.144,51.797,208.367,124.51,1344.18,400.193,103.166,209.966,86.316,154.23,286.318,96.117,157.14,190.864,170.122,189.684,190.77,111.546,44.066,257.948
2002-04-18 00:35:00,167.834,52.72,210.8,125.513,1338.54,399.697,103.4497833333334,210.4,86.766,154.617,286.001,95.887,158.68,187.8,172.516,188.488,190.724,111.646,44.718,257.632
2002-04-18 00:40:00,168.606,51.35,208.933,124.2,1337.42,399.547,103.6471883333333,208.454,87.098,154.257,287.295,97.782,156.58,190.626,171.46,189.67,190.536,111.002,45.24,259.336
2002-04-18 00:45:00,168.31,53.083,207.9,124.08,1338.52,399.843,104.582,208.924,87.688,154.813,287.575,97.55,159.74,188.328,171.796,190.704,191.89,110.486,43.634,261.41
2002-04-18 00:50:00,168.996,52.433,208.133,125.54,1338.26,399.213,103.44324458333331,206.824,87.018,154.473,289.676,96.418,157.44,188.088,171.952,190.4,191.194,109.726,44.214,257.664
2002-04-18 00:55:00,169.068,50.59,210.4,126.143,1338.04,400.903,103.57043708333322,213.048,89.1,155.723,288.871,97.608,158.26,189.232,170.48,188.03,190.616,112.438,44.75,255.626
2002-04-18 01:00:00,169.786,52.697,210.167,125.993,1343.7,402.413,103.386,210.544,88.122,154.963,282.915,97.072,156.88,186.936,172.37,187.33,192.942,109.858,44.896,256.552
2002-04-18 01:05:00,169.502,52.493,207.667,126.747,1349.62,400.803,103.75356083333327,209.294,86.91,155.15,288.416,96.022,157.14,189.262,171.898,188.106,190.244,110.148,44.63,257.34
2002-04-18 01:10:00,167.484,52.183,209.5,125.527,1337.86,398.237,103.41555750000003,211.02,89.054,152.93,283.822,98.894,159.1,188.284,173.2,188.828,190.726,109.778,44.594,255.572
2002-04-18 01:15:00,169.384,52.007,208.967,127.263,1340.12,403.037,104.703,211.182,87.548,154.683,288.416,98.265,159.1,186.422,173.116,189.298,190.094,109.832,44.386,254.518
2002-04-18 01:20:00,168.232,51.57,208.5,125.777,1343.82,398.757,103.37932124999999,209.256,86.284,155.737,286.03,95.729,158.7,189.332,170.292,190.264,190.296,110.77,44.142,256.432
2002-04-18 01:25:00,168.506,51.403,209.967,125.9,1340.16,400.24,103.44216291666669,210.61,86.326,155.357,286.309,96.792,155.56,188.518,170.864,189.866,190.936,110.116,45.126,255.084
2002-04-18 01:30:00,168.27,52.25,206.333,126.297,1342.86,403.38,103.648,213.446,87.302,155.45,284.168,98.239,156.88,186.168,171.062,190.484,190.608,110.72,43.964,255.596
2002-04-18 01:35:00,170.334,52.627,209.533,127.85,1340.48,402.277,103.76877124999993,206.464,87.364,153.153,284.659,97.015,159.14,186.026,173.328,187.642,191.028,110.49,44.246,254.932
2002-04-18 01:40:00,169.132,51.137,209.033,127.533,1339.0,403.567,103.88408083333331,208.59,87.826,156.803,284.62,96.053,157.44,189.856,175.898,189.484,191.688,110.254,44.006,257.152
2002-04-18 01:45:00,170.424,51.17,208.4,127.66,1341.6,404.283,103.977,210.378,87.752,156.027,284.547,96.279,158.08,186.258,172.116,189.386,190.826,109.666,44.542,253.196
2002-04-18 01:50:00,168.008,51.78,210.6,126.097,1340.86,405.59,103.58317916666664,208.382,88.544,154.73,285.285,97.746,155.86,187.098,173.466,189.638,190.546,110.764,44.022,255.386
2002-04-18 01:55:00,168.696,53.247,210.767,126.323,1342.68,402.0,103.43950666666666,208.398,88.84,153.974,284.047,94.511,157.2,187.966,172.576,187.806,189.188,109.534,44.098,254.302
2002-04-18 02:00:00,168.204,52.53,209.2,125.76,1335.44,400.24,103.302,208.866,88.654,155.193,284.227,97.031,158.02,187.25,173.634,189.912,189.802,109.7,44.274,255.484
2002-04-18 02:05:00,169.062,52.16,207.633,124.507,1334.3,405.107,103.42150374999996,209.904,90.316,153.037,284.223,96.137,157.12,187.752,171.722,186.492,189.838,110.146,43.714,256.53
2002-04-18 02:10:00,169.162,51.33,209.033,125.63,1337.32,401.487,103.55018791666667,211.306,87.812,156.297,283.554,96.86,156.54,186.494,173.406,188.572,189.802,110.12,44.08,255.754
2002-04-18 02:15:00,169.75,51.817,209.733,125.87,1338.32,398.99,103.568,207.924,87.016,154.497,282.564,94.935,155.8,190.04,171.202,187.728,190.186,110.214,43.976,257.204
2002-04-18 02:20:00,169.39,51.647,210.033,124.36,1333.12,402.917,103.41686749999997,209.152,88.166,156.113,284.678,96.265,156.44,191.032,170.826,188.498,188.302,109.86,43.268,256.058
2002-04-18 02:25:00,169.018,51.803,208.767,127.11,1331.24,399.337,103.11807958333333,207.258,88.538,156.757,283.047,96.452,155.68,188.122,171.746,186.88,188.252,110.44,43.55,254.946
2002-04-18 02:30:00,168.666,52.267,209.3,127.353,1326.68,401.437,102.34,207.912,84.072,153.884,284.136,96.349,155.92,190.14,172.508,188.572,187.026,110.442,44.608,255.748
2002-04-18 02:35:00,168.33,50.17,207.2,124.67,1339.82,400.937,103.26102124999997,211.436,87.644,155.457,283.955,95.652,157.24,189.852,173.73,188.954,186.352,109.512,44.452,252.612
2002-04-18 02:40:00,168.746,51.967,207.4,124.167,1327.38,401.36,103.10722916666663,209.48,88.056,155.55,282.258,96.941,158.36,189.168,170.404,186.724,189.794,110.008,43.806,255.316
2002-04-18 02:45:00,167.214,52.34,207.833,127.19,1331.58,400.873,103.71,209.796,87.85,154.08,283.349,98.898,158.04,187.644,172.942,187.444,188.764,109.958,43.792,252.946
2002-04-18 02:50:00,168.72,52.193,210.433,123.483,1328.56,405.367,103.2699089583333,206.804,88.424,152.653,283.031,96.61,156.76,188.02,173.262,185.704,190.018,110.314,43.968,254.234
2002-04-18 02:55:00,169.08,51.397,210.5,126.077,1335.52,400.267,103.20639291666664,205.884,88.142,153.14,284.724,97.743,156.36,186.522,171.152,187.07,186.09,110.168,43.9,254.126
2002-04-18 03:00:00,167.856,52.01,209.633,127.987,1326.1,403.85,103.661,207.268,87.07,156.433,280.957,97.585,156.98,186.624,173.968,185.07,187.73,110.4,44.198,251.288
2002-04-18 03:05:00,167.904,52.367,207.1,125.63,1326.92,399.163,102.89032500000006,208.54,85.824,152.093,285.881,97.047,158.2,187.67,171.16,185.804,188.162,110.512,43.81,253.87
2002-04-18 03:10:00,168.328,50.45,208.9,124.943,1325.56,400.297,102.96046833333342,208.932,85.426,153.297,282.646,96.004,158.68,187.518,171.828,185.972,189.8,109.598,43.416,251.768
2002-04-18 03:15:00,168.104,51.893,209.9,126.99,1323.22,399.237,103.23,208.438,87.296,151.233,282.29,95.434,158.14,186.31,170.346,188.112,188.682,109.7,43.802,255.38
2002-04-18 03:20:00,168.994,51.703,210.433,125.15,1328.4,399.667,103.01587416666658,206.054,87.412,154.233,284.877,96.826,155.36,189.514,170.31,187.818,189.808,110.472,43.43,252.498
2002-04-18 03:25:00,166.926,52.46,207.633,125.85,1331.42,398.593,103.06017291666669,208.796,87.16,155.987,282.81,97.058,156.76,189.418,172.866,186.546,188.666,109.442,43.34,251.286
2002-04-18 03:30:00,169.022,52.017,208.4,122.863,1330.64,398.027,102.81,207.344,87.198,155.013,282.377,95.665,156.42,188.426,171.868,186.654,188.684,109.346,43.32,253.254
2002-04-18 03:35:00,168.064,52.223,207.967,124.373,1332.02,396.673,102.92929875,205.88,85.918,156.21,284.647,98.374,159.1,187.606,171.244,187.658,188.986,110.936,43.86,254.844
2002-04-18 03:40:00,167.028,50.043,206.267,125.83,1326.5,395.27,102.75758291666662,207.764,87.158,152.893,281.506,96.484,158.62,189.534,174.022,186.706,189.358,109.5,43.906,254.692
2002-04-18 03:45:00,168.134,52.33,209.9,124.52,1323.94,398.81,103.377,206.03,86.212,152.21,282.824,97.369,157.98,186.832,173.364,188.702,188.984,109.762,43.724,252.208
2002-04-18 03:50:00,169.058,51.19,207.6,124.813,1320.54,398.133,102.49128708333336,209.19,85.69,153.26,281.862,98.237,156.7,185.016,170.876,186.844,188.158,112.078,44.09,254.984
2002-04-18 03:55:00,169.172,51.237,207.833,126.13,1333.44,396.093,102.95601541666667,209.978,87.774,154.153,281.961,95.824,158.98,188.66,171.4,187.258,188.552,111.31,43.724,252.824
2002-04-18 04:00:00,169.26,51.53,206.167,122.433,1328.8,399.013,102.781,208.328,87.454,154.48,282.909,97.984,158.0,186.48,172.826,187.56,188.528,111.278,44.844,252.468
2002-04-18 04:05:00,169.882,51.83,207.733,123.637,1330.26,394.924,102.7730204166667,208.986,86.378,156.01,283.265,97.343,158.34,188.796,169.91,188.666,187.674,111.53,42.786,253.312
2002-04-18 04:10:00,168.872,52.457,208.067,123.683,1317.24,397.687,102.47276625000008,208.37,85.784,155.23,283.615,97.785,157.64,188.962,170.04,186.94,187.572,110.708,43.724,252.932
2002-04-18 04:15:00,168.322,50.743,208.033,126.197,1323.16,397.21,102.242,208.72,85.892,153.62,280.471,98.518,157.04,188.194,169.252,189.1,190.076,110.876,44.7,254.452
2002-04-18 04:20:00,167.686,51.003,208.533,127.68,1323.16,397.56,102.64231000000001,208.812,85.398,154.1,282.294,98.026,158.58,188.26,172.378,186.634,190.1,110.88,43.29,253.832
2002-04-18 04:25:00,168.44,51.373,209.067,126.95,1330.04,398.64,102.95953541666665,205.804,86.496,152.797,281.212,97.324,158.62,189.066,169.674,185.776,190.246,110.852,43.9,252.696
2002-04-18 04:30:00,167.976,51.49,209.867,125.013,1328.96,398.663,102.002,206.656,85.61,153.547,281.14,98.142,157.38,187.52,172.848,185.372,187.738,110.384,43.37,252.736
2002-04-18 04:35:00,168.414,52.527,209.2,125.943,1320.52,397.023,102.90922625000006,209.82,86.82,152.45,284.173,97.227,158.68,188.844,172.75,187.086,190.738,111.372,43.338,253.256
2002-04-18 04:40:00,168.208,51.18,210.6,125.33,1324.26,392.687,102.66062833333348,208.342,87.968,154.077,283.95,97.837,158.56,188.526,168.81,185.612,186.972,111.046,44.192,252.874
2002-04-18 04:45:00,167.784,51.407,208.967,124.777,1327.44,396.236,102.512,208.942,86.944,154.723,281.506,97.274,156.84,187.216,169.458,188.206,188.594,111.944,43.912,253.804
2002-04-18 04:50:00,168.982,52.447,208.1,125.763,1322.82,398.303,102.91189208333344,208.958,87.81,152.243,283.019,97.06,158.58,188.484,172.818,187.444,187.716,109.768,43.638,251.064
2002-04-18 04:55:00,168.818,51.41,208.7,126.89,1324.02,396.243,102.82010875,208.34,87.694,152.26,283.334,97.288,156.64,187.882,170.968,187.232,186.712,110.0,43.334,253.002
2002-04-18 05:00:00,167.238,50.723,208.2,125.74,1327.14,392.783,102.54,209.044,85.854,153.933,284.875,97.059,158.4,188.656,172.198,185.25,187.832,110.566,42.868,250.262
2002-04-18 05:05:00,168.552,51.417,210.033,124.843,1322.7,397.98,102.69746833333336,206.582,86.84,152.11,280.994,96.529,157.2,186.862,171.054,186.586,188.726,110.49,43.034,252.668
2002-04-18 05:10:00,167.916,51.23,205.433,126.807,1320.68,397.797,102.78452000000004,207.698,86.572,154.26,284.466,97.102,158.14,189.822,170.066,184.952,189.122,108.728,42.838,249.174
2002-04-18 05:15:00,167.074,51.61,209.467,123.65,1317.66,397.43,102.137,208.454,85.644,152.87,281.711,96.136,158.32,187.92,170.576,187.046,188.466,112.064,44.806,254.942
2002-04-18 05:20:00,166.998,52.277,210.867,125.333,1320.2,399.62,102.93936208333344,209.882,86.23,153.417,283.354,97.822,157.78,183.874,171.658,186.816,187.4,110.66,44.124,254.062
2002-04-18 05:25:00,166.926,52.887,207.3,126.563,1322.24,400.06,102.88566875000006,205.78,85.672,153.827,282.564,98.228,156.28,187.21,172.374,187.172,188.932,108.194,43.494,249.822
2002-04-18 05:30:00,167.196,51.357,209.5,125.223,1320.4,400.913,102.88,206.662,87.076,151.67,283.201,95.683,157.6,186.044,171.996,187.408,187.478,108.83,43.07,253.028
2002-04-18 05:35:00,167.374,52.077,208.2,124.423,1318.16,399.92,102.65799166666669,206.27,85.448,153.737,282.769,97.762,158.14,184.624,171.366,187.248,187.256,108.762,43.864,255.238
2002-04-18 05:40:00,166.64,51.397,207.6,126.347,1308.1,396.377,102.77711375000003,206.824,87.654,155.387,283.784,97.677,158.02,185.708,171.664,186.498,187.63,111.614,44.206,255.172
2002-04-18 05:45:00,168.618,52.01,207.367,125.2,1318.26,397.313,101.772,209.55,87.086,153.707,282.078,97.909,158.24,184.456,170.316,184.848,187.526,109.776,44.056,252.304
2002-04-18 05:50:00,165.902,51.627,210.167,124.9,1310.52,399.647,102.58901999999995,207.692,85.814,154.913,281.538,97.03,157.32,185.132,171.528,183.228,187.626,110.466,43.634,252.874
2002-04-18 05:55:00,165.062,50.763,208.067,125.983,1316.66,392.937,102.53968541666661,204.376,87.046,153.7,283.183,96.496,156.1,184.596,170.528,186.954,186.782,109.612,43.228,251.112
2002-04-18 06:00:00,165.65,50.963,209.767,124.473,1311.46,395.52,101.943,204.702,85.66,154.45,280.522,98.191,155.3,183.412,170.43,184.784,189.218,109.26,43.196,252.534
2002-04-18 06:05:00,166.622,51.11,207.7,124.323,1312.54,398.83,102.77069291666672,208.5,85.964,155.157,283.822,97.645,156.86,185.728,170.514,187.456,187.88,109.654,43.708,252.17
2002-04-18 06:10:00,166.08,51.927,206.333,123.833,1309.12,397.467,102.25837541666662,203.08,86.416,155.313,281.241,97.913,159.26,183.592,170.452,184.572,188.218,108.564,44.392,255.152
2002-04-18 06:15:00,166.608,51.797,209.033,125.19,1306.42,394.197,102.421,203.834,85.606,152.16,281.312,96.204,156.06,184.204,171.34,186.394,186.296,109.576,43.748,253.896
2002-04-18 06:20:00,165.956,51.803,206.8,123.777,1306.9,391.387,102.53290500000004,205.686,85.342,153.27,285.11,95.842,157.82,182.73,170.098,184.358,189.64,108.788,44.058,254.018
2002-04-18 06:25:00,164.664,50.59,205.967,123.62,1308.4,399.233,102.58813041666663,204.056,87.824,153.957,283.38,96.173,158.42,182.47,170.232,187.33,189.118,108.562,44.674,253.44
2002-04-18 06:30:00,166.31,51.253,208.7,124.967,1308.28,396.04,102.387,203.58,85.936,153.69,282.938,98.139,159.22,185.034,168.784,182.962,187.384,109.088,43.904,252.174
2002-04-18 06:35:00,165.612,51.6,208.967,123.26,1312.0,395.803,102.40891875000001,203.52,86.482,151.01,283.398,98.307,158.02,185.966,169.962,185.44,186.764,109.318,44.28,253.62
2002-04-18 06:40:00,165.176,50.94,204.867,124.993,1309.34,391.53,102.40785291666656,202.92,86.416,153.107,282.965,97.608,157.94,183.756,169.814,183.69,188.518,110.866,43.638,256.248
2002-04-18 06:45:00,165.982,50.457,208.1,124.177,1301.66,397.563,102.032,200.906,87.37,151.547,278.744,96.26,156.7,184.03,168.674,184.838,185.466,109.364,44.02,255.928
2002-04-18 06:50:00,167.106,51.63,207.633,124.127,1309.94,391.693,102.38612583333337,200.624,86.892,152.127,277.698,97.598,156.16,186.694,171.216,185.164,189.512,109.416,44.066,252.042
2002-04-18 06:55:00,167.932,50.947,209.333,124.587,1297.88,392.883,102.13146625000002,201.02,86.728,152.583,278.659,97.065,155.22,183.388,166.47,184.444,185.546,109.498,44.122,254.678
2002-04-18 07:00:00,166.188,51.553,210.233,125.403,1311.38,390.653,102.685,199.432,86.298,152.973,281.836,95.836,158.02,182.864,170.396,184.444,188.248,109.164,43.402,252.086
2002-04-18 07:05:00,167.058,51.62,206.3,122.787,1319.3,394.007,102.22082958333321,201.092,85.938,151.153,279.489,94.709,156.42,184.744,169.48,183.448,186.988,110.168,43.472,252.854
2002-04-18 07:10:00,165.524,50.64,207.167,125.663,1306.58,393.48,102.31768208333325,204.11,86.806,153.09,277.237,97.642,155.6,181.486,167.63,184.616,186.422,110.664,44.338,252.334
2002-04-18 07:15:00,166.674,51.423,207.967,123.85,1312.3,393.103,102.399,203.826,86.356,149.257,280.367,94.762,156.4,183.324,167.166,183.078,184.77,110.124,43.834,251.472
2002-04-18 07:20:00,167.806,50.567,206.733,123.223,1316.38,391.413,102.19745916666663,201.864,86.856,150.99,277.106,97.761,155.68,181.82,169.31,185.84,187.082,108.898,43.318,253.152
2002-04-18 07:25:00,167.738,50.823,204.9,122.93,1316.8,394.58,102.28702458333335,202.882,85.696,149.474,278.935,98.129,156.62,184.248,169.598,183.29,185.318,109.556,43.878,252.182
2002-04-18 07:30:00,167.454,50.963,205.367,123.43,1313.92,393.267,102.624,203.438,86.01,150.127,280.271,96.897,157.22,180.674,166.95,184.352,188.296,109.232,44.328,253.1
2002-04-18 07:35:00,166.698,51.313,206.667,122.397,1312.58,394.047,102.22634750000016,200.736,85.968,149.12,277.62,96.24,156.6,183.358,169.476,184.974,184.512,108.968,44.192,254.746
2002-04-18 07:40:00,167.374,51.27,207.8,125.07,1314.62,394.153,102.30668791666659,203.294,86.468,152.847,281.766,95.823,155.42,181.588,167.034,183.752,185.468,109.406,44.074,253.954
2002-04-18 07:45:00,165.634,51.683,206.933,123.57,1305.48,394.15,102.133,204.36,86.122,152.1,280.404,95.788,153.7,180.934,169.53,185.046,184.818,108.628,43.67,255.232
2002-04-18 07:50:00,166.724,51.35,207.467,123.95,1305.8,391.983,102.13420333333335,203.416,86.172,151.767,279.595,95.783,154.52,182.98,165.904,183.58,185.162,109.786,43.66,254.214
2002-04-18 07:55:00,166.388,51.183,208.733,124.603,1306.68,394.74,102.25827291666674,203.852,87.174,153.113,279.523,94.448,155.48,182.65,167.194,183.792,185.232,110.082,43.884,255.072
2002-04-18 08:00:00,164.914,49.187,210.6,123.583,1308.66,393.987,101.327,202.746,87.112,152.93,280.572,96.121,154.76,180.602,168.34,181.544,186.812,108.0,43.112,252.85
2002-04-18 08:05:00,168.31,50.913,206.467,124.837,1308.34,396.24,102.16090249999999,203.632,87.376,148.82,279.27,95.826,155.42,180.062,168.258,185.364,185.376,109.326,42.924,255.084
2002-04-18 08:10:00,165.332,50.693,205.967,124.077,1312.4,392.967,102.21661999999993,205.35,86.678,153.123,281.478,93.141,155.18,181.384,167.62,184.696,185.62,109.648,44.096,253.528
2002-04-18 08:15:00,167.786,51.88,208.4,124.077,1313.3,391.66,101.551,204.426,87.922,152.25,282.044,94.914,154.36,180.994,167.826,182.968,183.934,108.816,43.07,255.178
2002-04-18 08:20:00,165.908,50.163,208.933,123.367,1311.66,391.187,101.85663249999998,203.61,87.164,150.627,280.765,95.067,154.42,180.764,164.752,182.818,183.898,108.536,43.432,253.75
2002-04-18 08:25:00,165.97,51.143,208.6,121.1,1312.66,393.32,101.89522249999995,204.666,86.478,151.31,281.695,94.064,154.68,179.462,166.436,183.28,184.03,108.96,43.078,254.452
2002-04-18 08:30:00,167.928,50.973,207.9,123.4,1310.02,389.814,101.346,203.028,86.776,149.927,279.523,95.001,153.48,180.126,165.392,184.378,184.848,108.914,43.17,253.084
2002-04-18 08:35:00,168.744,51.307,208.1,125.423,1305.4,392.443,102.19568750000003,203.538,87.006,151.803,281.042,95.109,153.72,179.414,167.002,184.71,184.446,109.766,43.518,253.818
2002-04-18 08:40:00,168.956,50.8,206.1,124.687,1308.32,392.67,101.91257791666663,204.184,85.746,150.853,278.836,95.451,152.34,178.916,166.752,183.732,187.25,108.468,43.974,253.098
2002-04-18 08:45:00,165.712,50.39,208.033,124.367,1311.78,392.927,101.362,201.328,85.646,151.853,278.835,95.194,154.36,179.18,165.5,183.698,187.042,108.752,44.088,254.412
2002-04-18 08:50:00,168.688,52.103,209.2,124.13,1310.36,388.907,101.80708249999996,201.23,86.73,150.337,280.391,95.554,151.76,179.906,163.292,184.528,186.246,108.406,43.594,252.716
2002-04-18 08:55:00,166.75,51.907,207.4,124.103,1307.62,388.11,101.90122374999996,201.036,86.046,149.18,277.591,94.506,153.56,178.604,164.488,185.046,183.524,109.308,43.956,253.808
2002-04-18 09:00:00,165.892,51.08,210.367,124.063,1307.22,388.627,100.02,201.516,85.884,152.663,279.547,95.284,154.76,181.798,161.89,183.598,186.842,109.692,43.99,252.722
2002-04-18 09:05:00,166.232,51.263,208.1,123.03,1313.74,387.55,101.88000083333338,200.416,87.394,151.447,279.365,94.993,153.34,180.792,164.78,183.878,185.464,109.292,43.938,255.046
2002-04-18 09:10:00,164.35,50.793,210.233,120.973,1306.72,388.127,101.50775874999994,200.864,86.358,150.743,278.713,96.612,154.04,179.964,165.488,182.952,185.178,108.224,43.39,256.504
2002-04-18 09:15:00,166.338,50.853,206.7,124.63,1302.52,388.94,102.156,202.092,86.954,150.96,280.632,94.282,155.76,180.134,164.906,184.008,185.646,107.916,43.3,256.916
2002-04-18 09:20:00,167.31,51.483,207.3,123.373,1313.3,389.743,102.33971458333328,200.996,86.064,149.253,285.737,96.283,153.72,182.404,165.578,182.178,186.22,108.302,43.756,252.974
2002-04-18 09:25:00,168.618,50.02,208.867,124.28,1314.72,386.913,102.12637708333332,202.46,87.024,149.48,280.03,94.111,153.66,182.224,165.512,183.33,187.984,108.15,43.394,255.35
2002-04-18 09:30:00,167.582,50.903,207.6,124.383,1309.2,390.04,102.373,202.326,87.176,148.907,280.922,94.279,152.52,181.258,164.568,185.556,186.16,108.51,42.972,253.316
2002-04-18 09:35:00,167.502,51.92,209.2,123.693,1308.64,389.19,101.81551499999999,204.044,86.586,150.697,278.09,93.216,154.7,181.796,164.832,181.57,186.596,107.576,44.274,254.366
2002-04-18 09:40:00,165.768,51.543,206.633,124.413,1309.12,388.877,102.13975708333328,204.304,86.396,149.71,277.932,94.423,155.64,182.164,167.598,186.184,186.15,108.612,44.204,253.534
2002-04-18 09:45:00,166.91,52.647,207.5,124.403,1312.42,388.843,102.928,202.064,86.824,150.207,279.848,96.031,154.44,180.242,167.826,182.19,184.626,109.592,43.796,252.206
2002-04-18 09:50:00,166.708,50.533,208.133,125.637,1313.08,393.16,102.43602375000009,204.036,87.164,149.53,279.945,95.266,156.8,183.976,166.828,179.918,184.278,109.31,44.452,254.776
2002-04-18 09:55:00,165.926,50.4,208.267,124.117,1308.54,393.16,102.06133500000004,203.432,88.094,150.036,277.214,95.174,155.72,179.058,166.64,182.584,182.454,110.618,44.482,251.548
2002-04-18 10:00:00,165.962,51.293,209.2,125.04,1316.82,390.46,102.41,203.332,87.3,150.817,278.677,95.47,156.72,180.464,163.51,182.706,184.584,110.218,44.722,257.826
2002-04-18 10:05:00,168.64,50.417,208.333,124.773,1310.38,398.373,102.38170750000005,203.788,86.16,151.047,276.634,96.455,156.68,180.546,166.948,183.65,184.194,109.894,43.516,255.364
2002-04-18 10:10:00,166.246,52.177,205.467,124.523,1319.42,396.107,102.3425083333333,207.336,86.772,154.507,277.467,96.686,153.94,179.978,165.664,183.974,183.44,110.218,44.064,254.486
2002-04-18 10:15:00,167.96,52.35,207.967,124.583,1317.5,397.167,101.586,208.694,86.756,154.687,273.156,95.818,156.04,179.79,163.65,181.974,186.12,108.454,43.786,253.814
2002-04-18 10:20:00,167.37,51.49,212.1,123.96,1317.58,395.32,102.443555,208.58,86.944,152.347,276.345,97.418,157.42,182.356,166.282,183.264,181.648,109.74,43.468,254.608
2002-04-18 10:25:00,166.76,51.503,210.6,125.587,1310.36,396.37,102.21621583333337,207.91,85.872,153.696,275.692,94.728,158.7,179.656,167.142,182.782,183.59,109.876,44.294,253.226
2002-04-18 10:30:00,167.31,50.67,208.033,126.07,1318.4,393.077,102.681,209.634,86.71,153.227,277.467,96.462,155.92,181.942,164.91,183.014,186.808,108.692,43.776,256.602
2002-04-18 10:35:00,168.06,52.14,209.867,124.137,1318.8,397.183,102.29041416666664,204.648,87.352,153.12,276.541,98.275,157.66,178.5,165.33,183.982,185.966,110.45,44.524,253.164
2002-04-18 10:40:00,167.236,52.09,210.533,124.293,1322.42,396.593,102.31512708333335,206.992,87.762,155.13,276.619,98.441,154.4,180.38,167.954,182.62,184.84,109.852,42.884,254.52
2002-04-18 10:45:00,168.496,51.783,208.133,125.14,1315.04,399.353,102.285,205.512,88.044,154.224,276.981,97.219,157.84,181.502,166.438,182.922,184.454,110.106,43.864,256.0
2002-04-18 10:50:00,166.826,51.773,208.6,124.393,1315.08,398.04,102.59476958333333,209.104,87.43,154.293,275.495,95.618,156.66,181.672,164.67,185.26,188.806,109.708,43.944,253.732
2002-04-18 10:55:00,167.478,51.1,207.533,125.5,1320.22,396.377,102.50623000000003,208.478,87.18,155.453,273.409,96.482,156.52,180.658,163.826,184.23,186.316,109.318,43.824,252.612
2002-04-18 11:00:00,166.686,51.107,208.967,124.273,1311.72,399.94,103.576,209.53,87.894,152.044,275.494,97.476,156.04,180.712,165.29,183.14,183.416,110.602,43.622,255.57
2002-04-18 11:05:00,166.824,50.653,210.133,124.633,1317.4,396.833,102.51028999999998,209.376,85.572,153.193,276.8,95.773,154.86,182.266,165.206,184.862,188.342,110.394,43.566,254.574
2002-04-18 11:10:00,167.82,51.763,208.0,123.523,1315.92,394.67,102.4068408333332,207.376,86.146,152.837,282.384,97.903,154.38,182.67,167.012,184.502,186.89,109.51,43.934,255.456
2002-04-18 11:15:00,168.484,51.31,208.6,125.747,1316.06,395.873,103.368,206.93,87.396,153.033,278.831,97.229,154.82,182.466,165.642,184.496,187.3,109.75,43.448,253.322
2002-04-18 11:20:00,168.81,51.21,208.567,125.493,1314.76,400.987,102.81847958333331,206.952,85.532,152.353,281.586,95.726,156.32,184.308,165.48,184.45,187.208,111.54,44.32,256.696
2002-04-18 11:25:00,166.608,51.193,210.767,124.437,1319.12,398.073,102.6770283333333,205.668,86.978,152.167,280.86,95.898,155.98,184.76,168.214,185.176,185.902,110.526,44.226,256.496
2002-04-18 11:30:00,166.382,51.19,210.133,124.343,1314.48,398.86,103.238,205.492,87.742,151.87,283.279,95.04,153.92,182.196,166.536,185.08,186.95,110.006,43.818,258.912
2002-04-18 11:35:00,165.74,51.58,209.867,125.693,1316.92,397.417,102.77951791666668,207.366,87.842,153.45,283.087,96.534,158.36,186.034,167.268,187.152,188.256,109.274,44.438,254.996
2002-04-18 11:40:00,166.968,51.243,207.833,125.257,1315.86,401.443,103.11762083333335,208.858,87.32,154.557,284.576,96.612,155.3,184.826,167.444,186.628,188.478,109.848,44.232,254.58
2002-04-18 11:45:00,165.312,52.75,207.167,124.01,1317.8,397.75,103.032,204.762,87.104,153.157,285.52,94.416,155.54,184.18,165.212,185.004,188.074,110.078,44.034,257.03
2002-04-18 11:50:00,167.07,52.723,208.133,126.767,1314.28,399.267,102.87768083333333,206.974,87.514,153.9,285.266,96.888,157.86,183.234,166.406,186.496,188.0,108.094,43.45,255.186
2002-04-18 11:55:00,166.05,52.533,209.533,126.19,1318.94,399.21,103.02187166666673,206.466,88.238,152.883,284.493,97.021,155.7,183.074,167.648,184.02,189.198,109.72,43.754,254.728
2002-04-18 12:00:00,167.714,51.217,209.9,126.393,1314.26,398.577,103.479,209.688,87.542,152.16,284.649,96.732,154.88,184.318,166.662,185.18,188.022,109.912,43.976,257.25
2002-04-18 12:05:00,168.1,51.283,210.633,125.233,1323.8,398.26,102.9691066666667,206.388,87.992,153.187,285.075,96.37,154.78,182.12,166.358,187.186,189.058,109.804,44.554,256.142
2002-04-18 12:10:00,167.596,50.963,206.033,124.533,1319.34,396.574,102.88297541666665,203.912,89.186,156.993,284.53,95.889,154.64,183.958,166.916,185.48,187.472,110.868,44.422,256.752
2002-04-18 12:15:00,167.304,50.527,210.133,125.927,1318.36,396.543,103.852,206.19,86.478,154.81,285.947,95.786,155.94,184.328,167.306,185.594,189.89,109.924,43.844,256.85
2002-04-18 12:20:00,166.554,51.043,208.833,125.01,1322.6,400.017,102.92396874999997,207.552,86.9,154.053,285.745,95.69,155.52,186.942,167.86,187.178,187.798,109.052,43.706,255.456
2002-04-18 12:25:00,167.432,52.06,209.6,124.6,1318.22,398.373,102.68426250000007,204.284,88.558,151.95,280.119,96.45,156.56,188.078,165.736,185.596,188.972,110.226,44.532,254.39
2002-04-18 12:30:00,165.476,50.793,210.367,125.79,1317.8,399.347,103.151,207.694,85.992,153.63,282.738,94.597,157.46,185.216,167.6,185.612,191.424,108.756,45.208,254.538
2002-04-18 12:35:00,166.222,51.323,210.733,125.797,1323.48,393.183,102.88125499999997,210.822,87.058,154.71,284.737,97.455,154.6,184.146,165.642,188.256,187.914,109.648,43.51,253.444
2002-04-18 12:40:00,166.044,51.197,210.267,125.0,1317.96,401.107,103.05761208333325,207.778,87.44,154.703,282.302,95.816,153.66,186.152,164.83,186.222,190.886,108.022,44.504,256.194
2002-04-18 12:45:00,167.464,51.203,208.6,126.75,1315.68,398.883,102.497,207.744,87.59,154.243,284.082,95.989,156.38,182.726,164.924,187.96,191.376,109.368,44.782,256.076
2002-04-18 12:50:00,165.742,50.84,209.3,125.877,1316.7,397.34,102.85762250000003,206.81,87.424,152.66,287.783,94.972,155.98,184.352,168.524,188.592,187.742,108.412,44.03,254.632
2002-04-18 12:55:00,165.95,51.267,209.767,125.76,1308.5,399.0,103.21026416666659,208.826,86.564,155.443,283.273,95.92,154.34,184.058,166.382,189.864,189.532,110.124,43.81,257.424
2002-04-18 13:00:00,165.996,50.673,208.667,124.073,1317.38,398.06,103.721,206.772,86.956,154.733,287.665,96.333,158.1,184.04,164.596,187.948,190.99,110.238,44.054,257.154
2002-04-18 13:05:00,167.808,50.35,211.8,127.137,1314.56,401.343,103.13939208333328,207.844,86.75,151.707,288.103,95.492,155.3,186.004,168.098,185.974,188.416,109.214,44.878,253.598
2002-04-18 13:10:00,168.262,52.04,208.3,125.71,1317.42,401.55,103.06416541666667,209.024,88.986,154.703,283.612,95.142,155.64,187.62,167.776,186.804,187.916,109.114,43.704,255.47
2002-04-18 13:15:00,167.592,51.86,211.633,125.81,1313.44,399.95,103.405,209.778,86.974,154.07,287.266,97.199,155.52,184.46,167.526,185.956,191.34,108.806,44.432,255.08
2002-04-18 13:20:00,166.966,51.437,209.833,126.667,1306.94,401.277,103.10497750000006,207.592,86.61,153.673,284.862,94.406,157.22,186.146,164.908,187.412,191.34,110.196,44.03,255.116
2002-04-18 13:25:00,168.47,51.9,209.567,125.013,1313.14,401.807,103.09714250000005,208.216,88.302,150.217,289.457,96.207,155.9,186.198,166.148,186.932,189.088,109.358,44.862,255.674
2002-04-18 13:30:00,167.038,52.037,208.133,125.96,1318.72,397.793,103.002,207.502,86.37,152.27,285.834,95.591,156.42,185.884,168.31,184.908,191.976,110.592,44.28,256.706
2002-04-18 13:35:00,166.268,51.12,205.833,125.99,1319.42,401.167,103.10265208333341,207.48,87.544,154.82,286.992,94.383,155.08,184.66,166.89,187.24,188.67,108.4,43.816,254.976
2002-04-18 13:40:00,168.832,51.8,211.667,124.927,1324.94,401.357,103.17405666666666,210.066,85.756,152.7,287.503,98.477,154.94,188.348,167.76,184.926,191.642,109.464,44.048,256.324
2002-04-18 13:45:00,168.256,51.25,209.8,125.113,1318.38,400.47,103.411,210.124,85.746,152.933,285.266,95.6,155.34,187.81,167.196,184.434,189.652,108.85,44.976,255.604
2002-04-18 13:50:00,165.758,52.147,207.933,125.603,1325.16,401.573,103.20112124999994,209.642,86.792,151.957,288.706,95.8,154.46,185.896,168.214,184.75,189.742,109.666,44.748,255.994
2002-04-18 13:55:00,167.212,51.587,207.867,124.723,1320.24,401.133,103.07819750000003,206.824,87.074,152.72,289.765,96.693,156.14,184.986,168.348,187.106,190.45,108.638,44.374,256.31
2002-04-18 14:00:00,165.942,50.797,208.567,125.3,1324.96,402.36,103.493,207.782,87.436,152.787,284.841,95.72,155.56,184.808,169.556,185.678,189.506,109.536,44.498,258.044
2002-04-18 14:05:00,167.922,51.187,208.133,126.053,1320.06,403.31,103.15806833333336,206.89,86.486,154.684,287.357,94.299,154.82,185.684,167.21,184.366,188.712,108.932,44.65,256.174
2002-04-18 14:10:00,167.146,50.563,209.2,124.11,1317.4,399.407,103.0938529166667,206.572,87.446,152.333,285.096,95.863,153.78,186.878,166.054,186.722,190.134,108.54,43.856,254.674
2002-04-18 14:15:00,165.508,52.613,211.733,124.177,1324.82,399.103,102.611,206.71,87.562,154.13,284.646,96.036,156.16,187.736,167.706,184.296,188.194,109.552,44.516,256.98
2002-04-18 14:20:00,166.82,51.42,210.033,124.26,1324.56,400.053,103.0369675,205.426,86.216,154.217,287.274,94.571,157.82,185.958,167.97,187.236,190.918,107.802,44.668,256.642
2002-04-18 14:25:00,165.702,50.443,209.767,124.367,1319.62,400.28,103.05510708333335,206.23,87.892,153.953,287.712,95.963,155.52,187.712,170.056,183.228,192.05,109.46,43.926,253.992
2002-04-18 14:30:00,167.666,50.82,209.367,122.933,1324.56,400.377,102.943,206.208,87.58,153.004,284.074,94.139,155.38,190.028,168.632,184.008,192.248,109.3,44.118,256.924
2002-04-18 14:35:00,166.566,51.383,209.533,124.46,1326.96,398.173,102.98010416666675,206.606,87.518,152.92,286.983,96.387,153.54,187.966,168.654,186.424,190.306,108.764,44.08,256.258
2002-04-18 14:40:00,165.642,50.253,209.167,124.887,1328.88,398.067,102.97213916666671,207.552,86.826,152.59,284.782,95.059,154.34,188.214,170.374,184.818,189.69,109.778,44.464,253.952
2002-04-18 14:45:00,165.704,51.34,211.367,125.98,1329.54,399.473,103.42,207.452,86.352,152.433,287.75,95.334,155.58,188.658,168.584,185.002,190.854,108.744,43.798,256.398
2002-04-18 14:50:00,166.842,50.997,210.833,123.49,1322.06,398.263,102.90516125,207.03,86.72,152.767,290.377,96.559,153.4,187.18,168.674,186.49,191.254,109.496,43.64,255.024
2002-04-18 14:55:00,165.742,51.07,208.133,123.477,1327.46,397.227,103.01339958333335,208.548,87.22,152.61,286.873,96.141,154.66,188.058,170.688,186.304,190.258,109.728,44.572,257.492
2002-04-18 15:00:00,168.282,50.88,208.0,123.387,1316.08,395.997,102.736,207.366,85.85,153.897,286.946,95.293,158.56,188.144,168.108,184.796,189.944,109.124,44.55,256.474
2002-04-18 15:05:00,166.468,50.9,210.767,124.133,1321.0,397.187,103.06441375000006,208.68,85.646,155.01,285.038,95.439,156.58,187.642,168.954,187.052,190.762,110.512,44.064,256.974
2002-04-18 15:10:00,165.35,52.307,209.5,125.71,1327.06,399.493,102.94088041666666,206.246,85.054,151.087,287.448,96.058,155.84,190.062,170.658,185.322,189.028,108.922,44.878,254.35
2002-04-18 15:15:00,166.198,50.643,207.8,127.31,1319.18,392.737,102.75,206.888,86.962,152.69,289.932,97.033,154.9,187.54,168.742,186.116,188.982,109.134,44.064,253.97
2002-04-18 15:20:00,166.426,50.97,208.567,123.08,1329.64,399.637,103.04225624999998,207.278,87.794,154.113,289.055,95.843,156.42,189.644,168.828,185.0,192.504,109.184,43.71,254.624
2002-04-18 15:25:00,163.972,50.407,209.867,126.45,1325.04,394.113,102.9988729166667,210.616,87.028,154.267,285.523,95.025,154.76,187.764,170.24,185.998,189.968,109.416,43.856,256.112
2002-04-18 15:30:00,168.76,51.347,211.967,123.54,1325.08,396.74,102.83,208.448,86.766,154.77,290.188,95.711,155.12,187.18,170.312,185.342,187.87,109.75,44.354,254.32
2002-04-18 15:35:00,168.764,51.423,209.6,123.753,1321.06,398.113,102.96889958333338,209.194,86.578,153.96,285.961,93.689,154.46,186.368,170.566,186.44,190.206,110.488,43.632,254.894
2002-04-18 15:40:00,166.028,51.667,210.167,124.69,1311.38,396.18,102.68144125000012,206.352,85.554,153.407,289.019,95.383,155.34,186.432,168.75,187.4,188.582,111.06,43.302,256.554
2002-04-18 15:45:00,167.746,50.477,208.767,123.983,1322.76,396.827,102.575,206.6,87.666,152.933,287.12,96.75,156.58,184.6,168.766,183.89,189.19,110.078,44.248,255.208
2002-04-18 15:50:00,167.544,51.043,207.433,122.74,1319.22,400.157,103.00639708333327,207.152,86.912,152.05,287.804,95.477,155.82,185.912,168.786,186.496,190.39,109.128,43.258,254.612
2002-04-18 15:55:00,169.326,51.947,210.267,123.53,1321.8,398.863,102.89752666666676,205.462,88.356,152.593,288.982,95.581,155.32,188.43,168.538,184.624,189.004,109.332,43.748,252.658
2002-04-18 16:00:00,166.094,53.217,209.0,124.903,1325.08,393.77,101.94,205.33,86.338,153.943,289.311,96.354,155.76,188.468,167.0,185.208,189.454,109.302,43.776,255.43
2002-04-18 16:05:00,166.9,49.867,210.067,125.493,1320.48,397.347,102.7509308333334,205.088,87.74,151.747,290.15,95.446,155.64,187.738,168.386,185.196,188.742,108.424,43.776,251.45
2002-04-18 16:10:00,166.776,50.7,208.633,125.977,1329.32,398.307,103.03198249999988,205.94,88.048,152.817,286.473,96.049,156.12,185.12,170.536,184.774,189.52,109.908,43.014,254.4
2002-04-18 16:15:00,168.134,49.693,209.467,124.243,1323.0,396.08,102.711,206.98,86.532,154.62,287.566,96.324,156.12,187.71,168.43,188.474,190.196,109.098,43.366,258.932
2002-04-18 16:20:00,167.13,51.383,206.567,123.877,1322.56,399.307,102.89585333333348,205.886,86.784,153.346,287.018,95.94,154.36,185.948,170.908,188.824,188.482,109.516,43.772,254.608
2002-04-18 16:25:00,167.018,51.89,209.2,124.107,1322.22,396.28,102.64952583333326,207.662,86.658,153.69,287.604,96.457,158.52,187.21,168.564,186.796,188.836,110.778,44.104,254.644
2002-04-18 16:30:00,168.472,51.337,209.033,124.147,1327.68,394.29,103.571,206.134,87.81,153.104,284.537,95.145,156.78,185.696,170.084,188.538,190.184,109.198,43.602,253.31
2002-04-18 16:35:00,167.464,51.377,209.133,122.807,1326.22,396.083,102.79979375000006,207.388,86.404,152.07,287.759,95.995,156.7,186.282,166.754,186.96,188.206,109.47,44.086,254.156
2002-04-18 16:40:00,165.986,51.937,209.267,124.45,1323.42,397.383,102.84353333333334,208.826,87.574,153.207,287.247,96.769,156.52,184.85,169.5,186.524,190.268,110.708,43.13,252.75
2002-04-18 16:45:00,165.504,51.04,211.233,123.477,1320.8,396.663,102.326,205.51,87.664,153.207,288.26,95.22,155.78,184.316,168.01,187.044,187.16,109.722,43.496,255.704
2002-04-18 16:50:00,166.204,51.437,209.6,123.023,1318.08,398.327,102.95228708333342,205.608,88.154,150.58,288.562,95.486,154.1,185.918,168.956,187.326,191.38,108.888,43.984,253.004
2002-04-18 16:55:00,167.278,50.467,210.2,123.32,1314.94,399.293,103.05974041666668,206.766,88.774,153.973,287.903,95.338,155.54,186.236,171.554,189.494,190.206,110.79,43.878,255.786
2002-04-18 17:00:00,165.628,52.25,208.667,123.96,1327.76,398.017,103.016,202.634,88.456,153.797,286.272,95.24,155.86,187.058,169.392,187.872,191.75,110.906,43.768,254.584
