                    ESOI    ATHN    MXCO    ROME    AATB    LMKS    DRBS    MOSC    NEWK    KIEL    CALG    OULU    APTY    FSMT    INVK    NAIN    PWNK    THUL    SOPB    SOPO
2002-04-17 06:05:00;169.810; 53.390;213.233;127.183;1365.480;408.853;   null;211.472; 90.720;157.307;299.869; 98.567;161.960;193.396;178.258;196.000;199.432;112.656; 47.096;267.248
2002-04-17 06:10:00;170.926; 51.830;213.167;127.433;1372.500;409.680;   null;215.258; 90.718;158.323;299.447;100.141;162.360;195.424;180.100;192.792;198.528;114.250; 46.896;270.248
2002-04-17 06:15:00;172.728; 51.783;213.533;128.220;1378.400;405.520;106.221;214.670; 88.734;160.313;299.057;102.008;161.140;193.374;178.728;193.702;197.298;113.082; 46.396;270.606
2002-04-17 06:20:00;169.916; 51.147;214.767;127.883;1370.440;409.160;   null;214.464; 90.640;158.793;299.512;100.761;160.180;192.390;175.876;193.076;199.620;113.694; 47.248;268.774
2002-04-17 06:25:00;172.356; 53.023;212.567;126.120;1375.900;408.803;   null;214.760; 89.086;159.830;299.006; 99.884;161.900;194.964;176.630;193.360;200.662;114.540; 45.712;268.006
2002-04-17 06:30:00;170.812; 52.340;212.767;127.910;1372.480;409.800;106.822;214.830; 90.010;159.257;302.349;100.838;162.940;192.920;179.686;195.052;200.026;112.674; 46.210;268.110
2002-04-17 06:35:00;170.950; 52.013;213.400;127.643;1374.900;408.913;   null;214.810; 90.420;158.537;298.508;100.064;161.180;193.760;176.600;193.560;199.216;113.932; 45.820;267.870
2002-04-17 06:40:00;173.408; 52.953;214.300;128.990;1379.160;405.713;   null;214.020; 90.194;155.077;300.884;100.611;160.360;195.358;175.724;194.248;200.074;113.890; 46.384;267.246
2002-04-17 06:45:00;171.886; 52.577;213.467;126.193;1371.080;407.053;106.254;217.554; 89.862;157.850;301.861; 98.958;163.740;192.612;178.286;194.816;200.562;113.078; 46.538;269.184
2002-04-17 06:50:00;171.214; 53.083;213.967;126.833;1380.300;408.830;   null;216.028; 90.316;157.983;299.369; 99.793;163.340;195.778;179.436;193.372;201.746;113.642; 46.838;267.982
2002-04-17 06:55:00;171.672; 53.653;214.933;127.157;1366.940;409.263;   null;212.832; 90.616;157.530;300.713;101.129;162.400;196.886;176.446;196.238;196.788;112.962; 45.644;267.980
2002-04-17 07:00:00;171.930; 52.707;212.067;127.630;1374.820;407.857;104.720;216.342; 90.152;159.690;299.443;100.871;160.880;192.842;176.144;194.948;198.890;114.480; 46.160;269.544
2002-04-17 07:05:00;172.250; 53.587;213.833;127.730;1363.880;413.500;   null;213.894; 90.854;158.093;299.759; 99.786;162.080;194.308;177.724;195.278;198.818;113.500; 46.200;263.980
2002-04-17 07:10:00;170.678; 52.053;213.433;127.630;1375.400;408.657;   null;214.836; 90.126;159.073;299.922; 99.344;161.440;192.520;178.034;195.198;199.262;113.960; 46.206;264.830
2002-04-17 07:15:00;171.898; 52.067;212.200;129.773;1371.100;408.573;105.979;214.806; 88.332;158.903;298.553;100.566;160.740;193.928;177.316;192.846;199.896;113.728; 46.264;265.580
2002-04-17 07:20:00;171.474; 51.617;213.167;128.043;1376.320;408.420;   null;215.866; 89.208;159.083;300.086; 99.643;161.360;194.790;176.952;195.292;199.722;114.950; 45.340;266.364
2002-04-17 07:25:00;171.768; 53.193;209.967;127.620;1373.180;409.427;   null;215.432; 88.340;159.550;302.758;101.732;164.340;194.440;177.968;195.752;198.288;114.290; 46.276;265.674
2002-04-17 07:30:00;172.016; 53.143;212.533;128.317;1373.200;411.450;106.487;215.526; 90.608;159.163;298.783;101.868;161.920;194.206;175.270;195.356;198.184;113.338; 46.470;267.858
2002-04-17 07:35:00;173.020; 53.437;212.467;126.327;1375.000;409.650;   null;212.966; 89.402;161.590;299.998;101.299;165.380;194.096;179.444;194.458;200.876;113.100; 46.618;265.900
2002-04-17 07:40:00;173.010; 51.797;212.000;126.047;1367.300;408.490;   null;216.094; 92.010;157.673;299.214;100.934;162.920;193.882;177.960;193.900;198.336;113.090; 46.168;267.436
2002-04-17 07:45:00;169.368; 52.763;215.933;126.900;1372.320;408.283;106.355;214.902; 90.088;157.983;301.617;100.923;161.440;195.068;178.212;196.692;198.996;113.774; 45.972;267.062
2002-04-17 07:50:00;170.790; 51.843;214.000;129.420;1374.800;410.813;   null;216.010; 91.102;158.533;301.707;100.206;161.920;194.688;178.860;194.108;198.196;112.322; 45.850;267.116
2002-04-17 07:55:00;170.040; 54.347;210.500;128.570;1376.780;408.926;   null;215.324; 88.432;159.573;300.207; 98.212;161.660;193.350;177.080;193.842;198.398;114.330; 45.880;264.456
2002-04-17 08:00:00;171.944; 52.717;213.667;126.597;1374.940;411.967;106.841;214.552; 90.574;158.483;300.785;100.538;161.280;192.694;176.402;196.438;199.882;114.186; 45.164;264.548
2002-04-17 08:05:00;171.864; 52.137;216.300;128.583;1375.100;409.153;   null;217.126; 89.936;161.200;301.022;101.402;163.420;194.316;177.350;196.588;197.934;114.000; 46.514;265.970
2002-04-17 08:10:00;170.864; 52.777;212.933;128.127;1372.960;411.470;   null;216.662; 89.910;158.737;300.109; 99.636;161.880;193.402;176.656;195.056;201.942;114.710; 45.688;264.762
2002-04-17 08:15:00;170.474; 52.060;212.967;127.433;1379.280;407.813;106.959;212.562; 89.466;159.180;299.522;101.493;160.860;195.494;176.094;195.134;199.560;113.782; 46.476;262.862
2002-04-17 08:20:00;171.388; 52.473;213.333;127.190;1370.320;413.203;   null;214.584; 90.052;156.603;301.153; 99.549;162.880;193.912;177.906;194.640;199.996;113.580; 46.086;264.054
2002-04-17 08:25:00;171.746; 52.457;214.133;126.267;1373.340;409.870;   null;215.008; 90.858;155.100;299.023;101.835;160.140;194.700;177.578;195.546;200.206;113.272; 45.206;264.146
2002-04-17 08:30:00;171.156; 52.560;211.933;126.840;1376.260;411.047;106.487;215.680; 91.350;159.527;299.675; 99.492;159.920;193.700;178.254;195.438;198.710;113.186; 46.168;265.404
2002-04-17 08:35:00;170.590; 52.867;212.767;126.940;1383.280;411.460;   null;216.192; 89.658;159.917;298.902; 99.183;161.300;193.966;177.168;195.778;198.830;114.750; 45.864;266.294
2002-04-17 08:40:00;172.454; 52.183;213.233;127.980;1369.680;415.887;   null;215.296; 90.684;160.977;299.293;101.322;159.620;192.660;177.074;194.626;197.692;113.452; 46.658;264.826
2002-04-17 08:45:00;169.268; 52.527;210.833;126.117;1379.640;413.520;106.818;214.800; 88.848;158.770;301.055; 98.913;162.860;195.174;177.268;197.388;199.766;114.438; 45.858;266.450
2002-04-17 08:50:00;172.196; 52.583;214.167;127.737;1375.260;410.530;   null;215.066; 90.334;159.027;299.685;100.718;162.040;195.374;179.220;194.794;200.018;114.646; 46.282;265.688
2002-04-17 08:55:00;170.946; 53.817;213.567;126.723;1375.720;411.067;   null;215.668; 90.248;159.423;300.883;100.804;160.140;196.046;178.546;196.494;200.806;114.292; 46.552;265.256
2002-04-17 09:00:00;170.350; 51.257;212.933;130.050;1375.320;412.367;108.008;216.196; 90.616;159.170;302.580;100.005;161.900;194.538;175.942;196.498;199.114;113.332; 46.150;264.100
2002-04-17 09:05:00;172.054; 52.273;213.533;127.993;1371.500;410.280;   null;214.468; 90.902;157.683;298.434;100.598;162.340;195.150;177.638;192.172;197.754;113.374; 46.064;266.010
2002-04-17 09:10:00;171.748; 54.003;211.967;129.727;1374.620;410.330;   null;216.492; 91.054;158.947;299.946; 99.584;162.900;194.940;177.636;198.686;199.786;113.674; 45.870;267.892
2002-04-17 09:15:00;170.060; 51.900;212.967;126.710;1376.580;410.827;107.601;216.280; 90.988;159.543;299.969;101.489;160.580;194.896;176.504;194.982;198.198;115.882; 46.132;265.346
2002-04-17 09:20:00;171.636; 51.797;216.467;129.047;1383.360;413.913;   null;216.694; 90.478;160.563;297.782;101.278;161.960;194.644;178.036;192.892;199.988;114.782; 45.572;267.432
2002-04-17 09:25:00;169.884; 51.923;211.433;129.317;1375.560;411.166;   null;216.526; 90.204;159.957;299.317;100.203;163.840;195.470;176.738;194.848;199.700;114.132; 45.910;265.694
2002-04-17 09:30:00;172.410; 52.277;214.567;128.610;1381.380;413.163;106.530;216.556; 90.324;160.124;300.655; 98.579;162.260;194.514;176.572;194.070;198.630;113.790; 46.142;265.788
2002-04-17 09:35:00;168.888; 51.677;213.967;130.023;1378.200;413.763;   null;215.012; 89.324;159.203;302.116;100.610;162.000;195.536;179.058;195.978;198.782;114.690; 46.000;263.188
2002-04-17 09:40:00;171.118; 54.060;214.667;127.607;1381.160;414.153;   null;215.388; 90.070;158.550;299.928;100.239;160.140;194.214;179.190;196.676;197.556;114.086; 45.872;264.756
2002-04-17 09:45:00;171.560; 54.343;213.167;128.770;1376.740;417.597;107.897;215.796; 88.848;159.943;300.375;101.432;162.200;193.386;179.864;191.954;198.840;113.968; 45.986;263.662
2002-04-17 09:50:00;170.686; 52.460;212.667;127.223;1373.040;413.843;   null;215.528; 91.158;158.600;299.548; 99.864;161.200;194.170;175.594;195.304;199.722;114.464; 46.342;264.968
2002-04-17 09:55:00;169.284; 51.677;214.333;127.957;1382.480;411.807;   null;215.810; 90.290;161.667;298.599;101.205;162.180;195.232;176.618;195.470;202.830;112.846; 45.780;264.846
2002-04-17 10:00:00;169.938; 52.190;212.833;128.567;1386.380;415.663;106.630;215.658; 90.684;160.257;299.798;101.833;162.760;194.044;177.870;195.666;199.224;114.888; 45.620;263.090
2002-04-17 10:05:00;169.686; 53.207;214.400;127.700;1383.360;416.877;   null;215.670; 90.420;161.974;300.027;100.787;162.540;193.314;175.766;194.680;198.870;114.774; 46.228;265.616
2002-04-17 10:10:00;171.572; 51.860;213.967;129.033;1380.900;416.060;   null;215.324; 89.632;158.727;300.453; 99.603;162.560;195.740;177.848;194.998;200.408;114.664; 46.372;264.012
2002-04-17 10:15:00;170.584; 52.457;213.100;127.763;1378.100;416.210;106.963;216.588; 91.142;159.263;302.843;100.281;161.980;194.736;177.668;195.426;199.682;114.406; 46.170;264.516
2002-04-17 10:20:00;169.640; 51.783;213.267;129.040;1380.860;415.670;   null;216.944; 89.130;161.317;300.673;100.136;160.520;193.588;176.978;197.266;201.550;114.228; 45.238;264.402
2002-04-17 10:25:00;170.796; 54.457;215.200;128.333;1383.100;413.863;   null;216.302; 92.408;159.220;299.624;100.146;163.480;192.954;178.540;196.680;199.282;114.200; 46.298;264.824
2002-04-17 10:30:00;170.774; 52.300;212.333;130.983;1376.160;414.803;106.999;215.822; 90.014;160.270;299.319; 99.286;161.480;195.270;178.204;195.020;199.242;114.998; 45.430;263.462
2002-04-17 10:35:00;169.136; 53.343;214.133;128.350;1377.760;413.753;   null;215.652; 91.306;159.923;298.990; 99.269;160.840;194.742;177.336;194.518;199.368;114.230; 45.092;263.804
2002-04-17 10:40:00;169.736; 53.040;213.367;128.357;1379.060;415.413;   null;215.032; 89.940;160.230;300.368; 98.937;163.220;195.418;177.254;195.538;199.832;114.284; 46.266;267.176
2002-04-17 10:45:00;170.230; 53.137;213.767;128.600;1382.300;410.817;105.869;218.516; 91.350;160.667;302.555; 99.666;162.560;195.628;178.828;195.932;199.332;113.740; 46.452;264.662
2002-04-17 10:50:00;171.998; 52.530;213.367;127.397;1380.780;415.230;   null;215.578; 90.094;161.430;301.792;100.655;162.620;193.906;177.504;194.170;201.170;113.160; 46.580;266.436
2002-04-17 10:55:00;170.788; 52.227;213.067;127.213;1381.920;413.183;   null;216.090; 90.162;158.937;301.146;100.679;162.520;193.764;178.128;199.512;199.200;112.914; 46.600;262.400
2002-04-17 11:00:00;172.592; 52.890;214.200;129.217;1380.320;412.283;106.285;214.112; 90.512;159.790;298.738;100.506;162.080;194.318;177.710;194.784;200.070;114.852; 46.122;264.336
2002-04-17 11:05:00;170.170; 52.740;214.700;128.580;1378.100;411.530;   null;215.974; 90.966;159.360;300.041;101.234;164.300;193.056;176.392;195.506;200.336;113.236; 46.192;267.040
2002-04-17 11:10:00;170.994; 52.647;213.667;126.397;1370.180;415.147;   null;215.228; 90.268;160.407;301.279;100.624;161.980;195.644;177.286;197.114;199.552;114.220; 45.540;264.256
2002-04-17 11:15:00;170.422; 52.377;214.333;129.083;1376.740;410.787;105.134;214.328; 90.552;161.426;303.120; 99.229;160.560;196.262;177.260;196.030;198.436;114.346; 45.968;263.926
2002-04-17 11:20:00;171.272; 52.890;212.033;125.223;1380.140;411.593;   null;216.902; 90.616;160.390;300.095; 99.821;162.180;193.678;180.614;194.330;200.792;114.232; 45.536;262.860
2002-04-17 11:25:00;171.508; 52.627;212.700;126.727;1374.340;413.550;   null;215.184; 88.812;157.607;301.828;101.245;162.680;192.730;177.000;193.862;200.634;114.486; 45.258;262.312
2002-04-17 11:30:00;169.222; 52.683;215.200;127.337;1377.620;411.840;106.844;218.150; 89.276;158.857;300.018; 99.495;162.200;194.276;177.760;195.516;201.338;115.194; 45.524;263.592
2002-04-17 11:35:00;170.400; 52.023;213.233;127.797;1376.500;407.917;   null;214.632; 90.524;161.350;300.073;100.682;164.780;196.376;177.596;194.332;198.424;113.754; 45.906;264.242
2002-04-17 11:40:00;171.106; 53.647;214.200;126.250;1371.960;412.423;   null;216.650; 89.630;158.367;295.431; 98.886;159.940;193.454;179.810;195.636;197.864;114.642; 45.110;261.710
2002-04-17 11:45:00;170.018; 52.933;211.500;127.187;1373.700;410.897;106.405;213.138; 90.352;160.063;298.216; 99.897;160.820;194.304;177.290;199.130;199.134;114.238; 45.058;263.770
2002-04-17 11:50:00;170.528; 52.050;212.600;126.417;1368.060;411.567;   null;216.774; 90.514;161.170;298.348;100.445;161.960;194.330;178.148;196.206;199.298;113.852; 45.532;259.372
2002-04-17 11:55:00;168.862; 51.817;210.233;127.540;1370.840;411.747;   null;217.134; 89.726;159.404;295.646; 99.425;162.260;195.908;176.358;194.836;197.822;115.126; 45.292;262.516
2002-04-17 12:00:00;170.340; 53.400;211.033;126.713;1375.800;410.467;105.526;214.510; 89.898;159.327;298.038;100.589;161.400;193.078;177.722;195.978;197.018;114.274; 45.134;261.638
2002-04-17 12:05:00;170.462; 52.427;209.367;128.343;1367.100;411.900;   null;217.086; 90.192;159.657;298.039; 99.932;161.560;192.316;178.928;195.656;199.518;113.832; 45.568;263.332
2002-04-17 12:10:00;169.290; 52.730;212.900;129.453;1376.540;408.500;   null;216.292; 90.956;160.830;296.620; 98.789;161.780;195.358;175.522;197.418;198.992;112.958; 44.354;260.366
2002-04-17 12:15:00;169.014; 52.227;213.367;127.313;1374.440;410.940;106.548;214.930; 89.128;161.137;299.068; 98.989;162.940;193.380;176.336;195.486;199.806;114.280; 45.710;260.460
2002-04-17 12:20:00;172.756; 51.730;211.700;128.233;1370.400;416.136;   null;215.224; 90.878;161.043;296.493; 99.629;161.860;191.492;175.430;195.114;198.196;114.232; 44.820;260.414
2002-04-17 12:25:00;169.684; 52.887;213.167;126.687;1373.500;412.930;   null;214.220; 88.640;158.977;292.975; 98.965;161.940;193.446;175.672;193.848;199.128;113.946; 45.220;261.330
2002-04-17 12:30:00;170.042; 52.813;212.533;128.843;1366.440;412.427;105.786;217.640; 90.390;159.690;296.969; 99.799;163.240;194.040;175.438;196.216;197.300;114.090; 44.892;260.744
2002-04-17 12:35:00;170.388; 50.950;213.867;127.593;1367.840;414.583;   null;214.496; 90.024;158.914;295.732; 99.127;160.740;191.392;173.374;197.898;195.716;114.142; 44.866;260.696
2002-04-17 12:40:00;170.824; 53.103;214.000;125.993;1371.480;415.650;   null;213.752; 90.990;161.703;289.802; 99.821;163.920;190.552;174.698;194.662;195.272;113.820; 45.380;260.486
2002-04-17 12:45:00;169.438; 52.233;215.900;128.120;1367.960;412.320;105.362;215.466; 91.200;159.993;293.585; 98.553;162.500;190.742;175.378;193.640;194.642;114.598; 45.906;264.778
2002-04-17 12:50:00;170.602; 52.297;212.600;129.423;1370.860;420.240;   null;216.938; 89.154;159.997;292.873; 99.137;161.920;191.828;175.182;194.858;196.404;112.930; 45.682;264.462
2002-04-17 12:55:00;169.818; 51.210;212.700;127.857;1376.740;414.170;   null;213.706; 90.424;155.697;291.567;100.031;160.580;190.750;176.838;196.694;198.990;112.932; 45.580;266.574
2002-04-17 13:00:00;169.116; 52.687;211.733;128.620;1369.180;412.720;105.592;215.900; 89.910;160.273;292.755;100.063;160.380;192.202;172.090;196.086;196.880;113.936; 46.082;262.178
2002-04-17 13:05:00;168.942; 51.317;212.033;127.917;1373.660;410.247;   null;215.342; 90.188;159.950;294.213; 98.717;162.320;192.602;172.390;195.496;196.698;113.756; 45.774;265.028
2002-04-17 13:10:00;169.104; 51.740;210.833;126.013;1370.580;412.550;   null;214.230; 90.650;158.943;291.610; 98.250;161.320;192.024;173.762;196.174;195.350;112.534; 45.460;264.768
2002-04-17 13:15:00;170.406; 51.997;212.867;124.730;1367.000;409.557;105.713;214.700; 91.046;159.027;290.583;100.158;159.340;191.688;171.490;194.114;194.710;113.542; 45.392;263.110
2002-04-17 13:20:00;166.188; 52.010;211.533;128.183;1365.840;407.920;   null;215.106; 89.150;156.177;290.019; 99.780;160.100;190.074;174.390;192.940;196.790;111.948; 45.314;260.330
2002-04-17 13:25:00;167.392; 51.650;209.733;127.447;1358.260;408.333;   null;213.170; 90.600;156.290;291.425; 99.029;160.800;188.768;174.218;192.670;196.748;111.400; 44.710;257.542
2002-04-17 13:30:00;166.210; 52.527;210.000;126.523;1356.760;407.387;104.950;212.436; 89.832;157.263;290.927; 99.875;160.660;190.204;172.554;192.000;195.306;112.684; 44.940;257.288
2002-04-17 13:35:00;165.690; 53.380;211.233;127.773;1343.820;405.693;   null;210.518; 89.294;158.560;287.954; 99.735;159.740;188.960;172.958;194.404;195.510;111.272; 44.050;260.408
2002-04-17 13:40:00;166.844; 51.587;211.267;127.513;1340.720;408.167;   null;213.368; 89.708;156.063;288.385; 99.624;160.440;188.308;172.350;192.298;198.092;113.625; 44.588;255.946
2002-04-17 13:45:00;167.228; 51.433;208.567;126.317;1338.640;407.913;102.832;214.184; 89.226;156.790;289.161; 99.830;160.760;190.468;171.250;192.626;194.120;111.322; 44.720;259.618
2002-04-17 13:50:00;166.262; 51.837;210.300;127.007;1336.360;411.543;   null;210.492; 89.988;158.567;291.964; 99.481;160.940;189.458;172.458;193.182;195.360;111.898; 43.642;257.944
2002-04-17 13:55:00;165.748; 51.727;210.767;127.900;1333.880;410.460;   null;213.902; 89.282;158.443;290.070; 98.444;163.460;190.348;171.308;194.042;194.582;111.564; 44.666;257.870
2002-04-17 14:00:00;165.802; 51.587;209.067;126.033;1332.520;408.576;103.862;213.314; 89.042;157.333;292.610;100.236;160.500;187.346;172.058;194.884;193.136;111.334; 43.960;259.856
2002-04-17 14:05:00;167.014; 51.570;208.467;126.537;1324.960;407.103;   null;213.118; 90.514;157.790;291.412; 97.460;157.840;189.868;171.286;192.992;193.992;112.322; 45.070;258.168
2002-04-17 14:10:00;166.634; 50.123;209.067;126.270;1332.040;409.080;   null;212.166; 89.996;160.877;292.524; 99.259;160.740;189.586;170.062;197.168;196.774;112.130; 45.134;258.228
2002-04-17 14:15:00;168.502; 51.210;211.967;125.533;1334.320;406.686;103.440;215.816; 90.600;157.943;288.685; 99.796;161.480;190.010;171.684;194.872;193.806;113.708; 44.144;258.276
2002-04-17 14:20:00;165.372; 51.110;210.100;126.153;1329.600;405.960;   null;212.164; 89.182;158.683;290.738; 98.136;160.000;188.374;171.220;192.706;197.004;112.870; 44.858;257.052
2002-04-17 14:25:00;167.372; 52.253;207.100;126.023;1330.720;407.460;   null;214.452; 88.436;157.857;289.705; 99.577;163.420;188.542;171.944;194.426;195.310;112.938; 44.342;257.460
2002-04-17 14:30:00;165.892; 51.993;210.033;125.423;1339.560;405.743;102.096;211.296; 89.150;156.670;291.871; 98.084;160.420;187.360;173.048;198.198;195.582;112.244; 45.284;257.400
2002-04-17 14:35:00;166.100; 50.947;210.100;127.730;1330.920;404.680;   null;213.020; 90.212;154.830;290.618;100.617;160.380;189.612;173.274;196.266;198.574;112.946; 44.968;258.258
2002-04-17 14:40:00;165.776; 51.063;207.567;123.380;1338.480;404.470;   null;207.740; 90.450;156.947;290.671; 98.913;158.960;188.414;173.190;193.870;195.672;113.168; 45.116;257.358
2002-04-17 14:45:00;164.960; 50.803;211.700;125.187;1338.400;404.567;103.846;213.128; 88.586;156.147;290.963; 96.929;157.360;188.630;172.724;196.822;196.714;113.054; 45.192;258.552
2002-04-17 14:50:00;165.010; 50.960;210.233;124.377;1331.840;401.030;   null;209.746; 88.984;154.850;288.151; 98.055;159.740;189.062;172.358;195.526;194.282;114.030; 44.310;257.458
2002-04-17 14:55:00;166.174; 51.080;210.300;125.550;1338.180;399.117;   null;210.520; 89.008;155.387;292.299; 99.765;161.140;187.814;171.886;193.288;197.150;112.760; 44.504;258.202
2002-04-17 15:00:00;165.660; 50.800;210.133;122.833;1328.500;396.773;103.777;205.440; 88.512;152.850;290.997; 99.673;159.920;188.674;170.442;192.236;198.502;111.774; 44.840;257.048
2002-04-17 15:05:00;165.276; 51.053;209.100;124.163;1337.120;401.960;   null;210.732; 87.376;153.640;289.417; 98.607;160.020;190.794;171.732;194.388;197.202;112.890; 45.106;256.578
2002-04-17 15:10:00;166.488; 52.077;207.933;123.743;1336.960;399.193;   null;207.362; 88.626;154.820;292.611; 97.376;159.240;190.484;170.762;193.280;196.966;113.572; 44.354;257.744
2002-04-17 15:15:00;164.722; 51.697;208.000;125.217;1324.120;394.383;102.724;206.780; 85.720;154.050;286.669; 98.055;159.080;189.190;170.210;193.792;197.070;113.220; 43.512;256.618
2002-04-17 15:20:00;166.216; 50.940;208.633;124.250;1326.620;398.320;   null;205.480; 87.578;154.310;289.952; 96.706;157.540;190.682;172.130;191.974;195.836;112.054; 43.872;254.648
2002-04-17 15:25:00;167.230; 50.743;209.633;123.130;1328.000;397.447;   null;206.550; 88.482;151.243;291.088; 95.466;155.780;190.162;171.112;192.910;194.826;113.412; 44.240;253.880
2002-04-17 15:30:00;164.836; 50.570;207.600;122.420;1338.700;395.670;103.493;205.560; 89.326;154.253;291.935; 95.449;154.880;191.728;172.388;191.754;192.890;113.246; 43.522;255.186
2002-04-17 15:35:00;167.558; 51.713;208.300;123.767;1334.100;400.783;   null;205.108; 87.454;154.700;290.543; 97.007;153.800;189.720;173.504;188.648;195.412;114.002; 44.028;255.814
2002-04-17 15:40:00;166.440; 51.867;209.467;124.583;1336.500;399.353;   null;207.600; 89.096;154.597;288.435; 96.857;156.300;189.462;171.886;186.664;192.970;111.554; 43.702;254.366
2002-04-17 15:45:00;166.772; 51.450;210.000;123.380;1335.140;397.757;102.278;203.382; 88.084;151.647;290.274; 94.109;154.860;188.598;172.386;187.822;193.964;110.214; 43.716;255.734
2002-04-17 15:50:00;166.034; 50.363;209.467;125.297;1344.080;402.797;   null;209.340; 88.108;153.180;288.679; 95.085;156.460;188.116;172.206;187.728;193.222;110.934; 44.196;253.886
2002-04-17 15:55:00;167.458; 51.093;210.000;124.513;1342.460;401.010;   null;207.836; 89.180;153.103;292.663; 95.895;155.900;188.988;172.498;188.532;192.878;110.226; 43.740;255.684
2002-04-17 16:00:00;166.166; 51.410;210.533;124.907;1342.320;402.703;103.347;205.172; 88.210;154.320;289.760; 96.701;155.560;189.334;174.284;188.564;191.740;109.772; 44.828;256.530
2002-04-17 16:05:00;166.968; 50.740;208.400;125.023;1339.320;401.573;   null;206.262; 87.338;152.280;288.287; 96.534;155.860;188.954;172.782;187.604;194.386;111.224; 44.792;254.642
2002-04-17 16:10:00;168.682; 51.987;209.133;123.787;1348.760;401.853;   null;206.298; 87.940;152.623;292.823; 95.818;156.240;188.956;170.916;189.822;194.308;110.232; 44.746;257.496
2002-04-17 16:15:00;167.824; 52.263;209.833;125.217;1348.160;400.530;103.123;206.048; 88.008;151.850;288.784; 95.267;153.560;188.398;170.458;189.692;192.976;109.324; 43.802;256.036
2002-04-17 16:20:00;167.494; 50.903;206.333;124.273;1345.380;402.477;   null;206.588; 88.194;153.000;289.287; 97.021;154.780;190.424;171.910;189.144;190.052;110.758; 44.084;256.074
2002-04-17 16:25:00;167.272; 51.953;207.800;124.533;1350.820;398.807;   null;205.108; 86.146;154.053;287.651; 95.932;153.040;189.588;171.480;187.794;192.882;109.588; 44.086;258.346
2002-04-17 16:30:00;169.078; 52.660;209.433;123.830;1352.840;402.330;102.493;206.092; 86.814;151.927;289.768; 93.455;155.300;188.262;172.830;190.216;191.810;109.248; 44.176;257.920
2002-04-17 16:35:00;167.910; 52.753;213.300;123.920;1350.460;399.933;   null;205.110; 87.814;153.477;288.726; 95.401;155.640;190.606;173.020;189.104;190.876;111.678; 44.344;256.468
2002-04-17 16:40:00;168.122; 51.537;207.933;125.067;1346.700;403.477;   null;207.434; 88.842;153.677;290.585; 95.236;154.320;190.852;171.360;185.096;191.176;110.394; 44.166;256.586
2002-04-17 16:45:00;167.300; 51.097;210.733;125.857;1352.400;399.813;102.429;207.442; 87.498;153.600;292.424; 95.779;155.400;190.810;173.050;186.944;191.990;110.550; 44.538;255.472
2002-04-17 16:50:00;166.356; 51.863;208.900;124.657;1349.780;401.767;   null;207.330; 88.074;151.860;289.864; 94.345;153.820;190.890;171.624;187.888;193.218;109.312; 44.408;258.366
2002-04-17 16:55:00;168.714; 50.723;207.433;125.950;1354.100;400.654;   null;208.164; 87.238;154.504;287.446; 96.130;153.900;188.352;172.318;188.628;192.302;110.462; 43.754;256.116
2002-04-17 17:00:00;170.466; 51.320;208.833;126.247;1340.680;402.347;103.018;203.562; 88.224;153.117;289.782; 96.657;155.980;188.460;174.110;189.466;189.854;110.694; 44.564;257.980
2002-04-17 17:05:00;167.970; 51.040;211.300;125.370;1354.680;402.117;   null;205.588; 87.820;153.837;287.624; 94.010;153.660;190.626;171.724;187.118;191.224;109.732; 43.778;257.900
2002-04-17 17:10:00;166.818; 52.087;210.033;127.563;1352.100;402.527;   null;205.754; 88.010;154.557;288.678; 95.196;154.160;187.930;172.560;190.236;193.580;109.268; 44.102;256.870
2002-04-17 17:15:00;167.784; 52.443;209.267;124.340;1353.340;402.637;103.771;206.320; 87.788;151.413;289.622; 95.985;155.880;187.826;173.326;188.480;192.072;109.524; 45.040;255.472
2002-04-17 17:20:00;168.000; 51.607;208.667;125.093;1354.820;404.317;   null;206.654; 87.538;149.660;289.066; 95.905;155.520;188.490;172.228;186.656;193.344;109.264; 44.060;254.702
2002-04-17 17:25:00;167.066; 51.607;207.367;123.517;1351.520;399.523;   null;205.738; 87.060;153.620;287.212; 96.427;156.100;190.232;172.114;185.790;190.758;108.518; 44.326;257.976
2002-04-17 17:30:00;169.060; 51.900;208.533;124.343;1352.560;402.407;102.497;206.186; 86.318;151.707;288.904; 97.228;155.360;188.664;170.668;187.654;190.214;110.226; 44.158;257.476
2002-04-17 17:35:00;168.884; 51.177;208.200;126.083;1351.440;397.287;   null;207.202; 87.342;150.553;290.122; 96.322;154.860;184.396;172.708;188.312;192.364;109.620; 44.408;256.498
2002-04-17 17:40:00;169.304; 52.557;208.633;124.953;1348.680;401.697;   null;205.300; 87.224;154.810;289.495; 96.217;156.260;187.744;172.610;186.592;192.092;109.774; 44.496;256.010
2002-04-17 17:45:00;168.814; 51.693;210.533;126.383;1348.400;400.150;103.382;203.262; 87.444;151.277;289.156; 96.157;157.380;187.676;171.084;187.738;189.712;109.828; 44.144;254.938
2002-04-17 17:50:00;168.858; 51.793;211.533;127.210;1346.060;399.453;   null;206.560; 87.702;152.257;287.747; 94.579;156.660;188.202;171.932;186.158;191.176;110.356; 44.536;257.764
2002-04-17 17:55:00;168.624; 51.590;211.667;124.160;1350.560;399.890;   null;207.620; 88.146;153.213;289.809; 97.484;156.940;188.938;172.602;187.608;190.134;110.952; 43.874;256.294
2002-04-17 18:00:00;166.624; 51.310;208.033;125.027;1351.480;398.020;102.893;208.604; 87.756;152.460;288.223; 96.393;158.540;185.342;174.026;186.894;193.150;110.590; 44.402;253.550
2002-04-17 18:05:00;167.670; 53.643;208.933;125.630;1348.680;401.374;   null;208.296; 86.550;151.813;289.078; 94.310;156.580;189.016;173.286;186.944;190.286;110.024; 44.198;255.220
2002-04-17 18:10:00;169.086; 51.933;209.233;125.730;1344.480;398.240;   null;207.040; 86.978;150.540;287.788; 96.389;158.500;186.542;172.374;186.992;190.278;110.584; 43.966;255.642
2002-04-17 18:15:00;167.008; 51.483;209.367;125.060;1340.020;400.980;103.428;208.162; 87.406;153.857;286.978; 95.344;155.500;187.792;174.654;188.994;190.646;109.868; 43.280;255.310
2002-04-17 18:20:00;169.770; 52.640;208.833;126.220;1342.060;400.980;   null;208.552; 87.130;154.684;287.086; 96.503;156.000;189.786;173.172;189.414;191.668;110.552; 43.498;255.846
2002-04-17 18:25:00;168.804; 52.310;210.933;124.373;1350.860;403.847;   null;209.706; 87.478;152.433;290.281; 97.884;157.160;188.214;172.680;188.118;191.728;111.384; 44.320;256.244
2002-04-17 18:30:00;167.796; 52.683;211.700;124.303;1340.580;400.880;103.281;207.612; 86.592;155.870;287.595; 95.506;158.020;187.342;174.532;190.038;191.680;110.812; 44.064;254.034
2002-04-17 18:35:00;166.450; 51.727;209.933;126.537;1352.840;399.690;   null;206.934; 87.534;153.317;288.514; 95.996;156.080;188.360;172.970;187.794;194.322;111.894; 43.920;256.008
2002-04-17 18:40:00;166.424; 51.503;208.933;125.793;1350.540;407.414;   null;207.178; 86.644;153.323;287.811; 97.495;158.000;189.682;172.198;189.350;193.520;111.676; 44.190;253.818
2002-04-17 18:45:00;168.456; 51.100;209.167;126.153;1348.680;402.060;103.274;208.302; 87.742;154.083;287.199; 95.788;153.260;186.508;170.358;189.622;194.090;110.184; 43.378;256.502
2002-04-17 18:50:00;168.374; 51.023;210.600;127.673;1352.580;404.680;   null;208.946; 87.066;151.413;287.613; 96.534;157.000;189.036;172.070;188.368;192.060;109.458; 44.034;253.678
2002-04-17 18:55:00;167.906; 52.960;209.067;125.233;1353.100;404.487;   null;208.780; 87.066;154.277;284.515; 97.971;155.920;187.358;173.180;186.908;189.902;109.972; 43.734;253.748
2002-04-17 19:00:00;168.270; 53.297;207.967;125.427;1352.080;405.457;103.418;208.630; 87.252;154.413;288.648; 98.339;155.460;187.270;173.246;187.514;191.946;110.694; 44.542;257.098
2002-04-17 19:05:00;168.100; 51.063;210.333;124.720;1355.520;404.090;   null;204.992; 86.528;153.307;288.347; 98.100;156.120;187.974;175.416;187.376;192.406;110.966; 44.816;257.738
2002-04-17 19:10:00;168.010; 51.453;210.267;126.147;1343.500;402.043;   null;207.712; 86.968;154.863;288.852; 96.646;155.920;188.870;176.384;187.942;191.638;111.028; 44.680;255.242
2002-04-17 19:15:00;170.440; 51.620;210.333;126.357;1351.200;402.867;104.001;206.138; 87.036;152.177;287.736; 95.668;157.480;188.672;173.636;187.118;191.456;109.528; 44.246;254.692
2002-04-17 19:20:00;167.202; 52.797;210.567;125.693;1351.340;405.003;   null;207.430; 87.428;154.767;287.731; 95.835;157.040;191.054;171.876;188.690;191.502;109.798; 44.390;253.748
2002-04-17 19:25:00;168.650; 51.723;213.233;126.073;1349.660;400.943;   null;211.576; 88.508;153.857;287.941; 97.860;157.580;188.370;173.640;190.344;191.912;111.142; 44.702;255.854
2002-04-17 19:30:00;168.922; 50.800;209.833;127.780;1345.460;399.890;103.957;209.046; 86.948;153.937;285.932; 97.203;156.580;188.954;173.090;187.922;193.188;111.376; 44.394;257.588
2002-04-17 19:35:00;169.410; 50.937;211.567;127.013;1350.260;400.850;   null;209.878; 87.010;153.513;290.176; 95.221;156.660;189.320;172.370;188.232;191.964;109.550; 44.410;255.488
2002-04-17 19:40:00;168.674; 52.453;209.700;124.733;1343.300;400.364;   null;207.830; 87.702;152.803;288.396; 97.108;157.160;190.160;171.520;189.728;190.668;110.568; 43.736;258.242
2002-04-17 19:45:00;168.872; 51.163;211.900;125.970;1343.120;403.933;103.308;210.496; 88.316;154.157;289.053; 96.753;158.080;187.956;173.624;186.066;192.308;111.978; 44.624;257.756
2002-04-17 19:50:00;168.714; 51.603;210.867;126.550;1349.980;402.543;   null;206.950; 87.698;155.870;287.481; 96.431;159.880;188.528;174.782;186.498;191.616;111.304; 44.520;259.750
2002-04-17 19:55:00;170.508; 52.470;209.367;127.837;1350.160;402.870;   null;209.338; 88.308;154.667;289.646; 96.570;156.280;189.398;173.002;188.698;194.262;110.786; 44.450;260.350
2002-04-17 20:00:00;167.954; 51.833;209.967;125.080;1347.480;399.240;103.664;208.074; 87.418;154.817;290.468; 97.015;158.940;189.432;172.162;188.262;192.958;110.286; 44.330;259.466
2002-04-17 20:05:00;169.974; 52.233;209.800;127.307;1355.280;402.317;   null;208.554; 87.516;155.590;291.128; 96.922;158.560;188.646;172.604;186.892;192.010;111.086; 43.842;258.684
2002-04-17 20:10:00;170.108; 52.277;211.900;128.017;1352.020;406.067;   null;211.692; 87.042;155.727;287.627; 96.576;157.580;187.866;172.738;188.834;192.104;110.068; 45.138;258.388
2002-04-17 20:15:00;168.766; 52.457;210.433;126.000;1355.780;402.693;103.392;208.808; 87.642;156.090;289.892; 95.912;158.080;190.834;174.272;187.828;191.574;110.876; 44.732;258.532
2002-04-17 20:20:00;168.868; 51.190;209.933;126.523;1349.300;402.256;   null;210.324; 86.048;156.147;290.515; 95.124;159.340;188.670;172.036;187.222;192.578;110.304; 45.148;256.266
2002-04-17 20:25:00;168.634; 52.660;208.367;126.500;1352.140;401.043;   null;211.022; 86.902;152.650;289.215; 96.447;157.120;189.876;175.696;190.082;192.218;110.602; 44.742;258.478
2002-04-17 20:30:00;169.220; 51.970;208.933;126.390;1351.600;404.980;104.201;205.682; 87.922;152.860;289.903; 96.612;156.520;187.924;173.378;186.552;192.202;110.050; 44.368;256.222
2002-04-17 20:35:00;171.430; 51.690;209.600;125.353;1355.700;399.523;   null;209.822; 87.620;154.363;292.695; 97.171;157.320;189.220;173.004;188.922;190.940;110.782; 44.652;257.588
2002-04-17 20:40:00;169.248; 51.293;207.800;126.017;1354.780;403.990;   null;209.182; 87.670;156.627;293.624; 96.133;158.320;189.148;169.942;186.466;192.878;110.816; 44.230;259.966
2002-04-17 20:45:00;169.200; 52.087;211.067;126.927;1356.940;403.383;103.635;206.378; 87.324;155.180;290.499; 97.346;157.880;188.606;172.464;187.224;193.074;111.266; 44.426;258.386
2002-04-17 20:50:00;170.134; 51.723;208.967;124.760;1349.660;402.683;   null;209.890; 89.002;153.857;290.849; 97.939;158.360;187.398;174.162;187.410;190.504;109.654; 45.028;257.940
2002-04-17 20:55:00;169.826; 52.987;210.467;126.203;1351.380;403.957;   null;210.720; 88.848;154.943;292.013; 98.328;154.680;186.948;170.638;187.012;192.362;110.204; 45.176;256.562
2002-04-17 21:00:00;168.474; 51.963;208.800;124.877;1353.960;404.163;103.122;207.244; 88.072;153.640;292.123; 96.651;157.240;188.732;171.822;188.822;190.880;109.440; 44.496;256.254
2002-04-17 21:05:00;170.508; 52.467;207.567;126.657;1354.000;401.387;   null;208.354; 88.184;152.933;288.958; 96.255;155.900;189.948;170.970;188.810;190.830;109.112; 44.162;258.808
2002-04-17 21:10:00;170.802; 52.257;209.267;124.813;1355.360;403.890;   null;211.550; 87.978;155.087;292.062; 96.782;157.260;190.052;169.758;187.622;191.480;111.558; 44.596;256.950
2002-04-17 21:15:00;167.274; 51.637;207.667;125.400;1353.580;399.927;103.599;208.826; 88.118;155.040;293.619; 97.153;158.420;190.108;170.896;186.180;192.840;110.276; 44.498;254.746
2002-04-17 21:20:00;169.678; 52.673;210.633;125.837;1360.200;404.120;   null;209.910; 87.428;153.597;289.614; 96.679;158.100;187.536;171.902;188.296;191.244;111.920; 44.450;257.928
2002-04-17 21:25:00;169.730; 52.067;208.000;126.470;1353.980;403.804;   null;210.624; 86.816;154.977;290.899; 98.102;159.960;189.286;173.166;188.506;191.718;109.686; 45.012;258.128
2002-04-17 21:30:00;169.032; 51.600;211.067;126.947;1348.040;403.100;104.165;211.462; 87.206;155.760;289.514; 96.402;156.500;190.068;172.184;185.264;189.932;110.382; 44.076;258.090
2002-04-17 21:35:00;169.134; 53.040;207.367;126.507;1352.760;402.043;   null;210.778; 87.128;156.100;293.351; 96.346;157.640;188.254;173.556;188.386;191.394;110.360; 44.170;258.182
2002-04-17 21:40:00;171.438; 53.023;208.200;125.890;1352.160;405.770;   null;210.950; 87.072;155.840;292.286; 97.345;159.980;189.884;172.776;188.220;192.918;112.144; 44.242;255.982
2002-04-17 21:45:00;170.304; 51.290;209.133;124.963;1350.780;403.390;104.169;210.762; 88.428;152.807;291.112; 97.217;157.920;190.132;170.908;187.662;190.108;109.996; 45.010;258.074
2002-04-17 21:50:00;171.660; 51.620;206.800;126.943;1345.540;403.330;   null;213.186; 86.508;155.477;290.351; 97.118;157.160;189.298;172.682;189.478;193.350;109.360; 44.956;256.320
2002-04-17 21:55:00;169.528; 51.600;209.767;126.790;1348.760;402.350;   null;212.862; 86.504;155.417;289.871; 96.623;156.460;189.068;172.166;189.768;189.900;109.690; 44.170;259.912
2002-04-17 22:00:00;172.304; 51.073;209.467;126.153;1347.740;406.327;104.640;210.034; 87.218;153.320;291.320; 99.009;158.980;189.250;170.238;189.790;190.276;109.564; 44.784;258.736
2002-04-17 22:05:00;170.422; 52.887;209.533;125.240;1346.860;405.167;   null;210.174; 86.432;154.740;288.907; 97.513;158.400;188.946;171.026;188.986;191.834;111.372; 45.026;259.400
2002-04-17 22:10:00;171.436; 51.080;210.100;126.087;1350.160;403.364;   null;212.534; 88.374;156.917;289.392; 96.260;158.360;187.364;170.034;188.626;190.232;111.094; 44.364;258.914
2002-04-17 22:15:00;171.314; 52.703;208.233;127.580;1351.380;405.676;103.102;210.292; 87.872;152.080;289.738; 98.373;158.100;190.952;174.650;187.742;192.532;110.884; 44.044;257.554
2002-04-17 22:20:00;170.212; 52.237;209.633;125.890;1351.140;404.830;   null;210.978; 88.446;156.817;287.938; 95.513;156.420;191.002;172.772;188.718;191.146;110.442; 44.654;258.144
2002-04-17 22:25:00;168.178; 51.620;210.067;125.170;1352.240;404.787;   null;210.530; 88.468;155.853;291.957; 97.446;157.040;190.264;174.114;188.458;191.064;110.082; 45.310;258.220
2002-04-17 22:30:00;171.638; 52.160;209.367;126.963;1346.940;402.686;104.767;208.220; 86.914;156.490;287.905; 97.557;158.040;188.982;172.088;187.520;193.300;109.854; 44.710;257.640
2002-04-17 22:35:00;169.320; 52.193;212.667;126.750;1351.440;407.427;   null;209.858; 87.236;155.840;290.958; 95.449;156.520;187.656;172.468;186.840;190.784;109.430; 44.938;258.190
2002-04-17 22:40:00;169.732; 52.823;209.900;127.173;1352.460;410.177;   null;214.324; 87.822;154.293;289.263; 96.960;158.460;189.130;173.576;186.812;192.870;109.928; 44.526;258.842
2002-04-17 22:45:00;168.330; 51.537;211.000;126.960;1355.860;404.614;103.929;211.440; 87.220;152.647;291.310; 97.435;159.040;189.982;172.740;187.296;190.274;110.408; 44.746;258.922
2002-04-17 22:50:00;169.832; 51.280;209.267;126.030;1351.260;404.770;   null;208.014; 87.120;156.247;291.205; 96.652;156.400;188.928;173.828;188.572;191.700;112.382; 45.078;260.074
2002-04-17 22:55:00;171.318; 51.873;209.533;128.623;1350.900;402.900;   null;208.936; 87.788;156.953;288.920; 99.178;159.620;190.428;173.370;188.196;189.250;111.108; 44.520;260.686
2002-04-17 23:00:00;170.920; 51.747;209.967;125.433;1347.860;404.794;105.164;209.520; 88.084;154.024;290.515; 97.729;156.900;188.852;172.186;188.572;189.814;110.624; 44.890;258.330
2002-04-17 23:05:00;171.056; 51.937;208.833;126.530;1348.160;404.243;   null;210.328; 87.888;154.963;287.811; 96.941;158.740;188.392;171.822;188.378;192.874;110.596; 45.274;259.904
2002-04-17 23:10:00;170.916; 52.327;210.733;127.560;1348.720;401.513;   null;211.524; 88.892;155.090;289.894; 97.143;158.360;188.762;170.524;186.602;190.866;109.944; 44.888;257.074
2002-04-17 23:15:00;166.416; 52.457;209.867;125.533;1350.440;401.586;104.183;208.492; 88.888;154.137;291.873; 97.813;159.040;191.574;172.500;189.724;192.518;109.832; 44.966;258.392
2002-04-17 23:20:00;169.274; 51.877;210.667;127.047;1347.520;400.783;   null;209.706; 87.460;155.563;290.940; 96.245;158.340;188.608;172.552;188.542;191.160;108.496; 44.146;257.670
2002-04-17 23:25:00;171.924; 53.260;210.233;128.427;1353.660;406.233;   null;209.342; 87.604;155.683;290.178; 97.206;157.820;187.970;172.258;188.454;190.948;111.344; 44.434;258.820
2002-04-17 23:30:00;169.294; 52.147;210.733;127.203;1353.520;402.640;103.872;209.968; 87.314;153.860;289.309; 96.208;159.760;188.398;172.614;188.680;193.360;110.154; 45.860;258.012
2002-04-17 23:35:00;169.784; 52.470;208.000;125.007;1346.560;401.407;   null;209.014; 88.058;152.833;288.163; 95.942;156.640;189.008;173.078;189.014;190.748;111.162; 44.502;258.712
2002-04-17 23:40:00;171.340; 52.367;209.633;126.793;1342.720;401.487;   null;209.838; 86.466;154.343;288.863; 97.519;157.080;188.902;173.016;187.116;190.270;109.990; 45.212;259.258
2002-04-17 23:45:00;170.156; 51.963;209.267;125.933;1348.880;402.793;104.646;207.646; 86.396;157.123;289.384; 97.338;157.320;190.334;173.628;188.608;190.418;111.244; 44.398;257.150
2002-04-17 23:50:00;168.230; 52.613;210.333;126.367;1343.480;401.847;   null;212.638; 87.290;158.163;290.327; 95.822;159.560;191.062;170.826;188.960;193.124;109.852; 44.100;259.388
2002-04-17 23:55:00;170.588; 51.213;208.433;125.887;1345.320;403.103;   null;208.018; 87.474;156.057;290.989; 97.491;158.220;189.856;170.106;187.424;191.104;109.776; 44.834;260.408
2002-04-18 00:00:00;169.322; 52.683;211.633;125.867;1350.020;405.513;104.617;210.882; 86.554;155.920;289.914; 97.397;157.060;190.678;172.154;189.846;190.980;110.342; 44.142;258.150
2002-04-18 00:05:00;171.076; 51.657;210.900;127.767;1357.240;402.257;   null;210.956; 88.326;155.753;288.937; 97.665;159.140;188.734;172.652;187.960;189.612;110.834; 45.460;257.558
2002-04-18 00:10:00;168.958; 52.907;210.367;125.563;1348.320;406.673;   null;210.702; 88.558;156.267;289.846; 98.638;156.860;188.774;171.870;188.902;189.450;109.348; 45.396;258.642
2002-04-18 00:15:00;168.498; 52.370;210.200;125.423;1354.860;403.943;103.794;208.506; 85.826;154.053;290.335; 95.842;155.180;188.880;172.466;190.580;189.830;111.202; 44.340;258.288
2002-04-18 00:20:00;168.974; 52.667;209.767;125.730;1349.260;399.777;   null;210.598; 87.832;155.900;286.526; 97.164;157.460;188.212;173.090;189.572;191.116;110.364; 44.188;256.898
2002-04-18 00:25:00;167.886; 51.770;211.167;125.587;1349.300;401.787;   null;209.380; 88.126;154.674;289.883; 97.009;158.320;191.490;171.895;187.514;190.882;112.220; 44.834;259.464
2002-04-18 00:30:00;170.144; 51.797;208.367;124.510;1344.180;400.193;103.166;209.966; 86.316;154.230;286.318; 96.117;157.140;190.864;170.122;189.684;190.770;111.546; 44.066;257.948
2002-04-18 00:35:00;167.834; 52.720;210.800;125.513;1338.540;399.697;   null;210.400; 86.766;154.617;286.001; 95.887;158.680;187.800;172.516;188.488;190.724;111.646; 44.718;257.632
2002-04-18 00:40:00;168.606; 51.350;208.933;124.200;1337.420;399.547;   null;208.454; 87.098;154.257;287.295; 97.782;156.580;190.626;171.460;189.670;190.536;111.002; 45.240;259.336
2002-04-18 00:45:00;168.310; 53.083;207.900;124.080;1338.520;399.843;104.582;208.924; 87.688;154.813;287.575; 97.550;159.740;188.328;171.796;190.704;191.890;110.486; 43.634;261.410
2002-04-18 00:50:00;168.996; 52.433;208.133;125.540;1338.260;399.213;   null;206.824; 87.018;154.473;289.676; 96.418;157.440;188.088;171.952;190.400;191.194;109.726; 44.214;257.664
2002-04-18 00:55:00;169.068; 50.590;210.400;126.143;1338.040;400.903;   null;213.048; 89.100;155.723;288.871; 97.608;158.260;189.232;170.480;188.030;190.616;112.438; 44.750;255.626
2002-04-18 01:00:00;169.786; 52.697;210.167;125.993;1343.700;402.413;103.386;210.544; 88.122;154.963;282.915; 97.072;156.880;186.936;172.370;187.330;192.942;109.858; 44.896;256.552
2002-04-18 01:05:00;169.502; 52.493;207.667;126.747;1349.620;400.803;   null;209.294; 86.910;155.150;288.416; 96.022;157.140;189.262;171.898;188.106;190.244;110.148; 44.630;257.340
2002-04-18 01:10:00;167.484; 52.183;209.500;125.527;1337.860;398.237;   null;211.020; 89.054;152.930;283.822; 98.894;159.100;188.284;173.200;188.828;190.726;109.778; 44.594;255.572
2002-04-18 01:15:00;169.384; 52.007;208.967;127.263;1340.120;403.037;104.703;211.182; 87.548;154.683;288.416; 98.265;159.100;186.422;173.116;189.298;190.094;109.832; 44.386;254.518
2002-04-18 01:20:00;168.232; 51.570;208.500;125.777;1343.820;398.757;   null;209.256; 86.284;155.737;286.030; 95.729;158.700;189.332;170.292;190.264;190.296;110.770; 44.142;256.432
2002-04-18 01:25:00;168.506; 51.403;209.967;125.900;1340.160;400.240;   null;210.610; 86.326;155.357;286.309; 96.792;155.560;188.518;170.864;189.866;190.936;110.116; 45.126;255.084
2002-04-18 01:30:00;168.270; 52.250;206.333;126.297;1342.860;403.380;103.648;213.446; 87.302;155.450;284.168; 98.239;156.880;186.168;171.062;190.484;190.608;110.720; 43.964;255.596
2002-04-18 01:35:00;170.334; 52.627;209.533;127.850;1340.480;402.277;   null;206.464; 87.364;153.153;284.659; 97.015;159.140;186.026;173.328;187.642;191.028;110.490; 44.246;254.932
2002-04-18 01:40:00;169.132; 51.137;209.033;127.533;1339.000;403.567;   null;208.590; 87.826;156.803;284.620; 96.053;157.440;189.856;175.898;189.484;191.688;110.254; 44.006;257.152
2002-04-18 01:45:00;170.424; 51.170;208.400;127.660;1341.600;404.283;103.977;210.378; 87.752;156.027;284.547; 96.279;158.080;186.258;172.116;189.386;190.826;109.666; 44.542;253.196
2002-04-18 01:50:00;168.008; 51.780;210.600;126.097;1340.860;405.590;   null;208.382; 88.544;154.730;285.285; 97.746;155.860;187.098;173.466;189.638;190.546;110.764; 44.022;255.386
2002-04-18 01:55:00;168.696; 53.247;210.767;126.323;1342.680;402.000;   null;208.398; 88.840;153.974;284.047; 94.511;157.200;187.966;172.576;187.806;189.188;109.534; 44.098;254.302
2002-04-18 02:00:00;168.204; 52.530;209.200;125.760;1335.440;400.240;103.302;208.866; 88.654;155.193;284.227; 97.031;158.020;187.250;173.634;189.912;189.802;109.700; 44.274;255.484
2002-04-18 02:05:00;169.062; 52.160;207.633;124.507;1334.300;405.107;   null;209.904; 90.316;153.037;284.223; 96.137;157.120;187.752;171.722;186.492;189.838;110.146; 43.714;256.530
2002-04-18 02:10:00;169.162; 51.330;209.033;125.630;1337.320;401.487;   null;211.306; 87.812;156.297;283.554; 96.860;156.540;186.494;173.406;188.572;189.802;110.120; 44.080;255.754
2002-04-18 02:15:00;169.750; 51.817;209.733;125.870;1338.320;398.990;103.568;207.924; 87.016;154.497;282.564; 94.935;155.800;190.040;171.202;187.728;190.186;110.214; 43.976;257.204
2002-04-18 02:20:00;169.390; 51.647;210.033;124.360;1333.120;402.917;   null;209.152; 88.166;156.113;284.678; 96.265;156.440;191.032;170.826;188.498;188.302;109.860; 43.268;256.058
2002-04-18 02:25:00;169.018; 51.803;208.767;127.110;1331.240;399.337;   null;207.258; 88.538;156.757;283.047; 96.452;155.680;188.122;171.746;186.880;188.252;110.440; 43.550;254.946
2002-04-18 02:30:00;168.666; 52.267;209.300;127.353;1326.680;401.437;102.340;207.912; 84.072;153.884;284.136; 96.349;155.920;190.140;172.508;188.572;187.026;110.442; 44.608;255.748
2002-04-18 02:35:00;168.330; 50.170;207.200;124.670;1339.820;400.937;   null;211.436; 87.644;155.457;283.955; 95.652;157.240;189.852;173.730;188.954;186.352;109.512; 44.452;252.612
2002-04-18 02:40:00;168.746; 51.967;207.400;124.167;1327.380;401.360;   null;209.480; 88.056;155.550;282.258; 96.941;158.360;189.168;170.404;186.724;189.794;110.008; 43.806;255.316
2002-04-18 02:45:00;167.214; 52.340;207.833;127.190;1331.580;400.873;103.710;209.796; 87.850;154.080;283.349; 98.898;158.040;187.644;172.942;187.444;188.764;109.958; 43.792;252.946
2002-04-18 02:50:00;168.720; 52.193;210.433;123.483;1328.560;405.367;   null;206.804; 88.424;152.653;283.031; 96.610;156.760;188.020;173.262;185.704;190.018;110.314; 43.968;254.234
2002-04-18 02:55:00;169.080; 51.397;210.500;126.077;1335.520;400.267;   null;205.884; 88.142;153.140;284.724; 97.743;156.360;186.522;171.152;187.070;186.090;110.168; 43.900;254.126
2002-04-18 03:00:00;167.856; 52.010;209.633;127.987;1326.100;403.850;103.661;207.268; 87.070;156.433;280.957; 97.585;156.980;186.624;173.968;185.070;187.730;110.400; 44.198;251.288
2002-04-18 03:05:00;167.904; 52.367;207.100;125.630;1326.920;399.163;   null;208.540; 85.824;152.093;285.881; 97.047;158.200;187.670;171.160;185.804;188.162;110.512; 43.810;253.870
2002-04-18 03:10:00;168.328; 50.450;208.900;124.943;1325.560;400.297;   null;208.932; 85.426;153.297;282.646; 96.004;158.680;187.518;171.828;185.972;189.800;109.598; 43.416;251.768
2002-04-18 03:15:00;168.104; 51.893;209.900;126.990;1323.220;399.237;103.230;208.438; 87.296;151.233;282.290; 95.434;158.140;186.310;170.346;188.112;188.682;109.700; 43.802;255.380
2002-04-18 03:20:00;168.994; 51.703;210.433;125.150;1328.400;399.667;   null;206.054; 87.412;154.233;284.877; 96.826;155.360;189.514;170.310;187.818;189.808;110.472; 43.430;252.498
2002-04-18 03:25:00;166.926; 52.460;207.633;125.850;1331.420;398.593;   null;208.796; 87.160;155.987;282.810; 97.058;156.760;189.418;172.866;186.546;188.666;109.442; 43.340;251.286
2002-04-18 03:30:00;169.022; 52.017;208.400;122.863;1330.640;398.027;102.810;207.344; 87.198;155.013;282.377; 95.665;156.420;188.426;171.868;186.654;188.684;109.346; 43.320;253.254
2002-04-18 03:35:00;168.064; 52.223;207.967;124.373;1332.020;396.673;   null;205.880; 85.918;156.210;284.647; 98.374;159.100;187.606;171.244;187.658;188.986;110.936; 43.860;254.844
2002-04-18 03:40:00;167.028; 50.043;206.267;125.830;1326.500;395.270;   null;207.764; 87.158;152.893;281.506; 96.484;158.620;189.534;174.022;186.706;189.358;109.500; 43.906;254.692
2002-04-18 03:45:00;168.134; 52.330;209.900;124.520;1323.940;398.810;103.377;206.030; 86.212;152.210;282.824; 97.369;157.980;186.832;173.364;188.702;188.984;109.762; 43.724;252.208
2002-04-18 03:50:00;169.058; 51.190;207.600;124.813;1320.540;398.133;   null;209.190; 85.690;153.260;281.862; 98.237;156.700;185.016;170.876;186.844;188.158;112.078; 44.090;254.984
2002-04-18 03:55:00;169.172; 51.237;207.833;126.130;1333.440;396.093;   null;209.978; 87.774;154.153;281.961; 95.824;158.980;188.660;171.400;187.258;188.552;111.310; 43.724;252.824
2002-04-18 04:00:00;169.260; 51.530;206.167;122.433;1328.800;399.013;102.781;208.328; 87.454;154.480;282.909; 97.984;158.000;186.480;172.826;187.560;188.528;111.278; 44.844;252.468
2002-04-18 04:05:00;169.882; 51.830;207.733;123.637;1330.260;394.924;   null;208.986; 86.378;156.010;283.265; 97.343;158.340;188.796;169.910;188.666;187.674;111.530; 42.786;253.312
2002-04-18 04:10:00;168.872; 52.457;208.067;123.683;1317.240;397.687;   null;208.370; 85.784;155.230;283.615; 97.785;157.640;188.962;170.040;186.940;187.572;110.708; 43.724;252.932
2002-04-18 04:15:00;168.322; 50.743;208.033;126.197;1323.160;397.210;102.242;208.720; 85.892;153.620;280.471; 98.518;157.040;188.194;169.252;189.100;190.076;110.876; 44.700;254.452
2002-04-18 04:20:00;167.686; 51.003;208.533;127.680;1323.160;397.560;   null;208.812; 85.398;154.100;282.294; 98.026;158.580;188.260;172.378;186.634;190.100;110.880; 43.290;253.832
2002-04-18 04:25:00;168.440; 51.373;209.067;126.950;1330.040;398.640;   null;205.804; 86.496;152.797;281.212; 97.324;158.620;189.066;169.674;185.776;190.246;110.852; 43.900;252.696
2002-04-18 04:30:00;167.976; 51.490;209.867;125.013;1328.960;398.663;102.002;206.656; 85.610;153.547;281.140; 98.142;157.380;187.520;172.848;185.372;187.738;110.384; 43.370;252.736
2002-04-18 04:35:00;168.414; 52.527;209.200;125.943;1320.520;397.023;   null;209.820; 86.820;152.450;284.173; 97.227;158.680;188.844;172.750;187.086;190.738;111.372; 43.338;253.256
2002-04-18 04:40:00;168.208; 51.180;210.600;125.330;1324.260;392.687;   null;208.342; 87.968;154.077;283.950; 97.837;158.560;188.526;168.810;185.612;186.972;111.046; 44.192;252.874
2002-04-18 04:45:00;167.784; 51.407;208.967;124.777;1327.440;396.236;102.512;208.942; 86.944;154.723;281.506; 97.274;156.840;187.216;169.458;188.206;188.594;111.944; 43.912;253.804
2002-04-18 04:50:00;168.982; 52.447;208.100;125.763;1322.820;398.303;   null;208.958; 87.810;152.243;283.019; 97.060;158.580;188.484;172.818;187.444;187.716;109.768; 43.638;251.064
2002-04-18 04:55:00;168.818; 51.410;208.700;126.890;1324.020;396.243;   null;208.340; 87.694;152.260;283.334; 97.288;156.640;187.882;170.968;187.232;186.712;110.000; 43.334;253.002
2002-04-18 05:00:00;167.238; 50.723;208.200;125.740;1327.140;392.783;102.540;209.044; 85.854;153.933;284.875; 97.059;158.400;188.656;172.198;185.250;187.832;110.566; 42.868;250.262
2002-04-18 05:05:00;168.552; 51.417;210.033;124.843;1322.700;397.980;   null;206.582; 86.840;152.110;280.994; 96.529;157.200;186.862;171.054;186.586;188.726;110.490; 43.034;252.668
2002-04-18 05:10:00;167.916; 51.230;205.433;126.807;1320.680;397.797;   null;207.698; 86.572;154.260;284.466; 97.102;158.140;189.822;170.066;184.952;189.122;108.728; 42.838;249.174
2002-04-18 05:15:00;167.074; 51.610;209.467;123.650;1317.660;397.430;102.137;208.454; 85.644;152.870;281.711; 96.136;158.320;187.920;170.576;187.046;188.466;112.064; 44.806;254.942
2002-04-18 05:20:00;166.998; 52.277;210.867;125.333;1320.200;399.620;   null;209.882; 86.230;153.417;283.354; 97.822;157.780;183.874;171.658;186.816;187.400;110.660; 44.124;254.062
2002-04-18 05:25:00;166.926; 52.887;207.300;126.563;1322.240;400.060;   null;205.780; 85.672;153.827;282.564; 98.228;156.280;187.210;172.374;187.172;188.932;108.194; 43.494;249.822
2002-04-18 05:30:00;167.196; 51.357;209.500;125.223;1320.400;400.913;102.880;206.662; 87.076;151.670;283.201; 95.683;157.600;186.044;171.996;187.408;187.478;108.830; 43.070;253.028
2002-04-18 05:35:00;167.374; 52.077;208.200;124.423;1318.160;399.920;   null;206.270; 85.448;153.737;282.769; 97.762;158.140;184.624;171.366;187.248;187.256;108.762; 43.864;255.238
2002-04-18 05:40:00;166.640; 51.397;207.600;126.347;1308.100;396.377;   null;206.824; 87.654;155.387;283.784; 97.677;158.020;185.708;171.664;186.498;187.630;111.614; 44.206;255.172
2002-04-18 05:45:00;168.618; 52.010;207.367;125.200;1318.260;397.313;101.772;209.550; 87.086;153.707;282.078; 97.909;158.240;184.456;170.316;184.848;187.526;109.776; 44.056;252.304
2002-04-18 05:50:00;165.902; 51.627;210.167;124.900;1310.520;399.647;   null;207.692; 85.814;154.913;281.538; 97.030;157.320;185.132;171.528;183.228;187.626;110.466; 43.634;252.874
2002-04-18 05:55:00;165.062; 50.763;208.067;125.983;1316.660;392.937;   null;204.376; 87.046;153.700;283.183; 96.496;156.100;184.596;170.528;186.954;186.782;109.612; 43.228;251.112
2002-04-18 06:00:00;165.650; 50.963;209.767;124.473;1311.460;395.520;101.943;204.702; 85.660;154.450;280.522; 98.191;155.300;183.412;170.430;184.784;189.218;109.260; 43.196;252.534
2002-04-18 06:05:00;166.622; 51.110;207.700;124.323;1312.540;398.830;   null;208.500; 85.964;155.157;283.822; 97.645;156.860;185.728;170.514;187.456;187.880;109.654; 43.708;252.170
2002-04-18 06:10:00;166.080; 51.927;206.333;123.833;1309.120;397.467;   null;203.080; 86.416;155.313;281.241; 97.913;159.260;183.592;170.452;184.572;188.218;108.564; 44.392;255.152
2002-04-18 06:15:00;166.608; 51.797;209.033;125.190;1306.420;394.197;102.421;203.834; 85.606;152.160;281.312; 96.204;156.060;184.204;171.340;186.394;186.296;109.576; 43.748;253.896
2002-04-18 06:20:00;165.956; 51.803;206.800;123.777;1306.900;391.387;   null;205.686; 85.342;153.270;285.110; 95.842;157.820;182.730;170.098;184.358;189.640;108.788; 44.058;254.018
2002-04-18 06:25:00;164.664; 50.590;205.967;123.620;1308.400;399.233;   null;204.056; 87.824;153.957;283.380; 96.173;158.420;182.470;170.232;187.330;189.118;108.562; 44.674;253.440
2002-04-18 06:30:00;166.310; 51.253;208.700;124.967;1308.280;396.040;102.387;203.580; 85.936;153.690;282.938; 98.139;159.220;185.034;168.784;182.962;187.384;109.088; 43.904;252.174
2002-04-18 06:35:00;165.612; 51.600;208.967;123.260;1312.000;395.803;   null;203.520; 86.482;151.010;283.398; 98.307;158.020;185.966;169.962;185.440;186.764;109.318; 44.280;253.620
2002-04-18 06:40:00;165.176; 50.940;204.867;124.993;1309.340;391.530;   null;202.920; 86.416;153.107;282.965; 97.608;157.940;183.756;169.814;183.690;188.518;110.866; 43.638;256.248
2002-04-18 06:45:00;165.982; 50.457;208.100;124.177;1301.660;397.563;102.032;200.906; 87.370;151.547;278.744; 96.260;156.700;184.030;168.674;184.838;185.466;109.364; 44.020;255.928
2002-04-18 06:50:00;167.106; 51.630;207.633;124.127;1309.940;391.693;   null;200.624; 86.892;152.127;277.698; 97.598;156.160;186.694;171.216;185.164;189.512;109.416; 44.066;252.042
2002-04-18 06:55:00;167.932; 50.947;209.333;124.587;1297.880;392.883;   null;201.020; 86.728;152.583;278.659; 97.065;155.220;183.388;166.470;184.444;185.546;109.498; 44.122;254.678
2002-04-18 07:00:00;166.188; 51.553;210.233;125.403;1311.380;390.653;102.685;199.432; 86.298;152.973;281.836; 95.836;158.020;182.864;170.396;184.444;188.248;109.164; 43.402;252.086
2002-04-18 07:05:00;167.058; 51.620;206.300;122.787;1319.300;394.007;   null;201.092; 85.938;151.153;279.489; 94.709;156.420;184.744;169.480;183.448;186.988;110.168; 43.472;252.854
2002-04-18 07:10:00;165.524; 50.640;207.167;125.663;1306.580;393.480;   null;204.110; 86.806;153.090;277.237; 97.642;155.600;181.486;167.630;184.616;186.422;110.664; 44.338;252.334
2002-04-18 07:15:00;166.674; 51.423;207.967;123.850;1312.300;393.103;102.399;203.826; 86.356;149.257;280.367; 94.762;156.400;183.324;167.166;183.078;184.770;110.124; 43.834;251.472
2002-04-18 07:20:00;167.806; 50.567;206.733;123.223;1316.380;391.413;   null;201.864; 86.856;150.990;277.106; 97.761;155.680;181.820;169.310;185.840;187.082;108.898; 43.318;253.152
2002-04-18 07:25:00;167.738; 50.823;204.900;122.930;1316.800;394.580;   null;202.882; 85.696;149.474;278.935; 98.129;156.620;184.248;169.598;183.290;185.318;109.556; 43.878;252.182
2002-04-18 07:30:00;167.454; 50.963;205.367;123.430;1313.920;393.267;102.624;203.438; 86.010;150.127;280.271; 96.897;157.220;180.674;166.950;184.352;188.296;109.232; 44.328;253.100
2002-04-18 07:35:00;166.698; 51.313;206.667;122.397;1312.580;394.047;   null;200.736; 85.968;149.120;277.620; 96.240;156.600;183.358;169.476;184.974;184.512;108.968; 44.192;254.746
2002-04-18 07:40:00;167.374; 51.270;207.800;125.070;1314.620;394.153;   null;203.294; 86.468;152.847;281.766; 95.823;155.420;181.588;167.034;183.752;185.468;109.406; 44.074;253.954
2002-04-18 07:45:00;165.634; 51.683;206.933;123.570;1305.480;394.150;102.133;204.360; 86.122;152.100;280.404; 95.788;153.700;180.934;169.530;185.046;184.818;108.628; 43.670;255.232
2002-04-18 07:50:00;166.724; 51.350;207.467;123.950;1305.800;391.983;   null;203.416; 86.172;151.767;279.595; 95.783;154.520;182.980;165.904;183.580;185.162;109.786; 43.660;254.214
2002-04-18 07:55:00;166.388; 51.183;208.733;124.603;1306.680;394.740;   null;203.852; 87.174;153.113;279.523; 94.448;155.480;182.650;167.194;183.792;185.232;110.082; 43.884;255.072
2002-04-18 08:00:00;164.914; 49.187;210.600;123.583;1308.660;393.987;101.327;202.746; 87.112;152.930;280.572; 96.121;154.760;180.602;168.340;181.544;186.812;108.000; 43.112;252.850
2002-04-18 08:05:00;168.310; 50.913;206.467;124.837;1308.340;396.240;   null;203.632; 87.376;148.820;279.270; 95.826;155.420;180.062;168.258;185.364;185.376;109.326; 42.924;255.084
2002-04-18 08:10:00;165.332; 50.693;205.967;124.077;1312.400;392.967;   null;205.350; 86.678;153.123;281.478; 93.141;155.180;181.384;167.620;184.696;185.620;109.648; 44.096;253.528
2002-04-18 08:15:00;167.786; 51.880;208.400;124.077;1313.300;391.660;101.551;204.426; 87.922;152.250;282.044; 94.914;154.360;180.994;167.826;182.968;183.934;108.816; 43.070;255.178
2002-04-18 08:20:00;165.908; 50.163;208.933;123.367;1311.660;391.187;   null;203.610; 87.164;150.627;280.765; 95.067;154.420;180.764;164.752;182.818;183.898;108.536; 43.432;253.750
2002-04-18 08:25:00;165.970; 51.143;208.600;121.100;1312.660;393.320;   null;204.666; 86.478;151.310;281.695; 94.064;154.680;179.462;166.436;183.280;184.030;108.960; 43.078;254.452
2002-04-18 08:30:00;167.928; 50.973;207.900;123.400;1310.020;389.814;101.346;203.028; 86.776;149.927;279.523; 95.001;153.480;180.126;165.392;184.378;184.848;108.914; 43.170;253.084
2002-04-18 08:35:00;168.744; 51.307;208.100;125.423;1305.400;392.443;   null;203.538; 87.006;151.803;281.042; 95.109;153.720;179.414;167.002;184.710;184.446;109.766; 43.518;253.818
2002-04-18 08:40:00;168.956; 50.800;206.100;124.687;1308.320;392.670;   null;204.184; 85.746;150.853;278.836; 95.451;152.340;178.916;166.752;183.732;187.250;108.468; 43.974;253.098
2002-04-18 08:45:00;165.712; 50.390;208.033;124.367;1311.780;392.927;101.362;201.328; 85.646;151.853;278.835; 95.194;154.360;179.180;165.500;183.698;187.042;108.752; 44.088;254.412
2002-04-18 08:50:00;168.688; 52.103;209.200;124.130;1310.360;388.907;   null;201.230; 86.730;150.337;280.391; 95.554;151.760;179.906;163.292;184.528;186.246;108.406; 43.594;252.716
2002-04-18 08:55:00;166.750; 51.907;207.400;124.103;1307.620;388.110;   null;201.036; 86.046;149.180;277.591; 94.506;153.560;178.604;164.488;185.046;183.524;109.308; 43.956;253.808
2002-04-18 09:00:00;165.892; 51.080;210.367;124.063;1307.220;388.627;100.020;201.516; 85.884;152.663;279.547; 95.284;154.760;181.798;161.890;183.598;186.842;109.692; 43.990;252.722
2002-04-18 09:05:00;166.232; 51.263;208.100;123.030;1313.740;387.550;   null;200.416; 87.394;151.447;279.365; 94.993;153.340;180.792;164.780;183.878;185.464;109.292; 43.938;255.046
2002-04-18 09:10:00;164.350; 50.793;210.233;120.973;1306.720;388.127;   null;200.864; 86.358;150.743;278.713; 96.612;154.040;179.964;165.488;182.952;185.178;108.224; 43.390;256.504
2002-04-18 09:15:00;166.338; 50.853;206.700;124.630;1302.520;388.940;102.156;202.092; 86.954;150.960;280.632; 94.282;155.760;180.134;164.906;184.008;185.646;107.916; 43.300;256.916
2002-04-18 09:20:00;167.310; 51.483;207.300;123.373;1313.300;389.743;   null;200.996; 86.064;149.253;285.737; 96.283;153.720;182.404;165.578;182.178;186.220;108.302; 43.756;252.974
2002-04-18 09:25:00;168.618; 50.020;208.867;124.280;1314.720;386.913;   null;202.460; 87.024;149.480;280.030; 94.111;153.660;182.224;165.512;183.330;187.984;108.150; 43.394;255.350
2002-04-18 09:30:00;167.582; 50.903;207.600;124.383;1309.200;390.040;102.373;202.326; 87.176;148.907;280.922; 94.279;152.520;181.258;164.568;185.556;186.160;108.510; 42.972;253.316
2002-04-18 09:35:00;167.502; 51.920;209.200;123.693;1308.640;389.190;   null;204.044; 86.586;150.697;278.090; 93.216;154.700;181.796;164.832;181.570;186.596;107.576; 44.274;254.366
2002-04-18 09:40:00;165.768; 51.543;206.633;124.413;1309.120;388.877;   null;204.304; 86.396;149.710;277.932; 94.423;155.640;182.164;167.598;186.184;186.150;108.612; 44.204;253.534
2002-04-18 09:45:00;166.910; 52.647;207.500;124.403;1312.420;388.843;102.928;202.064; 86.824;150.207;279.848; 96.031;154.440;180.242;167.826;182.190;184.626;109.592; 43.796;252.206
2002-04-18 09:50:00;166.708; 50.533;208.133;125.637;1313.080;393.160;   null;204.036; 87.164;149.530;279.945; 95.266;156.800;183.976;166.828;179.918;184.278;109.310; 44.452;254.776
2002-04-18 09:55:00;165.926; 50.400;208.267;124.117;1308.540;393.160;   null;203.432; 88.094;150.036;277.214; 95.174;155.720;179.058;166.640;182.584;182.454;110.618; 44.482;251.548
2002-04-18 10:00:00;165.962; 51.293;209.200;125.040;1316.820;390.460;102.410;203.332; 87.300;150.817;278.677; 95.470;156.720;180.464;163.510;182.706;184.584;110.218; 44.722;257.826
2002-04-18 10:05:00;168.640; 50.417;208.333;124.773;1310.380;398.373;   null;203.788; 86.160;151.047;276.634; 96.455;156.680;180.546;166.948;183.650;184.194;109.894; 43.516;255.364
2002-04-18 10:10:00;166.246; 52.177;205.467;124.523;1319.420;396.107;   null;207.336; 86.772;154.507;277.467; 96.686;153.940;179.978;165.664;183.974;183.440;110.218; 44.064;254.486
2002-04-18 10:15:00;167.960; 52.350;207.967;124.583;1317.500;397.167;101.586;208.694; 86.756;154.687;273.156; 95.818;156.040;179.790;163.650;181.974;186.120;108.454; 43.786;253.814
2002-04-18 10:20:00;167.370; 51.490;212.100;123.960;1317.580;395.320;   null;208.580; 86.944;152.347;276.345; 97.418;157.420;182.356;166.282;183.264;181.648;109.740; 43.468;254.608
2002-04-18 10:25:00;166.760; 51.503;210.600;125.587;1310.360;396.370;   null;207.910; 85.872;153.696;275.692; 94.728;158.700;179.656;167.142;182.782;183.590;109.876; 44.294;253.226
2002-04-18 10:30:00;167.310; 50.670;208.033;126.070;1318.400;393.077;102.681;209.634; 86.710;153.227;277.467; 96.462;155.920;181.942;164.910;183.014;186.808;108.692; 43.776;256.602
2002-04-18 10:35:00;168.060; 52.140;209.867;124.137;1318.800;397.183;   null;204.648; 87.352;153.120;276.541; 98.275;157.660;178.500;165.330;183.982;185.966;110.450; 44.524;253.164
2002-04-18 10:40:00;167.236; 52.090;210.533;124.293;1322.420;396.593;   null;206.992; 87.762;155.130;276.619; 98.441;154.400;180.380;167.954;182.620;184.840;109.852; 42.884;254.520
2002-04-18 10:45:00;168.496; 51.783;208.133;125.140;1315.040;399.353;102.285;205.512; 88.044;154.224;276.981; 97.219;157.840;181.502;166.438;182.922;184.454;110.106; 43.864;256.000
2002-04-18 10:50:00;166.826; 51.773;208.600;124.393;1315.080;398.040;   null;209.104; 87.430;154.293;275.495; 95.618;156.660;181.672;164.670;185.260;188.806;109.708; 43.944;253.732
2002-04-18 10:55:00;167.478; 51.100;207.533;125.500;1320.220;396.377;   null;208.478; 87.180;155.453;273.409; 96.482;156.520;180.658;163.826;184.230;186.316;109.318; 43.824;252.612
2002-04-18 11:00:00;166.686; 51.107;208.967;124.273;1311.720;399.940;103.576;209.530; 87.894;152.044;275.494; 97.476;156.040;180.712;165.290;183.140;183.416;110.602; 43.622;255.570
2002-04-18 11:05:00;166.824; 50.653;210.133;124.633;1317.400;396.833;   null;209.376; 85.572;153.193;276.800; 95.773;154.860;182.266;165.206;184.862;188.342;110.394; 43.566;254.574
2002-04-18 11:10:00;167.820; 51.763;208.000;123.523;1315.920;394.670;   null;207.376; 86.146;152.837;282.384; 97.903;154.380;182.670;167.012;184.502;186.890;109.510; 43.934;255.456
2002-04-18 11:15:00;168.484; 51.310;208.600;125.747;1316.060;395.873;103.368;206.930; 87.396;153.033;278.831; 97.229;154.820;182.466;165.642;184.496;187.300;109.750; 43.448;253.322
2002-04-18 11:20:00;168.810; 51.210;208.567;125.493;1314.760;400.987;   null;206.952; 85.532;152.353;281.586; 95.726;156.320;184.308;165.480;184.450;187.208;111.540; 44.320;256.696
2002-04-18 11:25:00;166.608; 51.193;210.767;124.437;1319.120;398.073;   null;205.668; 86.978;152.167;280.860; 95.898;155.980;184.760;168.214;185.176;185.902;110.526; 44.226;256.496
2002-04-18 11:30:00;166.382; 51.190;210.133;124.343;1314.480;398.860;103.238;205.492; 87.742;151.870;283.279; 95.040;153.920;182.196;166.536;185.080;186.950;110.006; 43.818;258.912
2002-04-18 11:35:00;165.740; 51.580;209.867;125.693;1316.920;397.417;   null;207.366; 87.842;153.450;283.087; 96.534;158.360;186.034;167.268;187.152;188.256;109.274; 44.438;254.996
2002-04-18 11:40:00;166.968; 51.243;207.833;125.257;1315.860;401.443;   null;208.858; 87.320;154.557;284.576; 96.612;155.300;184.826;167.444;186.628;188.478;109.848; 44.232;254.580
2002-04-18 11:45:00;165.312; 52.750;207.167;124.010;1317.800;397.750;103.032;204.762; 87.104;153.157;285.520; 94.416;155.540;184.180;165.212;185.004;188.074;110.078; 44.034;257.030
2002-04-18 11:50:00;167.070; 52.723;208.133;126.767;1314.280;399.267;   null;206.974; 87.514;153.900;285.266; 96.888;157.860;183.234;166.406;186.496;188.000;108.094; 43.450;255.186
2002-04-18 11:55:00;166.050; 52.533;209.533;126.190;1318.940;399.210;   null;206.466; 88.238;152.883;284.493; 97.021;155.700;183.074;167.648;184.020;189.198;109.720; 43.754;254.728
2002-04-18 12:00:00;167.714; 51.217;209.900;126.393;1314.260;398.577;103.479;209.688; 87.542;152.160;284.649; 96.732;154.880;184.318;166.662;185.180;188.022;109.912; 43.976;257.250
2002-04-18 12:05:00;168.100; 51.283;210.633;125.233;1323.800;398.260;   null;206.388; 87.992;153.187;285.075; 96.370;154.780;182.120;166.358;187.186;189.058;109.804; 44.554;256.142
2002-04-18 12:10:00;167.596; 50.963;206.033;124.533;1319.340;396.574;   null;203.912; 89.186;156.993;284.530; 95.889;154.640;183.958;166.916;185.480;187.472;110.868; 44.422;256.752
2002-04-18 12:15:00;167.304; 50.527;210.133;125.927;1318.360;396.543;103.852;206.190; 86.478;154.810;285.947; 95.786;155.940;184.328;167.306;185.594;189.890;109.924; 43.844;256.850
2002-04-18 12:20:00;166.554; 51.043;208.833;125.010;1322.600;400.017;   null;207.552; 86.900;154.053;285.745; 95.690;155.520;186.942;167.860;187.178;187.798;109.052; 43.706;255.456
2002-04-18 12:25:00;167.432; 52.060;209.600;124.600;1318.220;398.373;   null;204.284; 88.558;151.950;280.119; 96.450;156.560;188.078;165.736;185.596;188.972;110.226; 44.532;254.390
2002-04-18 12:30:00;165.476; 50.793;210.367;125.790;1317.800;399.347;103.151;207.694; 85.992;153.630;282.738; 94.597;157.460;185.216;167.600;185.612;191.424;108.756; 45.208;254.538
2002-04-18 12:35:00;166.222; 51.323;210.733;125.797;1323.480;393.183;   null;210.822; 87.058;154.710;284.737; 97.455;154.600;184.146;165.642;188.256;187.914;109.648; 43.510;253.444
2002-04-18 12:40:00;166.044; 51.197;210.267;125.000;1317.960;401.107;   null;207.778; 87.440;154.703;282.302; 95.816;153.660;186.152;164.830;186.222;190.886;108.022; 44.504;256.194
2002-04-18 12:45:00;167.464; 51.203;208.600;126.750;1315.680;398.883;102.497;207.744; 87.590;154.243;284.082; 95.989;156.380;182.726;164.924;187.960;191.376;109.368; 44.782;256.076
2002-04-18 12:50:00;165.742; 50.840;209.300;125.877;1316.700;397.340;   null;206.810; 87.424;152.660;287.783; 94.972;155.980;184.352;168.524;188.592;187.742;108.412; 44.030;254.632
2002-04-18 12:55:00;165.950; 51.267;209.767;125.760;1308.500;399.000;   null;208.826; 86.564;155.443;283.273; 95.920;154.340;184.058;166.382;189.864;189.532;110.124; 43.810;257.424
2002-04-18 13:00:00;165.996; 50.673;208.667;124.073;1317.380;398.060;103.721;206.772; 86.956;154.733;287.665; 96.333;158.100;184.040;164.596;187.948;190.990;110.238; 44.054;257.154
2002-04-18 13:05:00;167.808; 50.350;211.800;127.137;1314.560;401.343;   null;207.844; 86.750;151.707;288.103; 95.492;155.300;186.004;168.098;185.974;188.416;109.214; 44.878;253.598
2002-04-18 13:10:00;168.262; 52.040;208.300;125.710;1317.420;401.550;   null;209.024; 88.986;154.703;283.612; 95.142;155.640;187.620;167.776;186.804;187.916;109.114; 43.704;255.470
2002-04-18 13:15:00;167.592; 51.860;211.633;125.810;1313.440;399.950;103.405;209.778; 86.974;154.070;287.266; 97.199;155.520;184.460;167.526;185.956;191.340;108.806; 44.432;255.080
2002-04-18 13:20:00;166.966; 51.437;209.833;126.667;1306.940;401.277;   null;207.592; 86.610;153.673;284.862; 94.406;157.220;186.146;164.908;187.412;191.340;110.196; 44.030;255.116
2002-04-18 13:25:00;168.470; 51.900;209.567;125.013;1313.140;401.807;   null;208.216; 88.302;150.217;289.457; 96.207;155.900;186.198;166.148;186.932;189.088;109.358; 44.862;255.674
2002-04-18 13:30:00;167.038; 52.037;208.133;125.960;1318.720;397.793;103.002;207.502; 86.370;152.270;285.834; 95.591;156.420;185.884;168.310;184.908;191.976;110.592; 44.280;256.706
2002-04-18 13:35:00;166.268; 51.120;205.833;125.990;1319.420;401.167;   null;207.480; 87.544;154.820;286.992; 94.383;155.080;184.660;166.890;187.240;188.670;108.400; 43.816;254.976
2002-04-18 13:40:00;168.832; 51.800;211.667;124.927;1324.940;401.357;   null;210.066; 85.756;152.700;287.503; 98.477;154.940;188.348;167.760;184.926;191.642;109.464; 44.048;256.324
2002-04-18 13:45:00;168.256; 51.250;209.800;125.113;1318.380;400.470;103.411;210.124; 85.746;152.933;285.266; 95.600;155.340;187.810;167.196;184.434;189.652;108.850; 44.976;255.604
2002-04-18 13:50:00;165.758; 52.147;207.933;125.603;1325.160;401.573;   null;209.642; 86.792;151.957;288.706; 95.800;154.460;185.896;168.214;184.750;189.742;109.666; 44.748;255.994
2002-04-18 13:55:00;167.212; 51.587;207.867;124.723;1320.240;401.133;   null;206.824; 87.074;152.720;289.765; 96.693;156.140;184.986;168.348;187.106;190.450;108.638; 44.374;256.310
2002-04-18 14:00:00;165.942; 50.797;208.567;125.300;1324.960;402.360;103.493;207.782; 87.436;152.787;284.841; 95.720;155.560;184.808;169.556;185.678;189.506;109.536; 44.498;258.044
2002-04-18 14:05:00;167.922; 51.187;208.133;126.053;1320.060;403.310;   null;206.890; 86.486;154.684;287.357; 94.299;154.820;185.684;167.210;184.366;188.712;108.932; 44.650;256.174
2002-04-18 14:10:00;167.146; 50.563;209.200;124.110;1317.400;399.407;   null;206.572; 87.446;152.333;285.096; 95.863;153.780;186.878;166.054;186.722;190.134;108.540; 43.856;254.674
2002-04-18 14:15:00;165.508; 52.613;211.733;124.177;1324.820;399.103;102.611;206.710; 87.562;154.130;284.646; 96.036;156.160;187.736;167.706;184.296;188.194;109.552; 44.516;256.980
2002-04-18 14:20:00;166.820; 51.420;210.033;124.260;1324.560;400.053;   null;205.426; 86.216;154.217;287.274; 94.571;157.820;185.958;167.970;187.236;190.918;107.802; 44.668;256.642
2002-04-18 14:25:00;165.702; 50.443;209.767;124.367;1319.620;400.280;   null;206.230; 87.892;153.953;287.712; 95.963;155.520;187.712;170.056;183.228;192.050;109.460; 43.926;253.992
2002-04-18 14:30:00;167.666; 50.820;209.367;122.933;1324.560;400.377;102.943;206.208; 87.580;153.004;284.074; 94.139;155.380;190.028;168.632;184.008;192.248;109.300; 44.118;256.924
2002-04-18 14:35:00;166.566; 51.383;209.533;124.460;1326.960;398.173;   null;206.606; 87.518;152.920;286.983; 96.387;153.540;187.966;168.654;186.424;190.306;108.764; 44.080;256.258
2002-04-18 14:40:00;165.642; 50.253;209.167;124.887;1328.880;398.067;   null;207.552; 86.826;152.590;284.782; 95.059;154.340;188.214;170.374;184.818;189.690;109.778; 44.464;253.952
2002-04-18 14:45:00;165.704; 51.340;211.367;125.980;1329.540;399.473;103.420;207.452; 86.352;152.433;287.750; 95.334;155.580;188.658;168.584;185.002;190.854;108.744; 43.798;256.398
2002-04-18 14:50:00;166.842; 50.997;210.833;123.490;1322.060;398.263;   null;207.030; 86.720;152.767;290.377; 96.559;153.400;187.180;168.674;186.490;191.254;109.496; 43.640;255.024
2002-04-18 14:55:00;165.742; 51.070;208.133;123.477;1327.460;397.227;   null;208.548; 87.220;152.610;286.873; 96.141;154.660;188.058;170.688;186.304;190.258;109.728; 44.572;257.492
2002-04-18 15:00:00;168.282; 50.880;208.000;123.387;1316.080;395.997;102.736;207.366; 85.850;153.897;286.946; 95.293;158.560;188.144;168.108;184.796;189.944;109.124; 44.550;256.474
2002-04-18 15:05:00;166.468; 50.900;210.767;124.133;1321.000;397.187;   null;208.680; 85.646;155.010;285.038; 95.439;156.580;187.642;168.954;187.052;190.762;110.512; 44.064;256.974
2002-04-18 15:10:00;165.350; 52.307;209.500;125.710;1327.060;399.493;   null;206.246; 85.054;151.087;287.448; 96.058;155.840;190.062;170.658;185.322;189.028;108.922; 44.878;254.350
2002-04-18 15:15:00;166.198; 50.643;207.800;127.310;1319.180;392.737;102.750;206.888; 86.962;152.690;289.932; 97.033;154.900;187.540;168.742;186.116;188.982;109.134; 44.064;253.970
2002-04-18 15:20:00;166.426; 50.970;208.567;123.080;1329.640;399.637;   null;207.278; 87.794;154.113;289.055; 95.843;156.420;189.644;168.828;185.000;192.504;109.184; 43.710;254.624
2002-04-18 15:25:00;163.972; 50.407;209.867;126.450;1325.040;394.113;   null;210.616; 87.028;154.267;285.523; 95.025;154.760;187.764;170.240;185.998;189.968;109.416; 43.856;256.112
2002-04-18 15:30:00;168.760; 51.347;211.967;123.540;1325.080;396.740;102.830;208.448; 86.766;154.770;290.188; 95.711;155.120;187.180;170.312;185.342;187.870;109.750; 44.354;254.320
2002-04-18 15:35:00;168.764; 51.423;209.600;123.753;1321.060;398.113;   null;209.194; 86.578;153.960;285.961; 93.689;154.460;186.368;170.566;186.440;190.206;110.488; 43.632;254.894
2002-04-18 15:40:00;166.028; 51.667;210.167;124.690;1311.380;396.180;   null;206.352; 85.554;153.407;289.019; 95.383;155.340;186.432;168.750;187.400;188.582;111.060; 43.302;256.554
2002-04-18 15:45:00;167.746; 50.477;208.767;123.983;1322.760;396.827;102.575;206.600; 87.666;152.933;287.120; 96.750;156.580;184.600;168.766;183.890;189.190;110.078; 44.248;255.208
2002-04-18 15:50:00;167.544; 51.043;207.433;122.740;1319.220;400.157;   null;207.152; 86.912;152.050;287.804; 95.477;155.820;185.912;168.786;186.496;190.390;109.128; 43.258;254.612
2002-04-18 15:55:00;169.326; 51.947;210.267;123.530;1321.800;398.863;   null;205.462; 88.356;152.593;288.982; 95.581;155.320;188.430;168.538;184.624;189.004;109.332; 43.748;252.658
2002-04-18 16:00:00;166.094; 53.217;209.000;124.903;1325.080;393.770;101.940;205.330; 86.338;153.943;289.311; 96.354;155.760;188.468;167.000;185.208;189.454;109.302; 43.776;255.430
2002-04-18 16:05:00;166.900; 49.867;210.067;125.493;1320.480;397.347;   null;205.088; 87.740;151.747;290.150; 95.446;155.640;187.738;168.386;185.196;188.742;108.424; 43.776;251.450
2002-04-18 16:10:00;166.776; 50.700;208.633;125.977;1329.320;398.307;   null;205.940; 88.048;152.817;286.473; 96.049;156.120;185.120;170.536;184.774;189.520;109.908; 43.014;254.400
2002-04-18 16:15:00;168.134; 49.693;209.467;124.243;1323.000;396.080;102.711;206.980; 86.532;154.620;287.566; 96.324;156.120;187.710;168.430;188.474;190.196;109.098; 43.366;258.932
2002-04-18 16:20:00;167.130; 51.383;206.567;123.877;1322.560;399.307;   null;205.886; 86.784;153.346;287.018; 95.940;154.360;185.948;170.908;188.824;188.482;109.516; 43.772;254.608
2002-04-18 16:25:00;167.018; 51.890;209.200;124.107;1322.220;396.280;   null;207.662; 86.658;153.690;287.604; 96.457;158.520;187.210;168.564;186.796;188.836;110.778; 44.104;254.644
2002-04-18 16:30:00;168.472; 51.337;209.033;124.147;1327.680;394.290;103.571;206.134; 87.810;153.104;284.537; 95.145;156.780;185.696;170.084;188.538;190.184;109.198; 43.602;253.310
2002-04-18 16:35:00;167.464; 51.377;209.133;122.807;1326.220;396.083;   null;207.388; 86.404;152.070;287.759; 95.995;156.700;186.282;166.754;186.960;188.206;109.470; 44.086;254.156
2002-04-18 16:40:00;165.986; 51.937;209.267;124.450;1323.420;397.383;   null;208.826; 87.574;153.207;287.247; 96.769;156.520;184.850;169.500;186.524;190.268;110.708; 43.130;252.750
2002-04-18 16:45:00;165.504; 51.040;211.233;123.477;1320.800;396.663;102.326;205.510; 87.664;153.207;288.260; 95.220;155.780;184.316;168.010;187.044;187.160;109.722; 43.496;255.704
2002-04-18 16:50:00;166.204; 51.437;209.600;123.023;1318.080;398.327;   null;205.608; 88.154;150.580;288.562; 95.486;154.100;185.918;168.956;187.326;191.380;108.888; 43.984;253.004
2002-04-18 16:55:00;167.278; 50.467;210.200;123.320;1314.940;399.293;   null;206.766; 88.774;153.973;287.903; 95.338;155.540;186.236;171.554;189.494;190.206;110.790; 43.878;255.786
2002-04-18 17:00:00;165.628; 52.250;208.667;123.960;1327.760;398.017;103.016;202.634; 88.456;153.797;286.272; 95.240;155.860;187.058;169.392;187.872;191.750;110.906; 43.768;254.584
