DATETIME,ESOI,ATHN,MXCO,ROME,AATB,LMKS,DRBS,MOSC,NEWK,KIEL,CALG,OULU,APTY,FSMT,NAIN,PWNK,SOPB,SOPO
2001-04-28 00:00:00,169.686,52.177,209.4,126.403,1345.78,412.397,104.42,211.274,92.252,157.3,302.076,98.539,159.44,198.518,200.068,199.364,46.108,268.742
2001-04-28 00:05:00,170.936,51.643,212.0,125.957,1352.72,411.02,,211.43,90.742,158.6,299.205,96.985,160.92,200.46,198.738,200.286,46.578,268.496
2001-04-28 00:10:00,166.55,53.167,210.333,126.3,1341.78,414.053,,212.086,91.266,160.9,300.853,100.201,158.92,200.5,199.096,200.116,46.756,268.094
2001-04-28 00:15:00,168.336,52.857,210.433,124.3,1358.92,413.163,104.579,211.392,91.996,159.143,299.012,98.774,160.96,198.998,195.868,203.446,46.222,268.708
2001-04-28 00:20:00,168.674,51.94,209.7,125.21,1354.84,414.167,,212.526,89.674,156.723,298.059,98.838,160.8,200.352,199.234,200.184,45.964,268.654
2001-04-28 00:25:00,170.05,51.823,211.6,128.76,1350.54,414.97,,210.44,90.122,157.117,299.956,99.584,159.44,198.7,200.896,199.628,46.528,267.574
2001-04-28 00:30:00,169.606,51.903,212.733,126.16,1353.12,410.573,104.098,212.098,90.482,157.923,295.928,98.721,162.2,198.504,196.612,200.87,46.328,268.934
2001-04-28 00:35:00,168.488,52.393,210.733,126.407,1354.72,415.193,,211.7,90.584,156.743,298.357,98.806,159.92,200.38,198.962,198.468,45.67,268.658
2001-04-28 00:40:00,169.826,53.057,213.233,126.223,1346.56,411.873,,210.664,90.04,157.4,299.963,98.29,159.72,199.214,199.018,198.088,47.146,268.44
2001-04-28 00:45:00,169.726,53.64,211.033,128.073,1343.68,414.217,104.788,213.42,91.072,159.767,301.848,100.458,160.6,198.048,197.978,202.328,46.382,269.138
2001-04-28 00:50:00,169.492,51.617,211.733,125.813,1351.52,413.563,,213.408,89.894,158.04,296.753,97.884,160.84,199.832,197.554,198.844,46.432,269.13
2001-04-28 00:55:00,169.49,51.73,209.567,125.727,1345.34,411.09,,210.814,89.406,158.257,295.86,98.171,160.78,199.076,198.348,197.756,46.254,267.814
2001-04-28 01:00:00,168.258,51.653,207.867,127.5,1353.4,411.39,105.402,208.814,91.94,157.993,298.896,98.548,160.22,199.66,198.724,200.976,46.62,267.36
2001-04-28 01:05:00,169.704,52.95,211.333,128.437,1355.8,410.817,,212.378,90.622,160.13,296.417,97.285,160.8,197.206,199.084,202.516,46.818,268.234
2001-04-28 01:10:00,169.64,52.31,210.7,125.93,1344.48,411.35,,211.208,91.578,158.62,298.671,98.683,160.62,200.594,199.57,202.872,46.106,267.992
2001-04-28 01:15:00,167.57,52.07,212.1,126.517,1348.6,412.74,105.865,210.69,90.852,158.66,299.024,98.034,161.58,199.672,198.042,199.824,46.108,268.59
2001-04-28 01:20:00,167.438,53.67,211.833,125.553,1350.54,413.003,,210.168,90.864,158.82,298.934,98.96,160.54,200.858,198.424,202.096,46.474,268.158
2001-04-28 01:25:00,169.668,52.66,214.167,125.18,1344.46,410.993,,209.566,89.618,158.69,298.306,97.019,159.66,198.52,196.73,199.33,46.844,268.678
2001-04-28 01:30:00,169.124,52.153,209.2,126.19,1349.64,413.107,104.306,210.518,90.618,160.187,297.631,98.181,161.6,199.61,198.238,200.776,46.628,266.992
2001-04-28 01:35:00,170.124,52.06,213.2,126.397,1354.62,408.127,,209.97,89.514,157.087,300.233,97.193,158.32,198.316,199.594,203.126,47.052,268.808
2001-04-28 01:40:00,168.14,51.927,212.767,125.697,1360.38,412.143,,211.67,90.746,158.677,297.413,97.837,159.62,198.504,199.47,202.794,46.884,268.104
2001-04-28 01:45:00,170.236,51.767,211.6,126.96,1351.2,414.563,104.712,209.944,89.932,158.147,298.056,98.459,159.56,200.148,195.358,203.074,46.874,268.776
2001-04-28 01:50:00,170.504,52.72,210.9,126.923,1345.36,411.694,,208.426,90.966,159.117,299.57,97.695,159.86,200.062,197.884,199.202,45.986,269.884
2001-04-28 01:55:00,167.1,53.107,208.533,126.587,1346.08,412.68,,212.416,89.586,158.26,299.154,99.27,160.94,201.458,198.852,199.676,46.066,266.452
2001-04-28 02:00:00,168.492,53.157,212.6,124.933,1350.12,411.99,104.868,209.988,90.776,157.75,298.319,98.027,160.46,199.204,200.438,201.22,45.994,269.198
2001-04-28 02:05:00,169.124,52.363,210.3,125.933,1348.24,414.146,,210.778,91.262,158.244,298.929,99.409,159.42,198.176,198.776,198.086,46.314,268.6
2001-04-28 02:10:00,167.906,52.91,210.733,124.043,1341.88,411.133,,211.602,90.236,157.907,299.858,98.826,160.56,197.606,199.702,200.726,46.406,269.712
2001-04-28 02:15:00,168.226,52.347,210.6,125.74,1355.8,411.653,105.377,208.856,91.59,156.2,299.346,97.767,162.52,199.506,198.14,200.332,47.062,269.018
2001-04-28 02:20:00,167.582,52.267,211.7,126.127,1352.94,410.843,,210.218,91.308,158.497,299.384,98.226,158.28,199.204,196.562,200.702,46.656,269.72
2001-04-28 02:25:00,167.848,52.037,211.833,127.77,1351.62,412.33,,211.454,91.026,157.413,299.319,98.611,159.58,200.122,201.444,200.038,46.058,269.922
2001-04-28 02:30:00,167.57,52.293,209.233,125.56,1357.62,413.057,104.699,210.268,89.918,155.464,301.018,97.903,158.86,198.122,200.426,201.768,45.72,270.12
2001-04-28 02:35:00,168.452,52.547,210.6,124.617,1356.36,410.003,,206.09,90.158,158.733,299.358,99.936,160.18,199.402,200.25,197.936,46.854,267.528
2001-04-28 02:40:00,169.124,53.013,209.967,124.443,1349.96,410.57,,210.896,91.972,157.157,298.871,98.48,158.9,199.02,200.148,201.602,47.23,268.652
2001-04-28 02:45:00,168.034,52.02,211.067,124.513,1350.26,407.083,103.899,210.68,89.932,159.037,298.615,100.551,160.4,199.492,198.66,199.772,46.398,269.002
2001-04-28 02:50:00,169.4,52.603,210.633,126.237,1355.76,402.78,,208.58,90.714,156.63,295.731,98.627,159.98,199.634,200.558,201.428,46.28,267.27
2001-04-28 02:55:00,168.52,52.68,213.267,127.327,1357.86,409.673,,208.526,90.736,159.29,300.667,98.653,160.9,197.126,201.58,200.176,46.542,268.068
2001-04-28 03:00:00,170.17,52.113,210.367,125.237,1363.32,406.977,105.285,210.162,89.532,158.157,296.019,98.463,160.5,199.234,199.696,198.722,46.678,270.58
2001-04-28 03:05:00,170.236,50.147,212.6,126.943,1368.18,409.56,,210.156,91.344,156.657,296.764,98.773,158.26,199.786,198.172,201.862,46.59,268.444
2001-04-28 03:10:00,168.206,51.837,213.733,127.037,1362.76,404.74,,209.958,91.11,156.637,297.821,99.022,161.62,198.336,197.934,200.542,46.068,270.264
2001-04-28 03:15:00,169.256,52.463,212.4,124.11,1357.56,409.416,105.305,209.318,90.384,156.684,300.507,98.738,158.26,196.742,202.364,199.194,46.548,269.394
2001-04-28 03:20:00,169.266,54.25,214.467,126.553,1358.72,407.21,,211.978,90.338,156.22,296.916,97.223,160.74,200.42,200.976,200.034,47.088,267.998
2001-04-28 03:25:00,169.192,52.733,211.0,126.667,1368.84,409.51,,210.992,90.432,157.317,296.307,98.893,157.02,199.226,199.11,200.724,46.32,271.856
2001-04-28 03:30:00,171.206,51.94,212.3,124.84,1359.52,408.1,104.391,207.298,89.29,156.293,297.358,98.662,159.64,199.294,199.53,202.548,46.664,269.244
2001-04-28 03:35:00,169.06,53.647,210.3,124.507,1358.52,411.0,,210.048,90.756,157.59,299.383,97.529,159.82,198.62,200.774,202.956,46.484,267.84
2001-04-28 03:40:00,169.23,52.297,211.633,125.653,1362.64,406.41,,209.68,90.174,156.337,298.295,98.626,159.86,198.5,203.258,201.596,46.244,265.522
2001-04-28 03:45:00,169.338,53.37,211.667,126.64,1362.18,407.08,104.141,208.98,91.502,158.577,301.852,97.87,157.36,196.908,200.85,199.292,46.1,269.468
2001-04-28 03:50:00,168.834,52.84,211.3,126.617,1352.24,406.263,,208.594,89.45,156.51,298.711,97.63,158.38,197.91,202.52,200.28,45.738,268.408
2001-04-28 03:55:00,169.47,51.973,211.3,124.54,1357.4,408.043,,210.93,92.002,156.64,298.845,98.087,157.12,199.672,200.962,200.426,46.542,268.366
2001-04-28 04:00:00,170.108,52.587,211.3,126.907,1361.44,405.187,104.034,207.29,90.686,158.977,296.954,98.211,159.7,199.716,201.636,199.74,47.138,267.35
2001-04-28 04:05:00,170.714,51.533,212.333,125.247,1359.52,403.783,,208.986,90.35,157.61,299.332,98.42,160.46,200.784,202.924,200.402,46.598,269.932
2001-04-28 04:10:00,170.38,53.253,209.767,125.33,1368.78,406.243,,209.858,89.964,154.857,299.075,98.191,159.5,199.04,198.12,201.026,46.392,269.364
2001-04-28 04:15:00,169.82,52.21,213.2,127.847,1369.94,408.733,104.127,211.352,90.816,158.47,301.86,97.647,158.82,196.708,197.122,201.24,45.896,269.428
2001-04-28 04:20:00,169.472,53.053,210.8,125.79,1363.04,408.133,,210.906,89.68,156.317,297.226,98.483,160.1,198.86,200.288,200.052,46.24,267.748
2001-04-28 04:25:00,170.33,52.867,210.1,126.46,1366.32,408.287,,210.072,89.996,159.053,298.633,99.264,161.44,198.164,201.322,201.688,45.74,269.938
2001-04-28 04:30:00,169.474,52.567,208.0,126.977,1370.5,406.83,104.495,210.302,90.742,157.67,299.337,98.809,159.14,198.196,198.452,203.91,46.908,265.888
2001-04-28 04:35:00,170.238,53.487,213.167,126.82,1364.18,411.82,,207.556,90.974,156.477,295.147,97.503,160.26,199.216,200.21,200.802,46.572,265.324
2001-04-28 04:40:00,169.232,53.167,212.467,125.173,1365.04,408.557,,210.696,89.692,156.587,301.416,97.982,159.8,198.184,197.876,199.708,46.704,268.108
2001-04-28 04:45:00,169.936,51.837,211.2,127.183,1361.14,409.553,104.144,211.2,89.734,155.797,297.489,97.338,158.36,199.29,199.42,201.76,46.44,267.324
2001-04-28 04:50:00,170.704,51.357,210.333,129.117,1367.66,411.947,,212.114,91.864,157.673,296.402,98.759,159.4,199.446,199.26,198.368,46.798,268.024
2001-04-28 04:55:00,169.114,52.35,211.7,125.457,1362.62,415.707,,209.56,90.77,154.89,301.167,98.162,158.14,199.9,199.416,199.862,46.902,270.184
2001-04-28 05:00:00,168.618,52.8,209.867,125.337,1365.84,411.83,104.472,212.496,87.644,155.797,300.664,97.402,158.58,201.504,201.356,201.712,46.354,270.658
2001-04-28 05:05:00,170.314,52.65,209.8,125.08,1358.44,408.19,,210.916,89.944,154.933,297.794,98.759,158.02,199.394,200.686,204.04,46.792,269.364
2001-04-28 05:10:00,171.17,52.147,210.567,124.437,1356.58,409.557,,210.542,92.068,156.64,299.027,98.097,158.34,199.988,197.734,201.024,46.632,270.432
2001-04-28 05:15:00,169.62,51.903,208.833,127.23,1357.88,409.09,104.18,210.226,89.278,155.547,296.104,97.094,158.8,198.01,198.666,201.612,46.97,270.886
2001-04-28 05:20:00,169.084,51.88,208.733,126.707,1359.78,406.373,,210.062,90.992,153.863,297.195,96.293,157.66,199.67,199.934,197.212,46.456,269.834
2001-04-28 05:25:00,168.828,52.137,207.033,124.85,1356.66,407.76,,207.872,90.096,155.527,296.557,96.079,157.84,198.672,196.84,199.682,46.04,269.512
2001-04-28 05:30:00,169.694,51.727,208.667,124.117,1360.86,400.36,103.27,208.122,90.082,155.733,298.92,98.477,157.02,198.94,195.58,200.504,45.652,269.672
2001-04-28 05:35:00,169.336,51.65,208.867,125.387,1347.5,401.077,,206.402,91.374,152.797,296.754,95.803,156.3,199.528,193.41,199.99,46.294,268.626
2001-04-28 05:40:00,170.554,52.557,211.567,124.27,1353.22,402.533,,207.754,89.886,155.243,299.497,97.121,158.56,198.602,192.922,196.54,47.078,266.44
2001-04-28 05:45:00,167.826,51.543,209.433,124.96,1346.74,399.487,102.598,209.246,89.126,154.543,296.481,96.325,159.5,200.422,195.272,197.168,46.694,267.168
2001-04-28 05:50:00,168.164,52.063,210.033,125.36,1360.9,400.523,,207.468,88.674,154.54,297.105,96.294,158.7,199.896,193.07,200.836,46.612,269.892
2001-04-28 05:55:00,168.924,52.62,208.833,123.78,1346.9,399.04,,208.254,88.164,151.96,297.429,96.476,157.04,200.316,195.27,196.09,45.192,268.206
2001-04-28 06:00:00,169.128,51.403,208.467,124.863,1351.24,402.757,102.42,208.146,87.86,155.523,299.529,97.505,158.22,198.09,194.842,199.466,46.276,264.092
2001-04-28 06:05:00,167.674,51.427,210.833,124.247,1347.34,402.19,,207.726,88.988,155.44,298.579,97.059,158.52,198.882,194.07,198.35,45.19,263.836
2001-04-28 06:10:00,168.082,50.62,208.2,124.153,1343.1,406.21,,208.79,88.992,155.38,299.243,96.821,158.6,198.128,197.85,199.266,45.38,264.664
2001-04-28 06:15:00,166.66,51.41,209.633,124.047,1343.88,401.583,103.272,207.74,87.832,155.963,297.652,99.083,158.1,199.066,198.132,196.944,45.162,262.616
2001-04-28 06:20:00,167.148,51.253,208.4,125.773,1330.98,401.51,,208.174,89.352,156.874,294.565,97.01,159.58,197.572,195.17,198.652,45.386,262.024
2001-04-28 06:25:00,166.864,51.863,209.933,122.46,1324.26,403.787,,206.386,89.582,154.527,298.113,98.297,160.52,197.68,194.94,198.106,45.972,262.43
2001-04-28 06:30:00,166.326,51.023,211.0,125.2,1329.16,401.537,103.494,206.746,89.906,153.387,297.189,97.83,160.9,200.19,197.132,201.864,44.742,259.824
2001-04-28 06:35:00,166.666,51.703,208.367,123.92,1333.6,402.72,,204.68,89.236,156.933,300.173,97.938,158.74,199.616,197.024,202.874,45.62,259.96
2001-04-28 06:40:00,165.844,51.647,209.4,123.42,1332.02,402.957,,208.404,91.426,156.017,298.682,97.565,158.7,197.766,196.244,202.228,44.454,261.88
2001-04-28 06:45:00,165.762,52.04,210.5,125.723,1336.26,401.317,102.663,208.668,89.032,154.88,298.777,96.737,156.64,198.582,197.158,196.612,45.312,263.838
2001-04-28 06:50:00,167.716,50.89,207.433,124.283,1339.48,403.947,,208.642,90.144,153.61,296.401,96.308,158.02,199.15,197.578,196.262,45.242,261.596
2001-04-28 06:55:00,167.542,51.663,207.9,122.637,1330.86,403.87,,210.008,89.508,156.617,294.804,97.311,158.0,199.896,195.334,196.814,45.454,261.594
2001-04-28 07:00:00,167.768,51.763,207.8,125.303,1332.64,399.673,102.814,209.956,89.318,154.473,294.374,95.821,156.44,196.878,197.346,199.288,44.858,262.818
2001-04-28 07:05:00,166.384,51.773,208.333,124.52,1328.9,398.923,,210.012,89.232,158.253,294.47,95.766,157.36,194.416,197.314,199.006,45.652,262.898
2001-04-28 07:10:00,165.648,50.787,207.033,122.28,1333.72,403.05,,209.316,90.388,155.387,296.178,95.446,158.4,195.44,197.066,199.19,45.194,262.252
2001-04-28 07:15:00,166.844,51.507,207.933,127.14,1332.92,403.803,103.139,205.644,89.084,155.013,293.855,96.923,157.46,194.776,198.358,199.64,44.644,261.792
2001-04-28 07:20:00,166.578,51.787,209.0,123.3,1336.32,407.727,,208.882,90.186,153.69,294.287,98.149,158.86,195.974,197.586,200.136,44.932,263.262
2001-04-28 07:25:00,166.04,50.853,206.633,124.873,1331.9,404.707,,207.552,89.098,155.523,293.339,97.03,157.46,194.0,197.418,201.724,45.294,261.908
2001-04-28 07:30:00,168.002,51.743,208.667,125.403,1335.2,405.387,103.573,208.468,89.74,154.947,293.521,98.937,159.62,195.388,196.814,198.104,44.856,262.152
2001-04-28 07:35:00,166.03,53.133,206.133,125.2,1329.94,402.663,,205.834,89.22,155.737,295.707,95.838,157.46,194.802,198.22,201.802,45.48,262.15
2001-04-28 07:40:00,167.122,51.333,207.933,123.013,1333.8,403.807,,207.024,88.738,155.377,294.206,98.076,157.46,195.898,199.256,199.402,45.346,264.192
2001-04-28 07:45:00,168.944,51.083,209.2,124.913,1329.38,406.99,102.177,208.674,90.636,154.853,298.555,96.579,160.48,196.058,199.3,200.568,45.822,265.18
2001-04-28 07:50:00,166.426,50.673,208.033,125.36,1321.3,398.277,,206.822,89.45,156.82,292.929,97.066,157.4,196.81,196.4,200.88,45.294,263.268
2001-04-28 07:55:00,167.48,51.277,206.3,123.913,1322.94,403.0,,209.028,89.1,155.553,293.904,97.987,157.82,195.204,196.828,198.398,46.096,262.542
2001-04-28 08:00:00,167.186,51.05,210.267,124.187,1327.38,405.84,103.14,207.314,90.02,155.573,293.952,97.852,158.78,197.258,198.47,199.828,45.442,262.526
2001-04-28 08:05:00,164.834,51.443,208.1,125.02,1326.4,402.383,,207.794,88.574,155.767,293.858,96.256,156.8,197.104,195.462,198.862,46.006,264.106
2001-04-28 08:10:00,167.424,52.047,208.733,124.7,1328.22,404.973,,208.538,89.57,155.717,293.421,96.58,158.16,195.942,196.868,200.068,46.078,263.444
2001-04-28 08:15:00,167.154,52.023,208.433,123.75,1323.78,408.607,103.434,211.298,89.194,155.74,297.589,98.429,160.08,196.192,195.524,198.238,45.57,261.964
2001-04-28 08:20:00,166.66,50.98,207.333,124.803,1326.24,408.243,,210.384,90.508,155.496,293.722,96.683,157.3,196.874,196.526,199.3,45.452,261.656
2001-04-28 08:25:00,168.094,51.68,208.867,127.277,1323.46,402.137,,206.78,88.812,156.113,293.985,96.972,156.28,196.228,194.31,198.252,45.308,262.552
2001-04-28 08:30:00,166.296,52.16,207.667,124.9,1326.44,403.337,103.752,207.692,89.97,155.03,292.406,97.712,158.14,196.242,195.628,201.154,45.714,260.89
2001-04-28 08:35:00,166.62,52.217,208.267,125.43,1319.22,405.547,,209.18,88.832,155.053,295.032,96.958,157.18,196.738,192.25,198.8,45.008,262.45
2001-04-28 08:40:00,166.306,52.273,209.633,126.197,1326.46,405.79,,210.154,88.788,157.943,292.398,97.34,158.42,193.976,194.14,196.462,45.088,261.712
2001-04-28 08:45:00,166.082,52.053,207.2,123.52,1320.38,403.53,104.042,209.102,90.172,157.607,292.343,96.682,157.52,193.408,193.832,195.888,45.326,261.17
2001-04-28 08:50:00,167.42,51.71,207.2,125.197,1316.88,402.563,,207.458,88.148,154.783,292.201,97.255,156.86,195.19,193.524,197.0,45.616,264.038
2001-04-28 08:55:00,165.688,50.603,210.633,123.837,1327.28,401.14,,208.226,86.824,156.117,290.857,96.338,156.48,193.686,191.916,195.954,45.208,262.122
2001-04-28 09:00:00,169.346,51.77,207.333,124.367,1318.64,400.793,103.158,207.924,87.016,156.13,293.268,96.634,156.64,195.382,190.79,194.262,45.342,261.172
2001-04-28 09:05:00,167.348,50.713,208.433,123.193,1320.32,402.877,,210.012,88.276,155.763,291.926,96.71,156.26,193.52,194.802,195.044,45.07,263.274
2001-04-28 09:10:00,166.676,50.187,209.867,123.513,1319.12,404.763,,207.354,88.516,155.36,291.043,97.117,157.78,193.924,194.528,194.72,45.606,263.774
2001-04-28 09:15:00,165.982,51.127,208.333,122.983,1320.42,403.05,104.007,209.4,86.908,154.986,290.618,97.933,157.58,195.842,192.892,194.652,45.102,259.866
2001-04-28 09:20:00,165.164,51.513,207.033,123.203,1315.8,405.68,,208.65,86.862,157.0,293.202,97.024,158.08,193.012,191.607,196.93,45.062,261.792
2001-04-28 09:25:00,166.92,51.937,207.9,122.993,1320.96,400.48,,209.226,87.598,153.077,293.938,98.13,157.42,193.986,,193.564,44.364,258.532
2001-04-28 09:30:00,166.718,51.127,208.1,124.22,1319.94,402.407,102.532,206.316,88.38,154.157,293.113,97.346,156.8,194.806,192.796,195.432,45.272,262.576
2001-04-28 09:35:00,166.464,50.43,206.667,125.343,1326.88,401.623,,207.73,90.294,156.357,293.114,95.772,157.56,191.934,193.148,195.742,44.44,260.402
2001-04-28 09:40:00,168.156,50.927,207.567,125.367,1318.26,402.037,,208.192,89.266,155.453,289.28,97.123,157.86,193.044,191.102,195.726,44.752,259.374
2001-04-28 09:45:00,165.332,51.997,207.967,124.85,1315.4,402.823,103.776,207.382,89.068,156.243,292.862,95.831,157.36,192.262,192.188,194.298,44.478,260.618
2001-04-28 09:50:00,167.15,51.473,207.067,124.463,1332.4,403.183,,210.082,88.414,153.43,289.438,95.768,156.6,191.366,193.36,194.186,45.276,258.404
2001-04-28 09:55:00,166.788,50.933,207.0,126.103,1322.26,401.44,,205.524,88.208,157.27,290.312,96.348,157.16,191.896,193.368,194.176,45.882,260.298
2001-04-28 10:00:00,168.12,50.533,206.367,123.783,1316.54,403.94,103.158,208.352,86.73,155.8,291.989,96.349,158.06,192.742,193.042,196.414,44.952,261.68
2001-04-28 10:05:00,165.66,51.137,209.133,124.117,1323.84,404.23,,210.1,88.9,154.363,289.654,96.303,157.36,195.614,193.722,195.52,45.194,262.08
2001-04-28 10:10:00,166.844,50.86,206.967,125.0,1317.66,406.943,,208.0,88.654,154.6,293.644,95.834,155.44,192.016,191.558,195.252,45.348,262.366
2001-04-28 10:15:00,167.634,51.65,209.2,125.633,1320.52,404.357,104.267,208.666,89.486,154.49,290.788,97.089,155.74,195.768,193.11,195.046,45.188,260.078
2001-04-28 10:20:00,166.578,51.463,208.133,123.623,1323.36,405.037,,208.528,87.574,155.767,291.437,97.452,156.68,192.602,193.632,195.24,44.978,260.988
2001-04-28 10:25:00,166.528,51.98,206.967,124.51,1322.8,403.837,,205.94,88.702,156.87,291.113,95.91,159.74,195.154,193.854,196.244,44.786,259.666
2001-04-28 10:30:00,166.378,51.883,207.467,125.68,1317.98,405.933,103.735,207.39,87.562,157.257,293.416,96.283,156.48,191.068,192.952,195.972,44.916,261.072
2001-04-28 10:35:00,167.682,52.503,205.7,127.187,1323.5,405.603,,208.174,87.024,153.043,291.069,97.336,159.0,193.708,190.36,193.834,44.804,260.892
2001-04-28 10:40:00,169.596,50.95,207.9,124.977,1325.44,405.913,,209.882,88.698,156.51,289.465,96.838,155.78,192.576,191.072,196.446,45.298,260.998
2001-04-28 10:45:00,169.932,51.643,208.3,123.223,1323.32,408.286,103.522,208.872,88.02,157.613,290.536,97.964,159.52,193.002,190.836,193.904,44.504,263.674
2001-04-28 10:50:00,166.954,51.857,209.133,126.24,1324.68,408.86,,209.744,89.146,155.46,289.74,96.906,156.16,191.062,190.624,193.252,45.22,261.686
2001-04-28 10:55:00,168.246,51.903,210.733,125.23,1322.12,409.127,,209.554,88.592,156.374,291.401,98.925,156.08,191.534,191.394,192.278,45.24,265.132
2001-04-28 11:00:00,167.29,50.88,205.5,124.987,1338.88,407.17,104.052,207.554,89.078,156.083,289.897,97.143,160.02,192.754,194.3,194.72,45.32,262.628
2001-04-28 11:05:00,166.734,52.537,206.567,126.453,1323.08,410.313,,209.86,88.864,155.477,290.906,97.449,156.66,194.286,194.9,193.272,44.12,259.91
2001-04-28 11:10:00,168.782,52.24,208.2,125.053,1324.2,407.843,,210.452,88.884,158.787,287.972,98.004,156.38,191.722,194.154,194.572,45.872,261.182
2001-04-28 11:15:00,168.392,51.86,208.133,125.89,1326.86,407.037,103.491,208.834,88.042,155.16,284.071,95.504,156.16,190.82,191.51,191.688,44.572,259.558
2001-04-28 11:20:00,167.524,52.62,207.433,123.867,1328.42,408.427,,207.818,88.538,155.137,287.252,96.293,159.2,193.266,194.634,191.888,44.716,260.472
2001-04-28 11:25:00,167.5,52.437,204.9,125.74,1320.38,402.727,,208.364,89.254,154.73,289.043,98.045,156.84,190.604,194.038,193.568,44.736,258.636
2001-04-28 11:30:00,168.956,51.75,207.533,125.47,1331.08,409.383,103.74,206.186,88.906,155.7,288.315,98.931,158.16,190.362,193.568,194.252,45.03,261.864
2001-04-28 11:35:00,168.078,52.23,210.267,125.057,1323.82,407.443,,206.936,88.188,157.827,288.832,98.114,156.4,189.404,190.902,191.356,44.304,262.404
2001-04-28 11:40:00,168.134,52.683,206.167,124.263,1330.18,405.727,,209.48,87.994,158.16,286.302,98.199,158.84,189.124,191.246,190.546,45.06,258.732
2001-04-28 11:45:00,166.186,51.117,207.467,125.74,1328.36,407.38,103.189,209.376,88.13,156.26,287.77,99.064,156.82,189.702,190.254,191.812,45.01,260.326
2001-04-28 11:50:00,168.206,52.17,204.633,125.013,1318.44,406.017,,208.548,88.712,157.433,282.62,97.145,156.82,188.196,192.304,188.218,44.764,262.438
2001-04-28 11:55:00,166.93,52.233,205.267,123.603,1325.58,402.77,,207.594,88.424,156.437,284.98,97.149,155.6,187.492,187.938,190.312,45.164,260.204
2001-04-28 12:00:00,167.454,52.39,208.1,124.213,1324.94,401.833,102.937,208.18,87.474,154.4,283.626,97.17,156.62,188.65,190.084,191.232,45.468,262.802
2001-04-28 12:05:00,169.334,52.117,204.3,123.857,1321.0,402.523,,206.924,88.81,154.457,282.558,95.356,156.86,188.752,189.048,188.074,44.77,260.964
2001-04-28 12:10:00,167.352,52.02,204.533,124.777,1322.98,403.8,,209.084,87.466,153.053,282.327,97.821,158.0,188.704,189.29,191.506,44.672,262.224
2001-04-28 12:15:00,166.736,51.237,206.433,126.417,1315.82,405.163,102.94,207.894,85.86,156.437,283.99,96.225,155.84,188.388,190.748,189.794,44.942,260.372
2001-04-28 12:20:00,166.574,51.593,205.9,125.25,1315.82,406.803,,211.406,86.572,154.293,284.147,95.633,158.32,186.892,190.344,190.928,45.424,261.324
2001-04-28 12:25:00,166.262,52.407,208.033,123.187,1320.14,403.34,,208.258,87.944,157.843,283.419,98.319,156.24,187.28,190.136,193.342,44.558,261.398
2001-04-28 12:30:00,166.58,51.95,207.0,125.287,1319.98,408.86,103.541,206.21,87.872,157.45,283.439,97.07,156.0,189.298,191.202,189.89,44.572,261.544
2001-04-28 12:35:00,167.516,51.107,204.5,122.387,1319.82,409.567,,209.244,86.29,154.097,279.207,96.965,155.84,186.758,193.058,190.352,44.438,259.1
2001-04-28 12:40:00,168.922,51.18,203.6,124.023,1316.72,406.716,,209.72,86.236,156.373,280.924,97.985,154.36,188.532,191.134,190.152,44.648,261.668
2001-04-28 12:45:00,166.88,50.957,205.2,126.51,1318.36,406.81,103.127,206.84,87.446,156.317,281.641,95.782,154.44,187.758,190.624,189.834,44.218,256.334
2001-04-28 12:50:00,165.662,52.263,206.933,124.583,1315.12,405.656,,206.168,87.184,155.183,282.003,96.83,154.02,188.224,191.442,191.424,44.346,258.706
2001-04-28 12:55:00,165.852,50.757,204.433,124.723,1309.66,403.84,,206.51,86.856,155.66,279.364,94.616,154.34,187.528,191.018,191.402,44.366,258.106
2001-04-28 13:00:00,167.092,52.02,205.567,123.807,1313.5,402.313,103.679,208.186,87.81,156.4,281.094,95.403,155.22,188.472,191.122,189.09,45.214,257.478
2001-04-28 13:05:00,164.004,50.493,203.733,125.13,1305.7,401.69,,207.594,87.422,154.307,281.753,95.699,155.32,188.636,188.542,188.47,44.946,258.136
2001-04-28 13:10:00,165.31,51.257,203.767,125.517,1302.44,399.98,,205.206,87.434,153.51,284.958,95.699,153.98,188.842,190.168,192.282,44.462,257.938
2001-04-28 13:15:00,166.108,51.92,200.867,124.52,1300.7,403.053,102.76,203.982,86.188,154.873,283.295,95.792,154.44,191.444,191.348,187.786,44.194,257.656
2001-04-28 13:20:00,165.004,49.523,204.667,122.2,1303.88,403.367,,206.25,87.37,153.853,283.587,97.77,155.18,190.106,190.906,191.722,44.55,256.206
2001-04-28 13:25:00,165.57,52.417,205.367,122.637,1295.08,402.543,,207.452,86.678,152.917,282.071,96.907,154.72,190.434,188.87,192.162,44.168,259.39
2001-04-28 13:30:00,165.548,51.533,202.667,123.297,1306.14,403.563,102.48,208.176,88.674,153.253,280.139,96.022,153.5,187.902,189.896,189.704,44.224,258.398
2001-04-28 13:35:00,164.69,51.39,207.467,124.087,1294.94,401.18,,206.096,88.294,152.986,280.95,94.553,156.9,190.638,189.82,188.55,44.282,258.506
2001-04-28 13:40:00,167.578,51.887,203.733,123.823,1300.58,401.033,,204.194,88.798,153.867,281.885,94.835,154.56,190.63,188.522,191.384,44.57,258.368
2001-04-28 13:45:00,166.196,51.447,206.6,123.437,1299.92,401.19,103.679,208.552,88.122,154.093,280.924,97.03,155.88,189.24,191.256,192.19,44.012,259.174
2001-04-28 13:50:00,165.002,50.037,206.1,123.57,1293.94,396.35,,205.056,88.414,156.327,285.603,96.45,155.38,189.156,191.26,190.628,44.242,257.668
2001-04-28 13:55:00,164.504,51.137,204.867,122.157,1304.26,403.36,,204.228,87.684,152.93,282.445,93.973,154.16,188.482,189.284,191.77,44.34,257.372
2001-04-28 14:00:00,164.384,50.323,208.133,124.887,1303.1,395.897,101.761,203.77,88.624,152.944,281.312,95.507,155.52,186.834,190.136,188.076,44.38,256.254
2001-04-28 14:05:00,164.132,50.6,202.4,123.243,1296.1,393.697,,202.45,86.926,153.467,282.402,96.444,154.56,189.592,192.96,190.678,43.548,257.604
2001-04-28 14:10:00,164.268,50.333,206.567,122.187,1305.94,395.207,,204.03,87.326,153.59,282.612,94.656,154.3,188.262,190.932,192.256,44.518,256.16
2001-04-28 14:15:00,164.622,49.957,204.167,122.227,1300.94,398.17,101.37,202.254,86.418,150.637,284.365,95.784,154.52,187.898,192.356,191.42,43.478,255.57
2001-04-28 14:20:00,166.058,50.317,204.233,123.233,1307.98,395.637,,203.43,87.702,154.85,284.904,95.265,154.8,188.168,190.01,191.644,43.74,255.434
2001-04-28 14:25:00,164.902,50.777,206.1,123.017,1298.34,400.453,,203.268,87.478,153.37,284.262,95.554,154.22,189.44,190.6,193.332,44.216,256.632
2001-04-28 14:30:00,164.412,51.157,205.233,124.203,1305.7,399.87,101.357,203.212,89.072,152.633,286.303,95.931,153.68,189.216,189.05,190.61,44.33,256.18
2001-04-28 14:35:00,164.116,50.76,206.367,125.7,1298.42,393.037,,203.5,87.18,152.913,283.817,95.556,154.88,189.786,189.816,189.108,43.492,258.844
2001-04-28 14:40:00,164.592,50.75,205.033,124.28,1299.72,399.033,,202.23,86.844,150.903,283.403,94.185,154.06,188.34,192.83,189.962,43.714,254.342
2001-04-28 14:45:00,165.398,49.663,205.9,123.227,1309.88,399.56,101.111,202.378,89.032,150.88,286.266,95.474,153.18,188.608,190.096,191.308,44.186,256.656
2001-04-28 14:50:00,166.518,51.037,205.4,123.897,1300.92,396.467,,204.688,88.792,152.49,282.389,94.219,154.0,191.706,192.872,192.738,43.696,256.806
2001-04-28 14:55:00,162.726,50.727,205.933,123.053,1308.7,397.883,,201.776,88.072,152.347,284.632,95.222,153.02,188.84,190.858,191.686,43.562,256.198
2001-04-28 15:00:00,166.148,51.57,205.1,122.967,1303.8,397.197,101.394,202.318,87.34,149.563,284.157,95.82,153.94,189.438,192.944,193.598,44.516,256.556
2001-04-28 15:05:00,163.272,49.707,204.033,123.333,1299.88,394.3,,200.66,86.896,152.24,285.383,93.546,151.78,188.966,190.688,192.808,44.068,255.762
2001-04-28 15:10:00,164.328,50.95,206.867,122.357,1305.62,395.953,,204.322,86.868,152.007,285.593,94.951,153.42,187.658,189.732,191.974,43.458,255.15
2001-04-28 15:15:00,164.872,51.433,206.533,123.703,1303.9,397.233,101.024,202.53,86.284,150.347,283.238,93.229,151.92,191.59,191.452,193.088,44.338,257.66
2001-04-28 15:20:00,164.682,52.813,204.633,122.463,1295.34,396.407,,204.094,88.658,150.67,283.176,94.633,154.06,188.226,191.146,192.11,44.018,256.682
2001-04-28 15:25:00,166.024,50.94,205.8,123.227,1294.98,395.303,,201.976,87.958,151.973,283.083,93.693,151.24,189.508,191.302,191.594,44.218,254.832
2001-04-28 15:30:00,164.836,51.143,204.167,123.907,1299.66,398.167,101.286,203.156,87.544,149.947,284.114,94.239,155.74,189.392,190.474,190.29,43.4,254.814
2001-04-28 15:35:00,164.904,49.767,204.567,121.21,1294.12,393.963,,204.584,88.216,153.087,285.848,95.838,153.82,191.054,194.13,192.246,43.738,254.458
2001-04-28 15:40:00,162.888,50.227,203.933,122.683,1301.3,393.883,,203.326,87.542,152.95,284.473,92.83,153.26,189.536,188.598,194.83,43.338,254.456
2001-04-28 15:45:00,165.688,50.733,204.733,123.09,1307.24,395.387,101.063,200.238,88.14,150.12,283.938,94.369,151.68,187.906,192.252,190.582,43.772,254.658
2001-04-28 15:50:00,162.874,52.077,207.633,122.65,1287.6,394.896,,201.03,86.94,151.51,283.576,95.282,155.7,188.088,189.416,191.744,43.97,254.356
2001-04-28 15:55:00,162.94,52.207,203.067,121.107,1291.82,395.167,,204.788,87.558,151.507,285.556,96.727,151.76,190.8,190.314,191.136,44.478,252.848
2001-04-28 16:00:00,163.972,49.893,203.7,122.917,1292.2,394.22,100.239,202.642,87.082,150.833,282.174,94.794,152.36,187.914,191.6,191.502,43.48,252.706
2001-04-28 16:05:00,163.462,50.69,205.467,119.83,1286.88,395.507,,201.288,86.454,149.537,284.499,93.587,155.46,187.672,188.34,191.632,43.7,255.756
2001-04-28 16:10:00,164.308,51.01,205.967,122.75,1294.54,393.66,,204.188,87.542,149.267,284.401,96.147,153.5,189.298,188.638,192.774,43.684,255.128
2001-04-28 16:15:00,162.4,50.287,203.0,121.16,1294.14,394.867,100.806,202.124,87.664,151.417,286.148,95.842,154.32,186.926,189.192,192.488,43.884,254.074
2001-04-28 16:20:00,163.288,49.883,204.4,122.137,1285.98,392.227,,202.444,87.78,150.27,284.815,93.305,152.84,186.856,189.516,192.504,43.176,254.944
2001-04-28 16:25:00,163.13,51.233,206.5,122.223,1281.78,390.05,,200.152,87.522,149.21,281.886,94.645,151.92,191.092,192.338,190.32,43.71,254.308
2001-04-28 16:30:00,164.278,50.29,204.233,122.18,1286.86,393.824,100.58,197.89,85.422,151.693,285.238,94.774,152.84,188.266,190.24,191.03,43.496,254.098
2001-04-28 16:35:00,160.558,51.41,207.433,122.773,1290.46,394.463,,202.642,88.358,150.046,283.885,92.936,152.94,188.256,191.618,190.982,42.914,251.474
2001-04-28 16:40:00,164.766,49.517,205.433,123.04,1285.2,390.397,,199.23,88.988,151.153,280.972,93.046,153.72,188.822,190.386,190.728,43.872,252.968
2001-04-28 16:45:00,162.914,50.083,204.433,121.207,1284.8,391.987,101.051,200.286,85.638,149.71,283.325,93.929,154.06,188.686,193.27,191.468,43.54,253.6
2001-04-28 16:50:00,162.05,51.72,202.933,122.593,1279.68,393.963,,202.712,87.822,151.14,283.363,93.851,155.16,188.976,189.968,190.814,43.198,252.12
2001-04-28 16:55:00,161.942,50.783,203.967,122.047,1288.12,391.373,,202.296,87.35,148.74,283.202,93.333,151.78,187.802,190.148,190.002,43.362,251.69
2001-04-28 17:00:00,163.414,49.773,204.7,122.95,1286.36,390.737,99.794,200.304,87.11,150.703,282.825,93.873,153.64,187.736,188.74,193.538,43.11,250.144
2001-04-28 17:05:00,163.85,49.407,204.233,123.12,1288.3,393.107,,201.694,87.634,149.61,283.04,93.105,153.26,189.516,189.912,189.252,43.036,252.966
2001-04-28 17:10:00,163.93,49.177,205.633,121.757,1279.74,388.727,,198.99,87.782,150.16,280.685,92.62,153.74,188.578,188.84,190.884,42.742,251.888
2001-04-28 17:15:00,161.874,49.497,205.967,122.873,1276.92,392.677,100.049,197.134,89.286,149.963,285.946,94.37,151.64,188.22,188.082,189.23,42.9,250.902
2001-04-28 17:20:00,163.228,51.187,204.6,121.43,1278.38,388.48,,198.876,87.502,149.36,281.808,94.967,152.46,187.736,192.49,191.308,42.896,249.654
2001-04-28 17:25:00,162.696,50.43,204.033,122.08,1283.48,390.827,,199.002,86.664,151.67,282.022,94.792,150.94,188.018,191.978,190.866,43.412,248.866
2001-04-28 17:30:00,164.418,50.133,205.467,123.97,1281.22,389.523,100.366,196.37,87.57,149.067,282.828,93.862,152.24,187.158,191.996,192.724,42.71,247.366
2001-04-28 17:35:00,164.152,50.723,202.6,120.887,1275.42,391.18,,200.086,85.192,149.367,281.44,93.776,151.66,187.804,190.904,188.044,43.186,251.774
2001-04-28 17:40:00,161.476,50.533,205.333,121.543,1285.84,387.3,,200.882,85.764,150.553,283.034,93.511,150.24,187.998,192.384,190.716,42.948,251.39
2001-04-28 17:45:00,164.122,49.81,204.367,122.173,1276.9,390.213,100.532,201.556,87.654,147.787,281.358,93.474,150.78,186.31,189.356,189.564,42.566,246.694
2001-04-28 17:50:00,163.672,50.697,204.7,124.037,1292.18,391.013,,200.58,85.866,149.99,282.667,92.973,151.6,185.396,189.758,190.346,42.834,250.188
2001-04-28 17:55:00,162.214,50.093,203.433,121.183,1281.38,388.3,,198.872,87.156,149.457,283.133,93.862,150.44,185.96,189.134,192.552,42.882,250.128
2001-04-28 18:00:00,165.114,49.867,202.067,122.757,1284.52,390.384,100.602,199.944,86.828,149.973,281.445,92.405,151.96,184.912,190.6,193.208,42.848,249.716
2001-04-28 18:05:00,160.292,50.003,207.367,123.01,1285.76,386.643,,197.792,85.918,151.767,281.751,92.846,149.42,186.298,189.522,191.532,43.184,249.416
2001-04-28 18:10:00,163.076,49.8,204.7,122.127,1279.54,388.833,,198.078,87.102,148.387,280.008,91.213,148.16,187.64,191.596,190.676,42.964,249.884
2001-04-28 18:15:00,162.94,50.117,205.367,121.023,1285.06,387.37,99.905,198.636,86.116,147.16,279.294,92.961,149.18,186.608,190.146,192.576,42.726,249.618
2001-04-28 18:20:00,163.034,48.833,204.3,120.57,1282.1,390.26,,199.516,87.498,148.097,280.222,91.597,148.68,187.422,193.672,188.79,42.738,247.418
2001-04-28 18:25:00,163.124,49.9,202.733,122.513,1281.72,388.01,,200.396,86.85,146.813,282.979,92.294,150.26,187.06,190.71,191.606,42.294,248.22
2001-04-28 18:30:00,161.35,50.93,204.167,121.443,1287.68,386.207,99.705,199.432,84.662,148.763,282.362,92.91,148.62,188.838,190.502,192.122,42.648,245.42
2001-04-28 18:35:00,162.056,50.753,202.967,120.107,1283.78,388.253,,198.412,86.428,149.46,281.004,92.596,150.02,187.31,191.948,190.712,42.812,249.234
2001-04-28 18:40:00,163.722,50.193,202.133,120.947,1286.8,390.707,,198.728,87.732,149.023,283.034,91.861,151.38,188.434,191.912,193.046,42.36,249.232
2001-04-28 18:45:00,164.576,49.823,206.067,121.003,1286.86,386.167,99.383,198.388,85.972,149.52,280.467,91.653,147.96,187.052,190.912,193.238,42.37,249.036
2001-04-28 18:50:00,163.046,49.223,204.033,120.09,1288.04,389.893,,201.242,87.84,146.977,281.239,91.631,150.9,187.62,191.604,193.922,42.568,248.98
2001-04-28 18:55:00,162.146,49.533,205.333,121.72,1293.84,386.95,,199.72,88.322,148.73,281.981,92.387,149.54,189.442,191.37,194.906,42.284,250.654
2001-04-28 19:00:00,162.756,50.077,202.8,121.863,1285.48,386.093,98.983,202.796,86.194,148.98,282.736,92.538,151.22,188.39,191.772,191.066,42.278,249.736
2001-04-28 19:05:00,162.364,50.03,203.2,122.623,1284.18,389.31,,201.82,88.378,147.563,283.294,92.38,148.76,189.14,189.54,192.012,42.854,249.792
2001-04-28 19:10:00,164.194,50.383,201.6,120.913,1289.26,387.93,,201.79,87.58,147.46,285.271,91.145,148.88,189.322,191.826,193.288,42.244,246.72
2001-04-28 19:15:00,164.39,49.703,202.633,121.167,1290.12,389.444,99.227,200.784,87.11,148.45,283.3,92.329,149.94,190.76,191.728,192.024,42.54,248.628
2001-04-28 19:20:00,162.888,50.287,204.5,121.74,1293.44,386.533,,200.196,87.532,149.28,282.621,91.906,149.38,189.68,190.828,192.196,42.364,245.774
2001-04-28 19:25:00,162.32,49.633,204.5,120.28,1286.16,389.957,,199.136,87.856,149.22,284.062,92.085,150.12,190.074,190.95,194.458,42.05,246.044
2001-04-28 19:30:00,161.886,50.227,203.833,121.383,1291.86,391.893,100.307,199.926,87.792,150.427,285.931,91.442,149.78,189.562,192.41,193.264,41.76,246.856
2001-04-28 19:35:00,164.42,51.38,203.467,121.08,1295.28,389.77,,202.056,88.968,148.71,287.271,92.195,150.0,192.04,189.74,190.612,42.178,246.76
2001-04-28 19:40:00,163.748,49.95,206.033,119.597,1288.16,388.606,,200.582,88.752,148.12,287.996,91.449,149.4,191.306,190.78,190.098,42.166,246.298
2001-04-28 19:45:00,161.192,51.19,204.933,121.217,1287.94,393.613,99.975,200.47,86.298,146.67,287.046,93.165,149.22,191.174,192.044,190.002,42.348,247.216
2001-04-28 19:50:00,161.894,50.18,204.533,122.113,1291.48,390.7,,201.286,87.03,150.873,288.603,93.039,148.94,191.762,192.316,189.638,42.322,245.75
2001-04-28 19:55:00,164.376,50.737,204.7,120.78,1289.26,392.643,,200.476,87.53,148.43,287.928,91.424,151.34,191.99,191.508,192.82,42.09,245.394
2001-04-28 20:00:00,161.476,49.967,205.633,121.263,1290.26,389.787,100.429,200.108,86.106,148.006,287.439,92.542,150.5,190.004,191.922,193.006,42.46,248.416
2001-04-28 20:05:00,162.756,50.307,203.733,121.117,1288.82,393.543,,199.438,86.758,146.69,284.605,93.188,150.12,190.71,193.778,195.644,42.15,246.182
2001-04-28 20:10:00,159.684,49.197,202.8,122.18,1286.76,391.063,,202.544,87.742,150.32,285.947,92.782,152.4,191.17,188.508,192.582,41.99,249.304
2001-04-28 20:15:00,162.384,50.4,202.533,121.957,1292.4,390.32,100.227,200.59,85.28,148.84,288.508,92.591,151.8,192.084,189.676,191.412,42.882,248.03
2001-04-28 20:20:00,162.674,49.883,201.367,121.34,1286.14,393.347,,201.738,87.912,151.677,285.387,93.189,150.18,190.416,191.686,191.008,42.952,249.764
2001-04-28 20:25:00,162.3,50.22,203.633,122.71,1286.78,390.973,,202.332,86.562,150.57,284.086,92.906,151.94,189.272,190.002,190.792,43.16,253.058
2001-04-28 20:30:00,163.646,51.21,203.733,121.883,1293.38,393.713,100.33,201.832,86.334,149.737,285.76,92.047,149.94,187.406,190.342,190.822,43.044,252.102
2001-04-28 20:35:00,162.938,51.027,203.433,123.19,1298.18,391.723,,197.92,85.716,150.363,286.1,93.035,151.92,189.052,189.776,191.844,43.16,249.182
2001-04-28 20:40:00,163.662,49.317,205.0,121.517,1298.42,390.873,,202.694,86.128,150.04,286.798,94.333,152.42,190.708,191.288,191.878,42.874,251.088
2001-04-28 20:45:00,162.856,50.32,206.033,120.107,1294.82,391.44,99.564,201.598,86.89,148.493,290.496,93.096,151.98,190.708,190.008,190.078,43.196,248.762
2001-04-28 20:50:00,163.51,51.607,202.9,121.15,1301.92,390.143,,202.524,88.712,151.71,285.069,93.178,152.12,190.968,189.012,190.24,43.512,251.412
2001-04-28 20:55:00,160.858,50.657,204.367,123.103,1293.5,391.667,,202.494,84.7,148.753,283.78,95.176,151.98,192.19,192.16,194.568,43.386,248.398
2001-04-28 21:00:00,165.18,51.143,204.067,121.72,1302.74,392.193,99.627,201.914,86.602,151.49,284.916,92.902,150.88,189.444,190.352,191.166,42.806,251.952
2001-04-28 21:05:00,162.35,50.843,203.333,122.75,1294.3,395.303,,201.4,86.75,151.1,289.766,92.228,149.88,191.036,188.744,189.838,42.894,249.868
2001-04-28 21:10:00,164.772,49.977,201.933,121.157,1299.12,390.243,,202.026,86.074,149.77,288.265,93.722,151.92,191.432,187.31,193.174,43.492,250.418
2001-04-28 21:15:00,162.974,49.047,202.967,123.2,1289.46,395.084,100.369,203.64,86.106,148.847,288.45,93.02,149.1,192.54,190.486,190.534,43.364,250.152
2001-04-28 21:20:00,163.104,51.16,203.633,120.933,1288.4,391.593,,200.46,87.046,147.603,286.161,94.5,149.8,189.86,188.41,194.306,43.212,250.24
2001-04-28 21:25:00,162.2,49.707,203.3,122.88,1285.48,391.577,,201.36,85.744,151.177,287.47,93.268,151.1,191.766,190.656,191.414,43.016,250.336
2001-04-28 21:30:00,162.782,51.76,202.933,120.29,1284.74,390.546,100.674,201.248,87.354,149.934,285.693,92.816,150.7,189.856,191.674,191.59,43.07,248.004
2001-04-28 21:35:00,162.946,50.18,203.533,122.29,1280.24,387.543,,199.924,87.266,148.42,283.475,92.616,147.3,190.546,191.356,191.798,42.372,251.068
2001-04-28 21:40:00,161.65,50.367,200.933,122.63,1290.04,391.083,,197.362,87.45,149.34,284.747,92.886,149.34,189.808,191.43,192.198,43.08,248.902
2001-04-28 21:45:00,163.824,50.267,202.167,121.527,1280.68,390.453,100.249,197.88,87.062,151.363,286.976,92.103,150.08,191.018,187.328,192.074,43.756,248.288
2001-04-28 21:50:00,164.026,49.933,201.967,121.597,1282.76,392.953,,199.526,87.512,146.387,285.149,93.682,149.58,191.82,188.976,190.62,43.586,249.198
2001-04-28 21:55:00,161.694,49.943,202.2,120.817,1289.72,387.427,,198.53,85.99,149.497,289.761,93.912,148.36,188.812,190.802,191.128,42.822,250.256
2001-04-28 22:00:00,160.744,50.973,202.567,123.187,1279.6,388.88,100.144,200.85,86.316,147.453,284.256,91.96,150.68,190.784,189.012,192.594,42.94,249.72
2001-04-28 22:05:00,164.482,50.343,201.967,119.11,1280.9,387.07,,200.76,85.724,149.93,284.354,92.196,149.7,190.028,186.866,190.162,42.454,250.122
2001-04-28 22:10:00,162.85,49.43,204.533,122.367,1283.2,387.93,,201.698,86.638,150.423,286.951,93.644,150.5,189.42,187.436,192.792,42.456,247.924
2001-04-28 22:15:00,162.814,50.437,203.633,121.053,1272.98,387.44,99.614,201.144,86.006,149.527,283.5,90.91,151.34,192.564,187.83,192.466,42.41,245.99
2001-04-28 22:20:00,163.604,49.453,203.967,120.313,1276.48,390.457,,200.872,85.006,147.72,289.915,92.272,152.68,190.084,188.236,191.31,41.706,246.11
2001-04-28 22:25:00,163.33,50.257,201.6,120.75,1280.74,389.247,,198.996,85.652,147.997,284.385,92.153,150.2,189.976,186.966,193.032,42.58,248.292
2001-04-28 22:30:00,164.328,49.65,202.2,121.517,1275.86,388.19,100.407,202.38,85.346,149.79,285.953,93.698,151.2,190.462,188.592,190.664,42.136,246.74
2001-04-28 22:35:00,162.234,50.653,200.633,121.413,1290.66,385.913,,200.902,85.698,151.34,284.001,92.614,149.84,190.36,188.664,188.368,41.978,248.254
2001-04-28 22:40:00,162.25,49.617,202.833,120.3,1275.68,389.687,,201.676,85.18,150.927,288.145,93.241,148.94,191.734,187.956,189.17,42.234,247.894
2001-04-28 22:45:00,164.712,50.79,203.333,120.653,1282.0,385.933,100.485,203.264,86.448,150.22,285.191,93.061,150.52,190.344,189.074,192.03,41.774,246.85
2001-04-28 22:50:00,162.778,50.723,203.667,120.533,1282.96,388.463,,201.336,83.712,150.453,284.617,93.808,151.9,190.28,186.914,188.674,42.334,245.792
2001-04-28 22:55:00,163.01,52.35,203.433,122.293,1275.36,390.12,,201.142,87.514,150.08,285.526,92.102,151.2,192.302,187.906,191.154,42.68,247.732
2001-04-28 23:00:00,161.246,50.127,201.7,122.467,1280.68,388.13,99.231,201.97,86.194,149.68,286.049,92.341,151.32,189.852,188.234,191.228,42.242,246.926
2001-04-28 23:05:00,164.662,50.6,202.867,120.007,1279.4,387.573,,199.994,84.06,149.473,286.014,93.995,152.7,189.546,186.458,188.91,42.172,246.304
2001-04-28 23:10:00,163.488,51.047,201.1,121.647,1283.36,390.683,,202.074,85.53,148.8,284.556,92.567,151.76,190.512,188.958,191.176,42.312,247.308
2001-04-28 23:15:00,163.916,50.683,202.233,120.77,1285.12,390.093,99.44,200.936,84.762,150.157,286.258,92.94,150.04,187.816,188.63,189.178,42.22,246.67
2001-04-28 23:20:00,162.084,50.153,200.8,123.13,1284.86,386.613,,202.494,87.246,148.78,285.526,92.673,150.5,191.818,187.896,188.02,42.494,245.514
2001-04-28 23:25:00,162.908,50.463,202.867,120.77,1286.44,390.713,,200.442,85.624,150.67,285.501,94.262,150.26,192.108,188.302,190.018,42.278,246.194
2001-04-28 23:30:00,160.25,50.53,202.5,122.16,1279.82,385.683,99.338,201.754,85.244,149.087,287.966,93.237,151.38,190.814,187.588,191.004,42.138,245.838
2001-04-28 23:35:00,162.202,50.14,200.533,122.217,1279.78,386.793,,201.272,85.312,148.577,286.841,93.015,150.34,191.19,188.968,191.222,41.848,247.16
2001-04-28 23:40:00,163.422,51.163,202.033,122.54,1278.16,386.127,,201.07,85.804,149.02,286.11,94.421,149.14,189.82,186.32,187.758,42.28,244.248
2001-04-28 23:45:00,162.316,51.333,201.867,120.7,1276.22,390.127,100.578,202.364,85.072,150.723,285.562,93.001,152.28,191.038,187.396,187.91,42.472,245.802
2001-04-28 23:50:00,162.972,50.733,203.2,120.92,1283.0,388.883,,201.88,84.734,147.967,284.946,93.719,149.54,189.456,185.87,191.988,42.58,245.04
2001-04-28 23:55:00,161.87,51.073,200.8,122.147,1283.74,388.867,,199.646,86.932,149.887,284.844,93.676,149.22,188.502,186.762,191.568,42.766,246.326
2001-04-29 00:00:00,163.518,50.87,204.6,121.47,1279.46,386.653,99.052,200.0,84.592,149.65,284.843,93.63,150.12,188.796,185.124,191.66,42.908,245.752
2001-04-29 00:05:00,164.214,50.917,203.6,121.81,1273.86,382.74,,200.37,84.728,149.373,285.622,92.761,148.86,190.846,185.024,191.764,42.722,246.722
2001-04-29 00:10:00,161.134,50.01,203.0,121.257,1278.36,389.317,,202.86,85.986,150.643,284.977,93.025,150.4,189.992,184.258,189.004,42.778,245.622
2001-04-29 00:15:00,163.412,49.433,204.267,120.767,1284.68,389.96,100.091,200.97,84.556,149.473,284.483,92.191,150.32,189.556,186.352,187.446,41.726,244.692
2001-04-29 00:20:00,162.412,50.923,201.9,122.13,1278.6,388.727,,200.528,85.092,147.717,281.308,93.314,153.54,187.522,183.452,188.574,42.65,247.924
2001-04-29 00:25:00,162.09,50.9,200.767,121.837,1274.02,389.953,,201.02,84.952,148.766,283.524,94.248,148.98,188.984,184.252,189.984,42.18,248.884
2001-04-29 00:30:00,162.326,50.393,199.567,121.997,1273.38,391.687,100.614,201.834,83.442,147.977,281.27,92.702,150.34,187.496,185.158,189.994,41.666,245.648
2001-04-29 00:35:00,164.898,49.123,199.067,122.343,1281.3,390.66,,201.402,84.444,147.97,285.48,92.965,151.38,187.532,185.004,186.746,42.468,244.83
2001-04-29 00:40:00,162.588,49.713,204.633,120.617,1274.28,387.874,,204.438,84.348,150.633,283.585,93.956,151.72,185.352,188.266,189.182,41.902,246.5
2001-04-29 00:45:00,161.73,49.04,200.5,121.547,1275.52,391.447,99.24,203.754,84.206,149.277,282.606,93.05,151.12,187.456,182.814,187.396,42.162,247.752
2001-04-29 00:50:00,163.27,49.51,201.833,120.473,1276.34,386.02,,203.228,86.56,149.574,281.284,91.669,150.46,186.554,183.054,185.066,42.394,245.224
2001-04-29 00:55:00,164.646,50.337,200.467,121.873,1280.94,384.783,,200.56,84.058,150.113,282.752,93.357,151.04,185.042,184.648,185.554,40.828,246.196
2001-04-29 01:00:00,161.582,51.057,202.233,121.25,1272.5,389.557,100.234,200.116,83.764,149.413,280.793,94.3,150.9,185.722,185.938,187.876,41.29,245.91
2001-04-29 01:05:00,166.088,50.7,200.267,118.957,1276.96,387.44,,197.942,83.298,149.47,283.799,92.207,148.68,186.922,184.178,185.784,42.8,245.746
2001-04-29 01:10:00,164.862,51.34,202.5,122.813,1285.18,386.03,,197.23,84.028,152.07,283.524,91.005,147.28,187.04,183.314,185.858,41.442,245.18
2001-04-29 01:15:00,164.268,50.56,198.3,122.213,1274.44,387.79,99.891,198.224,83.686,146.824,281.918,93.577,148.34,186.128,183.668,186.172,42.66,243.844
2001-04-29 01:20:00,163.978,51.767,197.633,121.437,1272.9,387.913,,199.846,85.548,148.127,281.619,93.026,149.7,184.828,186.226,187.462,42.33,245.29
2001-04-29 01:25:00,163.02,50.68,198.033,123.223,1267.34,387.447,,200.91,84.512,148.597,282.446,91.521,152.64,185.986,185.092,187.278,42.31,243.994
2001-04-29 01:30:00,164.524,48.883,202.9,121.55,1269.32,385.95,99.898,202.02,84.994,149.28,283.662,90.998,151.0,184.356,182.146,185.84,42.096,244.596
2001-04-29 01:35:00,165.096,50.36,200.0,121.487,1282.34,387.76,,201.858,84.996,149.24,284.642,92.293,149.8,186.566,186.382,187.148,42.046,243.972
2001-04-29 01:40:00,162.538,50.35,202.0,120.57,1276.46,387.127,,198.742,85.288,145.907,284.519,93.387,151.36,187.98,183.34,186.618,42.132,244.784
2001-04-29 01:45:00,164.124,49.703,200.567,122.037,1275.78,384.69,98.585,200.442,84.52,147.78,284.305,94.128,151.3,186.11,184.81,186.364,42.198,245.764
2001-04-29 01:50:00,162.868,51.903,200.4,121.79,1273.28,384.1,,198.208,86.254,149.437,285.922,91.703,150.96,188.008,185.082,188.798,42.34,244.78
2001-04-29 01:55:00,162.972,50.607,200.2,122.273,1277.18,386.296,,201.032,84.716,146.563,284.843,93.033,147.8,188.468,184.22,189.452,41.916,244.894
2001-04-29 02:00:00,162.036,50.28,200.833,123.27,1275.44,384.537,99.076,197.862,84.132,148.913,282.819,90.978,148.86,186.996,183.224,187.198,41.364,243.792
2001-04-29 02:05:00,164.0,50.883,199.467,120.917,1277.22,384.67,,197.178,84.004,148.52,286.07,92.69,148.64,188.644,184.128,187.212,42.292,246.248
2001-04-29 02:10:00,164.882,49.21,199.333,120.493,1285.88,384.96,,199.71,85.34,148.313,282.996,90.523,148.78,187.652,186.818,188.52,42.062,245.732
2001-04-29 02:15:00,162.666,50.703,201.733,120.613,1279.14,384.196,99.436,197.77,85.302,148.097,284.039,92.052,150.56,188.344,184.676,185.598,42.184,245.488
2001-04-29 02:20:00,161.722,49.76,200.9,120.34,1282.86,380.973,,199.914,84.432,148.817,283.347,93.568,149.56,189.852,183.688,186.106,41.742,245.374
2001-04-29 02:25:00,162.092,50.66,200.033,121.157,1276.12,382.837,,198.818,83.602,149.86,284.054,91.447,151.24,189.87,186.204,185.952,41.966,245.106
2001-04-29 02:30:00,162.686,50.057,201.4,119.92,1287.44,381.427,97.97,197.55,84.368,147.04,281.494,92.348,149.72,191.068,184.962,185.87,41.7,243.292
2001-04-29 02:35:00,163.674,50.723,201.967,121.723,1278.54,384.243,,199.138,83.95,146.973,284.408,92.472,150.44,188.678,182.636,187.056,41.546,242.474
2001-04-29 02:40:00,160.674,50.957,200.133,118.85,1283.04,383.287,,196.682,84.33,147.767,283.499,93.257,148.78,189.384,185.38,189.012,42.41,246.134
2001-04-29 02:45:00,161.752,50.853,200.367,120.07,1278.28,382.297,98.841,196.45,84.226,148.35,283.82,92.641,150.6,189.472,184.994,189.072,41.796,245.164
2001-04-29 02:50:00,162.736,48.797,200.867,122.807,1283.46,383.55,,198.198,83.284,148.337,282.36,91.919,149.52,189.836,180.832,186.608,41.428,245.934
2001-04-29 02:55:00,161.374,50.86,202.367,121.753,1277.06,383.25,,197.748,86.322,147.783,282.133,92.654,149.32,189.414,183.63,187.336,42.078,245.448
2001-04-29 03:00:00,161.966,51.03,198.467,119.667,1282.44,384.553,98.091,197.48,84.606,148.1,283.091,92.116,150.46,190.574,182.042,186.996,42.476,243.912
2001-04-29 03:05:00,163.62,50.033,201.267,120.783,1283.92,378.577,,198.186,83.742,148.94,283.495,92.921,149.54,188.802,181.624,187.51,42.356,245.74
2001-04-29 03:10:00,165.174,51.343,199.267,120.01,1288.02,382.677,,199.102,85.444,147.46,284.424,94.599,150.66,189.638,181.67,184.476,42.204,247.192
2001-04-29 03:15:00,162.01,50.13,200.767,119.887,1283.12,380.273,97.505,196.804,85.218,147.78,284.332,93.447,150.0,189.812,184.72,188.182,42.286,246.414
2001-04-29 03:20:00,163.274,50.923,201.6,120.223,1283.64,382.46,,198.334,84.938,146.517,283.888,91.602,150.32,189.656,182.906,187.41,42.024,246.0
2001-04-29 03:25:00,162.254,51.043,199.9,119.713,1282.4,382.827,,199.024,85.762,150.217,282.763,94.517,151.12,189.026,184.112,187.852,41.436,245.05
2001-04-29 03:30:00,165.234,50.8,199.4,119.283,1288.08,382.433,98.339,200.534,86.786,146.203,285.879,92.592,149.98,191.654,183.772,186.77,41.378,247.504
2001-04-29 03:35:00,160.636,50.337,200.0,121.19,1289.46,385.323,,199.998,84.938,147.197,283.928,92.175,149.38,191.042,184.546,188.1,42.188,244.38
2001-04-29 03:40:00,161.282,50.327,201.767,119.217,1284.1,382.857,,198.618,84.382,147.533,284.313,92.845,150.62,187.762,182.618,188.072,41.77,245.344
2001-04-29 03:45:00,162.576,49.587,200.633,121.647,1290.3,381.74,98.651,200.54,84.28,147.313,282.006,92.583,150.34,189.774,182.666,187.39,41.916,246.406
2001-04-29 03:50:00,164.71,50.327,201.2,121.243,1285.56,385.387,,198.758,83.916,149.233,283.786,93.301,150.88,189.354,182.97,188.296,41.674,244.422
2001-04-29 03:55:00,162.372,49.177,200.9,120.86,1290.56,383.993,,199.704,83.944,149.01,285.933,92.696,150.5,190.488,182.816,185.278,41.922,246.052
2001-04-29 04:00:00,162.034,51.013,203.5,120.327,1281.84,384.027,99.513,200.172,82.784,148.333,285.269,91.386,150.86,189.32,182.68,188.034,42.648,244.742
2001-04-29 04:05:00,161.718,50.813,201.467,119.163,1284.14,384.23,,197.228,85.11,148.477,285.342,91.995,151.04,188.426,184.504,187.852,41.604,244.06
2001-04-29 04:10:00,162.92,50.127,199.433,119.627,1290.88,384.11,,199.282,84.664,147.15,285.904,92.595,151.34,189.736,183.618,187.12,41.484,243.794
2001-04-29 04:15:00,162.606,49.953,198.533,119.517,1289.42,381.517,98.507,198.576,83.776,147.963,282.465,94.728,151.8,189.964,184.62,187.32,41.17,243.274
2001-04-29 04:20:00,162.9,50.153,200.433,119.103,1289.28,383.29,,199.51,84.216,150.597,284.356,91.911,151.04,187.63,183.612,188.442,41.726,242.742
2001-04-29 04:25:00,161.67,49.693,201.033,119.91,1295.44,385.813,,199.218,84.292,149.06,282.652,92.595,149.46,190.498,182.244,187.766,41.852,243.914
2001-04-29 04:30:00,162.524,50.257,198.1,120.053,1298.3,379.654,98.468,198.15,85.03,148.507,285.952,92.957,150.72,189.274,182.482,185.022,41.626,243.142
2001-04-29 04:35:00,163.17,50.753,199.433,118.743,1287.7,384.647,,199.676,84.656,147.003,282.939,93.645,150.48,189.69,184.57,185.714,41.382,244.322
2001-04-29 04:40:00,162.758,50.463,198.1,121.223,1294.88,382.96,,199.606,84.164,147.963,280.394,94.365,151.24,189.87,183.036,184.636,41.498,244.112
2001-04-29 04:45:00,164.596,49.797,199.5,120.107,1291.88,383.77,98.813,197.61,84.978,149.85,284.427,93.623,149.5,188.304,184.406,187.53,41.398,241.03
2001-04-29 04:50:00,162.282,50.683,198.6,121.45,1288.8,384.047,,200.948,85.232,149.423,283.145,93.963,150.6,190.478,184.714,187.308,41.996,241.986
2001-04-29 04:55:00,163.514,50.593,200.3,119.087,1291.1,383.423,,198.412,83.032,149.42,281.959,92.527,149.32,188.156,184.654,186.338,41.012,242.644
2001-04-29 05:00:00,162.286,50.563,200.567,120.27,1292.3,381.927,99.05,197.806,83.984,148.907,283.178,93.877,150.94,189.542,186.162,183.656,41.062,243.268
2001-04-29 05:05:00,163.658,50.627,201.767,120.74,1283.02,385.58,,198.006,85.39,149.72,282.971,95.844,151.82,188.996,184.874,186.204,41.252,240.114
2001-04-29 05:10:00,165.46,49.743,201.2,119.317,1296.78,384.367,,199.54,83.462,150.943,284.729,92.234,150.7,188.934,182.64,185.74,41.234,243.03
2001-04-29 05:15:00,164.472,50.873,199.167,119.12,1296.26,382.153,99.017,200.462,84.994,149.653,280.166,92.593,150.26,187.682,186.042,188.114,41.932,242.984
2001-04-29 05:20:00,164.284,50.237,199.7,119.0,1299.92,381.167,,198.238,84.518,148.98,281.951,90.9,151.18,187.442,185.252,185.404,41.254,242.184
2001-04-29 05:25:00,164.178,51.587,198.367,120.787,1298.9,384.09,,198.29,85.684,148.733,279.979,92.734,149.92,187.966,184.604,185.028,41.244,243.086
2001-04-29 05:30:00,164.268,50.953,199.8,120.47,1295.68,384.16,99.133,199.822,84.764,148.043,280.605,92.336,150.26,187.676,183.206,183.582,41.416,242.922
2001-04-29 05:35:00,161.516,50.69,199.533,119.353,1293.82,385.627,,197.61,85.494,149.847,281.468,93.029,150.54,187.014,186.068,188.11,41.794,243.628
2001-04-29 05:40:00,164.892,51.94,201.867,123.58,1299.9,382.97,,198.952,85.146,147.71,280.511,91.222,150.5,188.878,185.6,183.336,41.688,242.856
2001-04-29 05:45:00,164.234,50.597,199.767,120.277,1292.32,383.68,98.901,199.614,84.208,149.023,281.029,93.897,150.52,189.552,184.368,183.562,41.71,242.744
2001-04-29 05:50:00,163.964,50.303,198.1,120.84,1299.58,384.437,,199.43,86.462,148.21,281.781,91.534,149.26,188.122,185.818,184.248,41.916,245.832
2001-04-29 05:55:00,163.69,51.1,199.067,121.013,1294.36,381.257,,198.598,82.788,146.777,280.496,92.163,151.46,188.504,185.58,185.1,40.926,241.068
2001-04-29 06:00:00,163.43,51.177,198.167,121.277,1298.48,385.987,98.927,198.318,83.986,150.767,284.557,93.528,151.6,189.732,185.012,188.83,41.652,246.212
2001-04-29 06:05:00,163.968,50.373,200.367,121.293,1303.32,385.567,,200.684,84.658,149.413,283.511,93.182,152.88,188.238,184.746,185.74,41.556,243.866
2001-04-29 06:10:00,161.368,50.35,199.3,120.68,1299.06,382.787,,200.896,84.416,148.157,279.573,94.303,150.52,186.262,182.852,185.644,42.122,243.442
2001-04-29 06:15:00,163.664,50.097,198.1,124.157,1304.68,381.73,99.008,200.584,85.434,148.86,281.785,92.753,152.42,188.476,185.566,186.264,41.534,242.962
2001-04-29 06:20:00,164.924,49.81,199.633,121.247,1302.6,380.3,,199.044,83.61,148.013,281.565,91.447,151.22,187.634,185.722,187.604,42.116,244.06
2001-04-29 06:25:00,162.766,50.34,197.667,121.29,1297.78,385.56,,200.66,84.982,148.297,276.733,92.775,150.44,187.552,184.458,186.994,42.32,245.63
2001-04-29 06:30:00,164.162,49.153,199.367,120.357,1297.56,384.337,98.829,198.328,84.464,147.337,279.667,93.997,152.86,187.834,184.85,186.658,42.358,245.194
2001-04-29 06:35:00,164.078,50.497,198.933,121.313,1291.46,382.903,,199.46,85.382,149.907,281.945,93.848,149.94,186.276,184.156,187.378,42.034,244.04
2001-04-29 06:40:00,165.214,50.54,201.167,121.253,1294.54,387.813,,200.75,85.138,149.007,280.611,93.035,150.8,187.37,184.596,187.05,41.628,243.468
2001-04-29 06:45:00,164.55,51.573,200.4,121.953,1293.68,385.52,99.293,199.208,84.848,147.683,281.24,92.973,150.74,187.622,187.046,187.208,42.068,247.872
2001-04-29 06:50:00,164.824,49.883,198.433,120.203,1297.8,382.357,,196.242,84.506,147.09,279.142,92.808,149.92,187.456,186.38,185.864,42.028,247.43
2001-04-29 06:55:00,166.202,50.447,198.4,120.767,1302.94,385.9,,199.998,85.156,149.9,284.134,92.34,149.52,188.722,186.42,186.916,42.394,246.48
2001-04-29 07:00:00,164.668,49.323,201.5,120.48,1298.18,384.32,98.873,197.63,85.282,150.103,280.829,92.601,149.2,186.648,186.16,186.214,41.47,245.934
2001-04-29 07:05:00,163.872,50.603,198.333,121.02,1292.52,383.19,,196.446,84.638,149.843,277.413,92.771,150.76,186.856,188.054,183.808,41.784,244.544
2001-04-29 07:10:00,163.088,51.163,201.0,120.07,1304.28,384.937,,200.284,85.198,146.747,279.375,93.669,150.14,186.894,186.23,183.298,42.34,244.11
2001-04-29 07:15:00,163.85,51.283,197.167,122.323,1304.42,383.93,99.79,200.888,85.38,150.853,278.76,92.669,150.9,186.928,187.046,184.83,42.226,244.83
2001-04-29 07:20:00,165.054,50.39,199.833,121.15,1302.72,384.673,,202.03,84.664,148.703,279.677,93.898,152.02,187.958,182.878,184.556,41.578,244.052
2001-04-29 07:25:00,166.572,51.66,195.267,122.147,1296.76,384.207,,199.87,85.26,149.96,280.862,93.284,152.54,187.844,184.89,185.554,42.112,245.136
2001-04-29 07:30:00,163.02,50.623,199.733,121.537,1296.78,384.097,98.812,194.968,84.28,146.693,281.794,93.751,151.22,189.16,185.954,184.122,41.75,244.72
2001-04-29 07:35:00,165.858,49.55,199.233,122.837,1294.14,383.86,,200.484,85.57,149.457,280.528,91.945,152.0,188.868,184.516,186.146,41.624,246.498
2001-04-29 07:40:00,166.588,50.363,198.9,119.883,1296.82,387.07,,201.046,85.084,146.037,280.875,92.969,150.2,188.238,186.804,185.592,40.812,245.454
2001-04-29 07:45:00,166.604,49.643,200.267,121.21,1301.7,387.533,99.401,198.32,84.926,150.043,278.942,91.985,150.94,186.006,184.704,184.498,42.548,245.248
2001-04-29 07:50:00,164.326,49.66,201.333,120.977,1299.92,382.117,,200.796,85.072,149.973,280.777,92.011,151.32,187.768,184.272,184.452,41.538,246.446
2001-04-29 07:55:00,165.104,50.433,200.767,122.103,1298.96,384.687,,199.408,83.918,146.783,278.314,91.998,150.88,186.698,185.666,186.126,41.946,245.98
2001-04-29 08:00:00,163.228,50.11,201.867,120.62,1300.78,384.613,99.387,197.938,84.43,148.633,285.003,93.958,150.56,189.37,185.712,185.602,42.476,245.15
2001-04-29 08:05:00,165.002,50.92,198.833,121.123,1302.66,386.537,,199.048,85.558,148.327,281.951,92.487,150.02,188.074,183.698,184.138,42.138,242.674
2001-04-29 08:10:00,162.896,50.693,201.5,120.667,1282.66,384.633,,198.64,84.112,149.477,279.389,92.018,152.62,187.332,186.356,185.174,42.466,245.758
2001-04-29 08:15:00,165.27,50.957,198.467,121.343,1300.66,384.227,99.741,197.046,84.512,149.35,281.489,91.369,149.68,186.864,184.77,184.696,42.032,245.656
2001-04-29 08:20:00,163.418,50.383,200.567,122.907,1297.3,386.327,,200.47,85.408,147.567,279.674,94.315,150.3,188.904,185.798,186.414,41.182,244.758
2001-04-29 08:25:00,165.806,51.873,198.367,120.63,1302.24,383.583,,200.522,86.332,149.65,278.815,93.175,150.46,190.514,187.966,185.412,42.12,245.31
2001-04-29 08:30:00,163.826,51.533,201.133,122.327,1303.88,385.7,98.945,199.858,85.394,148.79,280.757,92.189,149.98,188.934,184.968,186.82,41.54,245.92
2001-04-29 08:35:00,164.966,51.363,198.733,121.787,1297.72,384.137,,198.316,84.042,147.757,279.688,91.4,150.94,188.586,185.09,183.718,42.49,245.226
2001-04-29 08:40:00,164.154,50.353,199.6,120.15,1295.2,384.687,,198.554,85.334,149.603,282.189,93.082,148.3,187.522,184.192,186.614,41.96,246.74
2001-04-29 08:45:00,164.022,49.41,199.833,121.297,1297.78,384.583,99.343,200.162,85.394,148.317,280.753,92.826,147.88,187.148,184.958,186.738,42.34,245.382
2001-04-29 08:50:00,163.052,51.02,200.2,121.51,1301.64,383.983,,201.862,84.94,149.777,278.821,92.608,150.38,187.65,185.056,187.02,42.106,246.576
2001-04-29 08:55:00,165.052,50.427,201.6,120.463,1299.38,384.99,,200.104,85.27,149.507,281.564,92.761,149.56,188.24,188.594,187.468,42.446,247.03
2001-04-29 09:00:00,164.57,49.32,199.7,120.98,1303.32,383.627,98.901,198.88,84.392,148.807,282.503,92.362,149.94,186.992,184.548,185.174,42.164,245.208
2001-04-29 09:05:00,164.588,51.513,200.133,120.567,1298.54,381.69,,198.85,84.782,148.61,281.354,92.597,149.44,188.752,185.906,186.03,42.142,243.202
2001-04-29 09:10:00,162.506,50.363,201.7,119.28,1306.16,383.89,,200.62,84.678,148.097,283.46,92.198,149.46,189.798,186.442,184.936,41.616,244.16
2001-04-29 09:15:00,163.652,51.767,200.867,122.253,1301.12,388.407,99.218,197.916,85.658,149.007,281.323,93.703,150.68,186.476,185.246,186.522,42.342,246.258
2001-04-29 09:20:00,164.6,50.783,199.4,122.363,1296.54,386.77,,198.236,84.588,147.0,280.953,93.318,148.96,186.832,184.41,185.56,41.418,242.938
2001-04-29 09:25:00,165.012,50.07,200.867,122.01,1302.06,384.07,,199.252,85.71,147.327,283.301,92.07,150.44,188.714,185.658,186.886,42.778,245.71
2001-04-29 09:30:00,165.676,50.133,202.4,122.657,1306.48,385.753,100.029,201.4,84.072,147.037,276.45,91.302,149.58,190.992,185.106,185.604,42.45,247.122
2001-04-29 09:35:00,165.838,51.367,200.067,122.303,1299.22,386.074,,198.206,84.93,148.91,279.165,92.293,149.76,188.726,187.278,182.656,42.57,248.236
2001-04-29 09:40:00,164.608,50.7,200.2,122.773,1298.62,382.68,,198.482,85.54,147.276,280.826,92.049,150.76,188.604,186.614,186.198,42.71,248.006
2001-04-29 09:45:00,165.9,50.293,197.9,119.653,1297.68,382.613,100.223,198.312,85.596,148.053,279.452,91.201,150.98,187.59,188.154,185.42,42.702,248.672
2001-04-29 09:50:00,164.564,51.573,197.767,122.373,1297.98,382.85,,197.97,85.482,146.55,277.856,93.665,149.68,189.846,184.17,186.72,42.82,248.548
2001-04-29 09:55:00,164.38,48.583,198.767,122.423,1298.82,384.983,,198.244,84.526,147.087,279.368,92.583,151.7,187.608,185.214,185.516,42.858,244.34
2001-04-29 10:00:00,163.672,50.147,202.133,120.537,1300.04,384.687,98.938,202.456,86.044,144.81,280.059,94.161,151.98,187.21,185.488,185.822,42.586,247.82
2001-04-29 10:05:00,163.996,50.903,202.433,122.013,1301.28,384.47,,197.818,84.762,149.047,278.686,91.909,150.64,187.638,185.72,184.042,42.574,245.48
2001-04-29 10:10:00,164.06,50.837,200.067,120.963,1304.46,386.097,,199.732,85.438,146.61,280.391,91.904,149.48,189.372,183.452,185.338,42.75,248.676
2001-04-29 10:15:00,165.172,50.13,200.867,119.677,1293.3,385.423,99.556,196.246,85.704,147.733,279.369,93.254,149.8,188.266,186.446,185.378,42.766,250.78
2001-04-29 10:20:00,165.112,50.45,200.233,123.093,1300.0,382.313,,200.684,85.496,150.57,280.596,93.946,150.74,189.034,184.958,183.724,43.152,248.228
2001-04-29 10:25:00,164.456,50.833,204.1,121.997,1304.48,383.413,,201.36,85.346,147.603,277.302,92.402,149.38,188.464,185.514,186.488,42.482,247.77
2001-04-29 10:30:00,162.906,50.303,200.733,120.39,1299.94,384.563,98.767,201.532,86.024,148.773,277.728,93.327,149.06,186.81,185.51,189.146,42.668,249.392
2001-04-29 10:35:00,163.058,50.533,201.333,120.19,1299.62,383.357,,197.346,87.052,146.943,277.697,93.17,151.42,187.938,185.536,183.934,42.11,247.074
2001-04-29 10:40:00,163.65,49.943,200.6,120.803,1301.44,387.79,,199.538,85.12,147.983,278.038,92.148,149.82,186.652,185.156,183.698,41.95,247.158
2001-04-29 10:45:00,165.34,50.127,198.533,121.253,1297.38,384.593,98.345,200.168,85.776,148.75,278.977,91.943,150.92,188.02,185.932,187.024,42.118,246.308
2001-04-29 10:50:00,164.384,50.113,202.267,120.133,1300.7,384.967,,199.016,85.238,147.01,275.754,92.263,149.32,188.076,187.584,186.81,42.04,245.138
2001-04-29 10:55:00,163.448,50.493,201.733,121.457,1293.98,385.043,,198.282,85.492,148.67,274.962,94.035,152.44,187.93,186.156,187.134,42.8,245.412
