ESOI    ATHN    MXCO    ROME    AATB    LMKS    DRBS    MOSC    NEWK    KIEL    CALG    OULU    APTY    FSMT    NAIN    PWNK    SOPB    SOPO
2001-04-28 00:00:00;169.686; 52.177;209.400;126.403;1345.780;412.397;104.420;211.274; 92.252;157.300;302.076; 98.539;159.440;198.518;200.068;199.364; 46.108;268.742
2001-04-28 00:05:00;170.936; 51.643;212.000;125.957;1352.720;411.020;   null;211.430; 90.742;158.600;299.205; 96.985;160.920;200.460;198.738;200.286; 46.578;268.496
2001-04-28 00:10:00;166.550; 53.167;210.333;126.300;1341.780;414.053;   null;212.086; 91.266;160.900;300.853;100.201;158.920;200.500;199.096;200.116; 46.756;268.094
2001-04-28 00:15:00;168.336; 52.857;210.433;124.300;1358.920;413.163;104.579;211.392; 91.996;159.143;299.012; 98.774;160.960;198.998;195.868;203.446; 46.222;268.708
2001-04-28 00:20:00;168.674; 51.940;209.700;125.210;1354.840;414.167;   null;212.526; 89.674;156.723;298.059; 98.838;160.800;200.352;199.234;200.184; 45.964;268.654
2001-04-28 00:25:00;170.050; 51.823;211.600;128.760;1350.540;414.970;   null;210.440; 90.122;157.117;299.956; 99.584;159.440;198.700;200.896;199.628; 46.528;267.574
2001-04-28 00:30:00;169.606; 51.903;212.733;126.160;1353.120;410.573;104.098;212.098; 90.482;157.923;295.928; 98.721;162.200;198.504;196.612;200.870; 46.328;268.934
2001-04-28 00:35:00;168.488; 52.393;210.733;126.407;1354.720;415.193;   null;211.700; 90.584;156.743;298.357; 98.806;159.920;200.380;198.962;198.468; 45.670;268.658
2001-04-28 00:40:00;169.826; 53.057;213.233;126.223;1346.560;411.873;   null;210.664; 90.040;157.400;299.963; 98.290;159.720;199.214;199.018;198.088; 47.146;268.440
2001-04-28 00:45:00;169.726; 53.640;211.033;128.073;1343.680;414.217;104.788;213.420; 91.072;159.767;301.848;100.458;160.600;198.048;197.978;202.328; 46.382;269.138
2001-04-28 00:50:00;169.492; 51.617;211.733;125.813;1351.520;413.563;   null;213.408; 89.894;158.040;296.753; 97.884;160.840;199.832;197.554;198.844; 46.432;269.130
2001-04-28 00:55:00;169.490; 51.730;209.567;125.727;1345.340;411.090;   null;210.814; 89.406;158.257;295.860; 98.171;160.780;199.076;198.348;197.756; 46.254;267.814
2001-04-28 01:00:00;168.258; 51.653;207.867;127.500;1353.400;411.390;105.402;208.814; 91.940;157.993;298.896; 98.548;160.220;199.660;198.724;200.976; 46.620;267.360
2001-04-28 01:05:00;169.704; 52.950;211.333;128.437;1355.800;410.817;   null;212.378; 90.622;160.130;296.417; 97.285;160.800;197.206;199.084;202.516; 46.818;268.234
2001-04-28 01:10:00;169.640; 52.310;210.700;125.930;1344.480;411.350;   null;211.208; 91.578;158.620;298.671; 98.683;160.620;200.594;199.570;202.872; 46.106;267.992
2001-04-28 01:15:00;167.570; 52.070;212.100;126.517;1348.600;412.740;105.865;210.690; 90.852;158.660;299.024; 98.034;161.580;199.672;198.042;199.824; 46.108;268.590
2001-04-28 01:20:00;167.438; 53.670;211.833;125.553;1350.540;413.003;   null;210.168; 90.864;158.820;298.934; 98.960;160.540;200.858;198.424;202.096; 46.474;268.158
2001-04-28 01:25:00;169.668; 52.660;214.167;125.180;1344.460;410.993;   null;209.566; 89.618;158.690;298.306; 97.019;159.660;198.520;196.730;199.330; 46.844;268.678
2001-04-28 01:30:00;169.124; 52.153;209.200;126.190;1349.640;413.107;104.306;210.518; 90.618;160.187;297.631; 98.181;161.600;199.610;198.238;200.776; 46.628;266.992
2001-04-28 01:35:00;170.124; 52.060;213.200;126.397;1354.620;408.127;   null;209.970; 89.514;157.087;300.233; 97.193;158.320;198.316;199.594;203.126; 47.052;268.808
2001-04-28 01:40:00;168.140; 51.927;212.767;125.697;1360.380;412.143;   null;211.670; 90.746;158.677;297.413; 97.837;159.620;198.504;199.470;202.794; 46.884;268.104
2001-04-28 01:45:00;170.236; 51.767;211.600;126.960;1351.200;414.563;104.712;209.944; 89.932;158.147;298.056; 98.459;159.560;200.148;195.358;203.074; 46.874;268.776
2001-04-28 01:50:00;170.504; 52.720;210.900;126.923;1345.360;411.694;   null;208.426; 90.966;159.117;299.570; 97.695;159.860;200.062;197.884;199.202; 45.986;269.884
2001-04-28 01:55:00;167.100; 53.107;208.533;126.587;1346.080;412.680;   null;212.416; 89.586;158.260;299.154; 99.270;160.940;201.458;198.852;199.676; 46.066;266.452
2001-04-28 02:00:00;168.492; 53.157;212.600;124.933;1350.120;411.990;104.868;209.988; 90.776;157.750;298.319; 98.027;160.460;199.204;200.438;201.220; 45.994;269.198
2001-04-28 02:05:00;169.124; 52.363;210.300;125.933;1348.240;414.146;   null;210.778; 91.262;158.244;298.929; 99.409;159.420;198.176;198.776;198.086; 46.314;268.600
2001-04-28 02:10:00;167.906; 52.910;210.733;124.043;1341.880;411.133;   null;211.602; 90.236;157.907;299.858; 98.826;160.560;197.606;199.702;200.726; 46.406;269.712
2001-04-28 02:15:00;168.226; 52.347;210.600;125.740;1355.800;411.653;105.377;208.856; 91.590;156.200;299.346; 97.767;162.520;199.506;198.140;200.332; 47.062;269.018
2001-04-28 02:20:00;167.582; 52.267;211.700;126.127;1352.940;410.843;   null;210.218; 91.308;158.497;299.384; 98.226;158.280;199.204;196.562;200.702; 46.656;269.720
2001-04-28 02:25:00;167.848; 52.037;211.833;127.770;1351.620;412.330;   null;211.454; 91.026;157.413;299.319; 98.611;159.580;200.122;201.444;200.038; 46.058;269.922
2001-04-28 02:30:00;167.570; 52.293;209.233;125.560;1357.620;413.057;104.699;210.268; 89.918;155.464;301.018; 97.903;158.860;198.122;200.426;201.768; 45.720;270.120
2001-04-28 02:35:00;168.452; 52.547;210.600;124.617;1356.360;410.003;   null;206.090; 90.158;158.733;299.358; 99.936;160.180;199.402;200.250;197.936; 46.854;267.528
2001-04-28 02:40:00;169.124; 53.013;209.967;124.443;1349.960;410.570;   null;210.896; 91.972;157.157;298.871; 98.480;158.900;199.020;200.148;201.602; 47.230;268.652
2001-04-28 02:45:00;168.034; 52.020;211.067;124.513;1350.260;407.083;103.899;210.680; 89.932;159.037;298.615;100.551;160.400;199.492;198.660;199.772; 46.398;269.002
2001-04-28 02:50:00;169.400; 52.603;210.633;126.237;1355.760;402.780;   null;208.580; 90.714;156.630;295.731; 98.627;159.980;199.634;200.558;201.428; 46.280;267.270
2001-04-28 02:55:00;168.520; 52.680;213.267;127.327;1357.860;409.673;   null;208.526; 90.736;159.290;300.667; 98.653;160.900;197.126;201.580;200.176; 46.542;268.068
2001-04-28 03:00:00;170.170; 52.113;210.367;125.237;1363.320;406.977;105.285;210.162; 89.532;158.157;296.019; 98.463;160.500;199.234;199.696;198.722; 46.678;270.580
2001-04-28 03:05:00;170.236; 50.147;212.600;126.943;1368.180;409.560;   null;210.156; 91.344;156.657;296.764; 98.773;158.260;199.786;198.172;201.862; 46.590;268.444
2001-04-28 03:10:00;168.206; 51.837;213.733;127.037;1362.760;404.740;   null;209.958; 91.110;156.637;297.821; 99.022;161.620;198.336;197.934;200.542; 46.068;270.264
2001-04-28 03:15:00;169.256; 52.463;212.400;124.110;1357.560;409.416;105.305;209.318; 90.384;156.684;300.507; 98.738;158.260;196.742;202.364;199.194; 46.548;269.394
2001-04-28 03:20:00;169.266; 54.250;214.467;126.553;1358.720;407.210;   null;211.978; 90.338;156.220;296.916; 97.223;160.740;200.420;200.976;200.034; 47.088;267.998
2001-04-28 03:25:00;169.192; 52.733;211.000;126.667;1368.840;409.510;   null;210.992; 90.432;157.317;296.307; 98.893;157.020;199.226;199.110;200.724; 46.320;271.856
2001-04-28 03:30:00;171.206; 51.940;212.300;124.840;1359.520;408.100;104.391;207.298; 89.290;156.293;297.358; 98.662;159.640;199.294;199.530;202.548; 46.664;269.244
2001-04-28 03:35:00;169.060; 53.647;210.300;124.507;1358.520;411.000;   null;210.048; 90.756;157.590;299.383; 97.529;159.820;198.620;200.774;202.956; 46.484;267.840
2001-04-28 03:40:00;169.230; 52.297;211.633;125.653;1362.640;406.410;   null;209.680; 90.174;156.337;298.295; 98.626;159.860;198.500;203.258;201.596; 46.244;265.522
2001-04-28 03:45:00;169.338; 53.370;211.667;126.640;1362.180;407.080;104.141;208.980; 91.502;158.577;301.852; 97.870;157.360;196.908;200.850;199.292; 46.100;269.468
2001-04-28 03:50:00;168.834; 52.840;211.300;126.617;1352.240;406.263;   null;208.594; 89.450;156.510;298.711; 97.630;158.380;197.910;202.520;200.280; 45.738;268.408
2001-04-28 03:55:00;169.470; 51.973;211.300;124.540;1357.400;408.043;   null;210.930; 92.002;156.640;298.845; 98.087;157.120;199.672;200.962;200.426; 46.542;268.366
2001-04-28 04:00:00;170.108; 52.587;211.300;126.907;1361.440;405.187;104.034;207.290; 90.686;158.977;296.954; 98.211;159.700;199.716;201.636;199.740; 47.138;267.350
2001-04-28 04:05:00;170.714; 51.533;212.333;125.247;1359.520;403.783;   null;208.986; 90.350;157.610;299.332; 98.420;160.460;200.784;202.924;200.402; 46.598;269.932
2001-04-28 04:10:00;170.380; 53.253;209.767;125.330;1368.780;406.243;   null;209.858; 89.964;154.857;299.075; 98.191;159.500;199.040;198.120;201.026; 46.392;269.364
2001-04-28 04:15:00;169.820; 52.210;213.200;127.847;1369.940;408.733;104.127;211.352; 90.816;158.470;301.860; 97.647;158.820;196.708;197.122;201.240; 45.896;269.428
2001-04-28 04:20:00;169.472; 53.053;210.800;125.790;1363.040;408.133;   null;210.906; 89.680;156.317;297.226; 98.483;160.100;198.860;200.288;200.052; 46.240;267.748
2001-04-28 04:25:00;170.330; 52.867;210.100;126.460;1366.320;408.287;   null;210.072; 89.996;159.053;298.633; 99.264;161.440;198.164;201.322;201.688; 45.740;269.938
2001-04-28 04:30:00;169.474; 52.567;208.000;126.977;1370.500;406.830;104.495;210.302; 90.742;157.670;299.337; 98.809;159.140;198.196;198.452;203.910; 46.908;265.888
2001-04-28 04:35:00;170.238; 53.487;213.167;126.820;1364.180;411.820;   null;207.556; 90.974;156.477;295.147; 97.503;160.260;199.216;200.210;200.802; 46.572;265.324
2001-04-28 04:40:00;169.232; 53.167;212.467;125.173;1365.040;408.557;   null;210.696; 89.692;156.587;301.416; 97.982;159.800;198.184;197.876;199.708; 46.704;268.108
2001-04-28 04:45:00;169.936; 51.837;211.200;127.183;1361.140;409.553;104.144;211.200; 89.734;155.797;297.489; 97.338;158.360;199.290;199.420;201.760; 46.440;267.324
2001-04-28 04:50:00;170.704; 51.357;210.333;129.117;1367.660;411.947;   null;212.114; 91.864;157.673;296.402; 98.759;159.400;199.446;199.260;198.368; 46.798;268.024
2001-04-28 04:55:00;169.114; 52.350;211.700;125.457;1362.620;415.707;   null;209.560; 90.770;154.890;301.167; 98.162;158.140;199.900;199.416;199.862; 46.902;270.184
2001-04-28 05:00:00;168.618; 52.800;209.867;125.337;1365.840;411.830;104.472;212.496; 87.644;155.797;300.664; 97.402;158.580;201.504;201.356;201.712; 46.354;270.658
2001-04-28 05:05:00;170.314; 52.650;209.800;125.080;1358.440;408.190;   null;210.916; 89.944;154.933;297.794; 98.759;158.020;199.394;200.686;204.040; 46.792;269.364
2001-04-28 05:10:00;171.170; 52.147;210.567;124.437;1356.580;409.557;   null;210.542; 92.068;156.640;299.027; 98.097;158.340;199.988;197.734;201.024; 46.632;270.432
2001-04-28 05:15:00;169.620; 51.903;208.833;127.230;1357.880;409.090;104.180;210.226; 89.278;155.547;296.104; 97.094;158.800;198.010;198.666;201.612; 46.970;270.886
2001-04-28 05:20:00;169.084; 51.880;208.733;126.707;1359.780;406.373;   null;210.062; 90.992;153.863;297.195; 96.293;157.660;199.670;199.934;197.212; 46.456;269.834
2001-04-28 05:25:00;168.828; 52.137;207.033;124.850;1356.660;407.760;   null;207.872; 90.096;155.527;296.557; 96.079;157.840;198.672;196.840;199.682; 46.040;269.512
2001-04-28 05:30:00;169.694; 51.727;208.667;124.117;1360.860;400.360;103.270;208.122; 90.082;155.733;298.920; 98.477;157.020;198.940;195.580;200.504; 45.652;269.672
2001-04-28 05:35:00;169.336; 51.650;208.867;125.387;1347.500;401.077;   null;206.402; 91.374;152.797;296.754; 95.803;156.300;199.528;193.410;199.990; 46.294;268.626
2001-04-28 05:40:00;170.554; 52.557;211.567;124.270;1353.220;402.533;   null;207.754; 89.886;155.243;299.497; 97.121;158.560;198.602;192.922;196.540; 47.078;266.440
2001-04-28 05:45:00;167.826; 51.543;209.433;124.960;1346.740;399.487;102.598;209.246; 89.126;154.543;296.481; 96.325;159.500;200.422;195.272;197.168; 46.694;267.168
2001-04-28 05:50:00;168.164; 52.063;210.033;125.360;1360.900;400.523;   null;207.468; 88.674;154.540;297.105; 96.294;158.700;199.896;193.070;200.836; 46.612;269.892
2001-04-28 05:55:00;168.924; 52.620;208.833;123.780;1346.900;399.040;   null;208.254; 88.164;151.960;297.429; 96.476;157.040;200.316;195.270;196.090; 45.192;268.206
2001-04-28 06:00:00;169.128; 51.403;208.467;124.863;1351.240;402.757;102.420;208.146; 87.860;155.523;299.529; 97.505;158.220;198.090;194.842;199.466; 46.276;264.092
2001-04-28 06:05:00;167.674; 51.427;210.833;124.247;1347.340;402.190;   null;207.726; 88.988;155.440;298.579; 97.059;158.520;198.882;194.070;198.350; 45.190;263.836
2001-04-28 06:10:00;168.082; 50.620;208.200;124.153;1343.100;406.210;   null;208.790; 88.992;155.380;299.243; 96.821;158.600;198.128;197.850;199.266; 45.380;264.664
2001-04-28 06:15:00;166.660; 51.410;209.633;124.047;1343.880;401.583;103.272;207.740; 87.832;155.963;297.652; 99.083;158.100;199.066;198.132;196.944; 45.162;262.616
2001-04-28 06:20:00;167.148; 51.253;208.400;125.773;1330.980;401.510;   null;208.174; 89.352;156.874;294.565; 97.010;159.580;197.572;195.170;198.652; 45.386;262.024
2001-04-28 06:25:00;166.864; 51.863;209.933;122.460;1324.260;403.787;   null;206.386; 89.582;154.527;298.113; 98.297;160.520;197.680;194.940;198.106; 45.972;262.430
2001-04-28 06:30:00;166.326; 51.023;211.000;125.200;1329.160;401.537;103.494;206.746; 89.906;153.387;297.189; 97.830;160.900;200.190;197.132;201.864; 44.742;259.824
2001-04-28 06:35:00;166.666; 51.703;208.367;123.920;1333.600;402.720;   null;204.680; 89.236;156.933;300.173; 97.938;158.740;199.616;197.024;202.874; 45.620;259.960
2001-04-28 06:40:00;165.844; 51.647;209.400;123.420;1332.020;402.957;   null;208.404; 91.426;156.017;298.682; 97.565;158.700;197.766;196.244;202.228; 44.454;261.880
2001-04-28 06:45:00;165.762; 52.040;210.500;125.723;1336.260;401.317;102.663;208.668; 89.032;154.880;298.777; 96.737;156.640;198.582;197.158;196.612; 45.312;263.838
2001-04-28 06:50:00;167.716; 50.890;207.433;124.283;1339.480;403.947;   null;208.642; 90.144;153.610;296.401; 96.308;158.020;199.150;197.578;196.262; 45.242;261.596
2001-04-28 06:55:00;167.542; 51.663;207.900;122.637;1330.860;403.870;   null;210.008; 89.508;156.617;294.804; 97.311;158.000;199.896;195.334;196.814; 45.454;261.594
2001-04-28 07:00:00;167.768; 51.763;207.800;125.303;1332.640;399.673;102.814;209.956; 89.318;154.473;294.374; 95.821;156.440;196.878;197.346;199.288; 44.858;262.818
2001-04-28 07:05:00;166.384; 51.773;208.333;124.520;1328.900;398.923;   null;210.012; 89.232;158.253;294.470; 95.766;157.360;194.416;197.314;199.006; 45.652;262.898
2001-04-28 07:10:00;165.648; 50.787;207.033;122.280;1333.720;403.050;   null;209.316; 90.388;155.387;296.178; 95.446;158.400;195.440;197.066;199.190; 45.194;262.252
2001-04-28 07:15:00;166.844; 51.507;207.933;127.140;1332.920;403.803;103.139;205.644; 89.084;155.013;293.855; 96.923;157.460;194.776;198.358;199.640; 44.644;261.792
2001-04-28 07:20:00;166.578; 51.787;209.000;123.300;1336.320;407.727;   null;208.882; 90.186;153.690;294.287; 98.149;158.860;195.974;197.586;200.136; 44.932;263.262
2001-04-28 07:25:00;166.040; 50.853;206.633;124.873;1331.900;404.707;   null;207.552; 89.098;155.523;293.339; 97.030;157.460;194.000;197.418;201.724; 45.294;261.908
2001-04-28 07:30:00;168.002; 51.743;208.667;125.403;1335.200;405.387;103.573;208.468; 89.740;154.947;293.521; 98.937;159.620;195.388;196.814;198.104; 44.856;262.152
2001-04-28 07:35:00;166.030; 53.133;206.133;125.200;1329.940;402.663;   null;205.834; 89.220;155.737;295.707; 95.838;157.460;194.802;198.220;201.802; 45.480;262.150
2001-04-28 07:40:00;167.122; 51.333;207.933;123.013;1333.800;403.807;   null;207.024; 88.738;155.377;294.206; 98.076;157.460;195.898;199.256;199.402; 45.346;264.192
2001-04-28 07:45:00;168.944; 51.083;209.200;124.913;1329.380;406.990;102.177;208.674; 90.636;154.853;298.555; 96.579;160.480;196.058;199.300;200.568; 45.822;265.180
2001-04-28 07:50:00;166.426; 50.673;208.033;125.360;1321.300;398.277;   null;206.822; 89.450;156.820;292.929; 97.066;157.400;196.810;196.400;200.880; 45.294;263.268
2001-04-28 07:55:00;167.480; 51.277;206.300;123.913;1322.940;403.000;   null;209.028; 89.100;155.553;293.904; 97.987;157.820;195.204;196.828;198.398; 46.096;262.542
2001-04-28 08:00:00;167.186; 51.050;210.267;124.187;1327.380;405.840;103.140;207.314; 90.020;155.573;293.952; 97.852;158.780;197.258;198.470;199.828; 45.442;262.526
2001-04-28 08:05:00;164.834; 51.443;208.100;125.020;1326.400;402.383;   null;207.794; 88.574;155.767;293.858; 96.256;156.800;197.104;195.462;198.862; 46.006;264.106
2001-04-28 08:10:00;167.424; 52.047;208.733;124.700;1328.220;404.973;   null;208.538; 89.570;155.717;293.421; 96.580;158.160;195.942;196.868;200.068; 46.078;263.444
2001-04-28 08:15:00;167.154; 52.023;208.433;123.750;1323.780;408.607;103.434;211.298; 89.194;155.740;297.589; 98.429;160.080;196.192;195.524;198.238; 45.570;261.964
2001-04-28 08:20:00;166.660; 50.980;207.333;124.803;1326.240;408.243;   null;210.384; 90.508;155.496;293.722; 96.683;157.300;196.874;196.526;199.300; 45.452;261.656
2001-04-28 08:25:00;168.094; 51.680;208.867;127.277;1323.460;402.137;   null;206.780; 88.812;156.113;293.985; 96.972;156.280;196.228;194.310;198.252; 45.308;262.552
2001-04-28 08:30:00;166.296; 52.160;207.667;124.900;1326.440;403.337;103.752;207.692; 89.970;155.030;292.406; 97.712;158.140;196.242;195.628;201.154; 45.714;260.890
2001-04-28 08:35:00;166.620; 52.217;208.267;125.430;1319.220;405.547;   null;209.180; 88.832;155.053;295.032; 96.958;157.180;196.738;192.250;198.800; 45.008;262.450
2001-04-28 08:40:00;166.306; 52.273;209.633;126.197;1326.460;405.790;   null;210.154; 88.788;157.943;292.398; 97.340;158.420;193.976;194.140;196.462; 45.088;261.712
2001-04-28 08:45:00;166.082; 52.053;207.200;123.520;1320.380;403.530;104.042;209.102; 90.172;157.607;292.343; 96.682;157.520;193.408;193.832;195.888; 45.326;261.170
2001-04-28 08:50:00;167.420; 51.710;207.200;125.197;1316.880;402.563;   null;207.458; 88.148;154.783;292.201; 97.255;156.860;195.190;193.524;197.000; 45.616;264.038
2001-04-28 08:55:00;165.688; 50.603;210.633;123.837;1327.280;401.140;   null;208.226; 86.824;156.117;290.857; 96.338;156.480;193.686;191.916;195.954; 45.208;262.122
2001-04-28 09:00:00;169.346; 51.770;207.333;124.367;1318.640;400.793;103.158;207.924; 87.016;156.130;293.268; 96.634;156.640;195.382;190.790;194.262; 45.342;261.172
2001-04-28 09:05:00;167.348; 50.713;208.433;123.193;1320.320;402.877;   null;210.012; 88.276;155.763;291.926; 96.710;156.260;193.520;194.802;195.044; 45.070;263.274
2001-04-28 09:10:00;166.676; 50.187;209.867;123.513;1319.120;404.763;   null;207.354; 88.516;155.360;291.043; 97.117;157.780;193.924;194.528;194.720; 45.606;263.774
2001-04-28 09:15:00;165.982; 51.127;208.333;122.983;1320.420;403.050;104.007;209.400; 86.908;154.986;290.618; 97.933;157.580;195.842;192.892;194.652; 45.102;259.866
2001-04-28 09:20:00;165.164; 51.513;207.033;123.203;1315.800;405.680;   null;208.650; 86.862;157.000;293.202; 97.024;158.080;193.012;191.607;196.930; 45.062;261.792
2001-04-28 09:25:00;166.920; 51.937;207.900;122.993;1320.960;400.480;   null;209.226; 87.598;153.077;293.938; 98.130;157.420;193.986;   null;193.564; 44.364;258.532
2001-04-28 09:30:00;166.718; 51.127;208.100;124.220;1319.940;402.407;102.532;206.316; 88.380;154.157;293.113; 97.346;156.800;194.806;192.796;195.432; 45.272;262.576
2001-04-28 09:35:00;166.464; 50.430;206.667;125.343;1326.880;401.623;   null;207.730; 90.294;156.357;293.114; 95.772;157.560;191.934;193.148;195.742; 44.440;260.402
2001-04-28 09:40:00;168.156; 50.927;207.567;125.367;1318.260;402.037;   null;208.192; 89.266;155.453;289.280; 97.123;157.860;193.044;191.102;195.726; 44.752;259.374
2001-04-28 09:45:00;165.332; 51.997;207.967;124.850;1315.400;402.823;103.776;207.382; 89.068;156.243;292.862; 95.831;157.360;192.262;192.188;194.298; 44.478;260.618
2001-04-28 09:50:00;167.150; 51.473;207.067;124.463;1332.400;403.183;   null;210.082; 88.414;153.430;289.438; 95.768;156.600;191.366;193.360;194.186; 45.276;258.404
2001-04-28 09:55:00;166.788; 50.933;207.000;126.103;1322.260;401.440;   null;205.524; 88.208;157.270;290.312; 96.348;157.160;191.896;193.368;194.176; 45.882;260.298
2001-04-28 10:00:00;168.120; 50.533;206.367;123.783;1316.540;403.940;103.158;208.352; 86.730;155.800;291.989; 96.349;158.060;192.742;193.042;196.414; 44.952;261.680
2001-04-28 10:05:00;165.660; 51.137;209.133;124.117;1323.840;404.230;   null;210.100; 88.900;154.363;289.654; 96.303;157.360;195.614;193.722;195.520; 45.194;262.080
2001-04-28 10:10:00;166.844; 50.860;206.967;125.000;1317.660;406.943;   null;208.000; 88.654;154.600;293.644; 95.834;155.440;192.016;191.558;195.252; 45.348;262.366
2001-04-28 10:15:00;167.634; 51.650;209.200;125.633;1320.520;404.357;104.267;208.666; 89.486;154.490;290.788; 97.089;155.740;195.768;193.110;195.046; 45.188;260.078
2001-04-28 10:20:00;166.578; 51.463;208.133;123.623;1323.360;405.037;   null;208.528; 87.574;155.767;291.437; 97.452;156.680;192.602;193.632;195.240; 44.978;260.988
2001-04-28 10:25:00;166.528; 51.980;206.967;124.510;1322.800;403.837;   null;205.940; 88.702;156.870;291.113; 95.910;159.740;195.154;193.854;196.244; 44.786;259.666
2001-04-28 10:30:00;166.378; 51.883;207.467;125.680;1317.980;405.933;103.735;207.390; 87.562;157.257;293.416; 96.283;156.480;191.068;192.952;195.972; 44.916;261.072
2001-04-28 10:35:00;167.682; 52.503;205.700;127.187;1323.500;405.603;   null;208.174; 87.024;153.043;291.069; 97.336;159.000;193.708;190.360;193.834; 44.804;260.892
2001-04-28 10:40:00;169.596; 50.950;207.900;124.977;1325.440;405.913;   null;209.882; 88.698;156.510;289.465; 96.838;155.780;192.576;191.072;196.446; 45.298;260.998
2001-04-28 10:45:00;169.932; 51.643;208.300;123.223;1323.320;408.286;103.522;208.872; 88.020;157.613;290.536; 97.964;159.520;193.002;190.836;193.904; 44.504;263.674
2001-04-28 10:50:00;166.954; 51.857;209.133;126.240;1324.680;408.860;   null;209.744; 89.146;155.460;289.740; 96.906;156.160;191.062;190.624;193.252; 45.220;261.686
2001-04-28 10:55:00;168.246; 51.903;210.733;125.230;1322.120;409.127;   null;209.554; 88.592;156.374;291.401; 98.925;156.080;191.534;191.394;192.278; 45.240;265.132
2001-04-28 11:00:00;167.290; 50.880;205.500;124.987;1338.880;407.170;104.052;207.554; 89.078;156.083;289.897; 97.143;160.020;192.754;194.300;194.720; 45.320;262.628
2001-04-28 11:05:00;166.734; 52.537;206.567;126.453;1323.080;410.313;   null;209.860; 88.864;155.477;290.906; 97.449;156.660;194.286;194.900;193.272; 44.120;259.910
2001-04-28 11:10:00;168.782; 52.240;208.200;125.053;1324.200;407.843;   null;210.452; 88.884;158.787;287.972; 98.004;156.380;191.722;194.154;194.572; 45.872;261.182
2001-04-28 11:15:00;168.392; 51.860;208.133;125.890;1326.860;407.037;103.491;208.834; 88.042;155.160;284.071; 95.504;156.160;190.820;191.510;191.688; 44.572;259.558
2001-04-28 11:20:00;167.524; 52.620;207.433;123.867;1328.420;408.427;   null;207.818; 88.538;155.137;287.252; 96.293;159.200;193.266;194.634;191.888; 44.716;260.472
2001-04-28 11:25:00;167.500; 52.437;204.900;125.740;1320.380;402.727;   null;208.364; 89.254;154.730;289.043; 98.045;156.840;190.604;194.038;193.568; 44.736;258.636
2001-04-28 11:30:00;168.956; 51.750;207.533;125.470;1331.080;409.383;103.740;206.186; 88.906;155.700;288.315; 98.931;158.160;190.362;193.568;194.252; 45.030;261.864
2001-04-28 11:35:00;168.078; 52.230;210.267;125.057;1323.820;407.443;   null;206.936; 88.188;157.827;288.832; 98.114;156.400;189.404;190.902;191.356; 44.304;262.404
2001-04-28 11:40:00;168.134; 52.683;206.167;124.263;1330.180;405.727;   null;209.480; 87.994;158.160;286.302; 98.199;158.840;189.124;191.246;190.546; 45.060;258.732
2001-04-28 11:45:00;166.186; 51.117;207.467;125.740;1328.360;407.380;103.189;209.376; 88.130;156.260;287.770; 99.064;156.820;189.702;190.254;191.812; 45.010;260.326
2001-04-28 11:50:00;168.206; 52.170;204.633;125.013;1318.440;406.017;   null;208.548; 88.712;157.433;282.620; 97.145;156.820;188.196;192.304;188.218; 44.764;262.438
2001-04-28 11:55:00;166.930; 52.233;205.267;123.603;1325.580;402.770;   null;207.594; 88.424;156.437;284.980; 97.149;155.600;187.492;187.938;190.312; 45.164;260.204
2001-04-28 12:00:00;167.454; 52.390;208.100;124.213;1324.940;401.833;102.937;208.180; 87.474;154.400;283.626; 97.170;156.620;188.650;190.084;191.232; 45.468;262.802
2001-04-28 12:05:00;169.334; 52.117;204.300;123.857;1321.000;402.523;   null;206.924; 88.810;154.457;282.558; 95.356;156.860;188.752;189.048;188.074; 44.770;260.964
2001-04-28 12:10:00;167.352; 52.020;204.533;124.777;1322.980;403.800;   null;209.084; 87.466;153.053;282.327; 97.821;158.000;188.704;189.290;191.506; 44.672;262.224
2001-04-28 12:15:00;166.736; 51.237;206.433;126.417;1315.820;405.163;102.940;207.894; 85.860;156.437;283.990; 96.225;155.840;188.388;190.748;189.794; 44.942;260.372
2001-04-28 12:20:00;166.574; 51.593;205.900;125.250;1315.820;406.803;   null;211.406; 86.572;154.293;284.147; 95.633;158.320;186.892;190.344;190.928; 45.424;261.324
2001-04-28 12:25:00;166.262; 52.407;208.033;123.187;1320.140;403.340;   null;208.258; 87.944;157.843;283.419; 98.319;156.240;187.280;190.136;193.342; 44.558;261.398
2001-04-28 12:30:00;166.580; 51.950;207.000;125.287;1319.980;408.860;103.541;206.210; 87.872;157.450;283.439; 97.070;156.000;189.298;191.202;189.890; 44.572;261.544
2001-04-28 12:35:00;167.516; 51.107;204.500;122.387;1319.820;409.567;   null;209.244; 86.290;154.097;279.207; 96.965;155.840;186.758;193.058;190.352; 44.438;259.100
2001-04-28 12:40:00;168.922; 51.180;203.600;124.023;1316.720;406.716;   null;209.720; 86.236;156.373;280.924; 97.985;154.360;188.532;191.134;190.152; 44.648;261.668
2001-04-28 12:45:00;166.880; 50.957;205.200;126.510;1318.360;406.810;103.127;206.840; 87.446;156.317;281.641; 95.782;154.440;187.758;190.624;189.834; 44.218;256.334
2001-04-28 12:50:00;165.662; 52.263;206.933;124.583;1315.120;405.656;   null;206.168; 87.184;155.183;282.003; 96.830;154.020;188.224;191.442;191.424; 44.346;258.706
2001-04-28 12:55:00;165.852; 50.757;204.433;124.723;1309.660;403.840;   null;206.510; 86.856;155.660;279.364; 94.616;154.340;187.528;191.018;191.402; 44.366;258.106
2001-04-28 13:00:00;167.092; 52.020;205.567;123.807;1313.500;402.313;103.679;208.186; 87.810;156.400;281.094; 95.403;155.220;188.472;191.122;189.090; 45.214;257.478
2001-04-28 13:05:00;164.004; 50.493;203.733;125.130;1305.700;401.690;   null;207.594; 87.422;154.307;281.753; 95.699;155.320;188.636;188.542;188.470; 44.946;258.136
2001-04-28 13:10:00;165.310; 51.257;203.767;125.517;1302.440;399.980;   null;205.206; 87.434;153.510;284.958; 95.699;153.980;188.842;190.168;192.282; 44.462;257.938
2001-04-28 13:15:00;166.108; 51.920;200.867;124.520;1300.700;403.053;102.760;203.982; 86.188;154.873;283.295; 95.792;154.440;191.444;191.348;187.786; 44.194;257.656
2001-04-28 13:20:00;165.004; 49.523;204.667;122.200;1303.880;403.367;   null;206.250; 87.370;153.853;283.587; 97.770;155.180;190.106;190.906;191.722; 44.550;256.206
2001-04-28 13:25:00;165.570; 52.417;205.367;122.637;1295.080;402.543;   null;207.452; 86.678;152.917;282.071; 96.907;154.720;190.434;188.870;192.162; 44.168;259.390
2001-04-28 13:30:00;165.548; 51.533;202.667;123.297;1306.140;403.563;102.480;208.176; 88.674;153.253;280.139; 96.022;153.500;187.902;189.896;189.704; 44.224;258.398
2001-04-28 13:35:00;164.690; 51.390;207.467;124.087;1294.940;401.180;   null;206.096; 88.294;152.986;280.950; 94.553;156.900;190.638;189.820;188.550; 44.282;258.506
2001-04-28 13:40:00;167.578; 51.887;203.733;123.823;1300.580;401.033;   null;204.194; 88.798;153.867;281.885; 94.835;154.560;190.630;188.522;191.384; 44.570;258.368
2001-04-28 13:45:00;166.196; 51.447;206.600;123.437;1299.920;401.190;103.679;208.552; 88.122;154.093;280.924; 97.030;155.880;189.240;191.256;192.190; 44.012;259.174
2001-04-28 13:50:00;165.002; 50.037;206.100;123.570;1293.940;396.350;   null;205.056; 88.414;156.327;285.603; 96.450;155.380;189.156;191.260;190.628; 44.242;257.668
2001-04-28 13:55:00;164.504; 51.137;204.867;122.157;1304.260;403.360;   null;204.228; 87.684;152.930;282.445; 93.973;154.160;188.482;189.284;191.770; 44.340;257.372
2001-04-28 14:00:00;164.384; 50.323;208.133;124.887;1303.100;395.897;101.761;203.770; 88.624;152.944;281.312; 95.507;155.520;186.834;190.136;188.076; 44.380;256.254
2001-04-28 14:05:00;164.132; 50.600;202.400;123.243;1296.100;393.697;   null;202.450; 86.926;153.467;282.402; 96.444;154.560;189.592;192.960;190.678; 43.548;257.604
2001-04-28 14:10:00;164.268; 50.333;206.567;122.187;1305.940;395.207;   null;204.030; 87.326;153.590;282.612; 94.656;154.300;188.262;190.932;192.256; 44.518;256.160
2001-04-28 14:15:00;164.622; 49.957;204.167;122.227;1300.940;398.170;101.370;202.254; 86.418;150.637;284.365; 95.784;154.520;187.898;192.356;191.420; 43.478;255.570
2001-04-28 14:20:00;166.058; 50.317;204.233;123.233;1307.980;395.637;   null;203.430; 87.702;154.850;284.904; 95.265;154.800;188.168;190.010;191.644; 43.740;255.434
2001-04-28 14:25:00;164.902; 50.777;206.100;123.017;1298.340;400.453;   null;203.268; 87.478;153.370;284.262; 95.554;154.220;189.440;190.600;193.332; 44.216;256.632
2001-04-28 14:30:00;164.412; 51.157;205.233;124.203;1305.700;399.870;101.357;203.212; 89.072;152.633;286.303; 95.931;153.680;189.216;189.050;190.610; 44.330;256.180
2001-04-28 14:35:00;164.116; 50.760;206.367;125.700;1298.420;393.037;   null;203.500; 87.180;152.913;283.817; 95.556;154.880;189.786;189.816;189.108; 43.492;258.844
2001-04-28 14:40:00;164.592; 50.750;205.033;124.280;1299.720;399.033;   null;202.230; 86.844;150.903;283.403; 94.185;154.060;188.340;192.830;189.962; 43.714;254.342
2001-04-28 14:45:00;165.398; 49.663;205.900;123.227;1309.880;399.560;101.111;202.378; 89.032;150.880;286.266; 95.474;153.180;188.608;190.096;191.308; 44.186;256.656
2001-04-28 14:50:00;166.518; 51.037;205.400;123.897;1300.920;396.467;   null;204.688; 88.792;152.490;282.389; 94.219;154.000;191.706;192.872;192.738; 43.696;256.806
2001-04-28 14:55:00;162.726; 50.727;205.933;123.053;1308.700;397.883;   null;201.776; 88.072;152.347;284.632; 95.222;153.020;188.840;190.858;191.686; 43.562;256.198
2001-04-28 15:00:00;166.148; 51.570;205.100;122.967;1303.800;397.197;101.394;202.318; 87.340;149.563;284.157; 95.820;153.940;189.438;192.944;193.598; 44.516;256.556
2001-04-28 15:05:00;163.272; 49.707;204.033;123.333;1299.880;394.300;   null;200.660; 86.896;152.240;285.383; 93.546;151.780;188.966;190.688;192.808; 44.068;255.762
2001-04-28 15:10:00;164.328; 50.950;206.867;122.357;1305.620;395.953;   null;204.322; 86.868;152.007;285.593; 94.951;153.420;187.658;189.732;191.974; 43.458;255.150
2001-04-28 15:15:00;164.872; 51.433;206.533;123.703;1303.900;397.233;101.024;202.530; 86.284;150.347;283.238; 93.229;151.920;191.590;191.452;193.088; 44.338;257.660
2001-04-28 15:20:00;164.682; 52.813;204.633;122.463;1295.340;396.407;   null;204.094; 88.658;150.670;283.176; 94.633;154.060;188.226;191.146;192.110; 44.018;256.682
2001-04-28 15:25:00;166.024; 50.940;205.800;123.227;1294.980;395.303;   null;201.976; 87.958;151.973;283.083; 93.693;151.240;189.508;191.302;191.594; 44.218;254.832
2001-04-28 15:30:00;164.836; 51.143;204.167;123.907;1299.660;398.167;101.286;203.156; 87.544;149.947;284.114; 94.239;155.740;189.392;190.474;190.290; 43.400;254.814
2001-04-28 15:35:00;164.904; 49.767;204.567;121.210;1294.120;393.963;   null;204.584; 88.216;153.087;285.848; 95.838;153.820;191.054;194.130;192.246; 43.738;254.458
2001-04-28 15:40:00;162.888; 50.227;203.933;122.683;1301.300;393.883;   null;203.326; 87.542;152.950;284.473; 92.830;153.260;189.536;188.598;194.830; 43.338;254.456
2001-04-28 15:45:00;165.688; 50.733;204.733;123.090;1307.240;395.387;101.063;200.238; 88.140;150.120;283.938; 94.369;151.680;187.906;192.252;190.582; 43.772;254.658
2001-04-28 15:50:00;162.874; 52.077;207.633;122.650;1287.600;394.896;   null;201.030; 86.940;151.510;283.576; 95.282;155.700;188.088;189.416;191.744; 43.970;254.356
2001-04-28 15:55:00;162.940; 52.207;203.067;121.107;1291.820;395.167;   null;204.788; 87.558;151.507;285.556; 96.727;151.760;190.800;190.314;191.136; 44.478;252.848
2001-04-28 16:00:00;163.972; 49.893;203.700;122.917;1292.200;394.220;100.239;202.642; 87.082;150.833;282.174; 94.794;152.360;187.914;191.600;191.502; 43.480;252.706
2001-04-28 16:05:00;163.462; 50.690;205.467;119.830;1286.880;395.507;   null;201.288; 86.454;149.537;284.499; 93.587;155.460;187.672;188.340;191.632; 43.700;255.756
2001-04-28 16:10:00;164.308; 51.010;205.967;122.750;1294.540;393.660;   null;204.188; 87.542;149.267;284.401; 96.147;153.500;189.298;188.638;192.774; 43.684;255.128
2001-04-28 16:15:00;162.400; 50.287;203.000;121.160;1294.140;394.867;100.806;202.124; 87.664;151.417;286.148; 95.842;154.320;186.926;189.192;192.488; 43.884;254.074
2001-04-28 16:20:00;163.288; 49.883;204.400;122.137;1285.980;392.227;   null;202.444; 87.780;150.270;284.815; 93.305;152.840;186.856;189.516;192.504; 43.176;254.944
2001-04-28 16:25:00;163.130; 51.233;206.500;122.223;1281.780;390.050;   null;200.152; 87.522;149.210;281.886; 94.645;151.920;191.092;192.338;190.320; 43.710;254.308
2001-04-28 16:30:00;164.278; 50.290;204.233;122.180;1286.860;393.824;100.580;197.890; 85.422;151.693;285.238; 94.774;152.840;188.266;190.240;191.030; 43.496;254.098
2001-04-28 16:35:00;160.558; 51.410;207.433;122.773;1290.460;394.463;   null;202.642; 88.358;150.046;283.885; 92.936;152.940;188.256;191.618;190.982; 42.914;251.474
2001-04-28 16:40:00;164.766; 49.517;205.433;123.040;1285.200;390.397;   null;199.230; 88.988;151.153;280.972; 93.046;153.720;188.822;190.386;190.728; 43.872;252.968
2001-04-28 16:45:00;162.914; 50.083;204.433;121.207;1284.800;391.987;101.051;200.286; 85.638;149.710;283.325; 93.929;154.060;188.686;193.270;191.468; 43.540;253.600
2001-04-28 16:50:00;162.050; 51.720;202.933;122.593;1279.680;393.963;   null;202.712; 87.822;151.140;283.363; 93.851;155.160;188.976;189.968;190.814; 43.198;252.120
2001-04-28 16:55:00;161.942; 50.783;203.967;122.047;1288.120;391.373;   null;202.296; 87.350;148.740;283.202; 93.333;151.780;187.802;190.148;190.002; 43.362;251.690
2001-04-28 17:00:00;163.414; 49.773;204.700;122.950;1286.360;390.737; 99.794;200.304; 87.110;150.703;282.825; 93.873;153.640;187.736;188.740;193.538; 43.110;250.144
2001-04-28 17:05:00;163.850; 49.407;204.233;123.120;1288.300;393.107;   null;201.694; 87.634;149.610;283.040; 93.105;153.260;189.516;189.912;189.252; 43.036;252.966
2001-04-28 17:10:00;163.930; 49.177;205.633;121.757;1279.740;388.727;   null;198.990; 87.782;150.160;280.685; 92.620;153.740;188.578;188.840;190.884; 42.742;251.888
2001-04-28 17:15:00;161.874; 49.497;205.967;122.873;1276.920;392.677;100.049;197.134; 89.286;149.963;285.946; 94.370;151.640;188.220;188.082;189.230; 42.900;250.902
2001-04-28 17:20:00;163.228; 51.187;204.600;121.430;1278.380;388.480;   null;198.876; 87.502;149.360;281.808; 94.967;152.460;187.736;192.490;191.308; 42.896;249.654
2001-04-28 17:25:00;162.696; 50.430;204.033;122.080;1283.480;390.827;   null;199.002; 86.664;151.670;282.022; 94.792;150.940;188.018;191.978;190.866; 43.412;248.866
2001-04-28 17:30:00;164.418; 50.133;205.467;123.970;1281.220;389.523;100.366;196.370; 87.570;149.067;282.828; 93.862;152.240;187.158;191.996;192.724; 42.710;247.366
2001-04-28 17:35:00;164.152; 50.723;202.600;120.887;1275.420;391.180;   null;200.086; 85.192;149.367;281.440; 93.776;151.660;187.804;190.904;188.044; 43.186;251.774
2001-04-28 17:40:00;161.476; 50.533;205.333;121.543;1285.840;387.300;   null;200.882; 85.764;150.553;283.034; 93.511;150.240;187.998;192.384;190.716; 42.948;251.390
2001-04-28 17:45:00;164.122; 49.810;204.367;122.173;1276.900;390.213;100.532;201.556; 87.654;147.787;281.358; 93.474;150.780;186.310;189.356;189.564; 42.566;246.694
2001-04-28 17:50:00;163.672; 50.697;204.700;124.037;1292.180;391.013;   null;200.580; 85.866;149.990;282.667; 92.973;151.600;185.396;189.758;190.346; 42.834;250.188
2001-04-28 17:55:00;162.214; 50.093;203.433;121.183;1281.380;388.300;   null;198.872; 87.156;149.457;283.133; 93.862;150.440;185.960;189.134;192.552; 42.882;250.128
2001-04-28 18:00:00;165.114; 49.867;202.067;122.757;1284.520;390.384;100.602;199.944; 86.828;149.973;281.445; 92.405;151.960;184.912;190.600;193.208; 42.848;249.716
2001-04-28 18:05:00;160.292; 50.003;207.367;123.010;1285.760;386.643;   null;197.792; 85.918;151.767;281.751; 92.846;149.420;186.298;189.522;191.532; 43.184;249.416
2001-04-28 18:10:00;163.076; 49.800;204.700;122.127;1279.540;388.833;   null;198.078; 87.102;148.387;280.008; 91.213;148.160;187.640;191.596;190.676; 42.964;249.884
2001-04-28 18:15:00;162.940; 50.117;205.367;121.023;1285.060;387.370; 99.905;198.636; 86.116;147.160;279.294; 92.961;149.180;186.608;190.146;192.576; 42.726;249.618
2001-04-28 18:20:00;163.034; 48.833;204.300;120.570;1282.100;390.260;   null;199.516; 87.498;148.097;280.222; 91.597;148.680;187.422;193.672;188.790; 42.738;247.418
2001-04-28 18:25:00;163.124; 49.900;202.733;122.513;1281.720;388.010;   null;200.396; 86.850;146.813;282.979; 92.294;150.260;187.060;190.710;191.606; 42.294;248.220
2001-04-28 18:30:00;161.350; 50.930;204.167;121.443;1287.680;386.207; 99.705;199.432; 84.662;148.763;282.362; 92.910;148.620;188.838;190.502;192.122; 42.648;245.420
2001-04-28 18:35:00;162.056; 50.753;202.967;120.107;1283.780;388.253;   null;198.412; 86.428;149.460;281.004; 92.596;150.020;187.310;191.948;190.712; 42.812;249.234
2001-04-28 18:40:00;163.722; 50.193;202.133;120.947;1286.800;390.707;   null;198.728; 87.732;149.023;283.034; 91.861;151.380;188.434;191.912;193.046; 42.360;249.232
2001-04-28 18:45:00;164.576; 49.823;206.067;121.003;1286.860;386.167; 99.383;198.388; 85.972;149.520;280.467; 91.653;147.960;187.052;190.912;193.238; 42.370;249.036
2001-04-28 18:50:00;163.046; 49.223;204.033;120.090;1288.040;389.893;   null;201.242; 87.840;146.977;281.239; 91.631;150.900;187.620;191.604;193.922; 42.568;248.980
2001-04-28 18:55:00;162.146; 49.533;205.333;121.720;1293.840;386.950;   null;199.720; 88.322;148.730;281.981; 92.387;149.540;189.442;191.370;194.906; 42.284;250.654
2001-04-28 19:00:00;162.756; 50.077;202.800;121.863;1285.480;386.093; 98.983;202.796; 86.194;148.980;282.736; 92.538;151.220;188.390;191.772;191.066; 42.278;249.736
2001-04-28 19:05:00;162.364; 50.030;203.200;122.623;1284.180;389.310;   null;201.820; 88.378;147.563;283.294; 92.380;148.760;189.140;189.540;192.012; 42.854;249.792
2001-04-28 19:10:00;164.194; 50.383;201.600;120.913;1289.260;387.930;   null;201.790; 87.580;147.460;285.271; 91.145;148.880;189.322;191.826;193.288; 42.244;246.720
2001-04-28 19:15:00;164.390; 49.703;202.633;121.167;1290.120;389.444; 99.227;200.784; 87.110;148.450;283.300; 92.329;149.940;190.760;191.728;192.024; 42.540;248.628
2001-04-28 19:20:00;162.888; 50.287;204.500;121.740;1293.440;386.533;   null;200.196; 87.532;149.280;282.621; 91.906;149.380;189.680;190.828;192.196; 42.364;245.774
2001-04-28 19:25:00;162.320; 49.633;204.500;120.280;1286.160;389.957;   null;199.136; 87.856;149.220;284.062; 92.085;150.120;190.074;190.950;194.458; 42.050;246.044
2001-04-28 19:30:00;161.886; 50.227;203.833;121.383;1291.860;391.893;100.307;199.926; 87.792;150.427;285.931; 91.442;149.780;189.562;192.410;193.264; 41.760;246.856
2001-04-28 19:35:00;164.420; 51.380;203.467;121.080;1295.280;389.770;   null;202.056; 88.968;148.710;287.271; 92.195;150.000;192.040;189.740;190.612; 42.178;246.760
2001-04-28 19:40:00;163.748; 49.950;206.033;119.597;1288.160;388.606;   null;200.582; 88.752;148.120;287.996; 91.449;149.400;191.306;190.780;190.098; 42.166;246.298
2001-04-28 19:45:00;161.192; 51.190;204.933;121.217;1287.940;393.613; 99.975;200.470; 86.298;146.670;287.046; 93.165;149.220;191.174;192.044;190.002; 42.348;247.216
2001-04-28 19:50:00;161.894; 50.180;204.533;122.113;1291.480;390.700;   null;201.286; 87.030;150.873;288.603; 93.039;148.940;191.762;192.316;189.638; 42.322;245.750
2001-04-28 19:55:00;164.376; 50.737;204.700;120.780;1289.260;392.643;   null;200.476; 87.530;148.430;287.928; 91.424;151.340;191.990;191.508;192.820; 42.090;245.394
2001-04-28 20:00:00;161.476; 49.967;205.633;121.263;1290.260;389.787;100.429;200.108; 86.106;148.006;287.439; 92.542;150.500;190.004;191.922;193.006; 42.460;248.416
2001-04-28 20:05:00;162.756; 50.307;203.733;121.117;1288.820;393.543;   null;199.438; 86.758;146.690;284.605; 93.188;150.120;190.710;193.778;195.644; 42.150;246.182
2001-04-28 20:10:00;159.684; 49.197;202.800;122.180;1286.760;391.063;   null;202.544; 87.742;150.320;285.947; 92.782;152.400;191.170;188.508;192.582; 41.990;249.304
2001-04-28 20:15:00;162.384; 50.400;202.533;121.957;1292.400;390.320;100.227;200.590; 85.280;148.840;288.508; 92.591;151.800;192.084;189.676;191.412; 42.882;248.030
2001-04-28 20:20:00;162.674; 49.883;201.367;121.340;1286.140;393.347;   null;201.738; 87.912;151.677;285.387; 93.189;150.180;190.416;191.686;191.008; 42.952;249.764
2001-04-28 20:25:00;162.300; 50.220;203.633;122.710;1286.780;390.973;   null;202.332; 86.562;150.570;284.086; 92.906;151.940;189.272;190.002;190.792; 43.160;253.058
2001-04-28 20:30:00;163.646; 51.210;203.733;121.883;1293.380;393.713;100.330;201.832; 86.334;149.737;285.760; 92.047;149.940;187.406;190.342;190.822; 43.044;252.102
2001-04-28 20:35:00;162.938; 51.027;203.433;123.190;1298.180;391.723;   null;197.920; 85.716;150.363;286.100; 93.035;151.920;189.052;189.776;191.844; 43.160;249.182
2001-04-28 20:40:00;163.662; 49.317;205.000;121.517;1298.420;390.873;   null;202.694; 86.128;150.040;286.798; 94.333;152.420;190.708;191.288;191.878; 42.874;251.088
2001-04-28 20:45:00;162.856; 50.320;206.033;120.107;1294.820;391.440; 99.564;201.598; 86.890;148.493;290.496; 93.096;151.980;190.708;190.008;190.078; 43.196;248.762
2001-04-28 20:50:00;163.510; 51.607;202.900;121.150;1301.920;390.143;   null;202.524; 88.712;151.710;285.069; 93.178;152.120;190.968;189.012;190.240; 43.512;251.412
2001-04-28 20:55:00;160.858; 50.657;204.367;123.103;1293.500;391.667;   null;202.494; 84.700;148.753;283.780; 95.176;151.980;192.190;192.160;194.568; 43.386;248.398
2001-04-28 21:00:00;165.180; 51.143;204.067;121.720;1302.740;392.193; 99.627;201.914; 86.602;151.490;284.916; 92.902;150.880;189.444;190.352;191.166; 42.806;251.952
2001-04-28 21:05:00;162.350; 50.843;203.333;122.750;1294.300;395.303;   null;201.400; 86.750;151.100;289.766; 92.228;149.880;191.036;188.744;189.838; 42.894;249.868
2001-04-28 21:10:00;164.772; 49.977;201.933;121.157;1299.120;390.243;   null;202.026; 86.074;149.770;288.265; 93.722;151.920;191.432;187.310;193.174; 43.492;250.418
2001-04-28 21:15:00;162.974; 49.047;202.967;123.200;1289.460;395.084;100.369;203.640; 86.106;148.847;288.450; 93.020;149.100;192.540;190.486;190.534; 43.364;250.152
2001-04-28 21:20:00;163.104; 51.160;203.633;120.933;1288.400;391.593;   null;200.460; 87.046;147.603;286.161; 94.500;149.800;189.860;188.410;194.306; 43.212;250.240
2001-04-28 21:25:00;162.200; 49.707;203.300;122.880;1285.480;391.577;   null;201.360; 85.744;151.177;287.470; 93.268;151.100;191.766;190.656;191.414; 43.016;250.336
2001-04-28 21:30:00;162.782; 51.760;202.933;120.290;1284.740;390.546;100.674;201.248; 87.354;149.934;285.693; 92.816;150.700;189.856;191.674;191.590; 43.070;248.004
2001-04-28 21:35:00;162.946; 50.180;203.533;122.290;1280.240;387.543;   null;199.924; 87.266;148.420;283.475; 92.616;147.300;190.546;191.356;191.798; 42.372;251.068
2001-04-28 21:40:00;161.650; 50.367;200.933;122.630;1290.040;391.083;   null;197.362; 87.450;149.340;284.747; 92.886;149.340;189.808;191.430;192.198; 43.080;248.902
2001-04-28 21:45:00;163.824; 50.267;202.167;121.527;1280.680;390.453;100.249;197.880; 87.062;151.363;286.976; 92.103;150.080;191.018;187.328;192.074; 43.756;248.288
2001-04-28 21:50:00;164.026; 49.933;201.967;121.597;1282.760;392.953;   null;199.526; 87.512;146.387;285.149; 93.682;149.580;191.820;188.976;190.620; 43.586;249.198
2001-04-28 21:55:00;161.694; 49.943;202.200;120.817;1289.720;387.427;   null;198.530; 85.990;149.497;289.761; 93.912;148.360;188.812;190.802;191.128; 42.822;250.256
2001-04-28 22:00:00;160.744; 50.973;202.567;123.187;1279.600;388.880;100.144;200.850; 86.316;147.453;284.256; 91.960;150.680;190.784;189.012;192.594; 42.940;249.720
2001-04-28 22:05:00;164.482; 50.343;201.967;119.110;1280.900;387.070;   null;200.760; 85.724;149.930;284.354; 92.196;149.700;190.028;186.866;190.162; 42.454;250.122
2001-04-28 22:10:00;162.850; 49.430;204.533;122.367;1283.200;387.930;   null;201.698; 86.638;150.423;286.951; 93.644;150.500;189.420;187.436;192.792; 42.456;247.924
2001-04-28 22:15:00;162.814; 50.437;203.633;121.053;1272.980;387.440; 99.614;201.144; 86.006;149.527;283.500; 90.910;151.340;192.564;187.830;192.466; 42.410;245.990
2001-04-28 22:20:00;163.604; 49.453;203.967;120.313;1276.480;390.457;   null;200.872; 85.006;147.720;289.915; 92.272;152.680;190.084;188.236;191.310; 41.706;246.110
2001-04-28 22:25:00;163.330; 50.257;201.600;120.750;1280.740;389.247;   null;198.996; 85.652;147.997;284.385; 92.153;150.200;189.976;186.966;193.032; 42.580;248.292
2001-04-28 22:30:00;164.328; 49.650;202.200;121.517;1275.860;388.190;100.407;202.380; 85.346;149.790;285.953; 93.698;151.200;190.462;188.592;190.664; 42.136;246.740
2001-04-28 22:35:00;162.234; 50.653;200.633;121.413;1290.660;385.913;   null;200.902; 85.698;151.340;284.001; 92.614;149.840;190.360;188.664;188.368; 41.978;248.254
2001-04-28 22:40:00;162.250; 49.617;202.833;120.300;1275.680;389.687;   null;201.676; 85.180;150.927;288.145; 93.241;148.940;191.734;187.956;189.170; 42.234;247.894
2001-04-28 22:45:00;164.712; 50.790;203.333;120.653;1282.000;385.933;100.485;203.264; 86.448;150.220;285.191; 93.061;150.520;190.344;189.074;192.030; 41.774;246.850
2001-04-28 22:50:00;162.778; 50.723;203.667;120.533;1282.960;388.463;   null;201.336; 83.712;150.453;284.617; 93.808;151.900;190.280;186.914;188.674; 42.334;245.792
2001-04-28 22:55:00;163.010; 52.350;203.433;122.293;1275.360;390.120;   null;201.142; 87.514;150.080;285.526; 92.102;151.200;192.302;187.906;191.154; 42.680;247.732
2001-04-28 23:00:00;161.246; 50.127;201.700;122.467;1280.680;388.130; 99.231;201.970; 86.194;149.680;286.049; 92.341;151.320;189.852;188.234;191.228; 42.242;246.926
2001-04-28 23:05:00;164.662; 50.600;202.867;120.007;1279.400;387.573;   null;199.994; 84.060;149.473;286.014; 93.995;152.700;189.546;186.458;188.910; 42.172;246.304
2001-04-28 23:10:00;163.488; 51.047;201.100;121.647;1283.360;390.683;   null;202.074; 85.530;148.800;284.556; 92.567;151.760;190.512;188.958;191.176; 42.312;247.308
2001-04-28 23:15:00;163.916; 50.683;202.233;120.770;1285.120;390.093; 99.440;200.936; 84.762;150.157;286.258; 92.940;150.040;187.816;188.630;189.178; 42.220;246.670
2001-04-28 23:20:00;162.084; 50.153;200.800;123.130;1284.860;386.613;   null;202.494; 87.246;148.780;285.526; 92.673;150.500;191.818;187.896;188.020; 42.494;245.514
2001-04-28 23:25:00;162.908; 50.463;202.867;120.770;1286.440;390.713;   null;200.442; 85.624;150.670;285.501; 94.262;150.260;192.108;188.302;190.018; 42.278;246.194
2001-04-28 23:30:00;160.250; 50.530;202.500;122.160;1279.820;385.683; 99.338;201.754; 85.244;149.087;287.966; 93.237;151.380;190.814;187.588;191.004; 42.138;245.838
2001-04-28 23:35:00;162.202; 50.140;200.533;122.217;1279.780;386.793;   null;201.272; 85.312;148.577;286.841; 93.015;150.340;191.190;188.968;191.222; 41.848;247.160
2001-04-28 23:40:00;163.422; 51.163;202.033;122.540;1278.160;386.127;   null;201.070; 85.804;149.020;286.110; 94.421;149.140;189.820;186.320;187.758; 42.280;244.248
2001-04-28 23:45:00;162.316; 51.333;201.867;120.700;1276.220;390.127;100.578;202.364; 85.072;150.723;285.562; 93.001;152.280;191.038;187.396;187.910; 42.472;245.802
2001-04-28 23:50:00;162.972; 50.733;203.200;120.920;1283.000;388.883;   null;201.880; 84.734;147.967;284.946; 93.719;149.540;189.456;185.870;191.988; 42.580;245.040
2001-04-28 23:55:00;161.870; 51.073;200.800;122.147;1283.740;388.867;   null;199.646; 86.932;149.887;284.844; 93.676;149.220;188.502;186.762;191.568; 42.766;246.326
2001-04-29 00:00:00;163.518; 50.870;204.600;121.470;1279.460;386.653; 99.052;200.000; 84.592;149.650;284.843; 93.630;150.120;188.796;185.124;191.660; 42.908;245.752
2001-04-29 00:05:00;164.214; 50.917;203.600;121.810;1273.860;382.740;   null;200.370; 84.728;149.373;285.622; 92.761;148.860;190.846;185.024;191.764; 42.722;246.722
2001-04-29 00:10:00;161.134; 50.010;203.000;121.257;1278.360;389.317;   null;202.860; 85.986;150.643;284.977; 93.025;150.400;189.992;184.258;189.004; 42.778;245.622
2001-04-29 00:15:00;163.412; 49.433;204.267;120.767;1284.680;389.960;100.091;200.970; 84.556;149.473;284.483; 92.191;150.320;189.556;186.352;187.446; 41.726;244.692
2001-04-29 00:20:00;162.412; 50.923;201.900;122.130;1278.600;388.727;   null;200.528; 85.092;147.717;281.308; 93.314;153.540;187.522;183.452;188.574; 42.650;247.924
2001-04-29 00:25:00;162.090; 50.900;200.767;121.837;1274.020;389.953;   null;201.020; 84.952;148.766;283.524; 94.248;148.980;188.984;184.252;189.984; 42.180;248.884
2001-04-29 00:30:00;162.326; 50.393;199.567;121.997;1273.380;391.687;100.614;201.834; 83.442;147.977;281.270; 92.702;150.340;187.496;185.158;189.994; 41.666;245.648
2001-04-29 00:35:00;164.898; 49.123;199.067;122.343;1281.300;390.660;   null;201.402; 84.444;147.970;285.480; 92.965;151.380;187.532;185.004;186.746; 42.468;244.830
2001-04-29 00:40:00;162.588; 49.713;204.633;120.617;1274.280;387.874;   null;204.438; 84.348;150.633;283.585; 93.956;151.720;185.352;188.266;189.182; 41.902;246.500
2001-04-29 00:45:00;161.730; 49.040;200.500;121.547;1275.520;391.447; 99.240;203.754; 84.206;149.277;282.606; 93.050;151.120;187.456;182.814;187.396; 42.162;247.752
2001-04-29 00:50:00;163.270; 49.510;201.833;120.473;1276.340;386.020;   null;203.228; 86.560;149.574;281.284; 91.669;150.460;186.554;183.054;185.066; 42.394;245.224
2001-04-29 00:55:00;164.646; 50.337;200.467;121.873;1280.940;384.783;   null;200.560; 84.058;150.113;282.752; 93.357;151.040;185.042;184.648;185.554; 40.828;246.196
2001-04-29 01:00:00;161.582; 51.057;202.233;121.250;1272.500;389.557;100.234;200.116; 83.764;149.413;280.793; 94.300;150.900;185.722;185.938;187.876; 41.290;245.910
2001-04-29 01:05:00;166.088; 50.700;200.267;118.957;1276.960;387.440;   null;197.942; 83.298;149.470;283.799; 92.207;148.680;186.922;184.178;185.784; 42.800;245.746
2001-04-29 01:10:00;164.862; 51.340;202.500;122.813;1285.180;386.030;   null;197.230; 84.028;152.070;283.524; 91.005;147.280;187.040;183.314;185.858; 41.442;245.180
2001-04-29 01:15:00;164.268; 50.560;198.300;122.213;1274.440;387.790; 99.891;198.224; 83.686;146.824;281.918; 93.577;148.340;186.128;183.668;186.172; 42.660;243.844
2001-04-29 01:20:00;163.978; 51.767;197.633;121.437;1272.900;387.913;   null;199.846; 85.548;148.127;281.619; 93.026;149.700;184.828;186.226;187.462; 42.330;245.290
2001-04-29 01:25:00;163.020; 50.680;198.033;123.223;1267.340;387.447;   null;200.910; 84.512;148.597;282.446; 91.521;152.640;185.986;185.092;187.278; 42.310;243.994
2001-04-29 01:30:00;164.524; 48.883;202.900;121.550;1269.320;385.950; 99.898;202.020; 84.994;149.280;283.662; 90.998;151.000;184.356;182.146;185.840; 42.096;244.596
2001-04-29 01:35:00;165.096; 50.360;200.000;121.487;1282.340;387.760;   null;201.858; 84.996;149.240;284.642; 92.293;149.800;186.566;186.382;187.148; 42.046;243.972
2001-04-29 01:40:00;162.538; 50.350;202.000;120.570;1276.460;387.127;   null;198.742; 85.288;145.907;284.519; 93.387;151.360;187.980;183.340;186.618; 42.132;244.784
2001-04-29 01:45:00;164.124; 49.703;200.567;122.037;1275.780;384.690; 98.585;200.442; 84.520;147.780;284.305; 94.128;151.300;186.110;184.810;186.364; 42.198;245.764
2001-04-29 01:50:00;162.868; 51.903;200.400;121.790;1273.280;384.100;   null;198.208; 86.254;149.437;285.922; 91.703;150.960;188.008;185.082;188.798; 42.340;244.780
2001-04-29 01:55:00;162.972; 50.607;200.200;122.273;1277.180;386.296;   null;201.032; 84.716;146.563;284.843; 93.033;147.800;188.468;184.220;189.452; 41.916;244.894
2001-04-29 02:00:00;162.036; 50.280;200.833;123.270;1275.440;384.537; 99.076;197.862; 84.132;148.913;282.819; 90.978;148.860;186.996;183.224;187.198; 41.364;243.792
2001-04-29 02:05:00;164.000; 50.883;199.467;120.917;1277.220;384.670;   null;197.178; 84.004;148.520;286.070; 92.690;148.640;188.644;184.128;187.212; 42.292;246.248
2001-04-29 02:10:00;164.882; 49.210;199.333;120.493;1285.880;384.960;   null;199.710; 85.340;148.313;282.996; 90.523;148.780;187.652;186.818;188.520; 42.062;245.732
2001-04-29 02:15:00;162.666; 50.703;201.733;120.613;1279.140;384.196; 99.436;197.770; 85.302;148.097;284.039; 92.052;150.560;188.344;184.676;185.598; 42.184;245.488
2001-04-29 02:20:00;161.722; 49.760;200.900;120.340;1282.860;380.973;   null;199.914; 84.432;148.817;283.347; 93.568;149.560;189.852;183.688;186.106; 41.742;245.374
2001-04-29 02:25:00;162.092; 50.660;200.033;121.157;1276.120;382.837;   null;198.818; 83.602;149.860;284.054; 91.447;151.240;189.870;186.204;185.952; 41.966;245.106
2001-04-29 02:30:00;162.686; 50.057;201.400;119.920;1287.440;381.427; 97.970;197.550; 84.368;147.040;281.494; 92.348;149.720;191.068;184.962;185.870; 41.700;243.292
2001-04-29 02:35:00;163.674; 50.723;201.967;121.723;1278.540;384.243;   null;199.138; 83.950;146.973;284.408; 92.472;150.440;188.678;182.636;187.056; 41.546;242.474
2001-04-29 02:40:00;160.674; 50.957;200.133;118.850;1283.040;383.287;   null;196.682; 84.330;147.767;283.499; 93.257;148.780;189.384;185.380;189.012; 42.410;246.134
2001-04-29 02:45:00;161.752; 50.853;200.367;120.070;1278.280;382.297; 98.841;196.450; 84.226;148.350;283.820; 92.641;150.600;189.472;184.994;189.072; 41.796;245.164
2001-04-29 02:50:00;162.736; 48.797;200.867;122.807;1283.460;383.550;   null;198.198; 83.284;148.337;282.360; 91.919;149.520;189.836;180.832;186.608; 41.428;245.934
2001-04-29 02:55:00;161.374; 50.860;202.367;121.753;1277.060;383.250;   null;197.748; 86.322;147.783;282.133; 92.654;149.320;189.414;183.630;187.336; 42.078;245.448
2001-04-29 03:00:00;161.966; 51.030;198.467;119.667;1282.440;384.553; 98.091;197.480; 84.606;148.100;283.091; 92.116;150.460;190.574;182.042;186.996; 42.476;243.912
2001-04-29 03:05:00;163.620; 50.033;201.267;120.783;1283.920;378.577;   null;198.186; 83.742;148.940;283.495; 92.921;149.540;188.802;181.624;187.510; 42.356;245.740
2001-04-29 03:10:00;165.174; 51.343;199.267;120.010;1288.020;382.677;   null;199.102; 85.444;147.460;284.424; 94.599;150.660;189.638;181.670;184.476; 42.204;247.192
2001-04-29 03:15:00;162.010; 50.130;200.767;119.887;1283.120;380.273; 97.505;196.804; 85.218;147.780;284.332; 93.447;150.000;189.812;184.720;188.182; 42.286;246.414
2001-04-29 03:20:00;163.274; 50.923;201.600;120.223;1283.640;382.460;   null;198.334; 84.938;146.517;283.888; 91.602;150.320;189.656;182.906;187.410; 42.024;246.000
2001-04-29 03:25:00;162.254; 51.043;199.900;119.713;1282.400;382.827;   null;199.024; 85.762;150.217;282.763; 94.517;151.120;189.026;184.112;187.852; 41.436;245.050
2001-04-29 03:30:00;165.234; 50.800;199.400;119.283;1288.080;382.433; 98.339;200.534; 86.786;146.203;285.879; 92.592;149.980;191.654;183.772;186.770; 41.378;247.504
2001-04-29 03:35:00;160.636; 50.337;200.000;121.190;1289.460;385.323;   null;199.998; 84.938;147.197;283.928; 92.175;149.380;191.042;184.546;188.100; 42.188;244.380
2001-04-29 03:40:00;161.282; 50.327;201.767;119.217;1284.100;382.857;   null;198.618; 84.382;147.533;284.313; 92.845;150.620;187.762;182.618;188.072; 41.770;245.344
2001-04-29 03:45:00;162.576; 49.587;200.633;121.647;1290.300;381.740; 98.651;200.540; 84.280;147.313;282.006; 92.583;150.340;189.774;182.666;187.390; 41.916;246.406
2001-04-29 03:50:00;164.710; 50.327;201.200;121.243;1285.560;385.387;   null;198.758; 83.916;149.233;283.786; 93.301;150.880;189.354;182.970;188.296; 41.674;244.422
2001-04-29 03:55:00;162.372; 49.177;200.900;120.860;1290.560;383.993;   null;199.704; 83.944;149.010;285.933; 92.696;150.500;190.488;182.816;185.278; 41.922;246.052
2001-04-29 04:00:00;162.034; 51.013;203.500;120.327;1281.840;384.027; 99.513;200.172; 82.784;148.333;285.269; 91.386;150.860;189.320;182.680;188.034; 42.648;244.742
2001-04-29 04:05:00;161.718; 50.813;201.467;119.163;1284.140;384.230;   null;197.228; 85.110;148.477;285.342; 91.995;151.040;188.426;184.504;187.852; 41.604;244.060
2001-04-29 04:10:00;162.920; 50.127;199.433;119.627;1290.880;384.110;   null;199.282; 84.664;147.150;285.904; 92.595;151.340;189.736;183.618;187.120; 41.484;243.794
2001-04-29 04:15:00;162.606; 49.953;198.533;119.517;1289.420;381.517; 98.507;198.576; 83.776;147.963;282.465; 94.728;151.800;189.964;184.620;187.320; 41.170;243.274
2001-04-29 04:20:00;162.900; 50.153;200.433;119.103;1289.280;383.290;   null;199.510; 84.216;150.597;284.356; 91.911;151.040;187.630;183.612;188.442; 41.726;242.742
2001-04-29 04:25:00;161.670; 49.693;201.033;119.910;1295.440;385.813;   null;199.218; 84.292;149.060;282.652; 92.595;149.460;190.498;182.244;187.766; 41.852;243.914
2001-04-29 04:30:00;162.524; 50.257;198.100;120.053;1298.300;379.654; 98.468;198.150; 85.030;148.507;285.952; 92.957;150.720;189.274;182.482;185.022; 41.626;243.142
2001-04-29 04:35:00;163.170; 50.753;199.433;118.743;1287.700;384.647;   null;199.676; 84.656;147.003;282.939; 93.645;150.480;189.690;184.570;185.714; 41.382;244.322
2001-04-29 04:40:00;162.758; 50.463;198.100;121.223;1294.880;382.960;   null;199.606; 84.164;147.963;280.394; 94.365;151.240;189.870;183.036;184.636; 41.498;244.112
2001-04-29 04:45:00;164.596; 49.797;199.500;120.107;1291.880;383.770; 98.813;197.610; 84.978;149.850;284.427; 93.623;149.500;188.304;184.406;187.530; 41.398;241.030
2001-04-29 04:50:00;162.282; 50.683;198.600;121.450;1288.800;384.047;   null;200.948; 85.232;149.423;283.145; 93.963;150.600;190.478;184.714;187.308; 41.996;241.986
2001-04-29 04:55:00;163.514; 50.593;200.300;119.087;1291.100;383.423;   null;198.412; 83.032;149.420;281.959; 92.527;149.320;188.156;184.654;186.338; 41.012;242.644
2001-04-29 05:00:00;162.286; 50.563;200.567;120.270;1292.300;381.927; 99.050;197.806; 83.984;148.907;283.178; 93.877;150.940;189.542;186.162;183.656; 41.062;243.268
2001-04-29 05:05:00;163.658; 50.627;201.767;120.740;1283.020;385.580;   null;198.006; 85.390;149.720;282.971; 95.844;151.820;188.996;184.874;186.204; 41.252;240.114
2001-04-29 05:10:00;165.460; 49.743;201.200;119.317;1296.780;384.367;   null;199.540; 83.462;150.943;284.729; 92.234;150.700;188.934;182.640;185.740; 41.234;243.030
2001-04-29 05:15:00;164.472; 50.873;199.167;119.120;1296.260;382.153; 99.017;200.462; 84.994;149.653;280.166; 92.593;150.260;187.682;186.042;188.114; 41.932;242.984
2001-04-29 05:20:00;164.284; 50.237;199.700;119.000;1299.920;381.167;   null;198.238; 84.518;148.980;281.951; 90.900;151.180;187.442;185.252;185.404; 41.254;242.184
2001-04-29 05:25:00;164.178; 51.587;198.367;120.787;1298.900;384.090;   null;198.290; 85.684;148.733;279.979; 92.734;149.920;187.966;184.604;185.028; 41.244;243.086
2001-04-29 05:30:00;164.268; 50.953;199.800;120.470;1295.680;384.160; 99.133;199.822; 84.764;148.043;280.605; 92.336;150.260;187.676;183.206;183.582; 41.416;242.922
2001-04-29 05:35:00;161.516; 50.690;199.533;119.353;1293.820;385.627;   null;197.610; 85.494;149.847;281.468; 93.029;150.540;187.014;186.068;188.110; 41.794;243.628
2001-04-29 05:40:00;164.892; 51.940;201.867;123.580;1299.900;382.970;   null;198.952; 85.146;147.710;280.511; 91.222;150.500;188.878;185.600;183.336; 41.688;242.856
2001-04-29 05:45:00;164.234; 50.597;199.767;120.277;1292.320;383.680; 98.901;199.614; 84.208;149.023;281.029; 93.897;150.520;189.552;184.368;183.562; 41.710;242.744
2001-04-29 05:50:00;163.964; 50.303;198.100;120.840;1299.580;384.437;   null;199.430; 86.462;148.210;281.781; 91.534;149.260;188.122;185.818;184.248; 41.916;245.832
2001-04-29 05:55:00;163.690; 51.100;199.067;121.013;1294.360;381.257;   null;198.598; 82.788;146.777;280.496; 92.163;151.460;188.504;185.580;185.100; 40.926;241.068
2001-04-29 06:00:00;163.430; 51.177;198.167;121.277;1298.480;385.987; 98.927;198.318; 83.986;150.767;284.557; 93.528;151.600;189.732;185.012;188.830; 41.652;246.212
2001-04-29 06:05:00;163.968; 50.373;200.367;121.293;1303.320;385.567;   null;200.684; 84.658;149.413;283.511; 93.182;152.880;188.238;184.746;185.740; 41.556;243.866
2001-04-29 06:10:00;161.368; 50.350;199.300;120.680;1299.060;382.787;   null;200.896; 84.416;148.157;279.573; 94.303;150.520;186.262;182.852;185.644; 42.122;243.442
2001-04-29 06:15:00;163.664; 50.097;198.100;124.157;1304.680;381.730; 99.008;200.584; 85.434;148.860;281.785; 92.753;152.420;188.476;185.566;186.264; 41.534;242.962
2001-04-29 06:20:00;164.924; 49.810;199.633;121.247;1302.600;380.300;   null;199.044; 83.610;148.013;281.565; 91.447;151.220;187.634;185.722;187.604; 42.116;244.060
2001-04-29 06:25:00;162.766; 50.340;197.667;121.290;1297.780;385.560;   null;200.660; 84.982;148.297;276.733; 92.775;150.440;187.552;184.458;186.994; 42.320;245.630
2001-04-29 06:30:00;164.162; 49.153;199.367;120.357;1297.560;384.337; 98.829;198.328; 84.464;147.337;279.667; 93.997;152.860;187.834;184.850;186.658; 42.358;245.194
2001-04-29 06:35:00;164.078; 50.497;198.933;121.313;1291.460;382.903;   null;199.460; 85.382;149.907;281.945; 93.848;149.940;186.276;184.156;187.378; 42.034;244.040
2001-04-29 06:40:00;165.214; 50.540;201.167;121.253;1294.540;387.813;   null;200.750; 85.138;149.007;280.611; 93.035;150.800;187.370;184.596;187.050; 41.628;243.468
2001-04-29 06:45:00;164.550; 51.573;200.400;121.953;1293.680;385.520; 99.293;199.208; 84.848;147.683;281.240; 92.973;150.740;187.622;187.046;187.208; 42.068;247.872
2001-04-29 06:50:00;164.824; 49.883;198.433;120.203;1297.800;382.357;   null;196.242; 84.506;147.090;279.142; 92.808;149.920;187.456;186.380;185.864; 42.028;247.430
2001-04-29 06:55:00;166.202; 50.447;198.400;120.767;1302.940;385.900;   null;199.998; 85.156;149.900;284.134; 92.340;149.520;188.722;186.420;186.916; 42.394;246.480
2001-04-29 07:00:00;164.668; 49.323;201.500;120.480;1298.180;384.320; 98.873;197.630; 85.282;150.103;280.829; 92.601;149.200;186.648;186.160;186.214; 41.470;245.934
2001-04-29 07:05:00;163.872; 50.603;198.333;121.020;1292.520;383.190;   null;196.446; 84.638;149.843;277.413; 92.771;150.760;186.856;188.054;183.808; 41.784;244.544
2001-04-29 07:10:00;163.088; 51.163;201.000;120.070;1304.280;384.937;   null;200.284; 85.198;146.747;279.375; 93.669;150.140;186.894;186.230;183.298; 42.340;244.110
2001-04-29 07:15:00;163.850; 51.283;197.167;122.323;1304.420;383.930; 99.790;200.888; 85.380;150.853;278.760; 92.669;150.900;186.928;187.046;184.830; 42.226;244.830
2001-04-29 07:20:00;165.054; 50.390;199.833;121.150;1302.720;384.673;   null;202.030; 84.664;148.703;279.677; 93.898;152.020;187.958;182.878;184.556; 41.578;244.052
2001-04-29 07:25:00;166.572; 51.660;195.267;122.147;1296.760;384.207;   null;199.870; 85.260;149.960;280.862; 93.284;152.540;187.844;184.890;185.554; 42.112;245.136
2001-04-29 07:30:00;163.020; 50.623;199.733;121.537;1296.780;384.097; 98.812;194.968; 84.280;146.693;281.794; 93.751;151.220;189.160;185.954;184.122; 41.750;244.720
2001-04-29 07:35:00;165.858; 49.550;199.233;122.837;1294.140;383.860;   null;200.484; 85.570;149.457;280.528; 91.945;152.000;188.868;184.516;186.146; 41.624;246.498
2001-04-29 07:40:00;166.588; 50.363;198.900;119.883;1296.820;387.070;   null;201.046; 85.084;146.037;280.875; 92.969;150.200;188.238;186.804;185.592; 40.812;245.454
2001-04-29 07:45:00;166.604; 49.643;200.267;121.210;1301.700;387.533; 99.401;198.320; 84.926;150.043;278.942; 91.985;150.940;186.006;184.704;184.498; 42.548;245.248
2001-04-29 07:50:00;164.326; 49.660;201.333;120.977;1299.920;382.117;   null;200.796; 85.072;149.973;280.777; 92.011;151.320;187.768;184.272;184.452; 41.538;246.446
2001-04-29 07:55:00;165.104; 50.433;200.767;122.103;1298.960;384.687;   null;199.408; 83.918;146.783;278.314; 91.998;150.880;186.698;185.666;186.126; 41.946;245.980
2001-04-29 08:00:00;163.228; 50.110;201.867;120.620;1300.780;384.613; 99.387;197.938; 84.430;148.633;285.003; 93.958;150.560;189.370;185.712;185.602; 42.476;245.150
2001-04-29 08:05:00;165.002; 50.920;198.833;121.123;1302.660;386.537;   null;199.048; 85.558;148.327;281.951; 92.487;150.020;188.074;183.698;184.138; 42.138;242.674
2001-04-29 08:10:00;162.896; 50.693;201.500;120.667;1282.660;384.633;   null;198.640; 84.112;149.477;279.389; 92.018;152.620;187.332;186.356;185.174; 42.466;245.758
2001-04-29 08:15:00;165.270; 50.957;198.467;121.343;1300.660;384.227; 99.741;197.046; 84.512;149.350;281.489; 91.369;149.680;186.864;184.770;184.696; 42.032;245.656
2001-04-29 08:20:00;163.418; 50.383;200.567;122.907;1297.300;386.327;   null;200.470; 85.408;147.567;279.674; 94.315;150.300;188.904;185.798;186.414; 41.182;244.758
2001-04-29 08:25:00;165.806; 51.873;198.367;120.630;1302.240;383.583;   null;200.522; 86.332;149.650;278.815; 93.175;150.460;190.514;187.966;185.412; 42.120;245.310
2001-04-29 08:30:00;163.826; 51.533;201.133;122.327;1303.880;385.700; 98.945;199.858; 85.394;148.790;280.757; 92.189;149.980;188.934;184.968;186.820; 41.540;245.920
2001-04-29 08:35:00;164.966; 51.363;198.733;121.787;1297.720;384.137;   null;198.316; 84.042;147.757;279.688; 91.400;150.940;188.586;185.090;183.718; 42.490;245.226
2001-04-29 08:40:00;164.154; 50.353;199.600;120.150;1295.200;384.687;   null;198.554; 85.334;149.603;282.189; 93.082;148.300;187.522;184.192;186.614; 41.960;246.740
2001-04-29 08:45:00;164.022; 49.410;199.833;121.297;1297.780;384.583; 99.343;200.162; 85.394;148.317;280.753; 92.826;147.880;187.148;184.958;186.738; 42.340;245.382
2001-04-29 08:50:00;163.052; 51.020;200.200;121.510;1301.640;383.983;   null;201.862; 84.940;149.777;278.821; 92.608;150.380;187.650;185.056;187.020; 42.106;246.576
2001-04-29 08:55:00;165.052; 50.427;201.600;120.463;1299.380;384.990;   null;200.104; 85.270;149.507;281.564; 92.761;149.560;188.240;188.594;187.468; 42.446;247.030
2001-04-29 09:00:00;164.570; 49.320;199.700;120.980;1303.320;383.627; 98.901;198.880; 84.392;148.807;282.503; 92.362;149.940;186.992;184.548;185.174; 42.164;245.208
2001-04-29 09:05:00;164.588; 51.513;200.133;120.567;1298.540;381.690;   null;198.850; 84.782;148.610;281.354; 92.597;149.440;188.752;185.906;186.030; 42.142;243.202
2001-04-29 09:10:00;162.506; 50.363;201.700;119.280;1306.160;383.890;   null;200.620; 84.678;148.097;283.460; 92.198;149.460;189.798;186.442;184.936; 41.616;244.160
2001-04-29 09:15:00;163.652; 51.767;200.867;122.253;1301.120;388.407; 99.218;197.916; 85.658;149.007;281.323; 93.703;150.680;186.476;185.246;186.522; 42.342;246.258
2001-04-29 09:20:00;164.600; 50.783;199.400;122.363;1296.540;386.770;   null;198.236; 84.588;147.000;280.953; 93.318;148.960;186.832;184.410;185.560; 41.418;242.938
2001-04-29 09:25:00;165.012; 50.070;200.867;122.010;1302.060;384.070;   null;199.252; 85.710;147.327;283.301; 92.070;150.440;188.714;185.658;186.886; 42.778;245.710
2001-04-29 09:30:00;165.676; 50.133;202.400;122.657;1306.480;385.753;100.029;201.400; 84.072;147.037;276.450; 91.302;149.580;190.992;185.106;185.604; 42.450;247.122
2001-04-29 09:35:00;165.838; 51.367;200.067;122.303;1299.220;386.074;   null;198.206; 84.930;148.910;279.165; 92.293;149.760;188.726;187.278;182.656; 42.570;248.236
2001-04-29 09:40:00;164.608; 50.700;200.200;122.773;1298.620;382.680;   null;198.482; 85.540;147.276;280.826; 92.049;150.760;188.604;186.614;186.198; 42.710;248.006
2001-04-29 09:45:00;165.900; 50.293;197.900;119.653;1297.680;382.613;100.223;198.312; 85.596;148.053;279.452; 91.201;150.980;187.590;188.154;185.420; 42.702;248.672
2001-04-29 09:50:00;164.564; 51.573;197.767;122.373;1297.980;382.850;   null;197.970; 85.482;146.550;277.856; 93.665;149.680;189.846;184.170;186.720; 42.820;248.548
2001-04-29 09:55:00;164.380; 48.583;198.767;122.423;1298.820;384.983;   null;198.244; 84.526;147.087;279.368; 92.583;151.700;187.608;185.214;185.516; 42.858;244.340
2001-04-29 10:00:00;163.672; 50.147;202.133;120.537;1300.040;384.687; 98.938;202.456; 86.044;144.810;280.059; 94.161;151.980;187.210;185.488;185.822; 42.586;247.820
2001-04-29 10:05:00;163.996; 50.903;202.433;122.013;1301.280;384.470;   null;197.818; 84.762;149.047;278.686; 91.909;150.640;187.638;185.720;184.042; 42.574;245.480
2001-04-29 10:10:00;164.060; 50.837;200.067;120.963;1304.460;386.097;   null;199.732; 85.438;146.610;280.391; 91.904;149.480;189.372;183.452;185.338; 42.750;248.676
2001-04-29 10:15:00;165.172; 50.130;200.867;119.677;1293.300;385.423; 99.556;196.246; 85.704;147.733;279.369; 93.254;149.800;188.266;186.446;185.378; 42.766;250.780
2001-04-29 10:20:00;165.112; 50.450;200.233;123.093;1300.000;382.313;   null;200.684; 85.496;150.570;280.596; 93.946;150.740;189.034;184.958;183.724; 43.152;248.228
2001-04-29 10:25:00;164.456; 50.833;204.100;121.997;1304.480;383.413;   null;201.360; 85.346;147.603;277.302; 92.402;149.380;188.464;185.514;186.488; 42.482;247.770
2001-04-29 10:30:00;162.906; 50.303;200.733;120.390;1299.940;384.563; 98.767;201.532; 86.024;148.773;277.728; 93.327;149.060;186.810;185.510;189.146; 42.668;249.392
2001-04-29 10:35:00;163.058; 50.533;201.333;120.190;1299.620;383.357;   null;197.346; 87.052;146.943;277.697; 93.170;151.420;187.938;185.536;183.934; 42.110;247.074
2001-04-29 10:40:00;163.650; 49.943;200.600;120.803;1301.440;387.790;   null;199.538; 85.120;147.983;278.038; 92.148;149.820;186.652;185.156;183.698; 41.950;247.158
2001-04-29 10:45:00;165.340; 50.127;198.533;121.253;1297.380;384.593; 98.345;200.168; 85.776;148.750;278.977; 91.943;150.920;188.020;185.932;187.024; 42.118;246.308
2001-04-29 10:50:00;164.384; 50.113;202.267;120.133;1300.700;384.967;   null;199.016; 85.238;147.010;275.754; 92.263;149.320;188.076;187.584;186.810; 42.040;245.138
2001-04-29 10:55:00;163.448; 50.493;201.733;121.457;1293.980;385.043;   null;198.282; 85.492;148.670;274.962; 94.035;152.440;187.930;186.156;187.134; 42.800;245.412

