DATETIME,ESOI,MXCO,ROME,AATB,LMKS,DRBS,MOSC,NEWK,KIEL,CALG,OULU,APTY,FSMT,INVK,NAIN,PWNK,THUL,SOPB,SOPO
2005-01-17 23:00:00,166.79,210.267,147.117,1389.9,417.03,103.632,208.474,90.15,156.637,286.783,97.732,158.52,194.704,172.246,195.85,195.62,107.756,138.38,269.036
2005-01-17 23:05:00,165.882,211.067,147.963,1386.88,418.233,,209.114,90.532,157.24,288.065,97.55,159.42,191.896,173.476,193.95,194.148,109.388,137.252,268.266
2005-01-17 23:10:00,166.826,210.033,147.1,1394.6,421.217,,206.744,89.52,158.227,291.062,97.598,158.14,192.56,173.486,193.418,194.524,110.56,137.958,268.33
2005-01-17 23:15:00,166.216,212.967,145.23,1395.3,418.957,104.074,209.104,90.902,157.493,291.344,96.795,159.04,192.89,171.862,194.498,192.732,109.276,136.944,268.526
2005-01-17 23:20:00,165.21,211.467,147.403,1396.52,422.37,,208.866,89.974,157.18,288.173,98.261,158.7,193.636,173.496,193.694,197.446,109.948,139.172,267.674
2005-01-17 23:25:00,166.064,215.667,146.893,1393.68,424.27,,211.064,91.398,158.447,287.033,98.222,158.9,192.52,171.766,192.102,196.298,108.744,136.464,268.894
2005-01-17 23:30:00,166.102,210.5,148.26,1390.68,419.46,104.948,209.138,91.21,156.673,285.584,97.731,158.32,192.958,171.542,194.624,192.706,108.356,137.486,267.602
2005-01-17 23:35:00,163.108,211.333,147.643,1391.84,415.446,,209.996,90.34,158.07,281.616,99.663,159.72,191.07,174.04,193.482,193.032,109.69,138.2,269.518
2005-01-17 23:40:00,166.416,211.367,145.727,1380.6,419.94,,209.294,89.54,157.857,279.931,96.723,160.9,192.972,172.48,193.798,194.196,108.95,139.684,269.828
2005-01-17 23:45:00,166.99,212.067,148.007,1389.76,421.717,104.963,209.768,90.438,160.097,280.21,97.185,159.76,192.49,174.628,195.616,193.47,110.118,139.468,268.616
2005-01-17 23:50:00,165.426,209.967,149.07,1388.66,421.357,,211.222,88.36,159.647,281.334,97.64,160.22,192.886,173.238,194.752,193.136,109.45,138.09,267.234
2005-01-17 23:55:00,166.648,210.267,147.617,1386.54,423.81,,209.272,89.236,158.313,283.834,97.727,159.86,190.578,172.318,195.174,192.522,107.586,139.27,267.868
2005-01-18 00:00:00,165.648,211.833,148.853,1390.88,422.99,104.741,209.19,90.246,157.84,280.191,99.085,160.8,191.186,173.52,193.152,192.486,109.896,138.358,267.984
2005-01-18 00:05:00,165.804,211.7,145.397,1393.48,420.74,,210.222,90.262,159.283,284.375,97.852,161.44,188.902,173.81,189.902,193.146,108.498,137.072,268.3
2005-01-18 00:10:00,164.656,210.367,146.81,1389.02,420.92,,208.214,91.53,158.993,280.393,98.214,160.94,192.02,173.286,193.148,193.708,108.406,139.588,267.618
2005-01-18 00:15:00,166.788,210.467,146.223,1385.14,416.463,104.865,208.924,89.728,158.387,286.114,95.82,157.28,192.54,174.424,192.604,194.108,108.554,137.844,266.328
2005-01-18 00:20:00,166.278,211.833,145.83,1382.22,419.703,,207.344,89.626,158.46,286.842,95.345,158.16,191.61,173.198,193.79,193.658,108.524,137.624,268.154
2005-01-18 00:25:00,164.262,213.5,148.433,1385.8,418.357,,206.506,88.606,157.037,285.322,96.474,160.0,191.528,171.084,192.168,194.71,107.946,136.774,265.906
2005-01-18 00:30:00,166.118,213.733,147.687,1379.52,418.273,104.466,207.72,91.362,156.43,282.44,97.32,156.9,191.95,175.048,193.938,194.838,108.838,136.42,265.056
2005-01-18 00:35:00,165.516,212.267,145.753,1367.16,419.577,,203.592,89.394,155.643,284.375,96.814,155.94,191.458,173.296,192.672,194.026,109.72,136.186,262.658
2005-01-18 00:40:00,165.256,210.0,146.33,1370.28,418.627,,205.314,90.358,158.05,282.203,97.064,155.48,190.824,171.852,190.332,193.126,108.606,135.81,268.042
2005-01-18 00:45:00,164.69,213.5,145.123,1374.9,417.21,103.4,205.996,89.124,155.603,283.535,95.207,155.36,191.88,172.51,190.854,196.104,109.304,136.376,266.88
2005-01-18 00:50:00,165.26,211.767,147.19,1378.78,418.657,,204.746,90.93,156.213,283.547,95.3,154.72,193.464,174.168,193.798,192.936,109.164,139.054,267.664
2005-01-18 00:55:00,163.278,212.367,144.22,1379.34,417.687,,202.862,89.778,157.793,288.099,95.758,156.06,193.414,175.786,192.096,196.068,108.822,137.938,265.618
2005-01-18 01:00:00,163.828,212.967,145.143,1378.14,417.387,103.59,204.186,89.58,155.273,286.334,95.723,155.16,193.752,177.006,191.562,193.684,108.964,138.926,265.526
2005-01-18 01:05:00,162.37,212.633,147.397,1378.0,416.997,,205.15,89.95,154.367,286.01,96.981,155.0,195.564,173.838,193.542,193.83,108.504,137.388,267.336
2005-01-18 01:10:00,162.282,210.567,145.1,1377.2,414.04,,206.97,91.502,156.26,288.227,94.7,153.34,194.712,177.042,192.596,193.204,110.552,138.518,266.412
2005-01-18 01:15:00,164.286,207.8,145.03,1381.34,414.36,103.102,205.788,89.466,153.367,285.973,95.716,155.38,194.622,174.036,194.036,192.148,109.3,138.044,265.414
2005-01-18 01:20:00,162.796,212.333,145.507,1370.6,414.533,,202.252,89.37,156.637,284.835,94.988,155.58,193.232,174.8,193.668,193.088,109.252,138.112,266.492
2005-01-18 01:25:00,159.95,210.2,144.85,1367.68,408.923,,201.52,90.474,156.413,284.911,95.484,154.58,192.274,175.624,191.976,194.868,109.798,135.914,266.858
2005-01-18 01:30:00,161.008,208.9,142.29,1367.96,408.673,102.572,200.618,91.498,154.923,286.739,94.586,153.76,193.972,175.212,192.888,193.824,108.878,137.66,265.926
2005-01-18 01:35:00,159.91,212.5,144.48,1374.84,403.993,,201.324,90.086,155.457,287.167,94.106,153.44,191.066,175.218,191.378,193.33,108.83,138.608,268.004
2005-01-18 01:40:00,160.534,211.167,141.187,1377.82,407.407,,200.782,89.248,153.843,289.455,94.125,154.1,193.396,173.92,192.824,195.66,109.506,137.38,263.508
2005-01-18 01:45:00,160.468,210.067,144.34,1376.62,406.923,101.7,202.174,90.884,155.443,287.492,95.878,155.92,192.794,174.886,192.348,193.38,108.636,137.528,266.828
2005-01-18 01:50:00,159.506,214.233,144.137,1371.5,406.773,,202.954,89.802,152.793,288.113,94.597,154.52,192.102,175.764,193.092,193.536,109.452,137.346,263.068
2005-01-18 01:55:00,162.674,211.6,142.867,1379.5,408.237,,202.962,90.13,154.727,284.507,95.592,154.42,194.136,172.754,192.548,193.522,109.2,134.724,265.242
2005-01-18 02:00:00,158.288,209.7,144.303,1389.22,409.327,102.332,200.2,88.098,153.603,288.684,97.039,156.06,192.402,174.136,190.914,197.05,107.592,135.742,262.772
2005-01-18 02:05:00,158.436,212.7,141.82,1383.64,405.657,,201.844,91.232,153.38,288.845,94.894,154.94,193.168,176.526,192.614,193.97,108.61,135.776,262.788
2005-01-18 02:10:00,159.494,210.7,143.623,1393.84,403.933,,205.62,89.596,152.18,286.955,95.984,154.84,193.578,177.024,193.756,194.834,108.24,133.484,262.582
2005-01-18 02:15:00,161.982,212.567,142.54,1398.58,409.443,101.687,206.154,91.214,153.757,286.309,95.121,155.46,192.972,175.338,193.596,195.666,109.606,134.336,261.868
2005-01-18 02:20:00,159.132,210.433,141.663,1396.6,409.1,,205.514,90.324,154.177,286.297,94.797,156.44,193.4,174.958,192.712,195.378,109.674,136.108,264.636
2005-01-18 02:25:00,159.964,209.1,142.7,1412.22,404.32,,202.232,88.866,154.197,286.475,95.554,155.78,192.88,177.196,193.922,193.548,110.85,135.372,265.062
2005-01-18 02:30:00,161.164,213.2,143.863,1404.28,404.063,100.811,201.634,90.026,153.913,285.077,96.198,154.98,193.716,177.068,190.412,195.3,109.472,137.28,263.724
2005-01-18 02:35:00,159.218,209.433,142.12,1400.38,405.07,,201.436,90.7,152.863,285.416,95.967,154.5,193.926,174.572,193.42,193.96,108.704,137.284,266.484
2005-01-18 02:40:00,161.256,210.167,143.163,1402.82,406.674,,201.282,90.136,156.007,287.09,94.352,154.36,195.696,178.678,193.29,194.754,110.142,136.694,263.962
2005-01-18 02:45:00,161.43,209.5,140.883,1406.78,403.75,100.481,201.916,90.084,151.377,286.774,95.198,154.94,195.57,174.696,191.332,195.994,110.364,134.906,263.85
2005-01-18 02:50:00,162.734,209.733,143.573,1406.96,404.727,,201.978,90.06,151.753,285.695,95.373,153.66,192.784,177.916,195.202,195.308,109.662,132.982,260.832
2005-01-18 02:55:00,160.748,211.067,143.757,1410.54,403.283,,201.214,89.098,153.47,285.823,95.46,155.26,193.946,175.282,193.358,194.23,110.376,133.422,259.894
2005-01-18 03:00:00,159.704,208.833,142.3,1398.58,406.283,101.332,202.146,88.37,153.097,286.56,96.255,152.24,194.51,177.844,192.368,193.882,110.124,133.532,259.19
2005-01-18 03:05:00,160.738,209.3,141.897,1402.36,408.48,,201.35,91.37,152.183,288.294,95.746,153.66,192.174,176.166,195.044,195.442,109.538,133.002,261.722
2005-01-18 03:10:00,160.674,207.133,146.78,1409.78,408.077,,202.852,91.54,154.933,287.565,95.615,153.54,193.348,178.392,189.434,195.672,110.778,132.932,262.488
2005-01-18 03:15:00,160.362,209.633,144.027,1409.46,411.297,101.725,201.428,90.808,153.287,286.504,94.998,155.44,192.914,174.264,193.94,195.088,110.69,135.464,265.444
2005-01-18 03:20:00,161.858,205.9,143.197,1411.66,407.353,,201.194,90.98,154.437,283.458,95.899,154.5,191.864,174.528,193.822,194.024,109.486,136.932,264.878
2005-01-18 03:25:00,158.692,208.467,142.613,1405.12,407.857,,203.2,90.92,154.107,285.17,96.008,154.66,191.37,175.112,192.976,196.158,111.262,136.46,267.13
2005-01-18 03:30:00,161.102,212.3,145.423,1399.88,409.903,101.482,200.034,90.118,152.05,284.521,94.953,152.62,192.196,176.878,195.092,193.248,109.566,138.766,268.244
2005-01-18 03:35:00,161.486,210.367,144.033,1405.02,410.463,,202.188,90.742,153.57,283.451,94.225,153.24,193.23,175.502,193.63,193.286,109.926,138.036,270.386
2005-01-18 03:40:00,161.742,210.067,145.897,1402.04,409.25,,203.63,89.888,151.267,282.514,95.198,153.96,191.544,174.296,191.806,194.786,109.102,137.34,267.8
2005-01-18 03:45:00,161.662,210.6,144.573,1402.92,409.04,101.894,203.72,89.772,153.393,280.144,94.75,151.74,192.284,174.974,194.32,196.564,107.9,139.764,270.008
2005-01-18 03:50:00,162.566,206.767,144.273,1409.88,409.553,,200.074,92.276,151.767,280.785,94.803,151.1,192.306,173.186,192.74,194.082,108.808,139.388,265.67
2005-01-18 03:55:00,160.17,208.867,140.82,1419.78,408.083,,202.346,89.788,152.816,284.83,92.581,149.3,191.606,173.796,191.098,193.502,109.852,136.682,265.394
2005-01-18 04:00:00,161.642,211.567,144.46,,407.983,102.149,198.778,91.958,153.403,284.708,92.617,149.12,192.742,174.694,193.006,194.752,108.65,136.42,268.068
2005-01-18 04:05:00,162.584,210.6,142.22,,407.403,,198.38,89.442,153.227,280.347,92.664,149.26,192.07,174.686,191.312,190.95,108.968,137.084,267.196
2005-01-18 04:10:00,160.238,211.033,143.28,1420.775,406.927,,199.502,90.208,153.153,282.367,91.241,149.32,190.722,175.314,190.274,191.95,108.954,137.612,267.506
2005-01-18 04:15:00,159.37,210.067,143.473,1419.52,401.33,101.489,197.868,90.51,153.267,282.072,91.894,149.4,192.472,177.462,193.404,192.796,108.924,136.882,268.284
2005-01-18 04:20:00,162.492,213.3,140.497,1421.24,405.23,,201.828,90.704,150.863,284.353,91.429,150.98,192.304,176.82,192.456,193.158,108.822,134.658,267.454
2005-01-18 04:25:00,161.034,212.2,141.087,1419.74,403.623,,200.886,89.45,151.287,285.516,92.102,151.56,193.298,176.79,191.584,195.832,110.334,137.644,263.028
2005-01-18 04:30:00,161.97,210.133,142.247,1423.2,404.067,100.298,201.288,88.826,153.513,282.133,90.462,151.2,192.466,175.922,191.53,195.18,109.99,137.044,267.112
2005-01-18 04:35:00,161.726,211.7,141.13,1425.12,401.4,,203.752,90.396,151.413,283.164,92.619,148.74,193.68,175.978,193.698,193.558,109.616,138.15,267.362
2005-01-18 04:40:00,160.964,212.4,143.06,1427.94,405.387,,199.756,89.878,152.917,285.093,91.147,149.72,192.91,175.276,195.028,194.598,110.736,138.112,268.008
2005-01-18 04:45:00,162.562,213.1,141.297,1430.725,402.347,99.428,202.876,91.246,149.79,286.462,91.931,150.56,192.822,175.368,193.518,197.222,110.386,136.4,269.182
2005-01-18 04:50:00,160.052,209.1,142.483,1421.12,403.25,,200.848,91.164,151.15,285.972,91.426,149.5,190.688,175.594,191.982,193.712,110.254,135.66,264.658
2005-01-18 04:55:00,161.944,211.033,142.543,1417.76,407.133,,200.792,88.948,148.767,285.214,92.879,150.68,190.83,179.72,192.362,196.88,112.282,136.182,259.848
2005-01-18 05:00:00,160.364,209.833,140.167,1419.02,400.384,99.661,200.294,89.948,149.447,285.216,92.737,150.16,192.956,177.966,192.732,197.286,110.266,133.622,259.006
2005-01-18 05:05:00,161.76,208.7,142.5,1421.26,405.433,,199.042,90.158,148.93,285.453,92.638,149.22,191.556,176.448,191.336,194.504,110.572,132.534,257.276
2005-01-18 05:10:00,159.636,207.667,142.263,1422.76,406.773,,198.448,87.942,148.387,284.5,92.065,149.56,194.12,175.918,193.036,193.808,109.272,130.054,256.94
2005-01-18 05:15:00,160.426,208.467,142.797,1414.66,402.573,100.064,199.202,88.594,151.137,286.61,92.574,151.78,194.6,177.298,189.174,195.992,109.158,130.468,251.952
2005-01-18 05:20:00,161.18,209.033,142.393,1421.3,400.493,,198.618,87.706,150.44,288.294,91.407,148.92,193.714,176.386,187.954,195.502,107.638,128.892,252.088
2005-01-18 05:25:00,160.062,207.867,141.96,1420.04,404.627,,197.44,88.654,151.08,286.552,91.904,149.52,195.856,177.87,187.066,193.506,108.808,127.68,250.622
2005-01-18 05:30:00,165.088,208.3,141.817,1413.54,400.863,99.933,200.712,88.896,150.25,287.121,90.758,149.38,192.728,178.022,186.406,194.844,109.338,126.674,248.648
2005-01-18 05:35:00,160.14,210.933,140.223,1419.86,401.437,,196.178,87.432,149.31,287.035,93.486,149.7,193.366,177.32,187.464,195.894,107.844,127.212,250.256
2005-01-18 05:40:00,160.3,205.933,142.4,1412.0,399.743,,199.638,88.242,150.52,286.475,90.773,147.84,193.21,177.414,186.12,194.106,108.6,128.022,247.536
2005-01-18 05:45:00,161.402,208.233,140.853,1415.98,396.74,97.778,196.174,87.52,150.15,286.343,91.121,146.6,195.206,175.674,184.422,194.338,107.59,127.178,248.782
2005-01-18 05:50:00,162.218,204.933,140.563,1413.76,398.357,,198.108,86.752,151.15,284.336,91.332,147.98,195.324,176.486,182.736,193.132,108.38,125.612,249.714
2005-01-18 05:55:00,162.13,207.767,141.36,1416.58,396.5,,197.52,87.92,148.647,284.875,91.502,147.78,194.508,176.276,183.756,195.574,107.194,126.038,247.83
2005-01-18 06:00:00,161.618,206.367,141.763,1415.36,398.407,97.943,198.634,85.782,148.623,285.532,90.628,149.68,192.672,175.572,182.694,192.14,105.19,126.866,246.23
2005-01-18 06:05:00,162.83,206.9,144.617,1419.68,395.81,,198.654,85.616,149.343,286.243,92.853,149.2,192.398,176.712,181.988,192.336,106.408,129.144,249.32
2005-01-18 06:10:00,161.15,204.533,143.18,1412.8,396.28,,196.864,86.332,148.913,283.366,91.919,148.28,192.39,177.326,181.596,189.054,103.976,127.296,249.246
2005-01-18 06:15:00,162.238,205.967,140.447,1403.08,399.76,98.223,196.314,87.842,148.98,286.135,92.66,145.6,193.416,175.05,181.02,190.912,104.03,127.21,248.532
2005-01-18 06:20:00,160.224,208.1,140.37,1411.62,400.95,,195.964,86.486,148.39,282.731,90.968,147.86,194.652,173.616,178.626,184.022,105.24,127.718,249.072
2005-01-18 06:25:00,161.17,205.367,141.033,1408.76,393.547,,195.028,86.732,147.326,282.865,90.297,147.12,190.756,170.346,179.524,184.188,103.292,131.21,256.142
2005-01-18 06:30:00,160.87,205.667,141.54,1391.42,390.737,97.223,195.13,86.618,145.87,282.234,90.992,146.38,188.974,168.642,180.322,182.402,101.98,131.808,257.864
2005-01-18 06:35:00,159.66,203.667,140.793,1385.64,394.2,,194.05,83.444,147.713,285.135,91.338,146.74,189.212,165.056,179.732,181.658,103.234,129.538,253.282
2005-01-18 06:40:00,159.828,205.033,138.087,1380.28,387.727,,196.094,84.404,149.357,279.562,88.854,145.7,187.354,166.368,179.566,183.478,101.566,127.784,250.88
2005-01-18 06:45:00,159.678,202.8,138.5,1375.02,389.717,97.144,194.316,83.478,146.743,281.381,89.78,146.84,186.484,167.336,179.12,178.862,103.224,129.026,246.978
2005-01-18 06:50:00,158.734,205.3,139.043,1374.04,388.517,,192.046,82.998,144.51,281.392,88.159,147.6,186.814,166.148,178.316,181.354,102.45,127.602,251.788
2005-01-18 06:55:00,160.52,204.7,138.79,1375.76,386.853,,191.284,83.76,146.997,280.136,90.158,145.52,187.598,162.178,177.552,181.386,102.774,128.232,250.482
2005-01-18 07:00:00,158.842,204.3,141.023,1384.1,391.67,96.726,192.852,84.59,146.07,280.602,88.596,146.24,184.7,164.278,179.548,180.892,102.264,127.418,250.548
2005-01-18 07:05:00,159.034,205.367,141.153,1379.48,391.483,,195.282,84.332,148.393,278.098,89.719,146.62,183.602,164.51,177.798,181.56,102.142,127.838,249.014
2005-01-18 07:10:00,157.874,203.9,138.153,1381.26,391.3,,193.436,82.388,145.753,277.274,91.157,145.62,185.05,164.902,180.12,180.292,100.814,126.454,247.448
2005-01-18 07:15:00,158.406,201.667,139.153,1374.74,390.647,96.683,195.496,83.728,148.25,276.777,91.514,144.36,184.026,164.958,179.606,180.714,102.13,128.666,249.96
2005-01-18 07:20:00,158.776,200.867,137.877,1366.08,389.477,,192.032,84.094,146.297,272.583,92.019,145.68,185.46,162.694,177.408,179.138,100.91,127.096,247.822
2005-01-18 07:25:00,160.38,202.8,141.103,1372.54,390.923,,193.006,84.412,146.68,280.547,88.747,147.92,184.71,167.346,181.062,180.524,101.518,127.174,252.292
2005-01-18 07:30:00,157.68,201.433,140.187,1374.38,389.327,98.241,197.456,82.616,146.957,277.831,89.61,145.78,184.162,168.304,178.712,180.572,100.862,129.054,248.712
2005-01-18 07:35:00,157.518,204.567,138.553,1363.88,395.257,,193.812,84.2,145.56,279.81,90.536,147.76,184.502,166.654,178.718,178.082,102.694,126.96,248.254
2005-01-18 07:40:00,156.886,205.4,140.12,1369.06,396.13,,195.198,86.572,146.91,279.835,90.009,145.1,188.644,167.276,180.746,178.628,102.216,126.928,249.258
2005-01-18 07:45:00,157.428,203.9,138.917,1373.94,395.913,96.992,192.726,84.172,149.133,276.727,90.325,147.14,187.388,165.454,179.988,182.308,102.208,128.018,251.3
2005-01-18 07:50:00,155.276,201.867,137.603,1361.04,387.013,,192.688,83.912,148.2,280.014,89.72,144.84,189.324,164.202,180.238,182.208,102.632,129.586,252.306
2005-01-18 07:55:00,158.408,202.067,135.107,1357.12,385.247,,188.838,83.536,146.593,280.987,88.225,146.54,186.366,162.596,179.468,184.722,102.676,128.934,251.026
2005-01-18 08:00:00,157.37,201.167,137.383,1357.88,384.113,96.028,193.038,83.944,146.737,276.186,90.71,146.82,184.434,163.98,181.858,179.748,101.64,127.192,250.698
2005-01-18 08:05:00,157.226,203.567,135.287,1350.04,385.48,,189.392,87.006,147.347,275.115,89.427,144.18,186.99,165.394,183.028,181.294,103.672,127.324,252.618
2005-01-18 08:10:00,155.558,204.167,137.26,1354.06,381.79,,190.768,84.98,145.063,271.347,90.655,145.74,186.196,164.63,182.032,183.988,102.732,127.488,247.092
2005-01-18 08:15:00,157.166,202.933,138.41,1354.26,383.753,96.297,188.666,86.116,147.657,269.953,89.608,147.94,188.24,166.79,182.934,184.37,103.736,126.756,250.864
2005-01-18 08:20:00,156.964,203.567,140.103,1362.28,380.38,,192.174,84.634,145.117,273.116,89.375,146.24,185.71,167.13,181.816,180.55,104.834,128.038,249.668
2005-01-18 08:25:00,156.02,203.9,138.207,1365.26,383.467,,190.912,87.002,147.32,273.075,90.002,147.48,182.564,170.066,182.218,183.614,103.582,128.106,249.202
2005-01-18 08:30:00,156.628,205.333,136.113,1363.54,385.227,96.293,189.298,84.138,145.91,270.753,90.051,147.62,183.202,167.132,183.702,184.97,102.17,127.94,250.79
2005-01-18 08:35:00,156.478,202.933,136.707,1361.36,381.367,,192.202,84.152,146.003,269.425,90.783,147.72,182.386,169.718,181.538,185.102,104.278,127.332,250.522
2005-01-18 08:40:00,156.1,202.833,140.093,1361.98,382.15,,188.572,84.038,149.253,270.724,91.233,148.6,183.442,169.706,183.494,182.452,105.248,129.412,251.706
2005-01-18 08:45:00,157.17,203.6,138.93,1355.48,384.873,96.524,191.114,84.42,148.217,270.556,90.681,145.66,183.698,171.634,181.968,182.658,103.302,128.722,250.53
2005-01-18 08:50:00,158.244,201.2,140.83,1358.86,390.03,,192.524,83.626,146.21,271.212,90.746,145.06,182.52,170.0,184.772,184.894,105.63,127.578,253.582
2005-01-18 08:55:00,159.286,201.567,138.44,1368.56,391.533,,191.924,84.996,147.587,270.815,90.42,147.36,180.994,169.546,185.834,183.052,104.974,129.932,253.774
2005-01-18 09:00:00,158.166,203.067,138.247,1359.16,389.217,98.188,192.88,84.952,148.543,272.549,91.229,146.9,180.772,166.076,183.956,185.194,107.552,131.578,252.032
2005-01-18 09:05:00,159.46,204.7,140.55,1358.78,390.187,,195.876,85.616,147.073,269.914,92.104,148.32,181.034,168.26,187.598,184.446,108.698,130.374,254.328
2005-01-18 09:10:00,159.924,204.033,137.997,1362.76,388.83,,194.102,85.426,148.37,267.295,90.873,147.68,183.124,167.53,186.332,183.214,107.848,128.908,256.126
2005-01-18 09:15:00,158.836,202.933,138.803,1360.42,387.513,97.449,194.434,86.418,147.923,274.811,91.883,148.24,182.182,168.524,188.784,186.174,107.936,131.214,255.842
2005-01-18 09:20:00,160.406,206.0,139.81,1357.74,392.037,,195.474,86.73,149.323,273.64,91.638,147.42,184.104,170.686,186.53,187.366,107.884,129.874,254.956
2005-01-18 09:25:00,159.11,206.167,139.147,1361.36,390.947,,195.056,84.25,146.797,274.176,93.312,148.78,188.216,167.75,188.618,186.206,107.346,130.748,253.066
2005-01-18 09:30:00,158.97,204.467,141.443,1357.76,394.053,97.667,194.086,87.154,149.987,277.142,91.708,150.28,184.26,166.514,189.38,189.594,106.806,129.24,252.49
2005-01-18 09:35:00,159.328,205.3,139.853,1357.74,389.973,,195.7,86.036,149.56,277.072,91.71,148.24,186.204,165.438,187.16,189.214,107.242,127.53,250.678
2005-01-18 09:40:00,159.252,205.6,138.73,1359.76,390.433,,194.89,85.252,148.173,282.68,92.204,149.18,187.348,165.758,186.708,192.194,106.388,129.294,251.24
2005-01-18 09:45:00,159.436,203.7,140.533,1363.06,394.483,97.121,197.038,86.582,147.533,280.86,91.77,148.74,187.626,167.12,185.282,188.914,105.49,128.112,250.92
2005-01-18 09:50:00,160.452,202.967,139.56,1364.88,390.62,,198.75,84.338,148.603,280.67,91.98,148.34,187.172,168.31,184.646,190.034,106.1,129.478,251.862
2005-01-18 09:55:00,160.144,202.267,139.687,1365.96,390.687,,195.458,84.984,149.607,279.195,91.817,149.28,188.408,169.758,183.06,187.052,106.636,128.518,254.18
2005-01-18 10:00:00,160.178,203.767,140.19,1375.52,389.98,97.513,195.822,85.402,147.647,279.508,90.584,149.04,189.442,168.546,183.962,186.142,106.364,129.04,253.188
2005-01-18 10:05:00,158.864,204.767,139.837,1391.32,390.327,,193.134,86.278,148.733,275.931,91.63,150.44,188.518,170.684,184.558,184.642,105.03,128.616,251.39
2005-01-18 10:10:00,160.23,203.533,139.86,1391.94,394.173,,197.12,85.798,147.64,276.578,92.077,147.44,187.074,171.454,182.016,183.036,103.516,129.198,250.312
2005-01-18 10:15:00,161.022,202.467,139.38,1393.64,395.367,97.32,197.424,86.0,151.923,273.312,92.24,152.22,184.342,170.234,184.208,184.034,103.788,130.32,251.532
2005-01-18 10:20:00,161.558,201.8,139.89,1388.6,393.4,,194.514,86.464,149.937,273.894,91.246,149.62,185.172,169.49,182.916,184.038,103.776,130.146,252.992
2005-01-18 10:25:00,159.446,204.567,139.567,1379.42,393.823,,199.008,85.778,149.607,275.291,92.899,151.62,182.126,169.028,186.386,185.11,103.882,128.392,252.726
2005-01-18 10:30:00,159.154,202.6,139.66,1381.38,394.79,97.374,196.474,85.12,148.82,276.792,90.908,149.98,182.118,166.684,184.368,183.224,104.058,128.992,252.83
2005-01-18 10:35:00,160.728,203.467,138.897,1382.66,392.527,,196.304,87.1,148.907,269.681,91.819,149.06,183.47,164.962,186.042,181.72,103.302,129.18,253.626
2005-01-18 10:40:00,159.78,201.133,142.12,1380.74,392.583,,196.1,84.564,149.18,270.772,90.53,148.72,180.518,166.316,184.854,185.348,103.782,128.656,253.764
2005-01-18 10:45:00,160.614,202.167,139.99,1385.5,390.693,96.763,195.976,84.532,148.97,271.424,90.488,148.94,180.242,165.022,185.634,184.392,103.968,131.922,254.09
2005-01-18 10:50:00,162.226,203.9,138.483,1378.66,390.05,,195.5,85.934,149.653,267.999,91.966,151.1,183.44,163.722,184.272,182.584,105.344,131.222,255.476
2005-01-18 10:55:00,158.612,202.233,139.57,1374.02,393.393,,193.66,85.914,149.67,268.123,91.449,149.16,181.386,165.836,185.06,181.504,104.782,131.818,255.674
2005-01-18 11:00:00,159.984,202.033,141.447,1378.82,388.447,96.72,194.066,84.146,149.367,266.752,92.771,148.82,180.922,165.714,185.93,182.076,104.068,130.512,254.58
2005-01-18 11:05:00,158.478,203.8,139.617,1379.9,389.373,,194.49,86.948,148.997,269.165,92.724,150.02,180.894,163.408,184.132,185.212,104.69,130.218,256.478
2005-01-18 11:10:00,158.104,204.467,140.213,1378.26,390.68,,195.942,86.154,150.347,267.435,91.342,150.96,181.362,163.238,183.638,182.276,104.21,131.098,253.682
2005-01-18 11:15:00,159.41,202.533,142.04,1376.42,389.447,98.089,196.178,86.296,147.903,268.819,93.792,151.4,180.908,164.984,185.772,184.242,104.56,131.486,253.646
2005-01-18 11:20:00,160.412,200.367,139.447,1363.48,391.08,,194.594,86.49,150.434,269.233,93.357,148.64,180.616,164.198,185.876,183.048,104.33,130.044,254.734
2005-01-18 11:25:00,157.446,204.033,138.193,1377.26,392.073,,193.64,84.568,151.967,267.657,92.712,147.54,182.478,164.668,183.652,183.904,104.952,128.822,253.356
2005-01-18 11:30:00,158.688,202.833,139.877,1371.66,391.51,98.076,195.166,84.516,151.253,267.787,91.644,149.88,182.966,162.76,186.548,183.53,103.918,130.32,257.278
2005-01-18 11:35:00,157.614,204.5,141.04,1381.28,391.597,,195.028,86.252,149.517,267.817,92.381,151.32,182.334,163.634,185.31,185.33,103.244,129.528,253.29
2005-01-18 11:40:00,159.968,200.867,138.767,1379.64,394.833,,194.094,86.186,151.467,267.373,92.669,149.84,181.982,167.69,182.8,184.418,104.186,130.146,255.622
2005-01-18 11:45:00,159.802,202.633,141.607,1374.68,393.44,98.651,196.632,86.576,149.293,268.819,91.192,150.94,182.456,164.21,181.238,184.442,104.144,130.38,256.238
2005-01-18 11:50:00,158.686,204.4,139.27,1366.8,393.937,,195.39,85.576,151.473,268.854,92.251,149.52,181.48,164.856,183.43,181.902,104.618,131.13,255.292
2005-01-18 11:55:00,158.018,201.8,140.78,1373.12,395.32,,197.332,84.41,150.45,269.312,91.371,150.5,180.56,162.89,182.822,180.008,104.224,130.756,256.61
2005-01-18 12:00:00,157.808,203.967,141.793,1376.04,,98.07,196.902,85.462,148.8,266.509,92.419,150.06,180.828,163.506,181.552,183.06,104.404,130.464,253.662
2005-01-18 12:05:00,159.822,205.067,142.193,1378.14,,,194.704,85.766,148.54,263.486,91.268,149.48,180.896,164.106,183.092,184.1,104.916,130.052,253.042
2005-01-18 12:10:00,159.934,202.267,142.337,1380.62,394.167,,200.088,85.83,149.267,265.03,94.274,148.16,180.766,163.108,184.45,181.708,103.332,129.55,255.87
2005-01-18 12:15:00,158.03,202.467,140.113,1375.2,396.413,97.921,197.658,84.972,150.623,264.677,90.663,149.08,179.51,164.35,181.236,181.248,103.566,129.752,255.676
2005-01-18 12:20:00,157.526,201.7,142.703,1370.14,398.703,,195.978,85.218,149.83,264.676,93.005,149.84,176.432,163.622,179.524,181.196,103.018,130.71,255.716
2005-01-18 12:25:00,159.462,203.067,139.667,1373.56,394.877,,198.854,86.41,150.193,262.134,91.974,150.92,176.538,163.716,181.59,180.288,103.834,131.792,255.236
2005-01-18 12:30:00,159.246,203.7,140.873,1363.8,394.263,97.578,195.822,85.328,150.79,263.485,92.61,149.74,174.768,164.1,181.974,177.532,103.818,130.67,255.47
2005-01-18 12:35:00,159.21,203.7,141.673,1372.64,396.81,,195.91,85.13,149.637,264.772,91.115,151.18,176.23,161.934,179.594,179.122,103.864,130.338,254.692
2005-01-18 12:40:00,159.726,201.0,140.257,1370.26,392.463,,195.636,85.402,147.763,264.193,91.907,150.1,178.766,161.734,182.178,180.088,104.004,129.8,253.572
2005-01-18 12:45:00,157.618,200.533,140.883,1367.68,,97.787,195.564,85.532,149.057,259.099,91.114,150.54,176.13,161.296,182.022,179.096,103.458,129.564,252.662
2005-01-18 12:50:00,156.806,202.9,141.267,1366.4,,,195.984,85.404,147.017,256.868,91.042,148.72,172.978,162.47,181.644,180.482,104.028,129.12,251.334
2005-01-18 12:55:00,159.716,202.933,140.947,1360.2,,,195.284,84.898,149.197,260.504,93.008,149.72,174.488,159.034,177.446,177.458,102.974,127.98,252.832
2005-01-18 13:00:00,158.596,203.933,140.117,1347.6,,96.639,197.51,85.928,149.303,258.87,92.78,148.0,176.246,160.334,178.32,177.622,103.218,129.028,247.784
2005-01-18 13:05:00,157.612,202.0,141.43,1350.62,393.28,,196.22,85.588,148.247,260.579,93.791,149.62,174.22,159.366,182.012,177.768,102.432,126.534,248.904
2005-01-18 13:10:00,158.668,200.733,140.307,1354.94,392.3,,198.128,85.25,150.06,258.438,94.118,148.36,176.346,160.346,180.722,178.258,103.264,125.154,252.5
2005-01-18 13:15:00,158.636,202.133,139.373,1353.96,395.197,99.58,197.13,85.19,148.787,262.138,91.507,150.04,180.74,162.914,180.182,178.442,103.062,125.76,249.288
2005-01-18 13:20:00,159.144,204.433,140.273,1350.16,396.383,,195.262,84.05,151.443,261.516,91.686,147.44,178.122,162.916,179.252,177.03,103.112,127.41,248.978
2005-01-18 13:25:00,158.752,202.2,140.95,1348.82,396.533,,197.002,84.01,150.687,263.53,92.19,149.44,178.51,164.184,181.232,181.524,102.686,126.428,248.718
2005-01-18 13:30:00,157.688,204.033,141.187,1354.74,394.95,99.251,198.888,84.646,150.747,265.381,92.215,149.66,179.4,162.042,180.348,179.86,103.524,126.616,249.348
2005-01-18 13:35:00,157.8,204.167,139.747,1361.0,395.043,,197.04,86.048,149.477,265.998,91.002,148.66,177.806,161.92,178.158,177.138,103.458,126.908,247.146
2005-01-18 13:40:00,158.1,206.167,140.827,1358.1,392.057,,197.928,85.118,150.447,265.279,92.608,148.54,181.216,162.712,180.166,179.068,103.012,126.686,247.118
2005-01-18 13:45:00,157.31,204.933,141.85,1357.42,396.63,99.726,198.01,85.27,152.053,263.912,91.025,146.74,178.346,163.314,182.404,179.358,103.614,127.368,249.894
2005-01-18 13:50:00,158.86,205.0,142.007,1353.34,399.683,,198.37,86.458,150.437,264.755,91.107,146.88,180.412,165.518,180.912,180.45,103.152,127.796,250.72
2005-01-18 13:55:00,157.756,205.133,142.36,1361.44,395.087,,197.404,84.98,149.973,260.713,90.591,146.78,177.606,163.654,181.722,179.728,102.252,128.722,251.058
2005-01-18 14:00:00,159.632,203.467,139.153,1362.5,392.363,98.76,195.838,86.196,148.067,264.038,92.788,147.08,177.25,162.598,182.562,181.228,103.426,129.11,253.42
2005-01-18 14:05:00,159.946,204.167,140.1,1358.02,393.433,,197.534,86.136,151.437,263.509,91.215,148.24,179.056,163.438,181.932,179.47,102.424,129.742,250.464
2005-01-18 14:10:00,158.978,203.933,140.417,1350.56,393.057,,195.424,86.198,150.103,257.714,90.737,149.56,178.094,160.762,181.63,179.888,102.05,129.608,252.916
2005-01-18 14:15:00,156.882,205.433,140.15,1352.1,392.877,97.919,195.896,84.526,148.987,261.169,92.61,148.5,177.858,164.584,181.478,179.118,103.324,129.406,253.24
2005-01-18 14:20:00,158.896,205.133,142.81,1350.62,388.767,,195.606,85.958,150.683,263.81,91.391,149.1,178.108,162.64,180.486,176.938,102.518,131.466,256.958
2005-01-18 14:25:00,157.508,205.8,138.98,1350.86,393.947,,196.74,86.112,148.697,263.216,92.224,148.38,180.764,161.676,183.054,179.376,102.232,128.624,255.006
2005-01-18 14:30:00,159.864,202.833,141.263,1347.88,396.197,98.914,198.322,86.266,149.75,264.26,91.108,149.26,180.292,163.744,181.372,181.788,101.28,129.854,253.196
2005-01-18 14:35:00,160.32,203.8,140.673,1352.38,392.137,,194.706,85.774,150.243,263.963,91.752,147.72,179.118,160.18,181.64,183.256,102.972,130.87,257.82
2005-01-18 14:40:00,158.826,205.133,139.133,1350.8,395.07,,198.908,86.624,149.817,267.034,92.18,149.5,179.382,161.282,180.806,180.01,102.148,131.24,255.8
2005-01-18 14:45:00,158.274,206.067,141.26,1355.86,397.523,98.745,198.318,86.756,149.657,268.83,91.682,149.82,177.524,162.578,182.442,182.338,103.84,129.37,253.056
2005-01-18 14:50:00,159.368,202.1,141.283,1343.08,395.623,,196.544,86.336,148.297,268.765,92.021,149.9,178.962,162.272,183.792,179.864,103.388,130.322,256.872
2005-01-18 14:55:00,157.452,204.667,141.15,1347.34,394.16,,196.028,86.012,149.323,268.404,91.949,149.9,179.792,162.858,182.882,180.81,102.834,129.43,255.224
2005-01-18 15:00:00,157.866,205.567,141.897,1349.9,394.753,98.877,196.148,85.788,148.957,264.967,92.686,149.16,179.318,163.494,182.24,182.376,102.35,129.62,254.15
2005-01-18 15:05:00,158.256,207.8,140.077,1344.18,396.747,,195.606,86.296,150.893,268.043,92.484,150.44,180.716,163.076,183.076,180.756,102.106,128.25,254.874
2005-01-18 15:10:00,159.092,204.6,140.573,1344.68,391.493,,197.692,84.726,149.28,267.357,92.587,151.44,180.02,165.46,182.082,180.604,103.516,130.256,252.802
2005-01-18 15:15:00,156.386,206.8,141.243,1348.56,397.617,99.368,198.024,85.298,149.027,270.959,93.224,151.5,179.882,163.512,184.158,182.02,102.626,129.64,254.378
2005-01-18 15:20:00,156.27,205.2,140.627,1357.54,394.56,,198.762,84.116,150.627,270.435,93.814,151.74,180.766,162.922,182.984,181.886,102.884,129.106,252.282
2005-01-18 15:25:00,155.794,203.567,140.66,1356.3,396.563,,196.876,85.7,149.057,265.819,92.33,149.52,181.502,162.32,182.772,180.12,101.886,129.934,251.628
2005-01-18 15:30:00,158.956,203.7,140.16,1357.5,397.13,100.153,197.338,84.162,150.573,266.572,92.228,149.88,179.072,161.896,185.122,182.916,102.334,128.218,254.386
2005-01-18 15:35:00,156.652,203.2,139.47,1362.4,393.637,,198.826,85.604,151.44,265.717,93.252,147.94,180.246,162.914,182.69,180.006,102.246,127.986,252.08
2005-01-18 15:40:00,155.878,203.0,140.323,1353.36,398.07,,196.554,83.836,150.643,268.567,92.289,150.0,178.644,161.41,183.056,179.922,102.7,129.94,252.428
2005-01-18 15:45:00,155.086,202.167,138.597,1359.4,391.797,99.645,195.47,84.034,150.83,266.237,92.936,149.5,181.678,162.828,183.092,180.886,103.358,128.906,251.536
2005-01-18 15:50:00,156.558,200.833,139.533,1351.86,391.923,,193.462,84.924,149.887,266.495,91.32,148.82,179.576,164.282,181.336,180.55,101.876,128.83,252.376
2005-01-18 15:55:00,156.342,201.067,139.197,1355.12,392.24,,191.452,84.928,150.22,268.135,92.028,147.48,178.908,164.072,183.406,181.746,103.852,128.034,253.72
2005-01-18 16:00:00,155.3,203.167,143.367,1359.68,397.574,99.474,192.778,87.042,150.057,265.533,92.437,148.86,177.556,163.08,184.318,179.29,103.342,128.148,254.446
2005-01-18 16:05:00,156.586,201.333,139.97,1369.26,392.867,,193.556,85.632,149.587,264.144,92.6,148.06,181.43,163.124,182.214,181.092,102.992,128.126,252.592
2005-01-18 16:10:00,156.506,202.533,140.29,1360.62,392.783,,194.324,84.52,147.057,263.221,91.441,148.26,179.36,161.252,183.124,180.218,103.234,130.112,251.176
2005-01-18 16:15:00,154.692,203.0,137.91,1362.24,389.797,99.568,193.038,86.126,149.687,267.568,90.532,149.26,179.472,161.504,181.196,178.702,102.472,128.766,252.018
2005-01-18 16:20:00,150.154,202.567,138.703,1358.92,388.733,,192.862,86.6,149.293,267.535,91.246,149.2,178.112,163.778,182.746,178.608,101.912,128.546,251.036
2005-01-18 16:25:00,153.74,203.267,138.507,1362.28,389.103,,196.95,85.514,147.03,268.359,92.425,149.6,180.194,162.422,181.042,179.708,101.264,129.492,250.506
2005-01-18 16:30:00,153.484,203.167,138.897,1367.84,387.017,98.152,194.722,84.688,149.927,267.367,92.3,150.22,178.572,163.704,183.972,180.242,102.356,129.194,252.346
2005-01-18 16:35:00,154.758,202.6,136.91,1359.9,389.16,,195.85,86.114,146.943,267.232,91.774,148.14,179.85,161.25,182.436,180.046,101.574,128.206,251.062
2005-01-18 16:40:00,154.514,198.2,138.487,1348.34,390.923,,193.588,84.668,148.813,266.705,91.251,148.54,179.75,163.004,182.004,181.204,101.474,128.222,252.42
2005-01-18 16:45:00,153.154,204.133,136.793,1366.7,388.62,98.307,194.052,85.982,148.953,267.061,91.63,147.38,178.832,163.672,183.27,182.476,102.26,127.584,253.39
2005-01-18 16:50:00,155.148,203.4,136.853,1354.42,390.53,,192.094,86.958,148.163,265.369,91.235,149.72,178.788,161.462,183.966,176.972,101.404,127.124,253.324
2005-01-18 16:55:00,156.142,201.0,138.253,1349.96,389.544,,192.14,86.718,148.74,270.067,93.002,150.28,181.3,162.344,182.684,181.36,101.48,127.964,252.412
2005-01-18 17:00:00,153.436,202.067,139.2,1352.48,387.067,98.268,194.198,85.982,151.0,264.736,94.593,146.04,180.066,161.722,183.722,179.696,100.998,128.074,251.634
2005-01-18 17:05:00,154.722,204.167,136.843,1357.08,388.433,,193.354,86.028,148.99,267.05,91.446,147.68,178.772,161.596,182.598,180.804,100.164,126.982,249.476
2005-01-18 17:10:00,155.146,199.633,138.317,1350.82,388.453,,192.692,85.848,149.493,265.061,91.171,148.92,178.8,163.404,181.58,179.78,100.98,125.978,251.498
2005-01-18 17:15:00,153.642,202.2,135.867,1349.14,386.697,97.945,191.418,85.66,147.733,267.477,90.496,146.82,178.372,163.452,184.122,180.298,101.394,128.224,248.528
2005-01-18 17:20:00,154.662,198.767,137.29,1348.3,385.117,,193.582,83.954,150.027,265.222,91.635,147.96,177.244,163.824,180.554,179.216,100.702,125.286,251.954
2005-01-18 17:25:00,153.712,198.333,135.793,1351.24,382.49,,193.598,85.398,147.053,266.184,90.41,145.58,178.672,164.008,178.294,180.084,102.594,127.736,250.546
2005-01-18 17:30:00,152.84,200.4,136.597,1343.7,385.2,97.499,192.206,84.406,147.817,267.743,89.106,147.2,178.592,164.024,181.072,179.308,101.886,128.296,251.47
2005-01-18 17:35:00,153.612,202.967,134.973,1349.5,381.767,,191.854,85.192,146.86,268.31,91.414,147.78,181.03,164.518,180.508,181.146,101.244,128.146,253.082
2005-01-18 17:40:00,153.484,200.1,138.103,1348.78,381.983,,192.806,85.796,145.037,269.569,90.52,146.96,180.4,161.448,182.258,182.066,100.554,127.21,250.59
2005-01-18 17:45:00,154.676,201.733,135.613,1339.04,383.737,97.405,192.156,86.046,147.847,265.917,90.517,147.06,179.458,162.216,182.572,180.748,101.438,126.826,248.146
2005-01-18 17:50:00,153.462,200.567,136.09,1354.64,380.393,,188.676,84.67,147.527,268.605,90.13,146.72,179.226,161.6,182.116,180.876,101.174,127.998,250.038
2005-01-18 17:55:00,152.422,200.733,138.873,1350.4,379.643,,189.218,85.08,147.53,267.378,89.756,146.62,183.44,163.596,183.056,179.494,102.912,127.43,251.65
2005-01-18 18:00:00,152.942,201.633,135.323,1346.58,379.433,96.495,191.578,85.916,145.437,268.933,91.199,146.0,180.904,162.864,182.634,181.644,102.642,127.224,251.566
2005-01-18 18:05:00,152.74,200.633,134.96,1353.02,379.193,,191.622,83.454,146.477,266.482,88.743,144.26,181.23,160.97,180.652,179.794,102.176,127.454,248.522
2005-01-18 18:10:00,154.694,200.033,137.097,1344.44,379.473,,189.704,84.646,145.027,268.967,89.757,144.32,181.014,162.57,181.65,180.144,102.278,128.562,251.766
2005-01-18 18:15:00,151.932,199.233,135.63,1347.14,381.703,95.776,188.784,84.462,146.54,267.099,90.961,146.06,178.776,161.06,180.944,181.012,103.094,128.554,250.624
2005-01-18 18:20:00,153.856,202.067,136.497,1353.5,377.51,,188.346,83.102,144.1,268.131,88.019,145.7,180.198,161.632,179.246,180.29,101.79,127.228,250.584
2005-01-18 18:25:00,153.224,197.5,138.157,1356.24,380.87,,191.278,82.878,144.59,266.497,90.743,146.28,180.328,162.554,180.64,180.238,102.176,127.95,251.524
2005-01-18 18:30:00,153.588,200.167,136.24,1350.24,377.353,96.134,190.976,84.956,145.377,264.061,90.204,143.46,179.236,160.91,178.624,181.366,101.5,128.12,252.778
2005-01-18 18:35:00,153.576,199.1,135.05,1353.5,377.47,,190.07,83.38,145.927,266.791,90.884,144.62,179.94,162.024,180.378,180.362,102.076,127.162,251.048
2005-01-18 18:40:00,153.996,198.8,136.66,1359.08,379.637,,189.318,85.724,144.796,262.262,89.683,145.6,177.822,161.762,182.45,179.87,100.418,128.078,251.04
2005-01-18 18:45:00,151.986,202.367,135.887,1355.72,378.043,95.673,191.846,84.632,144.137,262.729,89.469,146.2,177.93,162.24,179.044,179.118,100.518,127.124,250.83
2005-01-18 18:50:00,153.654,199.233,137.923,1355.72,376.647,,189.226,83.856,147.12,265.953,91.642,145.74,180.5,162.124,181.494,182.802,100.652,129.358,250.778
2005-01-18 18:55:00,153.058,201.6,134.003,1355.44,375.2,,190.676,83.676,146.1,265.58,89.705,145.8,181.094,162.416,180.91,182.206,101.77,126.638,249.718
2005-01-18 19:00:00,151.812,197.633,136.483,1352.38,377.573,96.789,191.018,84.392,145.537,266.341,90.498,145.16,178.736,161.668,181.664,182.224,102.316,126.914,246.528
2005-01-18 19:05:00,151.972,199.0,136.87,1347.88,377.02,,190.844,85.892,144.683,262.847,92.054,147.16,179.618,160.944,180.594,181.22,101.758,125.564,246.714
2005-01-18 19:10:00,151.968,200.933,136.433,1344.46,378.613,,193.626,84.878,145.51,267.846,91.052,147.24,180.196,162.94,179.03,179.978,101.258,126.65,243.26
2005-01-18 19:15:00,153.862,201.233,138.33,1351.16,381.863,97.408,191.232,84.77,144.673,268.151,89.388,145.7,176.668,160.242,179.422,178.886,103.878,125.862,248.042
2005-01-18 19:20:00,152.166,202.367,133.963,1354.84,378.8,,189.88,86.742,143.923,267.789,90.098,147.04,179.698,162.698,181.43,179.558,100.82,125.308,245.754
2005-01-18 19:25:00,151.918,200.133,135.657,1350.34,378.07,,191.532,86.016,144.953,264.5,90.691,144.82,178.198,161.548,181.594,181.478,102.784,126.27,249.284
2005-01-18 19:30:00,153.232,200.3,136.647,1349.7,381.0,96.622,190.716,84.874,145.807,266.397,91.625,145.48,178.108,160.796,183.45,179.206,101.95,126.004,250.506
2005-01-18 19:35:00,152.954,201.4,136.57,1349.74,377.887,,188.494,85.19,145.947,265.802,90.101,146.7,179.566,160.338,183.124,179.258,101.864,125.394,248.578
2005-01-18 19:40:00,152.462,204.167,136.19,1355.86,384.32,,190.696,85.778,145.793,266.339,89.989,145.44,178.572,159.75,184.336,180.54,100.954,126.164,247.804
2005-01-18 19:45:00,152.756,203.533,136.063,1354.08,379.047,96.257,190.938,86.204,146.927,266.539,88.474,146.78,175.794,160.608,185.476,180.43,100.994,126.244,247.91
2005-01-18 19:50:00,153.108,202.367,137.557,1353.24,380.973,,189.282,87.27,148.067,266.373,88.153,142.24,177.794,163.01,184.048,182.304,101.192,126.27,248.452
2005-01-18 19:55:00,153.276,200.6,136.44,1363.22,381.14,,190.404,87.98,147.257,263.309,89.897,143.22,175.69,163.54,181.728,180.016,101.054,126.386,248.134
2005-01-18 20:00:00,152.058,203.067,138.173,1358.66,383.257,97.18,189.466,87.308,145.67,262.504,89.144,147.24,178.46,159.226,182.014,180.304,100.928,125.464,247.744
2005-01-18 20:05:00,152.524,203.7,137.403,1357.66,380.637,,193.152,85.9,146.39,265.204,90.541,144.96,176.044,161.676,182.458,180.728,101.142,125.734,247.502
2005-01-18 20:10:00,150.476,201.333,137.457,1362.18,382.507,,190.206,85.678,145.997,262.819,89.462,145.84,177.596,163.578,182.746,178.274,101.128,124.852,248.038
2005-01-18 20:15:00,154.252,202.567,137.64,1355.2,383.57,96.744,192.956,85.904,144.057,261.823,90.456,145.08,177.374,160.928,181.702,179.742,101.402,125.36,245.13
2005-01-18 20:20:00,154.832,202.967,136.153,1355.26,376.293,,192.586,85.616,146.356,261.116,90.647,147.44,178.84,161.356,179.384,178.188,102.04,124.592,245.224
2005-01-18 20:25:00,152.136,200.933,135.353,1364.34,374.667,,191.448,84.178,146.683,261.206,89.478,143.82,175.656,161.292,183.788,179.164,101.99,124.99,244.912
2005-01-18 20:30:00,153.348,200.567,136.913,1363.76,380.2,96.5,191.784,84.742,145.137,257.414,90.002,146.94,177.336,160.942,182.662,179.39,102.61,126.76,247.31
2005-01-18 20:35:00,153.21,198.333,136.683,1352.42,381.893,,191.4,84.93,144.57,261.44,90.247,145.82,177.87,160.024,182.386,179.452,103.19,126.468,247.914
2005-01-18 20:40:00,153.374,202.567,135.68,1358.5,377.333,,191.2,83.494,146.703,262.512,89.11,146.12,176.884,160.568,183.74,181.08,102.512,126.572,249.97
2005-01-18 20:45:00,155.06,201.533,135.093,1353.82,379.93,96.627,192.948,84.156,145.596,261.463,90.289,146.04,177.094,161.806,184.036,180.824,101.748,126.116,249.358
2005-01-18 20:50:00,153.728,203.333,136.957,1360.68,376.767,,192.684,86.712,146.99,262.955,89.53,144.04,177.462,159.998,181.814,179.71,103.006,126.696,247.47
2005-01-18 20:55:00,153.926,201.933,134.3,1356.66,379.08,,191.842,86.174,146.973,263.454,90.66,146.12,176.892,161.202,180.258,180.632,104.04,126.806,248.102
2005-01-18 21:00:00,152.992,203.233,135.953,1353.66,382.077,97.306,191.264,85.602,144.32,265.519,89.835,145.0,181.082,161.702,179.556,181.77,102.1,126.828,244.02
2005-01-18 21:05:00,151.77,202.033,136.547,1345.88,382.24,,191.134,85.204,144.11,262.163,89.483,146.12,178.964,161.312,181.96,180.218,101.78,126.9,245.066
2005-01-18 21:10:00,152.924,204.4,136.08,1355.0,377.493,,189.216,87.408,145.37,265.692,88.723,144.98,176.836,160.372,181.416,180.416,101.844,126.12,245.17
2005-01-18 21:15:00,153.814,203.4,135.387,1352.96,380.6,96.29,190.782,86.056,145.347,264.002,88.789,147.8,179.684,162.298,181.148,182.466,102.806,124.002,245.434
2005-01-18 21:20:00,152.926,202.9,136.673,1347.3,382.347,,189.828,84.904,145.077,264.627,90.105,146.08,179.638,163.864,179.686,180.53,101.91,124.736,245.962
2005-01-18 21:25:00,153.442,204.0,134.917,1337.56,380.85,,192.168,84.918,146.697,263.502,89.65,145.84,179.184,164.304,177.438,180.96,102.87,124.916,244.66
2005-01-18 21:30:00,151.266,202.3,136.277,1345.94,382.2,97.568,189.104,85.198,145.923,265.897,90.253,146.22,180.274,162.726,181.088,181.26,102.742,125.204,243.034
2005-01-18 21:35:00,154.182,202.267,137.613,1358.76,384.617,,190.286,86.014,146.023,266.629,90.082,145.32,181.82,162.776,179.67,183.28,101.524,123.962,243.368
2005-01-18 21:40:00,155.576,201.467,138.56,1340.9,381.613,,190.968,84.898,145.653,266.638,89.631,147.6,179.128,164.508,182.302,181.73,102.288,124.686,242.792
2005-01-18 21:45:00,151.818,203.6,138.907,1344.06,386.557,96.632,188.876,84.718,146.823,264.021,88.875,145.12,180.986,163.736,182.786,183.202,102.798,122.48,241.564
2005-01-18 21:50:00,154.318,203.833,136.267,1340.32,380.32,,190.876,84.498,145.813,265.647,88.492,145.38,182.398,162.252,179.334,182.192,103.544,124.548,239.096
2005-01-18 21:55:00,151.926,203.267,137.21,1341.68,382.35,,192.33,83.572,144.156,264.16,90.194,144.62,180.41,163.486,180.812,179.974,102.754,122.564,240.908
2005-01-18 22:00:00,152.952,203.633,137.76,1332.98,382.027,96.445,192.062,84.924,145.443,266.416,89.02,145.62,180.602,163.472,179.922,181.154,104.266,120.898,241.234
2005-01-18 22:05:00,151.752,202.633,135.757,1326.08,379.59,,191.53,84.936,145.653,264.591,90.755,146.62,179.332,162.966,180.798,180.48,103.714,122.324,238.66
2005-01-18 22:10:00,152.51,202.067,134.423,1331.72,378.67,,191.054,84.56,145.433,265.648,88.984,145.8,181.116,164.216,180.362,181.686,103.554,121.528,236.618
2005-01-18 22:15:00,150.216,202.667,135.43,1336.18,376.63,96.109,189.11,82.798,146.084,261.664,89.872,144.44,182.982,164.114,182.102,180.994,103.794,121.964,240.694
2005-01-18 22:20:00,150.796,203.567,134.29,1327.82,376.623,,194.016,84.352,143.17,265.979,88.857,146.42,179.05,160.4,181.584,180.62,102.612,121.446,237.868
2005-01-18 22:25:00,149.482,200.8,136.187,1324.06,374.437,,190.032,84.518,146.076,264.612,90.015,145.02,182.01,162.038,181.268,180.296,104.19,122.018,238.194
2005-01-18 22:30:00,149.766,198.833,133.347,1322.98,377.103,96.261,191.302,82.19,145.8,258.677,91.378,144.3,181.02,162.736,180.804,179.478,102.852,121.81,240.15
2005-01-18 22:35:00,151.462,199.7,134.393,1327.06,375.72,,190.816,83.252,146.017,261.299,90.256,146.62,178.872,162.982,182.944,180.076,103.222,122.108,236.838
2005-01-18 22:40:00,150.206,198.667,134.863,1327.46,373.713,,188.44,82.186,148.144,261.399,90.363,145.52,179.198,163.37,180.04,180.474,102.664,121.374,237.556
2005-01-18 22:45:00,150.582,200.267,133.983,1325.48,373.247,96.022,191.632,83.312,144.963,257.946,89.315,146.82,178.442,161.768,179.992,177.778,101.004,121.152,237.928
2005-01-18 22:50:00,152.312,199.467,136.02,1321.02,376.147,,189.502,82.76,142.587,259.241,89.888,144.12,177.23,159.454,180.506,179.588,102.03,121.842,237.142
2005-01-18 22:55:00,151.528,199.4,132.88,1330.16,371.237,,189.346,82.652,144.154,258.411,87.155,144.9,176.968,160.458,180.518,178.3,102.98,120.302,238.374
2005-01-18 23:00:00,150.438,198.533,133.627,1315.88,374.773,94.806,187.548,84.336,144.947,262.104,89.708,140.78,177.484,160.484,181.198,177.578,101.278,120.782,236.848
2005-01-18 23:05:00,149.72,200.167,135.127,1330.32,371.407,,184.01,83.5,144.31,261.406,85.744,139.52,178.732,161.896,181.96,178.4,101.3,122.862,238.918
2005-01-18 23:10:00,149.696,196.533,135.703,1323.14,366.06,,180.682,83.052,142.58,259.616,85.895,139.14,175.09,162.77,181.546,178.386,100.762,121.162,239.576
2005-01-18 23:15:00,148.902,198.933,132.737,1315.92,360.587,94.719,179.168,83.354,142.163,262.6,85.987,138.34,176.81,162.078,179.062,179.018,100.01,121.658,239.83
2005-01-18 23:20:00,151.89,199.2,132.137,1318.1,359.666,,182.924,83.388,140.597,262.501,85.114,139.78,176.732,161.902,178.704,179.124,102.158,122.002,241.938
2005-01-18 23:25:00,147.298,196.833,132.713,1318.54,357.977,,182.106,84.078,138.213,261.191,84.582,140.88,175.542,163.212,181.254,177.034,100.06,122.542,243.488
2005-01-18 23:30:00,148.906,195.933,130.837,1321.42,361.17,91.786,181.594,83.1,137.253,261.365,84.712,137.92,177.828,162.754,177.726,179.262,100.63,122.81,240.778
2005-01-18 23:35:00,150.244,197.967,132.827,1319.42,357.717,,182.914,83.974,139.043,260.934,86.833,138.88,177.444,161.598,180.874,178.783,101.146,123.104,240.826
2005-01-18 23:40:00,147.512,197.333,132.02,1317.52,358.713,,182.112,83.206,137.373,261.764,84.663,139.58,174.77,160.532,176.618,180.877,102.644,122.324,240.398
2005-01-18 23:45:00,148.482,199.333,131.7,1309.48,359.047,91.807,183.462,83.32,138.903,262.826,85.797,139.14,177.048,161.188,176.89,179.254,99.128,121.752,238.516
2005-01-18 23:50:00,149.4,194.267,130.813,1310.18,359.01,,181.842,82.112,138.543,259.549,85.866,139.06,177.332,161.174,175.618,178.882,99.312,121.452,240.994
2005-01-18 23:55:00,148.612,196.667,130.937,1316.84,356.62,,182.708,82.136,139.533,261.266,84.966,138.92,175.422,157.954,177.1,177.964,99.246,122.398,239.62
2005-01-19 00:00:00,148.492,197.667,130.487,1320.02,358.697,91.737,182.128,81.806,138.277,261.398,86.747,140.06,176.222,159.084,175.804,177.964,99.306,120.65,239.2
2005-01-19 00:05:00,148.196,194.533,131.08,1311.7,361.707,,181.604,81.502,138.483,258.597,85.885,138.7,175.508,158.066,176.018,176.11,98.742,121.198,236.38
2005-01-19 00:10:00,147.77,195.833,131.397,1312.1,360.107,,184.066,81.18,137.95,263.104,84.713,138.12,179.342,157.272,175.416,178.416,98.92,120.074,237.022
2005-01-19 00:15:00,148.542,197.733,132.687,1319.38,359.073,92.464,182.836,81.478,140.84,259.326,85.345,140.06,176.162,159.982,174.878,179.21,96.608,119.106,234.48
2005-01-19 00:20:00,148.52,198.033,130.773,1316.22,359.58,,182.94,82.224,136.47,260.255,86.977,140.28,178.402,159.52,173.992,179.224,97.974,119.902,236.39
2005-01-19 00:25:00,147.532,192.933,131.143,1317.18,360.883,,183.152,80.844,136.827,262.052,85.485,140.52,176.652,159.046,176.554,177.334,97.688,119.492,235.894
2005-01-19 00:30:00,149.852,193.767,129.39,1316.74,357.28,91.855,182.622,82.948,138.11,260.594,87.092,139.06,178.594,161.084,172.332,177.704,98.06,118.786,235.324
2005-01-19 00:35:00,147.896,197.0,131.29,1306.32,357.94,,182.68,82.24,139.83,260.728,86.382,139.58,175.866,159.412,173.27,175.344,97.936,118.4,235.834
2005-01-19 00:40:00,146.786,195.133,129.45,1313.2,358.36,,183.104,81.25,139.357,259.866,86.799,140.74,175.712,158.104,173.378,177.134,98.872,119.658,234.34
2005-01-19 00:45:00,149.974,195.033,131.813,1310.58,361.607,92.895,183.172,80.736,137.487,262.616,85.389,142.0,176.126,158.424,173.71,176.582,99.31,119.824,236.488
2005-01-19 00:50:00,149.282,195.767,130.163,1309.76,363.093,,183.332,78.888,139.07,259.776,86.673,140.88,176.356,161.064,174.518,175.966,98.352,117.952,234.958
2005-01-19 00:55:00,149.142,195.733,133.043,1310.0,360.353,,184.516,80.388,141.057,259.529,85.309,139.8,176.448,156.972,174.476,173.896,98.098,119.228,236.832
2005-01-19 01:00:00,149.944,191.967,130.653,1313.54,364.934,91.964,185.484,81.786,139.023,259.695,87.766,139.7,175.452,156.996,174.238,175.786,98.698,118.012,233.826
2005-01-19 01:05:00,149.784,195.433,129.207,1313.92,360.653,,184.49,80.484,140.894,259.76,85.612,141.5,177.962,158.878,172.816,174.214,99.034,119.052,233.694
2005-01-19 01:10:00,148.24,192.633,129.78,1318.28,363.043,,181.648,80.982,138.32,259.926,85.466,140.9,176.94,157.914,174.158,174.68,98.83,119.466,234.386
2005-01-19 01:15:00,148.916,196.167,131.347,1316.68,364.583,92.983,187.926,80.94,139.76,259.628,86.689,140.62,178.54,161.196,172.002,171.684,98.322,117.558,232.132
2005-01-19 01:20:00,149.442,194.067,132.37,1316.84,361.31,,184.806,79.066,139.157,256.115,86.782,140.5,176.094,157.93,174.032,173.59,96.456,118.372,233.27
2005-01-19 01:25:00,148.846,196.333,130.727,1318.68,363.503,,186.508,79.74,140.613,255.049,86.252,137.94,175.892,157.46,172.288,173.632,97.97,117.58,232.268
2005-01-19 01:30:00,150.048,192.333,132.153,1315.28,360.573,92.795,185.916,78.57,140.44,256.973,85.619,140.8,174.82,161.404,174.416,174.818,98.568,117.056,231.456
2005-01-19 01:35:00,146.648,194.333,130.75,1313.88,361.737,,184.52,80.23,140.98,256.269,85.999,140.56,173.832,157.844,173.222,171.976,98.06,119.032,232.87
2005-01-19 01:40:00,147.32,194.033,131.047,1312.56,364.223,,185.182,79.986,139.733,255.772,85.078,139.66,174.308,157.106,172.93,170.816,96.638,118.718,229.81
2005-01-19 01:45:00,147.226,195.5,131.58,1312.22,359.343,92.113,183.108,81.192,138.71,258.326,85.354,140.1,174.59,157.446,170.846,174.182,98.14,118.118,231.34
2005-01-19 01:50:00,149.716,193.0,129.92,1318.24,364.13,,182.83,81.614,139.863,254.609,86.42,137.8,174.292,159.97,171.712,173.342,99.494,117.624,232.636
2005-01-19 01:55:00,149.18,194.2,131.04,1320.9,360.513,,185.41,80.072,138.58,254.926,85.303,139.48,176.258,159.302,169.894,172.832,97.452,116.656,232.366
2005-01-19 02:00:00,147.718,192.867,132.0,1319.82,364.517,92.741,185.134,79.338,139.03,258.185,85.035,138.98,175.902,159.598,169.42,171.854,98.144,117.826,231.446
2005-01-19 02:05:00,150.678,193.533,129.457,1324.16,359.827,,184.04,80.028,138.537,258.326,86.312,140.7,175.13,160.558,168.034,172.534,98.236,117.85,232.172
2005-01-19 02:10:00,148.32,196.033,131.643,1317.24,363.543,,184.668,80.844,138.59,258.033,87.963,139.26,174.954,158.392,170.37,173.006,98.254,117.446,230.768
2005-01-19 02:15:00,148.664,192.8,132.38,1326.48,363.223,92.025,184.896,79.532,138.333,257.309,85.949,139.22,176.11,158.646,170.816,175.028,97.652,116.956,230.198
2005-01-19 02:20:00,148.126,193.533,130.243,1328.64,360.897,,183.908,81.258,139.897,258.081,85.696,140.48,175.318,158.88,171.954,173.58,98.894,116.61,227.9
2005-01-19 02:25:00,149.418,197.133,131.327,1322.52,363.977,,183.71,80.052,137.593,255.697,85.968,141.02,174.16,158.47,167.664,171.62,98.042,116.03,228.086
2005-01-19 02:30:00,148.07,192.767,131.663,1331.54,361.477,92.147,183.582,80.472,138.62,254.522,85.249,140.96,175.024,159.308,171.744,172.248,97.97,116.944,228.4
2005-01-19 02:35:00,150.452,193.733,132.713,1329.56,357.217,,183.774,81.066,139.077,256.323,86.604,141.34,174.25,158.926,170.824,172.086,98.224,115.156,228.698
2005-01-19 02:40:00,149.16,193.867,130.937,1326.12,363.41,,185.492,77.77,140.31,255.412,85.613,141.22,174.836,158.146,169.554,174.076,99.432,115.5,230.204
2005-01-19 02:45:00,148.278,193.033,131.927,1336.6,363.593,92.621,183.744,78.882,138.87,256.159,86.064,140.82,174.23,157.914,168.852,173.236,98.466,115.356,228.294
2005-01-19 02:50:00,149.874,193.5,131.7,1325.68,364.5,,182.574,78.892,139.647,258.161,85.291,140.28,173.234,158.544,170.242,174.922,99.358,115.926,230.542
2005-01-19 02:55:00,147.992,194.433,131.017,1335.84,362.347,,187.456,80.424,138.627,256.235,86.405,139.92,174.47,159.91,170.306,174.252,98.636,115.422,231.0
2005-01-19 03:00:00,149.976,194.933,131.957,1336.9,361.863,93.54,183.176,80.896,139.713,258.329,86.517,142.08,176.424,157.616,170.262,171.744,98.59,116.328,230.206
2005-01-19 03:05:00,149.102,191.7,132.097,1338.46,362.98,,182.566,79.694,138.937,256.596,85.025,138.54,174.86,159.28,171.654,174.08,99.352,116.68,228.496
2005-01-19 03:10:00,149.528,190.6,130.903,1336.36,362.897,,184.236,79.92,138.913,257.041,85.734,142.26,174.232,159.102,171.842,172.95,99.394,116.866,230.85
2005-01-19 03:15:00,150.896,194.333,131.987,1339.94,361.987,92.527,183.834,80.536,140.08,254.655,85.982,140.84,174.006,157.28,169.378,173.764,99.096,117.53,231.344
2005-01-19 03:20:00,152.046,193.933,131.057,1340.34,367.793,,182.576,80.276,138.247,255.116,85.899,139.98,174.398,157.54,172.25,172.866,96.866,115.976,232.906
2005-01-19 03:25:00,149.678,192.867,131.177,1336.08,366.857,,183.292,79.918,139.52,257.512,86.659,141.78,176.698,161.604,172.154,171.8,96.902,116.618,230.396
2005-01-19 03:30:00,149.96,195.533,132.263,1346.44,364.49,92.676,184.848,81.376,138.053,257.331,85.449,140.56,177.376,158.25,170.982,173.148,98.704,117.96,229.858
2005-01-19 03:35:00,147.83,194.467,130.473,1342.38,364.267,,186.216,81.004,140.077,259.468,87.361,141.56,174.888,160.768,171.222,173.408,98.526,116.99,231.65
2005-01-19 03:40:00,150.392,192.267,132.287,1333.64,363.947,,186.052,80.704,138.61,255.551,86.566,139.48,174.44,159.386,169.588,172.434,99.24,117.512,228.204
2005-01-19 03:45:00,151.404,192.733,131.59,1334.9,364.707,92.754,183.734,81.296,138.633,260.843,86.346,139.3,175.574,160.48,171.042,173.17,99.092,117.12,230.424
2005-01-19 03:50:00,150.616,192.133,131.013,1347.78,363.613,,183.288,78.978,139.143,256.016,87.38,139.88,175.336,159.168,171.91,172.416,97.74,117.204,228.638
2005-01-19 03:55:00,149.156,193.867,134.023,1338.56,361.863,,185.61,81.17,140.72,256.761,85.237,140.08,176.866,158.952,169.596,172.108,98.722,116.038,229.386
2005-01-19 04:00:00,149.354,193.867,131.903,1341.4,365.3,92.837,184.21,80.348,138.596,259.456,85.96,139.2,177.442,159.638,173.048,175.318,98.636,114.678,228.732
2005-01-19 04:05:00,149.506,193.1,132.413,1338.3,362.213,,182.42,78.476,139.763,259.534,86.417,139.64,174.822,159.338,172.172,172.716,98.45,117.312,230.606
2005-01-19 04:10:00,149.668,192.367,131.287,1329.88,364.19,,185.702,80.94,138.64,258.744,86.619,138.8,175.294,158.324,171.486,174.522,97.072,117.99,231.958
2005-01-19 04:15:00,149.806,193.367,131.66,1341.18,363.263,92.728,185.528,79.064,138.363,258.438,86.543,141.88,172.756,158.57,171.72,171.45,98.698,117.098,232.38
2005-01-19 04:20:00,150.074,192.1,132.08,1338.42,364.5,,184.522,80.668,137.203,258.348,86.128,140.3,176.74,159.234,170.686,171.84,98.038,116.01,229.03
2005-01-19 04:25:00,149.858,192.367,135.21,1332.38,364.17,,183.808,80.776,140.01,259.882,84.666,140.58,174.904,158.104,168.11,175.286,98.56,114.976,232.084
2005-01-19 04:30:00,152.726,190.433,132.977,1332.58,366.83,93.54,185.48,78.062,138.677,256.983,85.701,139.74,173.34,161.956,170.298,171.056,99.45,116.794,232.764
2005-01-19 04:35:00,150.62,191.1,131.64,1339.54,365.28,,185.088,80.988,139.524,257.62,86.838,141.66,175.496,158.74,171.458,171.652,98.608,118.564,231.146
2005-01-19 04:40:00,150.122,193.633,131.74,1349.32,366.806,,187.362,81.178,140.807,256.271,86.076,142.06,174.558,158.316,172.132,172.772,99.64,118.404,230.704
2005-01-19 04:45:00,149.55,193.2,131.237,1348.0,364.746,93.272,185.53,80.918,142.18,256.978,86.175,141.52,173.64,158.6,171.388,173.434,99.424,117.622,228.74
2005-01-19 04:50:00,149.548,192.633,132.17,1345.04,367.083,,184.044,80.836,139.573,254.771,85.182,141.06,173.664,158.144,170.152,171.158,99.382,117.422,233.814
2005-01-19 04:55:00,150.79,194.533,133.36,1346.14,368.833,,184.69,79.954,141.507,259.184,84.926,142.26,173.302,158.542,171.134,171.974,98.866,117.034,230.864
2005-01-19 05:00:00,150.832,192.667,132.267,1345.34,366.753,93.558,188.09,79.296,139.753,258.132,86.564,141.38,173.996,158.158,173.468,171.308,99.24,117.782,230.46
2005-01-19 05:05:00,150.514,192.933,133.727,1355.6,366.487,,184.634,78.854,138.987,257.27,85.737,140.24,174.428,159.318,173.672,173.184,99.396,116.07,231.552
2005-01-19 05:10:00,150.346,189.467,134.223,1349.34,366.22,,184.832,80.612,139.33,252.836,85.446,141.24,173.956,156.796,172.82,171.558,98.18,117.606,229.428
2005-01-19 05:15:00,151.89,190.267,132.727,1349.34,367.87,93.534,186.516,79.22,139.98,255.598,86.278,141.76,174.49,159.642,172.448,170.464,98.958,116.138,232.442
2005-01-19 05:20:00,152.34,192.667,132.883,1346.18,368.163,,187.878,79.626,137.437,252.5,87.092,140.6,170.878,158.336,171.706,170.922,99.982,116.908,233.012
2005-01-19 05:25:00,151.686,191.6,134.73,1349.38,366.163,,187.48,81.58,141.593,256.262,86.925,140.92,174.306,158.77,170.138,172.278,97.808,115.504,231.308
2005-01-19 05:30:00,151.946,193.0,134.97,1348.76,366.807,94.362,183.514,79.16,140.883,258.008,85.742,140.76,172.914,159.934,169.892,174.122,98.378,117.222,231.07
2005-01-19 05:35:00,151.678,188.933,133.787,1355.9,368.63,,185.232,79.754,139.567,255.23,86.478,140.48,173.434,158.52,170.678,169.356,98.256,116.7,231.674
2005-01-19 05:40:00,151.47,192.767,132.097,1360.04,367.833,,185.934,79.79,138.753,256.488,87.826,141.88,172.928,159.32,169.72,170.866,98.046,119.4,233.86
2005-01-19 05:45:00,149.662,189.033,132.577,1358.0,364.613,94.333,184.946,78.772,138.59,255.85,87.015,141.64,173.664,159.988,168.518,170.514,98.298,118.578,231.634
2005-01-19 05:50:00,151.472,192.1,134.557,1352.2,365.583,,185.378,79.034,140.61,255.701,86.247,141.98,170.912,158.77,167.608,170.506,97.638,116.896,233.09
2005-01-19 05:55:00,152.2,190.6,134.367,1352.64,369.103,,186.314,81.386,141.38,255.714,85.113,141.78,172.97,158.118,169.506,169.926,96.994,117.708,233.664
2005-01-19 06:00:00,152.27,189.667,132.583,1358.4,366.29,94.459,184.434,80.016,141.777,253.504,86.525,141.18,173.312,160.03,170.444,171.564,99.292,117.954,232.894
2005-01-19 06:05:00,152.116,191.867,135.863,1350.6,367.67,,184.276,78.976,138.864,253.762,85.617,142.0,172.094,157.94,170.566,171.478,97.754,118.208,231.288
2005-01-19 06:10:00,152.29,193.267,132.607,1349.3,368.987,,186.718,81.892,139.373,253.986,87.623,140.48,170.93,157.618,170.49,170.53,97.534,118.412,231.758
2005-01-19 06:15:00,150.712,192.833,132.413,1353.3,367.23,93.151,184.924,78.102,139.417,251.501,86.682,141.82,172.686,157.69,171.316,171.076,97.97,118.17,232.482
2005-01-19 06:20:00,150.084,192.533,133.633,1351.38,368.373,,183.44,80.828,140.193,254.571,86.41,142.24,171.176,158.296,168.262,170.734,99.198,118.05,231.912
2005-01-19 06:25:00,152.28,190.567,133.48,1353.88,369.387,,186.006,78.934,140.22,254.314,86.24,142.4,172.622,158.7,168.456,171.88,97.474,119.128,233.33
2005-01-19 06:30:00,151.06,191.333,133.577,1351.38,365.047,93.554,185.916,78.09,140.29,253.264,87.258,140.94,171.218,155.718,170.58,171.042,97.494,118.57,232.356
2005-01-19 06:35:00,150.596,190.933,134.597,1348.1,369.66,,184.782,78.14,138.717,251.148,86.605,140.88,170.596,156.91,170.03,169.72,97.112,118.21,231.85
2005-01-19 06:40:00,151.08,191.533,135.137,1353.5,366.673,,184.222,80.016,139.987,251.596,86.442,140.5,172.634,156.024,169.208,171.078,97.938,117.274,234.064
2005-01-19 06:45:00,150.224,190.167,133.137,1347.54,368.193,94.44,184.6,78.558,141.747,251.074,86.544,140.58,171.52,155.492,172.022,169.32,98.072,117.136,232.754
2005-01-19 06:50:00,151.986,192.867,134.617,1350.06,367.48,,183.628,80.568,140.28,254.165,86.322,141.2,170.34,157.33,170.268,168.302,98.176,117.84,232.146
2005-01-19 06:55:00,150.508,190.667,135.63,1344.86,369.003,,186.248,79.204,140.373,252.405,86.894,141.8,172.942,153.844,169.15,169.246,97.678,118.956,233.684
2005-01-19 07:00:00,150.68,190.6,134.48,1355.64,366.69,93.958,186.822,81.18,142.597,251.643,86.592,142.46,172.534,159.0,169.692,168.048,98.594,118.088,233.446
2005-01-19 07:05:00,151.396,189.833,133.99,1350.66,371.143,,186.85,80.326,139.04,252.357,86.385,141.34,172.432,155.826,169.254,169.122,96.95,116.204,232.968
2005-01-19 07:10:00,152.618,192.467,136.097,1352.8,368.824,,185.834,79.95,143.767,252.59,85.83,142.56,171.244,154.068,170.472,166.714,97.408,117.852,233.9
2005-01-19 07:15:00,152.058,189.733,132.0,1350.88,368.433,94.17,186.628,78.784,138.85,251.147,87.387,140.76,171.072,155.762,169.78,168.084,96.996,118.466,234.4
2005-01-19 07:20:00,151.088,192.1,133.67,1352.58,366.857,,185.072,80.046,139.39,251.518,85.811,142.84,169.408,155.674,171.132,167.478,97.214,118.05,232.926
2005-01-19 07:25:00,150.804,193.533,134.447,1342.66,367.213,,186.394,80.59,138.807,253.413,87.496,141.92,172.428,155.638,172.1,167.152,97.438,118.57,232.19
2005-01-19 07:30:00,151.56,191.667,133.287,1342.98,367.767,94.348,186.362,79.712,140.183,250.886,86.33,142.96,172.312,156.932,171.854,167.908,96.672,119.428,233.138
2005-01-19 07:35:00,149.216,191.567,134.0,1350.72,368.027,,187.49,79.592,140.424,251.511,86.892,143.32,172.206,156.16,170.364,168.334,97.114,118.396,235.36
2005-01-19 07:40:00,152.094,189.967,132.74,1353.4,371.123,,183.774,77.79,139.91,250.616,86.702,142.24,171.606,153.916,172.34,167.502,98.792,117.64,233.262
2005-01-19 07:45:00,150.936,193.7,132.54,1346.2,368.163,95.153,188.656,78.892,140.773,253.1,86.692,142.36,171.728,155.412,169.86,169.716,97.29,118.346,232.254
2005-01-19 07:50:00,150.328,189.9,134.313,1349.9,368.323,,186.516,79.004,140.363,251.407,87.24,141.78,171.67,157.082,171.084,169.142,97.592,118.622,232.346
2005-01-19 07:55:00,152.006,191.0,134.007,1344.42,366.117,,187.566,80.336,141.337,251.215,88.05,140.96,171.49,154.716,171.184,169.74,97.08,118.072,233.296
2005-01-19 08:00:00,151.434,190.9,133.947,1344.08,364.347,94.09,186.58,79.258,139.09,251.27,87.364,140.78,170.756,155.706,172.176,166.424,97.46,118.45,231.79
2005-01-19 08:05:00,151.446,192.0,132.387,1353.8,368.167,,186.068,80.684,142.643,251.119,86.753,142.06,169.544,157.488,170.64,169.432,97.142,116.812,232.478
2005-01-19 08:10:00,152.888,191.333,134.643,1345.9,365.963,,186.866,80.662,141.683,250.982,84.842,142.4,172.674,155.096,170.186,169.556,97.302,118.18,235.832
2005-01-19 08:15:00,152.9,192.733,134.697,1352.12,370.353,94.334,186.174,81.096,141.563,251.445,86.271,142.92,171.88,154.048,170.254,171.924,97.622,118.462,235.562
2005-01-19 08:20:00,151.57,192.7,133.64,1346.36,368.137,,185.956,79.678,141.453,251.221,86.684,141.08,170.578,156.108,172.204,169.768,96.726,117.444,234.072
2005-01-19 08:25:00,153.452,190.567,134.573,1353.38,365.23,,184.826,79.664,141.753,254.193,87.674,142.26,171.13,158.054,172.862,170.778,96.73,118.198,232.868
2005-01-19 08:30:00,151.57,192.833,134.253,1344.56,367.38,94.7,186.216,79.93,140.053,252.758,87.956,143.06,170.362,155.576,171.45,169.76,97.336,119.298,233.844
2005-01-19 08:35:00,150.988,191.467,133.693,1338.66,367.81,,185.462,80.22,140.417,251.606,88.281,141.98,169.544,159.6,171.252,171.094,98.094,117.984,233.698
2005-01-19 08:40:00,151.64,193.467,134.063,1349.12,370.053,,187.118,79.054,140.013,248.797,88.528,141.74,169.488,157.192,170.218,170.328,97.74,118.73,232.774
2005-01-19 08:45:00,150.444,191.1,134.033,1344.94,370.17,93.904,185.654,80.652,141.49,251.033,88.737,142.48,170.8,155.284,170.744,170.56,97.554,119.29,234.558
2005-01-19 08:50:00,151.624,191.667,135.787,1346.12,368.777,,187.232,79.962,139.74,249.792,88.711,143.58,170.492,155.838,170.706,170.596,97.85,118.98,236.476
2005-01-19 08:55:00,151.522,193.833,132.43,1340.96,366.787,,185.594,80.686,141.607,249.504,87.935,142.24,170.856,156.166,171.252,169.904,96.402,119.39,235.938
2005-01-19 09:00:00,151.886,192.667,133.713,1345.14,367.723,94.638,186.482,81.002,141.42,249.268,87.44,142.14,170.734,156.366,171.922,168.706,96.578,118.362,237.112
2005-01-19 09:05:00,150.624,192.0,133.143,1346.44,369.07,,186.316,81.426,141.23,250.455,86.229,142.06,171.342,156.944,170.434,170.982,98.72,117.438,236.018
2005-01-19 09:10:00,153.316,192.033,136.86,1350.34,366.663,,185.294,81.24,141.644,250.735,85.395,140.26,170.352,156.852,171.106,170.604,97.84,120.94,233.924
2005-01-19 09:15:00,151.4,192.233,133.963,1349.42,371.213,93.83,187.996,81.028,143.277,249.718,86.163,140.08,170.054,157.984,173.242,169.096,97.592,118.082,234.194
2005-01-19 09:20:00,154.188,194.3,135.533,1341.92,368.44,,184.68,80.792,144.963,248.527,86.155,144.04,169.138,158.98,169.264,169.678,97.1,118.59,235.124
2005-01-19 09:25:00,152.768,193.267,134.917,1344.12,369.577,,187.034,79.256,139.716,250.941,87.152,142.32,169.318,156.184,171.52,170.286,97.082,120.73,237.39
2005-01-19 09:30:00,153.88,192.033,134.27,1346.8,367.507,94.353,186.862,79.654,140.95,250.393,87.28,141.46,171.13,154.616,169.904,168.814,96.334,119.1,235.256
2005-01-19 09:35:00,153.354,190.467,135.59,1347.8,371.27,,185.398,81.944,141.203,248.089,87.493,142.22,167.854,156.278,170.646,171.358,97.536,119.02,235.928
2005-01-19 09:40:00,150.366,195.067,135.75,1349.4,373.353,,186.414,80.32,142.337,249.676,88.09,142.36,169.284,155.576,170.43,168.486,97.82,120.764,234.636
2005-01-19 09:45:00,153.31,191.1,134.567,1348.08,369.24,94.477,186.468,79.534,140.244,250.671,87.776,141.9,168.522,155.846,172.506,171.564,97.732,120.778,235.692
2005-01-19 09:50:00,152.336,194.733,135.51,1344.66,371.257,,186.928,80.64,141.267,248.177,87.021,141.98,167.26,157.168,173.62,172.07,96.97,120.212,235.482
2005-01-19 09:55:00,152.02,193.0,134.66,1350.5,370.267,,187.052,80.736,140.913,248.808,88.044,141.48,169.062,157.3,172.9,171.178,96.872,119.5,237.632
