ESOI    MXCO    ROME    AATB    LMKS    DRBS    MOSC    NEWK    KIEL    CALG    OULU    APTY    FSMT    INVK    NAIN    PWNK    THUL    SOPB    SOPO
2005-01-17 23:00:00;166.790;210.267;147.117;1389.900;417.030;103.632;208.474; 90.150;156.637;286.783; 97.732;158.520;194.704;172.246;195.850;195.620;107.756;138.380;269.036
2005-01-17 23:05:00;165.882;211.067;147.963;1386.880;418.233;   null;209.114; 90.532;157.240;288.065; 97.550;159.420;191.896;173.476;193.950;194.148;109.388;137.252;268.266
2005-01-17 23:10:00;166.826;210.033;147.100;1394.600;421.217;   null;206.744; 89.520;158.227;291.062; 97.598;158.140;192.560;173.486;193.418;194.524;110.560;137.958;268.330
2005-01-17 23:15:00;166.216;212.967;145.230;1395.300;418.957;104.074;209.104; 90.902;157.493;291.344; 96.795;159.040;192.890;171.862;194.498;192.732;109.276;136.944;268.526
2005-01-17 23:20:00;165.210;211.467;147.403;1396.520;422.370;   null;208.866; 89.974;157.180;288.173; 98.261;158.700;193.636;173.496;193.694;197.446;109.948;139.172;267.674
2005-01-17 23:25:00;166.064;215.667;146.893;1393.680;424.270;   null;211.064; 91.398;158.447;287.033; 98.222;158.900;192.520;171.766;192.102;196.298;108.744;136.464;268.894
2005-01-17 23:30:00;166.102;210.500;148.260;1390.680;419.460;104.948;209.138; 91.210;156.673;285.584; 97.731;158.320;192.958;171.542;194.624;192.706;108.356;137.486;267.602
2005-01-17 23:35:00;163.108;211.333;147.643;1391.840;415.446;   null;209.996; 90.340;158.070;281.616; 99.663;159.720;191.070;174.040;193.482;193.032;109.690;138.200;269.518
2005-01-17 23:40:00;166.416;211.367;145.727;1380.600;419.940;   null;209.294; 89.540;157.857;279.931; 96.723;160.900;192.972;172.480;193.798;194.196;108.950;139.684;269.828
2005-01-17 23:45:00;166.990;212.067;148.007;1389.760;421.717;104.963;209.768; 90.438;160.097;280.210; 97.185;159.760;192.490;174.628;195.616;193.470;110.118;139.468;268.616
2005-01-17 23:50:00;165.426;209.967;149.070;1388.660;421.357;   null;211.222; 88.360;159.647;281.334; 97.640;160.220;192.886;173.238;194.752;193.136;109.450;138.090;267.234
2005-01-17 23:55:00;166.648;210.267;147.617;1386.540;423.810;   null;209.272; 89.236;158.313;283.834; 97.727;159.860;190.578;172.318;195.174;192.522;107.586;139.270;267.868
2005-01-18 00:00:00;165.648;211.833;148.853;1390.880;422.990;104.741;209.190; 90.246;157.840;280.191; 99.085;160.800;191.186;173.520;193.152;192.486;109.896;138.358;267.984
2005-01-18 00:05:00;165.804;211.700;145.397;1393.480;420.740;   null;210.222; 90.262;159.283;284.375; 97.852;161.440;188.902;173.810;189.902;193.146;108.498;137.072;268.300
2005-01-18 00:10:00;164.656;210.367;146.810;1389.020;420.920;   null;208.214; 91.530;158.993;280.393; 98.214;160.940;192.020;173.286;193.148;193.708;108.406;139.588;267.618
2005-01-18 00:15:00;166.788;210.467;146.223;1385.140;416.463;104.865;208.924; 89.728;158.387;286.114; 95.820;157.280;192.540;174.424;192.604;194.108;108.554;137.844;266.328
2005-01-18 00:20:00;166.278;211.833;145.830;1382.220;419.703;   null;207.344; 89.626;158.460;286.842; 95.345;158.160;191.610;173.198;193.790;193.658;108.524;137.624;268.154
2005-01-18 00:25:00;164.262;213.500;148.433;1385.800;418.357;   null;206.506; 88.606;157.037;285.322; 96.474;160.000;191.528;171.084;192.168;194.710;107.946;136.774;265.906
2005-01-18 00:30:00;166.118;213.733;147.687;1379.520;418.273;104.466;207.720; 91.362;156.430;282.440; 97.320;156.900;191.950;175.048;193.938;194.838;108.838;136.420;265.056
2005-01-18 00:35:00;165.516;212.267;145.753;1367.160;419.577;   null;203.592; 89.394;155.643;284.375; 96.814;155.940;191.458;173.296;192.672;194.026;109.720;136.186;262.658
2005-01-18 00:40:00;165.256;210.000;146.330;1370.280;418.627;   null;205.314; 90.358;158.050;282.203; 97.064;155.480;190.824;171.852;190.332;193.126;108.606;135.810;268.042
2005-01-18 00:45:00;164.690;213.500;145.123;1374.900;417.210;103.400;205.996; 89.124;155.603;283.535; 95.207;155.360;191.880;172.510;190.854;196.104;109.304;136.376;266.880
2005-01-18 00:50:00;165.260;211.767;147.190;1378.780;418.657;   null;204.746; 90.930;156.213;283.547; 95.300;154.720;193.464;174.168;193.798;192.936;109.164;139.054;267.664
2005-01-18 00:55:00;163.278;212.367;144.220;1379.340;417.687;   null;202.862; 89.778;157.793;288.099; 95.758;156.060;193.414;175.786;192.096;196.068;108.822;137.938;265.618
2005-01-18 01:00:00;163.828;212.967;145.143;1378.140;417.387;103.590;204.186; 89.580;155.273;286.334; 95.723;155.160;193.752;177.006;191.562;193.684;108.964;138.926;265.526
2005-01-18 01:05:00;162.370;212.633;147.397;1378.000;416.997;   null;205.150; 89.950;154.367;286.010; 96.981;155.000;195.564;173.838;193.542;193.830;108.504;137.388;267.336
2005-01-18 01:10:00;162.282;210.567;145.100;1377.200;414.040;   null;206.970; 91.502;156.260;288.227; 94.700;153.340;194.712;177.042;192.596;193.204;110.552;138.518;266.412
2005-01-18 01:15:00;164.286;207.800;145.030;1381.340;414.360;103.102;205.788; 89.466;153.367;285.973; 95.716;155.380;194.622;174.036;194.036;192.148;109.300;138.044;265.414
2005-01-18 01:20:00;162.796;212.333;145.507;1370.600;414.533;   null;202.252; 89.370;156.637;284.835; 94.988;155.580;193.232;174.800;193.668;193.088;109.252;138.112;266.492
2005-01-18 01:25:00;159.950;210.200;144.850;1367.680;408.923;   null;201.520; 90.474;156.413;284.911; 95.484;154.580;192.274;175.624;191.976;194.868;109.798;135.914;266.858
2005-01-18 01:30:00;161.008;208.900;142.290;1367.960;408.673;102.572;200.618; 91.498;154.923;286.739; 94.586;153.760;193.972;175.212;192.888;193.824;108.878;137.660;265.926
2005-01-18 01:35:00;159.910;212.500;144.480;1374.840;403.993;   null;201.324; 90.086;155.457;287.167; 94.106;153.440;191.066;175.218;191.378;193.330;108.830;138.608;268.004
2005-01-18 01:40:00;160.534;211.167;141.187;1377.820;407.407;   null;200.782; 89.248;153.843;289.455; 94.125;154.100;193.396;173.920;192.824;195.660;109.506;137.380;263.508
2005-01-18 01:45:00;160.468;210.067;144.340;1376.620;406.923;101.700;202.174; 90.884;155.443;287.492; 95.878;155.920;192.794;174.886;192.348;193.380;108.636;137.528;266.828
2005-01-18 01:50:00;159.506;214.233;144.137;1371.500;406.773;   null;202.954; 89.802;152.793;288.113; 94.597;154.520;192.102;175.764;193.092;193.536;109.452;137.346;263.068
2005-01-18 01:55:00;162.674;211.600;142.867;1379.500;408.237;   null;202.962; 90.130;154.727;284.507; 95.592;154.420;194.136;172.754;192.548;193.522;109.200;134.724;265.242
2005-01-18 02:00:00;158.288;209.700;144.303;1389.220;409.327;102.332;200.200; 88.098;153.603;288.684; 97.039;156.060;192.402;174.136;190.914;197.050;107.592;135.742;262.772
2005-01-18 02:05:00;158.436;212.700;141.820;1383.640;405.657;   null;201.844; 91.232;153.380;288.845; 94.894;154.940;193.168;176.526;192.614;193.970;108.610;135.776;262.788
2005-01-18 02:10:00;159.494;210.700;143.623;1393.840;403.933;   null;205.620; 89.596;152.180;286.955; 95.984;154.840;193.578;177.024;193.756;194.834;108.240;133.484;262.582
2005-01-18 02:15:00;161.982;212.567;142.540;1398.580;409.443;101.687;206.154; 91.214;153.757;286.309; 95.121;155.460;192.972;175.338;193.596;195.666;109.606;134.336;261.868
2005-01-18 02:20:00;159.132;210.433;141.663;1396.600;409.100;   null;205.514; 90.324;154.177;286.297; 94.797;156.440;193.400;174.958;192.712;195.378;109.674;136.108;264.636
2005-01-18 02:25:00;159.964;209.100;142.700;1412.220;404.320;   null;202.232; 88.866;154.197;286.475; 95.554;155.780;192.880;177.196;193.922;193.548;110.850;135.372;265.062
2005-01-18 02:30:00;161.164;213.200;143.863;1404.280;404.063;100.811;201.634; 90.026;153.913;285.077; 96.198;154.980;193.716;177.068;190.412;195.300;109.472;137.280;263.724
2005-01-18 02:35:00;159.218;209.433;142.120;1400.380;405.070;   null;201.436; 90.700;152.863;285.416; 95.967;154.500;193.926;174.572;193.420;193.960;108.704;137.284;266.484
2005-01-18 02:40:00;161.256;210.167;143.163;1402.820;406.674;   null;201.282; 90.136;156.007;287.090; 94.352;154.360;195.696;178.678;193.290;194.754;110.142;136.694;263.962
2005-01-18 02:45:00;161.430;209.500;140.883;1406.780;403.750;100.481;201.916; 90.084;151.377;286.774; 95.198;154.940;195.570;174.696;191.332;195.994;110.364;134.906;263.850
2005-01-18 02:50:00;162.734;209.733;143.573;1406.960;404.727;   null;201.978; 90.060;151.753;285.695; 95.373;153.660;192.784;177.916;195.202;195.308;109.662;132.982;260.832
2005-01-18 02:55:00;160.748;211.067;143.757;1410.540;403.283;   null;201.214; 89.098;153.470;285.823; 95.460;155.260;193.946;175.282;193.358;194.230;110.376;133.422;259.894
2005-01-18 03:00:00;159.704;208.833;142.300;1398.580;406.283;101.332;202.146; 88.370;153.097;286.560; 96.255;152.240;194.510;177.844;192.368;193.882;110.124;133.532;259.190
2005-01-18 03:05:00;160.738;209.300;141.897;1402.360;408.480;   null;201.350; 91.370;152.183;288.294; 95.746;153.660;192.174;176.166;195.044;195.442;109.538;133.002;261.722
2005-01-18 03:10:00;160.674;207.133;146.780;1409.780;408.077;   null;202.852; 91.540;154.933;287.565; 95.615;153.540;193.348;178.392;189.434;195.672;110.778;132.932;262.488
2005-01-18 03:15:00;160.362;209.633;144.027;1409.460;411.297;101.725;201.428; 90.808;153.287;286.504; 94.998;155.440;192.914;174.264;193.940;195.088;110.690;135.464;265.444
2005-01-18 03:20:00;161.858;205.900;143.197;1411.660;407.353;   null;201.194; 90.980;154.437;283.458; 95.899;154.500;191.864;174.528;193.822;194.024;109.486;136.932;264.878
2005-01-18 03:25:00;158.692;208.467;142.613;1405.120;407.857;   null;203.200; 90.920;154.107;285.170; 96.008;154.660;191.370;175.112;192.976;196.158;111.262;136.460;267.130
2005-01-18 03:30:00;161.102;212.300;145.423;1399.880;409.903;101.482;200.034; 90.118;152.050;284.521; 94.953;152.620;192.196;176.878;195.092;193.248;109.566;138.766;268.244
2005-01-18 03:35:00;161.486;210.367;144.033;1405.020;410.463;   null;202.188; 90.742;153.570;283.451; 94.225;153.240;193.230;175.502;193.630;193.286;109.926;138.036;270.386
2005-01-18 03:40:00;161.742;210.067;145.897;1402.040;409.250;   null;203.630; 89.888;151.267;282.514; 95.198;153.960;191.544;174.296;191.806;194.786;109.102;137.340;267.800
2005-01-18 03:45:00;161.662;210.600;144.573;1402.920;409.040;101.894;203.720; 89.772;153.393;280.144; 94.750;151.740;192.284;174.974;194.320;196.564;107.900;139.764;270.008
2005-01-18 03:50:00;162.566;206.767;144.273;1409.880;409.553;   null;200.074; 92.276;151.767;280.785; 94.803;151.100;192.306;173.186;192.740;194.082;108.808;139.388;265.670
2005-01-18 03:55:00;160.170;208.867;140.820;1419.780;408.083;   null;202.346; 89.788;152.816;284.830; 92.581;149.300;191.606;173.796;191.098;193.502;109.852;136.682;265.394
2005-01-18 04:00:00;161.642;211.567;144.460;   null;407.983;102.149;198.778; 91.958;153.403;284.708; 92.617;149.120;192.742;174.694;193.006;194.752;108.650;136.420;268.068
2005-01-18 04:05:00;162.584;210.600;142.220;   null;407.403;   null;198.380; 89.442;153.227;280.347; 92.664;149.260;192.070;174.686;191.312;190.950;108.968;137.084;267.196
2005-01-18 04:10:00;160.238;211.033;143.280;1420.775;406.927;   null;199.502; 90.208;153.153;282.367; 91.241;149.320;190.722;175.314;190.274;191.950;108.954;137.612;267.506
2005-01-18 04:15:00;159.370;210.067;143.473;1419.520;401.330;101.489;197.868; 90.510;153.267;282.072; 91.894;149.400;192.472;177.462;193.404;192.796;108.924;136.882;268.284
2005-01-18 04:20:00;162.492;213.300;140.497;1421.240;405.230;   null;201.828; 90.704;150.863;284.353; 91.429;150.980;192.304;176.820;192.456;193.158;108.822;134.658;267.454
2005-01-18 04:25:00;161.034;212.200;141.087;1419.740;403.623;   null;200.886; 89.450;151.287;285.516; 92.102;151.560;193.298;176.790;191.584;195.832;110.334;137.644;263.028
2005-01-18 04:30:00;161.970;210.133;142.247;1423.200;404.067;100.298;201.288; 88.826;153.513;282.133; 90.462;151.200;192.466;175.922;191.530;195.180;109.990;137.044;267.112
2005-01-18 04:35:00;161.726;211.700;141.130;1425.120;401.400;   null;203.752; 90.396;151.413;283.164; 92.619;148.740;193.680;175.978;193.698;193.558;109.616;138.150;267.362
2005-01-18 04:40:00;160.964;212.400;143.060;1427.940;405.387;   null;199.756; 89.878;152.917;285.093; 91.147;149.720;192.910;175.276;195.028;194.598;110.736;138.112;268.008
2005-01-18 04:45:00;162.562;213.100;141.297;1430.725;402.347; 99.428;202.876; 91.246;149.790;286.462; 91.931;150.560;192.822;175.368;193.518;197.222;110.386;136.400;269.182
2005-01-18 04:50:00;160.052;209.100;142.483;1421.120;403.250;   null;200.848; 91.164;151.150;285.972; 91.426;149.500;190.688;175.594;191.982;193.712;110.254;135.660;264.658
2005-01-18 04:55:00;161.944;211.033;142.543;1417.760;407.133;   null;200.792; 88.948;148.767;285.214; 92.879;150.680;190.830;179.720;192.362;196.880;112.282;136.182;259.848
2005-01-18 05:00:00;160.364;209.833;140.167;1419.020;400.384; 99.661;200.294; 89.948;149.447;285.216; 92.737;150.160;192.956;177.966;192.732;197.286;110.266;133.622;259.006
2005-01-18 05:05:00;161.760;208.700;142.500;1421.260;405.433;   null;199.042; 90.158;148.930;285.453; 92.638;149.220;191.556;176.448;191.336;194.504;110.572;132.534;257.276
2005-01-18 05:10:00;159.636;207.667;142.263;1422.760;406.773;   null;198.448; 87.942;148.387;284.500; 92.065;149.560;194.120;175.918;193.036;193.808;109.272;130.054;256.940
2005-01-18 05:15:00;160.426;208.467;142.797;1414.660;402.573;100.064;199.202; 88.594;151.137;286.610; 92.574;151.780;194.600;177.298;189.174;195.992;109.158;130.468;251.952
2005-01-18 05:20:00;161.180;209.033;142.393;1421.300;400.493;   null;198.618; 87.706;150.440;288.294; 91.407;148.920;193.714;176.386;187.954;195.502;107.638;128.892;252.088
2005-01-18 05:25:00;160.062;207.867;141.960;1420.040;404.627;   null;197.440; 88.654;151.080;286.552; 91.904;149.520;195.856;177.870;187.066;193.506;108.808;127.680;250.622
2005-01-18 05:30:00;165.088;208.300;141.817;1413.540;400.863; 99.933;200.712; 88.896;150.250;287.121; 90.758;149.380;192.728;178.022;186.406;194.844;109.338;126.674;248.648
2005-01-18 05:35:00;160.140;210.933;140.223;1419.860;401.437;   null;196.178; 87.432;149.310;287.035; 93.486;149.700;193.366;177.320;187.464;195.894;107.844;127.212;250.256
2005-01-18 05:40:00;160.300;205.933;142.400;1412.000;399.743;   null;199.638; 88.242;150.520;286.475; 90.773;147.840;193.210;177.414;186.120;194.106;108.600;128.022;247.536
2005-01-18 05:45:00;161.402;208.233;140.853;1415.980;396.740; 97.778;196.174; 87.520;150.150;286.343; 91.121;146.600;195.206;175.674;184.422;194.338;107.590;127.178;248.782
2005-01-18 05:50:00;162.218;204.933;140.563;1413.760;398.357;   null;198.108; 86.752;151.150;284.336; 91.332;147.980;195.324;176.486;182.736;193.132;108.380;125.612;249.714
2005-01-18 05:55:00;162.130;207.767;141.360;1416.580;396.500;   null;197.520; 87.920;148.647;284.875; 91.502;147.780;194.508;176.276;183.756;195.574;107.194;126.038;247.830
2005-01-18 06:00:00;161.618;206.367;141.763;1415.360;398.407; 97.943;198.634; 85.782;148.623;285.532; 90.628;149.680;192.672;175.572;182.694;192.140;105.190;126.866;246.230
2005-01-18 06:05:00;162.830;206.900;144.617;1419.680;395.810;   null;198.654; 85.616;149.343;286.243; 92.853;149.200;192.398;176.712;181.988;192.336;106.408;129.144;249.320
2005-01-18 06:10:00;161.150;204.533;143.180;1412.800;396.280;   null;196.864; 86.332;148.913;283.366; 91.919;148.280;192.390;177.326;181.596;189.054;103.976;127.296;249.246
2005-01-18 06:15:00;162.238;205.967;140.447;1403.080;399.760; 98.223;196.314; 87.842;148.980;286.135; 92.660;145.600;193.416;175.050;181.020;190.912;104.030;127.210;248.532
2005-01-18 06:20:00;160.224;208.100;140.370;1411.620;400.950;   null;195.964; 86.486;148.390;282.731; 90.968;147.860;194.652;173.616;178.626;184.022;105.240;127.718;249.072
2005-01-18 06:25:00;161.170;205.367;141.033;1408.760;393.547;   null;195.028; 86.732;147.326;282.865; 90.297;147.120;190.756;170.346;179.524;184.188;103.292;131.210;256.142
2005-01-18 06:30:00;160.870;205.667;141.540;1391.420;390.737; 97.223;195.130; 86.618;145.870;282.234; 90.992;146.380;188.974;168.642;180.322;182.402;101.980;131.808;257.864
2005-01-18 06:35:00;159.660;203.667;140.793;1385.640;394.200;   null;194.050; 83.444;147.713;285.135; 91.338;146.740;189.212;165.056;179.732;181.658;103.234;129.538;253.282
2005-01-18 06:40:00;159.828;205.033;138.087;1380.280;387.727;   null;196.094; 84.404;149.357;279.562; 88.854;145.700;187.354;166.368;179.566;183.478;101.566;127.784;250.880
2005-01-18 06:45:00;159.678;202.800;138.500;1375.020;389.717; 97.144;194.316; 83.478;146.743;281.381; 89.780;146.840;186.484;167.336;179.120;178.862;103.224;129.026;246.978
2005-01-18 06:50:00;158.734;205.300;139.043;1374.040;388.517;   null;192.046; 82.998;144.510;281.392; 88.159;147.600;186.814;166.148;178.316;181.354;102.450;127.602;251.788
2005-01-18 06:55:00;160.520;204.700;138.790;1375.760;386.853;   null;191.284; 83.760;146.997;280.136; 90.158;145.520;187.598;162.178;177.552;181.386;102.774;128.232;250.482
2005-01-18 07:00:00;158.842;204.300;141.023;1384.100;391.670; 96.726;192.852; 84.590;146.070;280.602; 88.596;146.240;184.700;164.278;179.548;180.892;102.264;127.418;250.548
2005-01-18 07:05:00;159.034;205.367;141.153;1379.480;391.483;   null;195.282; 84.332;148.393;278.098; 89.719;146.620;183.602;164.510;177.798;181.560;102.142;127.838;249.014
2005-01-18 07:10:00;157.874;203.900;138.153;1381.260;391.300;   null;193.436; 82.388;145.753;277.274; 91.157;145.620;185.050;164.902;180.120;180.292;100.814;126.454;247.448
2005-01-18 07:15:00;158.406;201.667;139.153;1374.740;390.647; 96.683;195.496; 83.728;148.250;276.777; 91.514;144.360;184.026;164.958;179.606;180.714;102.130;128.666;249.960
2005-01-18 07:20:00;158.776;200.867;137.877;1366.080;389.477;   null;192.032; 84.094;146.297;272.583; 92.019;145.680;185.460;162.694;177.408;179.138;100.910;127.096;247.822
2005-01-18 07:25:00;160.380;202.800;141.103;1372.540;390.923;   null;193.006; 84.412;146.680;280.547; 88.747;147.920;184.710;167.346;181.062;180.524;101.518;127.174;252.292
2005-01-18 07:30:00;157.680;201.433;140.187;1374.380;389.327; 98.241;197.456; 82.616;146.957;277.831; 89.610;145.780;184.162;168.304;178.712;180.572;100.862;129.054;248.712
2005-01-18 07:35:00;157.518;204.567;138.553;1363.880;395.257;   null;193.812; 84.200;145.560;279.810; 90.536;147.760;184.502;166.654;178.718;178.082;102.694;126.960;248.254
2005-01-18 07:40:00;156.886;205.400;140.120;1369.060;396.130;   null;195.198; 86.572;146.910;279.835; 90.009;145.100;188.644;167.276;180.746;178.628;102.216;126.928;249.258
2005-01-18 07:45:00;157.428;203.900;138.917;1373.940;395.913; 96.992;192.726; 84.172;149.133;276.727; 90.325;147.140;187.388;165.454;179.988;182.308;102.208;128.018;251.300
2005-01-18 07:50:00;155.276;201.867;137.603;1361.040;387.013;   null;192.688; 83.912;148.200;280.014; 89.720;144.840;189.324;164.202;180.238;182.208;102.632;129.586;252.306
2005-01-18 07:55:00;158.408;202.067;135.107;1357.120;385.247;   null;188.838; 83.536;146.593;280.987; 88.225;146.540;186.366;162.596;179.468;184.722;102.676;128.934;251.026
2005-01-18 08:00:00;157.370;201.167;137.383;1357.880;384.113; 96.028;193.038; 83.944;146.737;276.186; 90.710;146.820;184.434;163.980;181.858;179.748;101.640;127.192;250.698
2005-01-18 08:05:00;157.226;203.567;135.287;1350.040;385.480;   null;189.392; 87.006;147.347;275.115; 89.427;144.180;186.990;165.394;183.028;181.294;103.672;127.324;252.618
2005-01-18 08:10:00;155.558;204.167;137.260;1354.060;381.790;   null;190.768; 84.980;145.063;271.347; 90.655;145.740;186.196;164.630;182.032;183.988;102.732;127.488;247.092
2005-01-18 08:15:00;157.166;202.933;138.410;1354.260;383.753; 96.297;188.666; 86.116;147.657;269.953; 89.608;147.940;188.240;166.790;182.934;184.370;103.736;126.756;250.864
2005-01-18 08:20:00;156.964;203.567;140.103;1362.280;380.380;   null;192.174; 84.634;145.117;273.116; 89.375;146.240;185.710;167.130;181.816;180.550;104.834;128.038;249.668
2005-01-18 08:25:00;156.020;203.900;138.207;1365.260;383.467;   null;190.912; 87.002;147.320;273.075; 90.002;147.480;182.564;170.066;182.218;183.614;103.582;128.106;249.202
2005-01-18 08:30:00;156.628;205.333;136.113;1363.540;385.227; 96.293;189.298; 84.138;145.910;270.753; 90.051;147.620;183.202;167.132;183.702;184.970;102.170;127.940;250.790
2005-01-18 08:35:00;156.478;202.933;136.707;1361.360;381.367;   null;192.202; 84.152;146.003;269.425; 90.783;147.720;182.386;169.718;181.538;185.102;104.278;127.332;250.522
2005-01-18 08:40:00;156.100;202.833;140.093;1361.980;382.150;   null;188.572; 84.038;149.253;270.724; 91.233;148.600;183.442;169.706;183.494;182.452;105.248;129.412;251.706
2005-01-18 08:45:00;157.170;203.600;138.930;1355.480;384.873; 96.524;191.114; 84.420;148.217;270.556; 90.681;145.660;183.698;171.634;181.968;182.658;103.302;128.722;250.530
2005-01-18 08:50:00;158.244;201.200;140.830;1358.860;390.030;   null;192.524; 83.626;146.210;271.212; 90.746;145.060;182.520;170.000;184.772;184.894;105.630;127.578;253.582
2005-01-18 08:55:00;159.286;201.567;138.440;1368.560;391.533;   null;191.924; 84.996;147.587;270.815; 90.420;147.360;180.994;169.546;185.834;183.052;104.974;129.932;253.774
2005-01-18 09:00:00;158.166;203.067;138.247;1359.160;389.217; 98.188;192.880; 84.952;148.543;272.549; 91.229;146.900;180.772;166.076;183.956;185.194;107.552;131.578;252.032
2005-01-18 09:05:00;159.460;204.700;140.550;1358.780;390.187;   null;195.876; 85.616;147.073;269.914; 92.104;148.320;181.034;168.260;187.598;184.446;108.698;130.374;254.328
2005-01-18 09:10:00;159.924;204.033;137.997;1362.760;388.830;   null;194.102; 85.426;148.370;267.295; 90.873;147.680;183.124;167.530;186.332;183.214;107.848;128.908;256.126
2005-01-18 09:15:00;158.836;202.933;138.803;1360.420;387.513; 97.449;194.434; 86.418;147.923;274.811; 91.883;148.240;182.182;168.524;188.784;186.174;107.936;131.214;255.842
2005-01-18 09:20:00;160.406;206.000;139.810;1357.740;392.037;   null;195.474; 86.730;149.323;273.640; 91.638;147.420;184.104;170.686;186.530;187.366;107.884;129.874;254.956
2005-01-18 09:25:00;159.110;206.167;139.147;1361.360;390.947;   null;195.056; 84.250;146.797;274.176; 93.312;148.780;188.216;167.750;188.618;186.206;107.346;130.748;253.066
2005-01-18 09:30:00;158.970;204.467;141.443;1357.760;394.053; 97.667;194.086; 87.154;149.987;277.142; 91.708;150.280;184.260;166.514;189.380;189.594;106.806;129.240;252.490
2005-01-18 09:35:00;159.328;205.300;139.853;1357.740;389.973;   null;195.700; 86.036;149.560;277.072; 91.710;148.240;186.204;165.438;187.160;189.214;107.242;127.530;250.678
2005-01-18 09:40:00;159.252;205.600;138.730;1359.760;390.433;   null;194.890; 85.252;148.173;282.680; 92.204;149.180;187.348;165.758;186.708;192.194;106.388;129.294;251.240
2005-01-18 09:45:00;159.436;203.700;140.533;1363.060;394.483; 97.121;197.038; 86.582;147.533;280.860; 91.770;148.740;187.626;167.120;185.282;188.914;105.490;128.112;250.920
2005-01-18 09:50:00;160.452;202.967;139.560;1364.880;390.620;   null;198.750; 84.338;148.603;280.670; 91.980;148.340;187.172;168.310;184.646;190.034;106.100;129.478;251.862
2005-01-18 09:55:00;160.144;202.267;139.687;1365.960;390.687;   null;195.458; 84.984;149.607;279.195; 91.817;149.280;188.408;169.758;183.060;187.052;106.636;128.518;254.180
2005-01-18 10:00:00;160.178;203.767;140.190;1375.520;389.980; 97.513;195.822; 85.402;147.647;279.508; 90.584;149.040;189.442;168.546;183.962;186.142;106.364;129.040;253.188
2005-01-18 10:05:00;158.864;204.767;139.837;1391.320;390.327;   null;193.134; 86.278;148.733;275.931; 91.630;150.440;188.518;170.684;184.558;184.642;105.030;128.616;251.390
2005-01-18 10:10:00;160.230;203.533;139.860;1391.940;394.173;   null;197.120; 85.798;147.640;276.578; 92.077;147.440;187.074;171.454;182.016;183.036;103.516;129.198;250.312
2005-01-18 10:15:00;161.022;202.467;139.380;1393.640;395.367; 97.320;197.424; 86.000;151.923;273.312; 92.240;152.220;184.342;170.234;184.208;184.034;103.788;130.320;251.532
2005-01-18 10:20:00;161.558;201.800;139.890;1388.600;393.400;   null;194.514; 86.464;149.937;273.894; 91.246;149.620;185.172;169.490;182.916;184.038;103.776;130.146;252.992
2005-01-18 10:25:00;159.446;204.567;139.567;1379.420;393.823;   null;199.008; 85.778;149.607;275.291; 92.899;151.620;182.126;169.028;186.386;185.110;103.882;128.392;252.726
2005-01-18 10:30:00;159.154;202.600;139.660;1381.380;394.790; 97.374;196.474; 85.120;148.820;276.792; 90.908;149.980;182.118;166.684;184.368;183.224;104.058;128.992;252.830
2005-01-18 10:35:00;160.728;203.467;138.897;1382.660;392.527;   null;196.304; 87.100;148.907;269.681; 91.819;149.060;183.470;164.962;186.042;181.720;103.302;129.180;253.626
2005-01-18 10:40:00;159.780;201.133;142.120;1380.740;392.583;   null;196.100; 84.564;149.180;270.772; 90.530;148.720;180.518;166.316;184.854;185.348;103.782;128.656;253.764
2005-01-18 10:45:00;160.614;202.167;139.990;1385.500;390.693; 96.763;195.976; 84.532;148.970;271.424; 90.488;148.940;180.242;165.022;185.634;184.392;103.968;131.922;254.090
2005-01-18 10:50:00;162.226;203.900;138.483;1378.660;390.050;   null;195.500; 85.934;149.653;267.999; 91.966;151.100;183.440;163.722;184.272;182.584;105.344;131.222;255.476
2005-01-18 10:55:00;158.612;202.233;139.570;1374.020;393.393;   null;193.660; 85.914;149.670;268.123; 91.449;149.160;181.386;165.836;185.060;181.504;104.782;131.818;255.674
2005-01-18 11:00:00;159.984;202.033;141.447;1378.820;388.447; 96.720;194.066; 84.146;149.367;266.752; 92.771;148.820;180.922;165.714;185.930;182.076;104.068;130.512;254.580
2005-01-18 11:05:00;158.478;203.800;139.617;1379.900;389.373;   null;194.490; 86.948;148.997;269.165; 92.724;150.020;180.894;163.408;184.132;185.212;104.690;130.218;256.478
2005-01-18 11:10:00;158.104;204.467;140.213;1378.260;390.680;   null;195.942; 86.154;150.347;267.435; 91.342;150.960;181.362;163.238;183.638;182.276;104.210;131.098;253.682
2005-01-18 11:15:00;159.410;202.533;142.040;1376.420;389.447; 98.089;196.178; 86.296;147.903;268.819; 93.792;151.400;180.908;164.984;185.772;184.242;104.560;131.486;253.646
2005-01-18 11:20:00;160.412;200.367;139.447;1363.480;391.080;   null;194.594; 86.490;150.434;269.233; 93.357;148.640;180.616;164.198;185.876;183.048;104.330;130.044;254.734
2005-01-18 11:25:00;157.446;204.033;138.193;1377.260;392.073;   null;193.640; 84.568;151.967;267.657; 92.712;147.540;182.478;164.668;183.652;183.904;104.952;128.822;253.356
2005-01-18 11:30:00;158.688;202.833;139.877;1371.660;391.510; 98.076;195.166; 84.516;151.253;267.787; 91.644;149.880;182.966;162.760;186.548;183.530;103.918;130.320;257.278
2005-01-18 11:35:00;157.614;204.500;141.040;1381.280;391.597;   null;195.028; 86.252;149.517;267.817; 92.381;151.320;182.334;163.634;185.310;185.330;103.244;129.528;253.290
2005-01-18 11:40:00;159.968;200.867;138.767;1379.640;394.833;   null;194.094; 86.186;151.467;267.373; 92.669;149.840;181.982;167.690;182.800;184.418;104.186;130.146;255.622
2005-01-18 11:45:00;159.802;202.633;141.607;1374.680;393.440; 98.651;196.632; 86.576;149.293;268.819; 91.192;150.940;182.456;164.210;181.238;184.442;104.144;130.380;256.238
2005-01-18 11:50:00;158.686;204.400;139.270;1366.800;393.937;   null;195.390; 85.576;151.473;268.854; 92.251;149.520;181.480;164.856;183.430;181.902;104.618;131.130;255.292
2005-01-18 11:55:00;158.018;201.800;140.780;1373.120;395.320;   null;197.332; 84.410;150.450;269.312; 91.371;150.500;180.560;162.890;182.822;180.008;104.224;130.756;256.610
2005-01-18 12:00:00;157.808;203.967;141.793;1376.040;157.507; 98.070;196.902; 85.462;148.800;266.509; 92.419;150.060;180.828;163.506;181.552;183.060;104.404;130.464;253.662
2005-01-18 12:05:00;159.822;205.067;142.193;1378.140;316.597;   null;194.704; 85.766;148.540;263.486; 91.268;149.480;180.896;164.106;183.092;184.100;104.916;130.052;253.042
2005-01-18 12:10:00;159.934;202.267;142.337;1380.620;394.167;   null;200.088; 85.830;149.267;265.030; 94.274;148.160;180.766;163.108;184.450;181.708;103.332;129.550;255.870
2005-01-18 12:15:00;158.030;202.467;140.113;1375.200;396.413; 97.921;197.658; 84.972;150.623;264.677; 90.663;149.080;179.510;164.350;181.236;181.248;103.566;129.752;255.676
2005-01-18 12:20:00;157.526;201.700;142.703;1370.140;398.703;   null;195.978; 85.218;149.830;264.676; 93.005;149.840;176.432;163.622;179.524;181.196;103.018;130.710;255.716
2005-01-18 12:25:00;159.462;203.067;139.667;1373.560;394.877;   null;198.854; 86.410;150.193;262.134; 91.974;150.920;176.538;163.716;181.590;180.288;103.834;131.792;255.236
2005-01-18 12:30:00;159.246;203.700;140.873;1363.800;394.263; 97.578;195.822; 85.328;150.790;263.485; 92.610;149.740;174.768;164.100;181.974;177.532;103.818;130.670;255.470
2005-01-18 12:35:00;159.210;203.700;141.673;1372.640;396.810;   null;195.910; 85.130;149.637;264.772; 91.115;151.180;176.230;161.934;179.594;179.122;103.864;130.338;254.692
2005-01-18 12:40:00;159.726;201.000;140.257;1370.260;392.463;   null;195.636; 85.402;147.763;264.193; 91.907;150.100;178.766;161.734;182.178;180.088;104.004;129.800;253.572
2005-01-18 12:45:00;157.618;200.533;140.883;1367.680;  0.000; 97.787;195.564; 85.532;149.057;259.099; 91.114;150.540;176.130;161.296;182.022;179.096;103.458;129.564;252.662
2005-01-18 12:50:00;156.806;202.900;141.267;1366.400;  0.000;   null;195.984; 85.404;147.017;256.868; 91.042;148.720;172.978;162.470;181.644;180.482;104.028;129.120;251.334
2005-01-18 12:55:00;159.716;202.933;140.947;1360.200;  0.000;   null;195.284; 84.898;149.197;260.504; 93.008;149.720;174.488;159.034;177.446;177.458;102.974;127.980;252.832
2005-01-18 13:00:00;158.596;203.933;140.117;1347.600; 79.450; 96.639;197.510; 85.928;149.303;258.870; 92.780;148.000;176.246;160.334;178.320;177.622;103.218;129.028;247.784
2005-01-18 13:05:00;157.612;202.000;141.430;1350.620;393.280;   null;196.220; 85.588;148.247;260.579; 93.791;149.620;174.220;159.366;182.012;177.768;102.432;126.534;248.904
2005-01-18 13:10:00;158.668;200.733;140.307;1354.940;392.300;   null;198.128; 85.250;150.060;258.438; 94.118;148.360;176.346;160.346;180.722;178.258;103.264;125.154;252.500
2005-01-18 13:15:00;158.636;202.133;139.373;1353.960;395.197; 99.580;197.130; 85.190;148.787;262.138; 91.507;150.040;180.740;162.914;180.182;178.442;103.062;125.760;249.288
2005-01-18 13:20:00;159.144;204.433;140.273;1350.160;396.383;   null;195.262; 84.050;151.443;261.516; 91.686;147.440;178.122;162.916;179.252;177.030;103.112;127.410;248.978
2005-01-18 13:25:00;158.752;202.200;140.950;1348.820;396.533;   null;197.002; 84.010;150.687;263.530; 92.190;149.440;178.510;164.184;181.232;181.524;102.686;126.428;248.718
2005-01-18 13:30:00;157.688;204.033;141.187;1354.740;394.950; 99.251;198.888; 84.646;150.747;265.381; 92.215;149.660;179.400;162.042;180.348;179.860;103.524;126.616;249.348
2005-01-18 13:35:00;157.800;204.167;139.747;1361.000;395.043;   null;197.040; 86.048;149.477;265.998; 91.002;148.660;177.806;161.920;178.158;177.138;103.458;126.908;247.146
2005-01-18 13:40:00;158.100;206.167;140.827;1358.100;392.057;   null;197.928; 85.118;150.447;265.279; 92.608;148.540;181.216;162.712;180.166;179.068;103.012;126.686;247.118
2005-01-18 13:45:00;157.310;204.933;141.850;1357.420;396.630; 99.726;198.010; 85.270;152.053;263.912; 91.025;146.740;178.346;163.314;182.404;179.358;103.614;127.368;249.894
2005-01-18 13:50:00;158.860;205.000;142.007;1353.340;399.683;   null;198.370; 86.458;150.437;264.755; 91.107;146.880;180.412;165.518;180.912;180.450;103.152;127.796;250.720
2005-01-18 13:55:00;157.756;205.133;142.360;1361.440;395.087;   null;197.404; 84.980;149.973;260.713; 90.591;146.780;177.606;163.654;181.722;179.728;102.252;128.722;251.058
2005-01-18 14:00:00;159.632;203.467;139.153;1362.500;392.363; 98.760;195.838; 86.196;148.067;264.038; 92.788;147.080;177.250;162.598;182.562;181.228;103.426;129.110;253.420
2005-01-18 14:05:00;159.946;204.167;140.100;1358.020;393.433;   null;197.534; 86.136;151.437;263.509; 91.215;148.240;179.056;163.438;181.932;179.470;102.424;129.742;250.464
2005-01-18 14:10:00;158.978;203.933;140.417;1350.560;393.057;   null;195.424; 86.198;150.103;257.714; 90.737;149.560;178.094;160.762;181.630;179.888;102.050;129.608;252.916
2005-01-18 14:15:00;156.882;205.433;140.150;1352.100;392.877; 97.919;195.896; 84.526;148.987;261.169; 92.610;148.500;177.858;164.584;181.478;179.118;103.324;129.406;253.240
2005-01-18 14:20:00;158.896;205.133;142.810;1350.620;388.767;   null;195.606; 85.958;150.683;263.810; 91.391;149.100;178.108;162.640;180.486;176.938;102.518;131.466;256.958
2005-01-18 14:25:00;157.508;205.800;138.980;1350.860;393.947;   null;196.740; 86.112;148.697;263.216; 92.224;148.380;180.764;161.676;183.054;179.376;102.232;128.624;255.006
2005-01-18 14:30:00;159.864;202.833;141.263;1347.880;396.197; 98.914;198.322; 86.266;149.750;264.260; 91.108;149.260;180.292;163.744;181.372;181.788;101.280;129.854;253.196
2005-01-18 14:35:00;160.320;203.800;140.673;1352.380;392.137;   null;194.706; 85.774;150.243;263.963; 91.752;147.720;179.118;160.180;181.640;183.256;102.972;130.870;257.820
2005-01-18 14:40:00;158.826;205.133;139.133;1350.800;395.070;   null;198.908; 86.624;149.817;267.034; 92.180;149.500;179.382;161.282;180.806;180.010;102.148;131.240;255.800
2005-01-18 14:45:00;158.274;206.067;141.260;1355.860;397.523; 98.745;198.318; 86.756;149.657;268.830; 91.682;149.820;177.524;162.578;182.442;182.338;103.840;129.370;253.056
2005-01-18 14:50:00;159.368;202.100;141.283;1343.080;395.623;   null;196.544; 86.336;148.297;268.765; 92.021;149.900;178.962;162.272;183.792;179.864;103.388;130.322;256.872
2005-01-18 14:55:00;157.452;204.667;141.150;1347.340;394.160;   null;196.028; 86.012;149.323;268.404; 91.949;149.900;179.792;162.858;182.882;180.810;102.834;129.430;255.224
2005-01-18 15:00:00;157.866;205.567;141.897;1349.900;394.753; 98.877;196.148; 85.788;148.957;264.967; 92.686;149.160;179.318;163.494;182.240;182.376;102.350;129.620;254.150
2005-01-18 15:05:00;158.256;207.800;140.077;1344.180;396.747;   null;195.606; 86.296;150.893;268.043; 92.484;150.440;180.716;163.076;183.076;180.756;102.106;128.250;254.874
2005-01-18 15:10:00;159.092;204.600;140.573;1344.680;391.493;   null;197.692; 84.726;149.280;267.357; 92.587;151.440;180.020;165.460;182.082;180.604;103.516;130.256;252.802
2005-01-18 15:15:00;156.386;206.800;141.243;1348.560;397.617; 99.368;198.024; 85.298;149.027;270.959; 93.224;151.500;179.882;163.512;184.158;182.020;102.626;129.640;254.378
2005-01-18 15:20:00;156.270;205.200;140.627;1357.540;394.560;   null;198.762; 84.116;150.627;270.435; 93.814;151.740;180.766;162.922;182.984;181.886;102.884;129.106;252.282
2005-01-18 15:25:00;155.794;203.567;140.660;1356.300;396.563;   null;196.876; 85.700;149.057;265.819; 92.330;149.520;181.502;162.320;182.772;180.120;101.886;129.934;251.628
2005-01-18 15:30:00;158.956;203.700;140.160;1357.500;397.130;100.153;197.338; 84.162;150.573;266.572; 92.228;149.880;179.072;161.896;185.122;182.916;102.334;128.218;254.386
2005-01-18 15:35:00;156.652;203.200;139.470;1362.400;393.637;   null;198.826; 85.604;151.440;265.717; 93.252;147.940;180.246;162.914;182.690;180.006;102.246;127.986;252.080
2005-01-18 15:40:00;155.878;203.000;140.323;1353.360;398.070;   null;196.554; 83.836;150.643;268.567; 92.289;150.000;178.644;161.410;183.056;179.922;102.700;129.940;252.428
2005-01-18 15:45:00;155.086;202.167;138.597;1359.400;391.797; 99.645;195.470; 84.034;150.830;266.237; 92.936;149.500;181.678;162.828;183.092;180.886;103.358;128.906;251.536
2005-01-18 15:50:00;156.558;200.833;139.533;1351.860;391.923;   null;193.462; 84.924;149.887;266.495; 91.320;148.820;179.576;164.282;181.336;180.550;101.876;128.830;252.376
2005-01-18 15:55:00;156.342;201.067;139.197;1355.120;392.240;   null;191.452; 84.928;150.220;268.135; 92.028;147.480;178.908;164.072;183.406;181.746;103.852;128.034;253.720
2005-01-18 16:00:00;155.300;203.167;143.367;1359.680;397.574; 99.474;192.778; 87.042;150.057;265.533; 92.437;148.860;177.556;163.080;184.318;179.290;103.342;128.148;254.446
2005-01-18 16:05:00;156.586;201.333;139.970;1369.260;392.867;   null;193.556; 85.632;149.587;264.144; 92.600;148.060;181.430;163.124;182.214;181.092;102.992;128.126;252.592
2005-01-18 16:10:00;156.506;202.533;140.290;1360.620;392.783;   null;194.324; 84.520;147.057;263.221; 91.441;148.260;179.360;161.252;183.124;180.218;103.234;130.112;251.176
2005-01-18 16:15:00;154.692;203.000;137.910;1362.240;389.797; 99.568;193.038; 86.126;149.687;267.568; 90.532;149.260;179.472;161.504;181.196;178.702;102.472;128.766;252.018
2005-01-18 16:20:00;150.154;202.567;138.703;1358.920;388.733;   null;192.862; 86.600;149.293;267.535; 91.246;149.200;178.112;163.778;182.746;178.608;101.912;128.546;251.036
2005-01-18 16:25:00;153.740;203.267;138.507;1362.280;389.103;   null;196.950; 85.514;147.030;268.359; 92.425;149.600;180.194;162.422;181.042;179.708;101.264;129.492;250.506
2005-01-18 16:30:00;153.484;203.167;138.897;1367.840;387.017; 98.152;194.722; 84.688;149.927;267.367; 92.300;150.220;178.572;163.704;183.972;180.242;102.356;129.194;252.346
2005-01-18 16:35:00;154.758;202.600;136.910;1359.900;389.160;   null;195.850; 86.114;146.943;267.232; 91.774;148.140;179.850;161.250;182.436;180.046;101.574;128.206;251.062
2005-01-18 16:40:00;154.514;198.200;138.487;1348.340;390.923;   null;193.588; 84.668;148.813;266.705; 91.251;148.540;179.750;163.004;182.004;181.204;101.474;128.222;252.420
2005-01-18 16:45:00;153.154;204.133;136.793;1366.700;388.620; 98.307;194.052; 85.982;148.953;267.061; 91.630;147.380;178.832;163.672;183.270;182.476;102.260;127.584;253.390
2005-01-18 16:50:00;155.148;203.400;136.853;1354.420;390.530;   null;192.094; 86.958;148.163;265.369; 91.235;149.720;178.788;161.462;183.966;176.972;101.404;127.124;253.324
2005-01-18 16:55:00;156.142;201.000;138.253;1349.960;389.544;   null;192.140; 86.718;148.740;270.067; 93.002;150.280;181.300;162.344;182.684;181.360;101.480;127.964;252.412
2005-01-18 17:00:00;153.436;202.067;139.200;1352.480;387.067; 98.268;194.198; 85.982;151.000;264.736; 94.593;146.040;180.066;161.722;183.722;179.696;100.998;128.074;251.634
2005-01-18 17:05:00;154.722;204.167;136.843;1357.080;388.433;   null;193.354; 86.028;148.990;267.050; 91.446;147.680;178.772;161.596;182.598;180.804;100.164;126.982;249.476
2005-01-18 17:10:00;155.146;199.633;138.317;1350.820;388.453;   null;192.692; 85.848;149.493;265.061; 91.171;148.920;178.800;163.404;181.580;179.780;100.980;125.978;251.498
2005-01-18 17:15:00;153.642;202.200;135.867;1349.140;386.697; 97.945;191.418; 85.660;147.733;267.477; 90.496;146.820;178.372;163.452;184.122;180.298;101.394;128.224;248.528
2005-01-18 17:20:00;154.662;198.767;137.290;1348.300;385.117;   null;193.582; 83.954;150.027;265.222; 91.635;147.960;177.244;163.824;180.554;179.216;100.702;125.286;251.954
2005-01-18 17:25:00;153.712;198.333;135.793;1351.240;382.490;   null;193.598; 85.398;147.053;266.184; 90.410;145.580;178.672;164.008;178.294;180.084;102.594;127.736;250.546
2005-01-18 17:30:00;152.840;200.400;136.597;1343.700;385.200; 97.499;192.206; 84.406;147.817;267.743; 89.106;147.200;178.592;164.024;181.072;179.308;101.886;128.296;251.470
2005-01-18 17:35:00;153.612;202.967;134.973;1349.500;381.767;   null;191.854; 85.192;146.860;268.310; 91.414;147.780;181.030;164.518;180.508;181.146;101.244;128.146;253.082
2005-01-18 17:40:00;153.484;200.100;138.103;1348.780;381.983;   null;192.806; 85.796;145.037;269.569; 90.520;146.960;180.400;161.448;182.258;182.066;100.554;127.210;250.590
2005-01-18 17:45:00;154.676;201.733;135.613;1339.040;383.737; 97.405;192.156; 86.046;147.847;265.917; 90.517;147.060;179.458;162.216;182.572;180.748;101.438;126.826;248.146
2005-01-18 17:50:00;153.462;200.567;136.090;1354.640;380.393;   null;188.676; 84.670;147.527;268.605; 90.130;146.720;179.226;161.600;182.116;180.876;101.174;127.998;250.038
2005-01-18 17:55:00;152.422;200.733;138.873;1350.400;379.643;   null;189.218; 85.080;147.530;267.378; 89.756;146.620;183.440;163.596;183.056;179.494;102.912;127.430;251.650
2005-01-18 18:00:00;152.942;201.633;135.323;1346.580;379.433; 96.495;191.578; 85.916;145.437;268.933; 91.199;146.000;180.904;162.864;182.634;181.644;102.642;127.224;251.566
2005-01-18 18:05:00;152.740;200.633;134.960;1353.020;379.193;   null;191.622; 83.454;146.477;266.482; 88.743;144.260;181.230;160.970;180.652;179.794;102.176;127.454;248.522
2005-01-18 18:10:00;154.694;200.033;137.097;1344.440;379.473;   null;189.704; 84.646;145.027;268.967; 89.757;144.320;181.014;162.570;181.650;180.144;102.278;128.562;251.766
2005-01-18 18:15:00;151.932;199.233;135.630;1347.140;381.703; 95.776;188.784; 84.462;146.540;267.099; 90.961;146.060;178.776;161.060;180.944;181.012;103.094;128.554;250.624
2005-01-18 18:20:00;153.856;202.067;136.497;1353.500;377.510;   null;188.346; 83.102;144.100;268.131; 88.019;145.700;180.198;161.632;179.246;180.290;101.790;127.228;250.584
2005-01-18 18:25:00;153.224;197.500;138.157;1356.240;380.870;   null;191.278; 82.878;144.590;266.497; 90.743;146.280;180.328;162.554;180.640;180.238;102.176;127.950;251.524
2005-01-18 18:30:00;153.588;200.167;136.240;1350.240;377.353; 96.134;190.976; 84.956;145.377;264.061; 90.204;143.460;179.236;160.910;178.624;181.366;101.500;128.120;252.778
2005-01-18 18:35:00;153.576;199.100;135.050;1353.500;377.470;   null;190.070; 83.380;145.927;266.791; 90.884;144.620;179.940;162.024;180.378;180.362;102.076;127.162;251.048
2005-01-18 18:40:00;153.996;198.800;136.660;1359.080;379.637;   null;189.318; 85.724;144.796;262.262; 89.683;145.600;177.822;161.762;182.450;179.870;100.418;128.078;251.040
2005-01-18 18:45:00;151.986;202.367;135.887;1355.720;378.043; 95.673;191.846; 84.632;144.137;262.729; 89.469;146.200;177.930;162.240;179.044;179.118;100.518;127.124;250.830
2005-01-18 18:50:00;153.654;199.233;137.923;1355.720;376.647;   null;189.226; 83.856;147.120;265.953; 91.642;145.740;180.500;162.124;181.494;182.802;100.652;129.358;250.778
2005-01-18 18:55:00;153.058;201.600;134.003;1355.440;375.200;   null;190.676; 83.676;146.100;265.580; 89.705;145.800;181.094;162.416;180.910;182.206;101.770;126.638;249.718
2005-01-18 19:00:00;151.812;197.633;136.483;1352.380;377.573; 96.789;191.018; 84.392;145.537;266.341; 90.498;145.160;178.736;161.668;181.664;182.224;102.316;126.914;246.528
2005-01-18 19:05:00;151.972;199.000;136.870;1347.880;377.020;   null;190.844; 85.892;144.683;262.847; 92.054;147.160;179.618;160.944;180.594;181.220;101.758;125.564;246.714
2005-01-18 19:10:00;151.968;200.933;136.433;1344.460;378.613;   null;193.626; 84.878;145.510;267.846; 91.052;147.240;180.196;162.940;179.030;179.978;101.258;126.650;243.260
2005-01-18 19:15:00;153.862;201.233;138.330;1351.160;381.863; 97.408;191.232; 84.770;144.673;268.151; 89.388;145.700;176.668;160.242;179.422;178.886;103.878;125.862;248.042
2005-01-18 19:20:00;152.166;202.367;133.963;1354.840;378.800;   null;189.880; 86.742;143.923;267.789; 90.098;147.040;179.698;162.698;181.430;179.558;100.820;125.308;245.754
2005-01-18 19:25:00;151.918;200.133;135.657;1350.340;378.070;   null;191.532; 86.016;144.953;264.500; 90.691;144.820;178.198;161.548;181.594;181.478;102.784;126.270;249.284
2005-01-18 19:30:00;153.232;200.300;136.647;1349.700;381.000; 96.622;190.716; 84.874;145.807;266.397; 91.625;145.480;178.108;160.796;183.450;179.206;101.950;126.004;250.506
2005-01-18 19:35:00;152.954;201.400;136.570;1349.740;377.887;   null;188.494; 85.190;145.947;265.802; 90.101;146.700;179.566;160.338;183.124;179.258;101.864;125.394;248.578
2005-01-18 19:40:00;152.462;204.167;136.190;1355.860;384.320;   null;190.696; 85.778;145.793;266.339; 89.989;145.440;178.572;159.750;184.336;180.540;100.954;126.164;247.804
2005-01-18 19:45:00;152.756;203.533;136.063;1354.080;379.047; 96.257;190.938; 86.204;146.927;266.539; 88.474;146.780;175.794;160.608;185.476;180.430;100.994;126.244;247.910
2005-01-18 19:50:00;153.108;202.367;137.557;1353.240;380.973;   null;189.282; 87.270;148.067;266.373; 88.153;142.240;177.794;163.010;184.048;182.304;101.192;126.270;248.452
2005-01-18 19:55:00;153.276;200.600;136.440;1363.220;381.140;   null;190.404; 87.980;147.257;263.309; 89.897;143.220;175.690;163.540;181.728;180.016;101.054;126.386;248.134
2005-01-18 20:00:00;152.058;203.067;138.173;1358.660;383.257; 97.180;189.466; 87.308;145.670;262.504; 89.144;147.240;178.460;159.226;182.014;180.304;100.928;125.464;247.744
2005-01-18 20:05:00;152.524;203.700;137.403;1357.660;380.637;   null;193.152; 85.900;146.390;265.204; 90.541;144.960;176.044;161.676;182.458;180.728;101.142;125.734;247.502
2005-01-18 20:10:00;150.476;201.333;137.457;1362.180;382.507;   null;190.206; 85.678;145.997;262.819; 89.462;145.840;177.596;163.578;182.746;178.274;101.128;124.852;248.038
2005-01-18 20:15:00;154.252;202.567;137.640;1355.200;383.570; 96.744;192.956; 85.904;144.057;261.823; 90.456;145.080;177.374;160.928;181.702;179.742;101.402;125.360;245.130
2005-01-18 20:20:00;154.832;202.967;136.153;1355.260;376.293;   null;192.586; 85.616;146.356;261.116; 90.647;147.440;178.840;161.356;179.384;178.188;102.040;124.592;245.224
2005-01-18 20:25:00;152.136;200.933;135.353;1364.340;374.667;   null;191.448; 84.178;146.683;261.206; 89.478;143.820;175.656;161.292;183.788;179.164;101.990;124.990;244.912
2005-01-18 20:30:00;153.348;200.567;136.913;1363.760;380.200; 96.500;191.784; 84.742;145.137;257.414; 90.002;146.940;177.336;160.942;182.662;179.390;102.610;126.760;247.310
2005-01-18 20:35:00;153.210;198.333;136.683;1352.420;381.893;   null;191.400; 84.930;144.570;261.440; 90.247;145.820;177.870;160.024;182.386;179.452;103.190;126.468;247.914
2005-01-18 20:40:00;153.374;202.567;135.680;1358.500;377.333;   null;191.200; 83.494;146.703;262.512; 89.110;146.120;176.884;160.568;183.740;181.080;102.512;126.572;249.970
2005-01-18 20:45:00;155.060;201.533;135.093;1353.820;379.930; 96.627;192.948; 84.156;145.596;261.463; 90.289;146.040;177.094;161.806;184.036;180.824;101.748;126.116;249.358
2005-01-18 20:50:00;153.728;203.333;136.957;1360.680;376.767;   null;192.684; 86.712;146.990;262.955; 89.530;144.040;177.462;159.998;181.814;179.710;103.006;126.696;247.470
2005-01-18 20:55:00;153.926;201.933;134.300;1356.660;379.080;   null;191.842; 86.174;146.973;263.454; 90.660;146.120;176.892;161.202;180.258;180.632;104.040;126.806;248.102
2005-01-18 21:00:00;152.992;203.233;135.953;1353.660;382.077; 97.306;191.264; 85.602;144.320;265.519; 89.835;145.000;181.082;161.702;179.556;181.770;102.100;126.828;244.020
2005-01-18 21:05:00;151.770;202.033;136.547;1345.880;382.240;   null;191.134; 85.204;144.110;262.163; 89.483;146.120;178.964;161.312;181.960;180.218;101.780;126.900;245.066
2005-01-18 21:10:00;152.924;204.400;136.080;1355.000;377.493;   null;189.216; 87.408;145.370;265.692; 88.723;144.980;176.836;160.372;181.416;180.416;101.844;126.120;245.170
2005-01-18 21:15:00;153.814;203.400;135.387;1352.960;380.600; 96.290;190.782; 86.056;145.347;264.002; 88.789;147.800;179.684;162.298;181.148;182.466;102.806;124.002;245.434
2005-01-18 21:20:00;152.926;202.900;136.673;1347.300;382.347;   null;189.828; 84.904;145.077;264.627; 90.105;146.080;179.638;163.864;179.686;180.530;101.910;124.736;245.962
2005-01-18 21:25:00;153.442;204.000;134.917;1337.560;380.850;   null;192.168; 84.918;146.697;263.502; 89.650;145.840;179.184;164.304;177.438;180.960;102.870;124.916;244.660
2005-01-18 21:30:00;151.266;202.300;136.277;1345.940;382.200; 97.568;189.104; 85.198;145.923;265.897; 90.253;146.220;180.274;162.726;181.088;181.260;102.742;125.204;243.034
2005-01-18 21:35:00;154.182;202.267;137.613;1358.760;384.617;   null;190.286; 86.014;146.023;266.629; 90.082;145.320;181.820;162.776;179.670;183.280;101.524;123.962;243.368
2005-01-18 21:40:00;155.576;201.467;138.560;1340.900;381.613;   null;190.968; 84.898;145.653;266.638; 89.631;147.600;179.128;164.508;182.302;181.730;102.288;124.686;242.792
2005-01-18 21:45:00;151.818;203.600;138.907;1344.060;386.557; 96.632;188.876; 84.718;146.823;264.021; 88.875;145.120;180.986;163.736;182.786;183.202;102.798;122.480;241.564
2005-01-18 21:50:00;154.318;203.833;136.267;1340.320;380.320;   null;190.876; 84.498;145.813;265.647; 88.492;145.380;182.398;162.252;179.334;182.192;103.544;124.548;239.096
2005-01-18 21:55:00;151.926;203.267;137.210;1341.680;382.350;   null;192.330; 83.572;144.156;264.160; 90.194;144.620;180.410;163.486;180.812;179.974;102.754;122.564;240.908
2005-01-18 22:00:00;152.952;203.633;137.760;1332.980;382.027; 96.445;192.062; 84.924;145.443;266.416; 89.020;145.620;180.602;163.472;179.922;181.154;104.266;120.898;241.234
2005-01-18 22:05:00;151.752;202.633;135.757;1326.080;379.590;   null;191.530; 84.936;145.653;264.591; 90.755;146.620;179.332;162.966;180.798;180.480;103.714;122.324;238.660
2005-01-18 22:10:00;152.510;202.067;134.423;1331.720;378.670;   null;191.054; 84.560;145.433;265.648; 88.984;145.800;181.116;164.216;180.362;181.686;103.554;121.528;236.618
2005-01-18 22:15:00;150.216;202.667;135.430;1336.180;376.630; 96.109;189.110; 82.798;146.084;261.664; 89.872;144.440;182.982;164.114;182.102;180.994;103.794;121.964;240.694
2005-01-18 22:20:00;150.796;203.567;134.290;1327.820;376.623;   null;194.016; 84.352;143.170;265.979; 88.857;146.420;179.050;160.400;181.584;180.620;102.612;121.446;237.868
2005-01-18 22:25:00;149.482;200.800;136.187;1324.060;374.437;   null;190.032; 84.518;146.076;264.612; 90.015;145.020;182.010;162.038;181.268;180.296;104.190;122.018;238.194
2005-01-18 22:30:00;149.766;198.833;133.347;1322.980;377.103; 96.261;191.302; 82.190;145.800;258.677; 91.378;144.300;181.020;162.736;180.804;179.478;102.852;121.810;240.150
2005-01-18 22:35:00;151.462;199.700;134.393;1327.060;375.720;   null;190.816; 83.252;146.017;261.299; 90.256;146.620;178.872;162.982;182.944;180.076;103.222;122.108;236.838
2005-01-18 22:40:00;150.206;198.667;134.863;1327.460;373.713;   null;188.440; 82.186;148.144;261.399; 90.363;145.520;179.198;163.370;180.040;180.474;102.664;121.374;237.556
2005-01-18 22:45:00;150.582;200.267;133.983;1325.480;373.247; 96.022;191.632; 83.312;144.963;257.946; 89.315;146.820;178.442;161.768;179.992;177.778;101.004;121.152;237.928
2005-01-18 22:50:00;152.312;199.467;136.020;1321.020;376.147;   null;189.502; 82.760;142.587;259.241; 89.888;144.120;177.230;159.454;180.506;179.588;102.030;121.842;237.142
2005-01-18 22:55:00;151.528;199.400;132.880;1330.160;371.237;   null;189.346; 82.652;144.154;258.411; 87.155;144.900;176.968;160.458;180.518;178.300;102.980;120.302;238.374
2005-01-18 23:00:00;150.438;198.533;133.627;1315.880;374.773; 94.806;187.548; 84.336;144.947;262.104; 89.708;140.780;177.484;160.484;181.198;177.578;101.278;120.782;236.848
2005-01-18 23:05:00;149.720;200.167;135.127;1330.320;371.407;   null;184.010; 83.500;144.310;261.406; 85.744;139.520;178.732;161.896;181.960;178.400;101.300;122.862;238.918
2005-01-18 23:10:00;149.696;196.533;135.703;1323.140;366.060;   null;180.682; 83.052;142.580;259.616; 85.895;139.140;175.090;162.770;181.546;178.386;100.762;121.162;239.576
2005-01-18 23:15:00;148.902;198.933;132.737;1315.920;360.587; 94.719;179.168; 83.354;142.163;262.600; 85.987;138.340;176.810;162.078;179.062;179.018;100.010;121.658;239.830
2005-01-18 23:20:00;151.890;199.200;132.137;1318.100;359.666;   null;182.924; 83.388;140.597;262.501; 85.114;139.780;176.732;161.902;178.704;179.124;102.158;122.002;241.938
2005-01-18 23:25:00;147.298;196.833;132.713;1318.540;357.977;   null;182.106; 84.078;138.213;261.191; 84.582;140.880;175.542;163.212;181.254;177.034;100.060;122.542;243.488
2005-01-18 23:30:00;148.906;195.933;130.837;1321.420;361.170; 91.786;181.594; 83.100;137.253;261.365; 84.712;137.920;177.828;162.754;177.726;179.262;100.630;122.810;240.778
2005-01-18 23:35:00;150.244;197.967;132.827;1319.420;357.717;   null;182.914; 83.974;139.043;260.934; 86.833;138.880;177.444;161.598;180.874;178.783;101.146;123.104;240.826
2005-01-18 23:40:00;147.512;197.333;132.020;1317.520;358.713;   null;182.112; 83.206;137.373;261.764; 84.663;139.580;174.770;160.532;176.618;180.877;102.644;122.324;240.398
2005-01-18 23:45:00;148.482;199.333;131.700;1309.480;359.047; 91.807;183.462; 83.320;138.903;262.826; 85.797;139.140;177.048;161.188;176.890;179.254; 99.128;121.752;238.516
2005-01-18 23:50:00;149.400;194.267;130.813;1310.180;359.010;   null;181.842; 82.112;138.543;259.549; 85.866;139.060;177.332;161.174;175.618;178.882; 99.312;121.452;240.994
2005-01-18 23:55:00;148.612;196.667;130.937;1316.840;356.620;   null;182.708; 82.136;139.533;261.266; 84.966;138.920;175.422;157.954;177.100;177.964; 99.246;122.398;239.620
2005-01-19 00:00:00;148.492;197.667;130.487;1320.020;358.697; 91.737;182.128; 81.806;138.277;261.398; 86.747;140.060;176.222;159.084;175.804;177.964; 99.306;120.650;239.200
2005-01-19 00:05:00;148.196;194.533;131.080;1311.700;361.707;   null;181.604; 81.502;138.483;258.597; 85.885;138.700;175.508;158.066;176.018;176.110; 98.742;121.198;236.380
2005-01-19 00:10:00;147.770;195.833;131.397;1312.100;360.107;   null;184.066; 81.180;137.950;263.104; 84.713;138.120;179.342;157.272;175.416;178.416; 98.920;120.074;237.022
2005-01-19 00:15:00;148.542;197.733;132.687;1319.380;359.073; 92.464;182.836; 81.478;140.840;259.326; 85.345;140.060;176.162;159.982;174.878;179.210; 96.608;119.106;234.480
2005-01-19 00:20:00;148.520;198.033;130.773;1316.220;359.580;   null;182.940; 82.224;136.470;260.255; 86.977;140.280;178.402;159.520;173.992;179.224; 97.974;119.902;236.390
2005-01-19 00:25:00;147.532;192.933;131.143;1317.180;360.883;   null;183.152; 80.844;136.827;262.052; 85.485;140.520;176.652;159.046;176.554;177.334; 97.688;119.492;235.894
2005-01-19 00:30:00;149.852;193.767;129.390;1316.740;357.280; 91.855;182.622; 82.948;138.110;260.594; 87.092;139.060;178.594;161.084;172.332;177.704; 98.060;118.786;235.324
2005-01-19 00:35:00;147.896;197.000;131.290;1306.320;357.940;   null;182.680; 82.240;139.830;260.728; 86.382;139.580;175.866;159.412;173.270;175.344; 97.936;118.400;235.834
2005-01-19 00:40:00;146.786;195.133;129.450;1313.200;358.360;   null;183.104; 81.250;139.357;259.866; 86.799;140.740;175.712;158.104;173.378;177.134; 98.872;119.658;234.340
2005-01-19 00:45:00;149.974;195.033;131.813;1310.580;361.607; 92.895;183.172; 80.736;137.487;262.616; 85.389;142.000;176.126;158.424;173.710;176.582; 99.310;119.824;236.488
2005-01-19 00:50:00;149.282;195.767;130.163;1309.760;363.093;   null;183.332; 78.888;139.070;259.776; 86.673;140.880;176.356;161.064;174.518;175.966; 98.352;117.952;234.958
2005-01-19 00:55:00;149.142;195.733;133.043;1310.000;360.353;   null;184.516; 80.388;141.057;259.529; 85.309;139.800;176.448;156.972;174.476;173.896; 98.098;119.228;236.832
2005-01-19 01:00:00;149.944;191.967;130.653;1313.540;364.934; 91.964;185.484; 81.786;139.023;259.695; 87.766;139.700;175.452;156.996;174.238;175.786; 98.698;118.012;233.826
2005-01-19 01:05:00;149.784;195.433;129.207;1313.920;360.653;   null;184.490; 80.484;140.894;259.760; 85.612;141.500;177.962;158.878;172.816;174.214; 99.034;119.052;233.694
2005-01-19 01:10:00;148.240;192.633;129.780;1318.280;363.043;   null;181.648; 80.982;138.320;259.926; 85.466;140.900;176.940;157.914;174.158;174.680; 98.830;119.466;234.386
2005-01-19 01:15:00;148.916;196.167;131.347;1316.680;364.583; 92.983;187.926; 80.940;139.760;259.628; 86.689;140.620;178.540;161.196;172.002;171.684; 98.322;117.558;232.132
2005-01-19 01:20:00;149.442;194.067;132.370;1316.840;361.310;   null;184.806; 79.066;139.157;256.115; 86.782;140.500;176.094;157.930;174.032;173.590; 96.456;118.372;233.270
2005-01-19 01:25:00;148.846;196.333;130.727;1318.680;363.503;   null;186.508; 79.740;140.613;255.049; 86.252;137.940;175.892;157.460;172.288;173.632; 97.970;117.580;232.268
2005-01-19 01:30:00;150.048;192.333;132.153;1315.280;360.573; 92.795;185.916; 78.570;140.440;256.973; 85.619;140.800;174.820;161.404;174.416;174.818; 98.568;117.056;231.456
2005-01-19 01:35:00;146.648;194.333;130.750;1313.880;361.737;   null;184.520; 80.230;140.980;256.269; 85.999;140.560;173.832;157.844;173.222;171.976; 98.060;119.032;232.870
2005-01-19 01:40:00;147.320;194.033;131.047;1312.560;364.223;   null;185.182; 79.986;139.733;255.772; 85.078;139.660;174.308;157.106;172.930;170.816; 96.638;118.718;229.810
2005-01-19 01:45:00;147.226;195.500;131.580;1312.220;359.343; 92.113;183.108; 81.192;138.710;258.326; 85.354;140.100;174.590;157.446;170.846;174.182; 98.140;118.118;231.340
2005-01-19 01:50:00;149.716;193.000;129.920;1318.240;364.130;   null;182.830; 81.614;139.863;254.609; 86.420;137.800;174.292;159.970;171.712;173.342; 99.494;117.624;232.636
2005-01-19 01:55:00;149.180;194.200;131.040;1320.900;360.513;   null;185.410; 80.072;138.580;254.926; 85.303;139.480;176.258;159.302;169.894;172.832; 97.452;116.656;232.366
2005-01-19 02:00:00;147.718;192.867;132.000;1319.820;364.517; 92.741;185.134; 79.338;139.030;258.185; 85.035;138.980;175.902;159.598;169.420;171.854; 98.144;117.826;231.446
2005-01-19 02:05:00;150.678;193.533;129.457;1324.160;359.827;   null;184.040; 80.028;138.537;258.326; 86.312;140.700;175.130;160.558;168.034;172.534; 98.236;117.850;232.172
2005-01-19 02:10:00;148.320;196.033;131.643;1317.240;363.543;   null;184.668; 80.844;138.590;258.033; 87.963;139.260;174.954;158.392;170.370;173.006; 98.254;117.446;230.768
2005-01-19 02:15:00;148.664;192.800;132.380;1326.480;363.223; 92.025;184.896; 79.532;138.333;257.309; 85.949;139.220;176.110;158.646;170.816;175.028; 97.652;116.956;230.198
2005-01-19 02:20:00;148.126;193.533;130.243;1328.640;360.897;   null;183.908; 81.258;139.897;258.081; 85.696;140.480;175.318;158.880;171.954;173.580; 98.894;116.610;227.900
2005-01-19 02:25:00;149.418;197.133;131.327;1322.520;363.977;   null;183.710; 80.052;137.593;255.697; 85.968;141.020;174.160;158.470;167.664;171.620; 98.042;116.030;228.086
2005-01-19 02:30:00;148.070;192.767;131.663;1331.540;361.477; 92.147;183.582; 80.472;138.620;254.522; 85.249;140.960;175.024;159.308;171.744;172.248; 97.970;116.944;228.400
2005-01-19 02:35:00;150.452;193.733;132.713;1329.560;357.217;   null;183.774; 81.066;139.077;256.323; 86.604;141.340;174.250;158.926;170.824;172.086; 98.224;115.156;228.698
2005-01-19 02:40:00;149.160;193.867;130.937;1326.120;363.410;   null;185.492; 77.770;140.310;255.412; 85.613;141.220;174.836;158.146;169.554;174.076; 99.432;115.500;230.204
2005-01-19 02:45:00;148.278;193.033;131.927;1336.600;363.593; 92.621;183.744; 78.882;138.870;256.159; 86.064;140.820;174.230;157.914;168.852;173.236; 98.466;115.356;228.294
2005-01-19 02:50:00;149.874;193.500;131.700;1325.680;364.500;   null;182.574; 78.892;139.647;258.161; 85.291;140.280;173.234;158.544;170.242;174.922; 99.358;115.926;230.542
2005-01-19 02:55:00;147.992;194.433;131.017;1335.840;362.347;   null;187.456; 80.424;138.627;256.235; 86.405;139.920;174.470;159.910;170.306;174.252; 98.636;115.422;231.000
2005-01-19 03:00:00;149.976;194.933;131.957;1336.900;361.863; 93.540;183.176; 80.896;139.713;258.329; 86.517;142.080;176.424;157.616;170.262;171.744; 98.590;116.328;230.206
2005-01-19 03:05:00;149.102;191.700;132.097;1338.460;362.980;   null;182.566; 79.694;138.937;256.596; 85.025;138.540;174.860;159.280;171.654;174.080; 99.352;116.680;228.496
2005-01-19 03:10:00;149.528;190.600;130.903;1336.360;362.897;   null;184.236; 79.920;138.913;257.041; 85.734;142.260;174.232;159.102;171.842;172.950; 99.394;116.866;230.850
2005-01-19 03:15:00;150.896;194.333;131.987;1339.940;361.987; 92.527;183.834; 80.536;140.080;254.655; 85.982;140.840;174.006;157.280;169.378;173.764; 99.096;117.530;231.344
2005-01-19 03:20:00;152.046;193.933;131.057;1340.340;367.793;   null;182.576; 80.276;138.247;255.116; 85.899;139.980;174.398;157.540;172.250;172.866; 96.866;115.976;232.906
2005-01-19 03:25:00;149.678;192.867;131.177;1336.080;366.857;   null;183.292; 79.918;139.520;257.512; 86.659;141.780;176.698;161.604;172.154;171.800; 96.902;116.618;230.396
2005-01-19 03:30:00;149.960;195.533;132.263;1346.440;364.490; 92.676;184.848; 81.376;138.053;257.331; 85.449;140.560;177.376;158.250;170.982;173.148; 98.704;117.960;229.858
2005-01-19 03:35:00;147.830;194.467;130.473;1342.380;364.267;   null;186.216; 81.004;140.077;259.468; 87.361;141.560;174.888;160.768;171.222;173.408; 98.526;116.990;231.650
2005-01-19 03:40:00;150.392;192.267;132.287;1333.640;363.947;   null;186.052; 80.704;138.610;255.551; 86.566;139.480;174.440;159.386;169.588;172.434; 99.240;117.512;228.204
2005-01-19 03:45:00;151.404;192.733;131.590;1334.900;364.707; 92.754;183.734; 81.296;138.633;260.843; 86.346;139.300;175.574;160.480;171.042;173.170; 99.092;117.120;230.424
2005-01-19 03:50:00;150.616;192.133;131.013;1347.780;363.613;   null;183.288; 78.978;139.143;256.016; 87.380;139.880;175.336;159.168;171.910;172.416; 97.740;117.204;228.638
2005-01-19 03:55:00;149.156;193.867;134.023;1338.560;361.863;   null;185.610; 81.170;140.720;256.761; 85.237;140.080;176.866;158.952;169.596;172.108; 98.722;116.038;229.386
2005-01-19 04:00:00;149.354;193.867;131.903;1341.400;365.300; 92.837;184.210; 80.348;138.596;259.456; 85.960;139.200;177.442;159.638;173.048;175.318; 98.636;114.678;228.732
2005-01-19 04:05:00;149.506;193.100;132.413;1338.300;362.213;   null;182.420; 78.476;139.763;259.534; 86.417;139.640;174.822;159.338;172.172;172.716; 98.450;117.312;230.606
2005-01-19 04:10:00;149.668;192.367;131.287;1329.880;364.190;   null;185.702; 80.940;138.640;258.744; 86.619;138.800;175.294;158.324;171.486;174.522; 97.072;117.990;231.958
2005-01-19 04:15:00;149.806;193.367;131.660;1341.180;363.263; 92.728;185.528; 79.064;138.363;258.438; 86.543;141.880;172.756;158.570;171.720;171.450; 98.698;117.098;232.380
2005-01-19 04:20:00;150.074;192.100;132.080;1338.420;364.500;   null;184.522; 80.668;137.203;258.348; 86.128;140.300;176.740;159.234;170.686;171.840; 98.038;116.010;229.030
2005-01-19 04:25:00;149.858;192.367;135.210;1332.380;364.170;   null;183.808; 80.776;140.010;259.882; 84.666;140.580;174.904;158.104;168.110;175.286; 98.560;114.976;232.084
2005-01-19 04:30:00;152.726;190.433;132.977;1332.580;366.830; 93.540;185.480; 78.062;138.677;256.983; 85.701;139.740;173.340;161.956;170.298;171.056; 99.450;116.794;232.764
2005-01-19 04:35:00;150.620;191.100;131.640;1339.540;365.280;   null;185.088; 80.988;139.524;257.620; 86.838;141.660;175.496;158.740;171.458;171.652; 98.608;118.564;231.146
2005-01-19 04:40:00;150.122;193.633;131.740;1349.320;366.806;   null;187.362; 81.178;140.807;256.271; 86.076;142.060;174.558;158.316;172.132;172.772; 99.640;118.404;230.704
2005-01-19 04:45:00;149.550;193.200;131.237;1348.000;364.746; 93.272;185.530; 80.918;142.180;256.978; 86.175;141.520;173.640;158.600;171.388;173.434; 99.424;117.622;228.740
2005-01-19 04:50:00;149.548;192.633;132.170;1345.040;367.083;   null;184.044; 80.836;139.573;254.771; 85.182;141.060;173.664;158.144;170.152;171.158; 99.382;117.422;233.814
2005-01-19 04:55:00;150.790;194.533;133.360;1346.140;368.833;   null;184.690; 79.954;141.507;259.184; 84.926;142.260;173.302;158.542;171.134;171.974; 98.866;117.034;230.864
2005-01-19 05:00:00;150.832;192.667;132.267;1345.340;366.753; 93.558;188.090; 79.296;139.753;258.132; 86.564;141.380;173.996;158.158;173.468;171.308; 99.240;117.782;230.460
2005-01-19 05:05:00;150.514;192.933;133.727;1355.600;366.487;   null;184.634; 78.854;138.987;257.270; 85.737;140.240;174.428;159.318;173.672;173.184; 99.396;116.070;231.552
2005-01-19 05:10:00;150.346;189.467;134.223;1349.340;366.220;   null;184.832; 80.612;139.330;252.836; 85.446;141.240;173.956;156.796;172.820;171.558; 98.180;117.606;229.428
2005-01-19 05:15:00;151.890;190.267;132.727;1349.340;367.870; 93.534;186.516; 79.220;139.980;255.598; 86.278;141.760;174.490;159.642;172.448;170.464; 98.958;116.138;232.442
2005-01-19 05:20:00;152.340;192.667;132.883;1346.180;368.163;   null;187.878; 79.626;137.437;252.500; 87.092;140.600;170.878;158.336;171.706;170.922; 99.982;116.908;233.012
2005-01-19 05:25:00;151.686;191.600;134.730;1349.380;366.163;   null;187.480; 81.580;141.593;256.262; 86.925;140.920;174.306;158.770;170.138;172.278; 97.808;115.504;231.308
2005-01-19 05:30:00;151.946;193.000;134.970;1348.760;366.807; 94.362;183.514; 79.160;140.883;258.008; 85.742;140.760;172.914;159.934;169.892;174.122; 98.378;117.222;231.070
2005-01-19 05:35:00;151.678;188.933;133.787;1355.900;368.630;   null;185.232; 79.754;139.567;255.230; 86.478;140.480;173.434;158.520;170.678;169.356; 98.256;116.700;231.674
2005-01-19 05:40:00;151.470;192.767;132.097;1360.040;367.833;   null;185.934; 79.790;138.753;256.488; 87.826;141.880;172.928;159.320;169.720;170.866; 98.046;119.400;233.860
2005-01-19 05:45:00;149.662;189.033;132.577;1358.000;364.613; 94.333;184.946; 78.772;138.590;255.850; 87.015;141.640;173.664;159.988;168.518;170.514; 98.298;118.578;231.634
2005-01-19 05:50:00;151.472;192.100;134.557;1352.200;365.583;   null;185.378; 79.034;140.610;255.701; 86.247;141.980;170.912;158.770;167.608;170.506; 97.638;116.896;233.090
2005-01-19 05:55:00;152.200;190.600;134.367;1352.640;369.103;   null;186.314; 81.386;141.380;255.714; 85.113;141.780;172.970;158.118;169.506;169.926; 96.994;117.708;233.664
2005-01-19 06:00:00;152.270;189.667;132.583;1358.400;366.290; 94.459;184.434; 80.016;141.777;253.504; 86.525;141.180;173.312;160.030;170.444;171.564; 99.292;117.954;232.894
2005-01-19 06:05:00;152.116;191.867;135.863;1350.600;367.670;   null;184.276; 78.976;138.864;253.762; 85.617;142.000;172.094;157.940;170.566;171.478; 97.754;118.208;231.288
2005-01-19 06:10:00;152.290;193.267;132.607;1349.300;368.987;   null;186.718; 81.892;139.373;253.986; 87.623;140.480;170.930;157.618;170.490;170.530; 97.534;118.412;231.758
2005-01-19 06:15:00;150.712;192.833;132.413;1353.300;367.230; 93.151;184.924; 78.102;139.417;251.501; 86.682;141.820;172.686;157.690;171.316;171.076; 97.970;118.170;232.482
2005-01-19 06:20:00;150.084;192.533;133.633;1351.380;368.373;   null;183.440; 80.828;140.193;254.571; 86.410;142.240;171.176;158.296;168.262;170.734; 99.198;118.050;231.912
2005-01-19 06:25:00;152.280;190.567;133.480;1353.880;369.387;   null;186.006; 78.934;140.220;254.314; 86.240;142.400;172.622;158.700;168.456;171.880; 97.474;119.128;233.330
2005-01-19 06:30:00;151.060;191.333;133.577;1351.380;365.047; 93.554;185.916; 78.090;140.290;253.264; 87.258;140.940;171.218;155.718;170.580;171.042; 97.494;118.570;232.356
2005-01-19 06:35:00;150.596;190.933;134.597;1348.100;369.660;   null;184.782; 78.140;138.717;251.148; 86.605;140.880;170.596;156.910;170.030;169.720; 97.112;118.210;231.850
2005-01-19 06:40:00;151.080;191.533;135.137;1353.500;366.673;   null;184.222; 80.016;139.987;251.596; 86.442;140.500;172.634;156.024;169.208;171.078; 97.938;117.274;234.064
2005-01-19 06:45:00;150.224;190.167;133.137;1347.540;368.193; 94.440;184.600; 78.558;141.747;251.074; 86.544;140.580;171.520;155.492;172.022;169.320; 98.072;117.136;232.754
2005-01-19 06:50:00;151.986;192.867;134.617;1350.060;367.480;   null;183.628; 80.568;140.280;254.165; 86.322;141.200;170.340;157.330;170.268;168.302; 98.176;117.840;232.146
2005-01-19 06:55:00;150.508;190.667;135.630;1344.860;369.003;   null;186.248; 79.204;140.373;252.405; 86.894;141.800;172.942;153.844;169.150;169.246; 97.678;118.956;233.684
2005-01-19 07:00:00;150.680;190.600;134.480;1355.640;366.690; 93.958;186.822; 81.180;142.597;251.643; 86.592;142.460;172.534;159.000;169.692;168.048; 98.594;118.088;233.446
2005-01-19 07:05:00;151.396;189.833;133.990;1350.660;371.143;   null;186.850; 80.326;139.040;252.357; 86.385;141.340;172.432;155.826;169.254;169.122; 96.950;116.204;232.968
2005-01-19 07:10:00;152.618;192.467;136.097;1352.800;368.824;   null;185.834; 79.950;143.767;252.590; 85.830;142.560;171.244;154.068;170.472;166.714; 97.408;117.852;233.900
2005-01-19 07:15:00;152.058;189.733;132.000;1350.880;368.433; 94.170;186.628; 78.784;138.850;251.147; 87.387;140.760;171.072;155.762;169.780;168.084; 96.996;118.466;234.400
2005-01-19 07:20:00;151.088;192.100;133.670;1352.580;366.857;   null;185.072; 80.046;139.390;251.518; 85.811;142.840;169.408;155.674;171.132;167.478; 97.214;118.050;232.926
2005-01-19 07:25:00;150.804;193.533;134.447;1342.660;367.213;   null;186.394; 80.590;138.807;253.413; 87.496;141.920;172.428;155.638;172.100;167.152; 97.438;118.570;232.190
2005-01-19 07:30:00;151.560;191.667;133.287;1342.980;367.767; 94.348;186.362; 79.712;140.183;250.886; 86.330;142.960;172.312;156.932;171.854;167.908; 96.672;119.428;233.138
2005-01-19 07:35:00;149.216;191.567;134.000;1350.720;368.027;   null;187.490; 79.592;140.424;251.511; 86.892;143.320;172.206;156.160;170.364;168.334; 97.114;118.396;235.360
2005-01-19 07:40:00;152.094;189.967;132.740;1353.400;371.123;   null;183.774; 77.790;139.910;250.616; 86.702;142.240;171.606;153.916;172.340;167.502; 98.792;117.640;233.262
2005-01-19 07:45:00;150.936;193.700;132.540;1346.200;368.163; 95.153;188.656; 78.892;140.773;253.100; 86.692;142.360;171.728;155.412;169.860;169.716; 97.290;118.346;232.254
2005-01-19 07:50:00;150.328;189.900;134.313;1349.900;368.323;   null;186.516; 79.004;140.363;251.407; 87.240;141.780;171.670;157.082;171.084;169.142; 97.592;118.622;232.346
2005-01-19 07:55:00;152.006;191.000;134.007;1344.420;366.117;   null;187.566; 80.336;141.337;251.215; 88.050;140.960;171.490;154.716;171.184;169.740; 97.080;118.072;233.296
2005-01-19 08:00:00;151.434;190.900;133.947;1344.080;364.347; 94.090;186.580; 79.258;139.090;251.270; 87.364;140.780;170.756;155.706;172.176;166.424; 97.460;118.450;231.790
2005-01-19 08:05:00;151.446;192.000;132.387;1353.800;368.167;   null;186.068; 80.684;142.643;251.119; 86.753;142.060;169.544;157.488;170.640;169.432; 97.142;116.812;232.478
2005-01-19 08:10:00;152.888;191.333;134.643;1345.900;365.963;   null;186.866; 80.662;141.683;250.982; 84.842;142.400;172.674;155.096;170.186;169.556; 97.302;118.180;235.832
2005-01-19 08:15:00;152.900;192.733;134.697;1352.120;370.353; 94.334;186.174; 81.096;141.563;251.445; 86.271;142.920;171.880;154.048;170.254;171.924; 97.622;118.462;235.562
2005-01-19 08:20:00;151.570;192.700;133.640;1346.360;368.137;   null;185.956; 79.678;141.453;251.221; 86.684;141.080;170.578;156.108;172.204;169.768; 96.726;117.444;234.072
2005-01-19 08:25:00;153.452;190.567;134.573;1353.380;365.230;   null;184.826; 79.664;141.753;254.193; 87.674;142.260;171.130;158.054;172.862;170.778; 96.730;118.198;232.868
2005-01-19 08:30:00;151.570;192.833;134.253;1344.560;367.380; 94.700;186.216; 79.930;140.053;252.758; 87.956;143.060;170.362;155.576;171.450;169.760; 97.336;119.298;233.844
2005-01-19 08:35:00;150.988;191.467;133.693;1338.660;367.810;   null;185.462; 80.220;140.417;251.606; 88.281;141.980;169.544;159.600;171.252;171.094; 98.094;117.984;233.698
2005-01-19 08:40:00;151.640;193.467;134.063;1349.120;370.053;   null;187.118; 79.054;140.013;248.797; 88.528;141.740;169.488;157.192;170.218;170.328; 97.740;118.730;232.774
2005-01-19 08:45:00;150.444;191.100;134.033;1344.940;370.170; 93.904;185.654; 80.652;141.490;251.033; 88.737;142.480;170.800;155.284;170.744;170.560; 97.554;119.290;234.558
2005-01-19 08:50:00;151.624;191.667;135.787;1346.120;368.777;   null;187.232; 79.962;139.740;249.792; 88.711;143.580;170.492;155.838;170.706;170.596; 97.850;118.980;236.476
2005-01-19 08:55:00;151.522;193.833;132.430;1340.960;366.787;   null;185.594; 80.686;141.607;249.504; 87.935;142.240;170.856;156.166;171.252;169.904; 96.402;119.390;235.938
2005-01-19 09:00:00;151.886;192.667;133.713;1345.140;367.723; 94.638;186.482; 81.002;141.420;249.268; 87.440;142.140;170.734;156.366;171.922;168.706; 96.578;118.362;237.112
2005-01-19 09:05:00;150.624;192.000;133.143;1346.440;369.070;   null;186.316; 81.426;141.230;250.455; 86.229;142.060;171.342;156.944;170.434;170.982; 98.720;117.438;236.018
2005-01-19 09:10:00;153.316;192.033;136.860;1350.340;366.663;   null;185.294; 81.240;141.644;250.735; 85.395;140.260;170.352;156.852;171.106;170.604; 97.840;120.940;233.924
2005-01-19 09:15:00;151.400;192.233;133.963;1349.420;371.213; 93.830;187.996; 81.028;143.277;249.718; 86.163;140.080;170.054;157.984;173.242;169.096; 97.592;118.082;234.194
2005-01-19 09:20:00;154.188;194.300;135.533;1341.920;368.440;   null;184.680; 80.792;144.963;248.527; 86.155;144.040;169.138;158.980;169.264;169.678; 97.100;118.590;235.124
2005-01-19 09:25:00;152.768;193.267;134.917;1344.120;369.577;   null;187.034; 79.256;139.716;250.941; 87.152;142.320;169.318;156.184;171.520;170.286; 97.082;120.730;237.390
2005-01-19 09:30:00;153.880;192.033;134.270;1346.800;367.507; 94.353;186.862; 79.654;140.950;250.393; 87.280;141.460;171.130;154.616;169.904;168.814; 96.334;119.100;235.256
2005-01-19 09:35:00;153.354;190.467;135.590;1347.800;371.270;   null;185.398; 81.944;141.203;248.089; 87.493;142.220;167.854;156.278;170.646;171.358; 97.536;119.020;235.928
2005-01-19 09:40:00;150.366;195.067;135.750;1349.400;373.353;   null;186.414; 80.320;142.337;249.676; 88.090;142.360;169.284;155.576;170.430;168.486; 97.820;120.764;234.636
2005-01-19 09:45:00;153.310;191.100;134.567;1348.080;369.240; 94.477;186.468; 79.534;140.244;250.671; 87.776;141.900;168.522;155.846;172.506;171.564; 97.732;120.778;235.692
2005-01-19 09:50:00;152.336;194.733;135.510;1344.660;371.257;   null;186.928; 80.640;141.267;248.177; 87.021;141.980;167.260;157.168;173.620;172.070; 96.970;120.212;235.482
2005-01-19 09:55:00;152.020;193.000;134.660;1350.500;370.267;   null;187.052; 80.736;140.913;248.808; 88.044;141.480;169.062;157.300;172.900;171.178; 96.872;119.500;237.632

