ESOI    ATHN    MXCO    ROME    AATB    LMKS    DRBS    MOSC    NEWK    KIEL    CALG    OULU    APTY    FSMT    INVK    NAIN    PWNK    THUL    SOPB    SOPO
2001-11-24 00:55:00;167.432; 52.310;210.967;127.920;1354.500;406.380;   null;211.416; 88.752;156.660;294.840; 98.319;157.880;194.388;173.524;195.028;196.590;110.338;   null;   null
2001-11-24 01:00:00;168.002; 51.633;213.867;125.983;1353.680;405.067;104.801;211.204; 89.124;157.610;294.130; 97.814;159.500;194.878;173.826;194.552;196.832;110.632;   null;   null
2001-11-24 01:05:00;168.936; 52.400;214.500;128.030;1363.380;403.620;   null;210.548; 89.788;155.543;292.267; 99.409;157.380;193.326;176.622;193.714;197.756;110.454;   null;   null
2001-11-24 01:10:00;168.202; 51.513;211.667;126.777;1354.060;408.483;   null;209.184; 88.898;156.467;292.861; 96.990;157.940;193.482;174.414;193.750;196.756;112.002;   null;   null
2001-11-24 01:15:00;167.516; 51.810;209.600;126.107;1353.540;404.070;103.419;209.964; 90.918;156.107;295.385; 99.365;158.920;195.560;177.788;193.524;197.956;111.928;   null;   null
2001-11-24 01:20:00;167.278; 51.850;211.167;126.210;1352.500;405.373;   null;210.464; 89.882;157.360;294.015; 98.173;158.400;192.772;172.806;192.468;199.316;111.410;   null;   null
2001-11-24 01:25:00;168.644; 53.297;210.133;125.857;1361.520;405.680;   null;211.794; 88.490;157.523;294.444; 96.889;160.340;196.178;174.760;195.082;195.822;110.980;   null;   null
2001-11-24 01:30:00;169.430; 52.403;212.200;125.457;1361.820;405.753;104.294;209.568; 89.352;158.250;293.470; 98.805;158.700;194.998;174.146;195.046;199.125;110.780;   null;   null
2001-11-24 01:35:00;168.542; 50.970;210.800;127.580;1360.600;401.180;   null;210.408; 90.344;156.937;295.486; 96.637;157.340;194.308;174.074;195.806;195.040;112.136;   null;   null
2001-11-24 01:40:00;168.194; 51.940;212.100;126.843;1359.360;408.513;   null;212.390; 88.798;157.263;294.726; 98.471;159.040;194.824;172.916;193.032;198.802;111.882;   null;   null
2001-11-24 01:45:00;168.392; 52.593;212.600;125.657;1366.480;403.317;103.816;209.864; 89.680;156.430;295.685; 97.849;159.500;193.640;176.628;192.440;197.170;112.046;   null;   null
2001-11-24 01:50:00;170.236; 52.583;210.567;125.560;1364.080;405.913;   null;211.704; 88.788;156.333;295.189; 98.127;159.080;193.960;173.184;193.082;198.678;111.206;   null;   null
2001-11-24 01:55:00;169.162; 50.853;209.200;127.460;1356.600;407.267;   null;211.398; 89.616;157.983;294.991; 96.771;158.160;194.860;175.312;193.096;197.304;112.930;   null;   null
2001-11-24 02:00:00;171.874; 51.757;212.533;126.127;1369.320;407.437;103.791;212.234; 89.200;156.350;293.435; 99.601;160.120;193.910;174.402;194.614;196.642;110.552;   null;   null
2001-11-24 02:05:00;168.734; 52.163;211.167;127.620;1366.840;405.970;   null;215.296; 91.496;157.097;295.256; 97.302;158.460;195.500;172.110;195.960;196.260;110.792;   null;   null
2001-11-24 02:10:00;168.554; 51.887;211.867;128.313;1360.240;407.097;   null;209.510; 89.690;158.203;292.821;100.033;159.620;193.836;174.676;195.464;196.804;111.154;   null;   null
2001-11-24 02:15:00;168.720; 51.403;211.867;126.820;1367.420;404.557;103.018;212.588; 91.564;156.700;294.891; 98.252;159.800;193.812;175.216;196.120;197.554;112.332;   null;   null
2001-11-24 02:20:00;168.060; 52.847;210.367;125.757;1363.860;407.674;   null;212.864; 90.038;157.033;294.974; 96.466;160.000;194.260;174.466;195.624;196.194;111.666;   null;   null
2001-11-24 02:25:00;169.292; 51.903;211.700;126.193;1369.440;408.037;   null;210.382; 91.314;156.407;296.051; 97.943;158.660;192.952;174.442;194.056;195.732;111.698;   null;   null
2001-11-24 02:30:00;170.082; 53.177;212.867;126.943;1355.440;408.707;102.314;211.576; 88.940;154.870;293.665; 97.677;158.660;193.328;172.640;194.074;199.778;110.706;   null;   null
2001-11-24 02:35:00;168.042; 53.783;211.633;126.630;1364.740;407.310;   null;210.464; 90.582;157.510;295.953; 96.723;160.140;194.924;175.060;193.612;198.964;113.186;   null;   null
2001-11-24 02:40:00;170.012; 50.797;213.300;126.993;1363.220;410.217;   null;212.208; 90.050;158.117;293.997; 97.741;159.840;194.986;176.164;192.644;196.216;111.230;   null;   null
2001-11-24 02:45:00;170.200; 52.543;211.567;126.007;1366.760;409.973;104.086;212.672; 89.534;155.480;291.226; 97.688;157.160;194.186;173.140;194.414;198.090;110.598;   null;   null
2001-11-24 02:50:00;168.586; 52.310;211.267;126.540;1357.300;408.337;   null;212.150; 89.794;157.967;296.252; 98.463;155.380;193.948;171.306;192.716;196.970;112.498;   null;   null
2001-11-24 02:55:00;170.508; 52.493;211.100;126.030;1362.220;405.740;   null;208.964; 89.562;154.570;292.918; 96.788;159.100;193.824;177.180;193.478;197.336;111.314;   null;   null
2001-11-24 03:00:00;172.654; 51.953;212.267;128.057;1366.800;410.597;104.068;210.250; 89.738;157.887;294.044; 99.613;159.440;194.994;172.910;191.948;196.570;111.506;   null;   null
2001-11-24 03:05:00;170.432; 51.600;212.700;124.327;1368.260;408.543;   null;211.982; 89.166;156.413;293.379; 97.820;158.440;194.964;174.224;192.468;197.110;110.938;   null;   null
2001-11-24 03:10:00;169.764; 51.543;212.433;125.160;1357.220;407.310;   null;212.774; 90.870;158.143;293.445; 97.137;160.240;194.510;174.922;193.214;197.994;111.430;   null;   null
2001-11-24 03:15:00;169.714; 53.030;212.767;129.410;1365.220;407.633;104.329;211.626; 89.762;157.537;295.571; 96.161;161.420;191.910;172.192;194.684;195.590;111.808;   null;   null
2001-11-24 03:20:00;169.644; 52.850;211.033;127.060;1360.080;407.840;   null;211.250; 89.102;158.000;294.874; 97.486;160.020;196.038;172.510;192.824;200.166;110.474;   null;   null
2001-11-24 03:25:00;168.852; 53.633;212.800;125.730;1364.700;407.747;   null;211.360; 89.572;158.920;294.325; 98.049;159.240;195.088;175.328;193.828;197.372;111.900;   null;   null
2001-11-24 03:30:00;168.982; 52.290;211.900;125.833;1357.860;408.100;104.602;210.922; 89.862;157.730;293.841; 98.735;157.900;194.346;173.892;194.368;198.706;111.234;   null;   null
2001-11-24 03:35:00;169.092; 53.047;212.267;125.593;1371.260;408.983;   null;210.746; 89.190;157.100;293.674; 97.892;160.400;194.266;173.606;194.376;197.780;111.426;   null;   null
2001-11-24 03:40:00;171.346; 52.397;211.667;127.083;1365.140;412.973;   null;211.234; 89.170;156.877;294.288; 97.116;161.040;196.062;173.282;192.836;196.960;111.404;   null;   null
2001-11-24 03:45:00;169.704; 52.667;212.833;125.343;1359.560;409.557;103.977;211.956; 89.290;157.687;294.040; 97.797;158.260;194.166;173.348;195.850;195.802;111.204;   null;   null
2001-11-24 03:50:00;170.492; 52.470;211.500;127.620;1362.520;410.153;   null;215.710; 88.858;156.503;294.207; 96.816;158.880;195.910;173.858;195.704;196.684;111.474;   null;   null
2001-11-24 03:55:00;170.494; 51.553;212.700;125.290;1369.340;407.590;   null;213.942; 88.782;159.410;292.923; 98.201;159.320;196.140;174.630;194.734;196.852;112.032;   null;   null
2001-11-24 04:00:00;167.770; 52.600;210.900;128.373;1364.860;411.477;104.294;211.412; 89.116;157.100;294.521; 98.689;162.660;195.756;175.280;194.150;196.648;111.628;   null;   null
2001-11-24 04:05:00;170.202; 52.550;212.800;126.023;1356.080;410.440;   null;211.432; 90.708;158.313;295.219; 97.080;159.580;192.736;173.734;194.006;196.798;111.492;   null;   null
2001-11-24 04:10:00;169.022; 51.407;210.967;126.763;1363.920;408.563;   null;211.600; 89.592;154.217;292.957; 97.373;161.200;193.498;175.156;193.132;197.200;111.996;   null;   null
2001-11-24 04:15:00;169.904; 52.410;211.800;126.043;1371.280;411.527;104.363;211.614; 89.032;157.850;294.473; 98.372;159.900;195.710;177.532;193.902;197.942;112.208;   null;   null
2001-11-24 04:20:00;169.576; 52.150;209.667;126.727;1364.100;410.603;   null;214.524; 89.218;156.607;294.988; 96.913;159.800;193.418;174.644;192.096;198.122;111.528;   null;   null
2001-11-24 04:25:00;170.096; 52.350;212.333;125.787;1366.980;411.050;   null;213.990; 89.524;159.420;295.238; 98.740;158.680;192.610;177.350;191.198;197.608;111.720;   null;   null
2001-11-24 04:30:00;169.922; 53.930;211.967;126.323;1367.820;414.797;104.001;212.150; 89.300;158.507;294.404; 99.131;160.100;194.713;175.570;193.278;197.820;110.736;   null;   null
2001-11-24 04:35:00;169.470; 53.100;211.633;126.287;1366.800;409.603;   null;211.712; 89.908;159.847;293.689; 99.203;160.120;194.510;175.164;193.328;195.918;112.018;   null;   null
2001-11-24 04:40:00;171.320; 53.917;213.033;129.130;1361.100;413.340;   null;213.006; 88.958;156.734;297.318; 98.629;160.400;196.496;175.690;192.000;196.982;111.210;   null;   null
2001-11-24 04:45:00;171.060; 52.757;211.700;127.157;1365.400;407.233;104.092;210.396; 89.708;158.377;298.720; 97.737;158.160;195.662;175.400;194.164;200.108;111.650;   null;   null
2001-11-24 04:50:00;171.436; 51.493;212.567;125.977;1367.080;410.743;   null;214.164; 89.728;157.183;294.070; 98.175;160.600;194.468;174.494;193.830;197.878;112.502;   null;   null
2001-11-24 04:55:00;169.184; 53.570;208.833;127.730;1361.640;408.810;   null;213.602; 89.690;156.060;292.985; 97.575;160.800;193.846;173.990;192.188;198.070;112.376;   null;   null
2001-11-24 05:00:00;170.558; 52.590;212.600;124.813;1362.440;406.583;103.312;212.018; 89.128;156.993;294.400; 98.495;160.840;193.934;175.608;194.206;196.474;111.508;   null;   null
2001-11-24 05:05:00;172.348; 52.653;212.200;127.520;1364.600;411.970;   null;213.054; 89.422;157.553;294.000; 96.522;160.420;195.402;174.836;193.012;197.708;112.520;   null;   null
2001-11-24 05:10:00;169.708; 52.063;211.767;126.373;1360.800;410.127;   null;213.826; 89.502;158.947;292.731; 99.134;159.700;194.570;175.024;191.922;196.878;111.894;   null;   null
2001-11-24 05:15:00;168.772; 53.573;212.000;125.340;1366.120;409.977;104.642;213.768; 90.480;156.083;292.898; 98.059;159.080;194.598;174.922;193.278;198.138;111.818;   null;   null
2001-11-24 05:20:00;169.842; 53.070;212.333;127.047;1361.420;415.973;   null;211.800; 88.594;159.437;294.449; 99.355;159.780;194.126;173.546;194.374;197.164;112.248;   null;   null
2001-11-24 05:25:00;170.486; 53.783;210.700;126.877;1365.020;409.927;   null;212.556; 89.792;157.757;295.416; 98.757;158.660;195.230;174.916;193.084;196.294;111.200;   null;   null
2001-11-24 05:30:00;170.884; 53.020;211.000;125.827;1364.420;414.923;103.095;211.824; 88.474;157.273;296.518; 97.389;158.820;194.368;174.930;194.882;197.978;112.240;   null;   null
2001-11-24 05:35:00;168.304; 51.457;213.267;126.793;1358.760;410.800;   null;212.470; 88.762;157.507;297.570; 99.845;160.260;194.296;174.614;193.128;199.320;112.918;   null;   null
2001-11-24 05:40:00;170.976; 53.340;212.233;126.877;1361.000;408.887;   null;210.160; 88.278;157.460;298.906; 98.851;161.420;195.890;177.568;193.492;195.544;113.008;   null;   null
2001-11-24 05:45:00;168.688; 52.340;209.867;129.313;1366.360;409.017;103.983;210.114; 89.914;156.920;297.837; 99.581;160.160;193.074;173.300;193.326;199.696;111.772;   null;   null
2001-11-24 05:50:00;168.950; 53.210;212.933;126.343;1364.080;409.630;   null;212.562; 90.192;157.800;294.744; 99.635;159.780;194.278;172.686;191.720;196.466;112.804;   null;   null
2001-11-24 05:55:00;167.574; 52.647;212.000;126.123;1360.380;405.477;   null;210.668; 88.918;157.547;296.968; 98.833;159.480;193.718;174.908;192.526;198.176;112.050;   null;   null
2001-11-24 06:00:00;168.746; 51.723;210.233;124.377;1356.140;406.357;103.440;214.070; 90.356;158.827;295.213; 98.368;160.540;195.342;174.076;191.686;196.374;109.444;   null;   null
2001-11-24 06:05:00;169.616; 52.747;207.133;124.840;1355.220;406.667;   null;214.254; 89.208;158.587;292.002; 97.297;158.400;195.336;176.086;192.396;199.036;109.676;   null;   null
2001-11-24 06:10:00;168.886; 51.893;211.533;127.623;1351.080;408.463;   null;210.594; 90.118;157.190;293.421; 98.488;159.760;194.640;175.384;191.290;197.944;111.182;   null;   null
2001-11-24 06:15:00;168.254; 53.673;212.900;126.943;1350.320;404.890;104.045;212.580; 88.270;155.300;293.621;100.754;158.360;193.350;174.836;191.230;195.928;107.138;   null;   null
2001-11-24 06:20:00;169.430; 51.730;210.033;126.390;1357.240;408.720;   null;212.104; 87.226;157.513;293.923; 98.354;158.840;191.852;171.830;185.926;194.312;105.866;   null;   null
2001-11-24 06:25:00;170.186; 51.000;213.733;125.470;1351.620;408.470;   null;212.368; 86.920;156.890;293.053; 96.858;157.540;189.556;171.338;183.840;189.874;107.244;   null;   null
2001-11-24 06:30:00;170.106; 52.797;212.667;127.993;1351.940;407.950;104.475;212.216; 87.290;158.117;290.118; 97.713;156.540;188.266;171.506;185.740;190.648;106.754;   null;   null
2001-11-24 06:35:00;169.324; 51.490;212.533;127.537;1358.080;411.483;   null;211.156; 87.174;154.814;285.900; 96.210;157.700;186.798;172.248;184.532;190.403;106.868;   null;   null
2001-11-24 06:40:00;171.706; 52.100;211.200;127.503;1355.660;409.250;   null;210.644; 89.500;157.663;286.134; 97.952;157.660;188.172;172.054;186.728;   null;108.358;   null;   null
2001-11-24 06:45:00;170.574; 53.200;209.233;128.080;1357.420;411.313;103.952;208.324; 88.844;157.697;287.248; 98.115;156.880;188.784;170.794;189.960;192.520;107.314;   null;   null
2001-11-24 06:50:00;170.532; 53.027;209.000;126.067;1363.320;406.157;   null;209.816; 87.490;156.414;288.688; 96.500;158.020;191.026;171.208;187.078;192.998;108.130;   null;   null
2001-11-24 06:55:00;170.814; 52.790;209.500;126.850;1362.180;409.227;   null;207.848; 86.038;156.073;283.797; 95.648;155.380;190.890;169.798;185.252;190.124;107.934;   null;   null
2001-11-24 07:00:00;171.762; 52.410;211.600;126.967;1370.100;409.787;104.257;208.778; 87.824;154.553;283.333; 95.097;157.540;187.722;171.806;186.948;189.844;107.406;   null;   null
2001-11-24 07:05:00;172.454; 52.763;210.633;127.177;1363.460;409.857;   null;208.576; 88.094;155.960;281.459; 96.281;157.900;188.622;172.572;189.198;192.048;107.008;   null;   null
2001-11-24 07:10:00;170.486; 53.610;208.567;129.413;1364.960;411.887;   null;209.578; 88.476;157.003;286.224; 96.048;156.520;188.088;171.872;189.660;190.960;108.310;   null;   null
2001-11-24 07:15:00;171.782; 54.223;211.867;126.940;1372.360;410.920;103.396;212.382; 86.618;157.717;286.150; 96.722;156.160;190.000;169.414;192.138;193.798;109.302;   null;   null
2001-11-24 07:20:00;170.892; 53.540;211.100;127.337;1369.940;406.653;   null;210.946; 87.692;159.010;285.955; 94.879;159.380;188.522;170.648;193.028;190.280;109.556;   null;   null
2001-11-24 07:25:00;170.878; 52.533;210.967;127.690;1361.080;404.040;   null;210.112; 86.126;156.457;287.633; 97.254;156.380;192.760;169.556;189.120;189.140;108.698;   null;   null
2001-11-24 07:30:00;169.922; 53.040;210.567;126.270;1354.900;403.683;103.746;211.398; 88.542;157.323;284.694; 97.632;156.460;190.170;172.024;189.842;191.520;108.982;   null;   null
2001-11-24 07:35:00;168.924; 51.670;209.633;127.443;1356.420;403.127;   null;207.868; 87.060;157.730;286.803; 97.038;157.720;190.276;170.290;189.242;194.296;109.052;   null;   null
2001-11-24 07:40:00;169.786; 53.190;209.733;127.883;1358.340;407.763;   null;208.478; 87.478;156.557;287.407; 95.994;157.440;189.916;172.642;192.392;193.680;110.072;   null;   null
2001-11-24 07:45:00;167.804; 53.593;212.533;125.950;1366.260;407.613;104.213;210.558; 88.122;157.943;286.508; 96.341;158.880;189.496;170.280;191.106;192.088;109.788;   null;   null
2001-11-24 07:50:00;168.792; 52.503;209.000;126.177;1361.760;405.450;   null;208.456; 88.332;157.163;282.940; 97.154;157.540;189.684;171.696;188.828;193.404;109.600;   null;   null
2001-11-24 07:55:00;171.224; 53.537;212.633;126.277;1372.200;406.377;   null;208.548; 87.776;154.987;282.371; 97.493;158.600;188.132;170.506;188.902;192.414;109.688;   null;   null
2001-11-24 08:00:00;170.806; 52.043;208.933;124.830;1366.040;407.830;103.336;209.852; 86.698;156.910;282.778; 98.531;156.440;188.868;169.052;189.084;190.706;109.324;   null;   null
2001-11-24 08:05:00;172.148; 52.910;209.100;125.733;1368.160;405.773;   null;208.828; 88.242;154.907;282.072; 96.653;156.060;187.358;172.590;189.918;190.092;108.908;   null;   null
2001-11-24 08:10:00;169.800; 52.233;211.267;127.053;1370.440;405.610;   null;209.052; 88.528;155.253;282.575; 96.523;156.720;187.980;170.192;189.830;193.210;109.398;   null;   null
2001-11-24 08:15:00;168.332; 53.137;212.633;128.017;1361.100;407.677;103.029;206.938; 86.286;156.563;279.923; 98.365;157.280;187.944;171.876;186.950;191.200;108.742;   null;   null
2001-11-24 08:20:00;168.872; 50.970;210.900;124.630;1362.280;405.907;   null;209.920; 87.032;157.063;281.096; 95.892;158.180;187.262;170.274;188.868;190.740;108.170;   null;   null
2001-11-24 08:25:00;171.072; 51.793;209.567;126.563;1361.180;405.616;   null;208.288; 87.042;154.073;281.870; 95.127;156.360;186.594;168.912;188.510;190.004;108.804;   null;   null
2001-11-24 08:30:00;168.154; 51.730;210.167;123.723;1353.360;401.947;103.289;206.994; 85.466;156.963;286.172; 98.149;156.740;187.294;166.948;187.018;191.804;108.374;   null;   null
2001-11-24 08:35:00;170.170; 51.217;210.033;124.720;1354.100;400.067;   null;210.124; 88.074;157.323;283.618; 95.692;155.860;188.244;168.770;190.156;190.440;108.304;   null;   null
2001-11-24 08:40:00;169.054; 52.793;210.000;126.480;1346.200;400.587;   null;210.042; 87.590;158.747;283.584; 96.225;156.320;185.570;168.668;188.662;192.023;108.156;   null;   null
2001-11-24 08:45:00;167.838; 52.867;211.000;124.940;1346.520;400.343;104.415;206.228; 89.068;156.280;282.816; 96.085;157.480;187.014;167.278;192.008;192.022;108.188;   null;   null
2001-11-24 08:50:00;167.390; 51.723;210.533;126.213;1346.100;400.417;   null;207.640; 87.090;155.497;282.950; 94.626;157.400;189.696;169.044;189.316;191.010;109.056;   null;   null
2001-11-24 08:55:00;169.324; 50.923;211.467;126.797;1342.620;399.263;   null;209.340; 87.636;155.003;280.660; 95.810;157.620;188.434;166.622;192.662;191.864;109.252;   null;   null
2001-11-24 09:00:00;167.812; 51.027;209.367;125.407;1346.360;400.303;103.724;209.786; 88.106;154.033;281.130; 96.497;156.320;188.322;169.716;186.972;191.678;109.412;   null;   null
2001-11-24 09:05:00;168.846; 51.727;208.433;125.927;1337.820;398.367;   null;207.992; 87.962;154.067;279.184; 96.652;157.460;186.124;167.482;193.108;192.340;109.230;   null;   null
2001-11-24 09:10:00;168.976; 52.137;209.267;125.570;1333.560;398.710;   null;208.466; 88.186;152.887;278.276; 95.292;154.600;187.214;170.180;190.142;191.760;108.052;   null;   null
2001-11-24 09:15:00;166.508; 51.143;208.300;124.837;1328.260;401.330;102.566;207.672; 88.034;154.853;279.422; 96.241;155.820;186.364;165.788;192.198;191.446;109.558;   null;   null
2001-11-24 09:20:00;166.828; 51.367;208.700;124.453;1321.380;399.910;   null;209.348; 88.586;154.687;279.823; 96.530;155.640;185.606;167.504;191.062;190.330;108.276;   null;   null
2001-11-24 09:25:00;165.810; 52.173;211.600;125.177;1313.760;399.510;   null;207.916; 86.910;153.430;275.988; 96.030;156.780;188.082;167.030;187.390;190.692;109.182;   null;   null
2001-11-24 09:30:00;167.746; 52.323;209.800;125.210;1310.160;404.433;102.671;206.732; 85.572;155.187;276.392; 96.677;156.460;183.960;166.776;188.926;191.280;108.920;   null;   null
2001-11-24 09:35:00;167.852; 52.790;209.767;124.120;1307.080;399.333;   null;206.032; 87.518;156.007;278.075; 95.137;158.700;185.566;166.828;189.690;189.382;109.846;   null;   null
2001-11-24 09:40:00;165.986; 51.710;208.367;123.907;1313.380;400.243;   null;208.324; 86.164;152.693;277.570; 96.960;156.520;185.728;167.032;188.454;187.704;108.954;   null;   null
2001-11-24 09:45:00;168.788; 50.527;208.300;124.653;1319.440;400.227;102.726;206.674; 86.574;156.043;276.796; 96.189;154.600;182.188;162.822;185.258;187.796;107.930;   null;   null
2001-11-24 09:50:00;169.220; 52.053;208.600;125.450;1329.220;397.910;   null;205.456; 84.858;154.263;276.729; 94.045;154.960;184.754;165.736;185.700;192.072;107.240;   null;   null
2001-11-24 09:55:00;167.254; 51.383;206.833;124.717;1314.000;394.890;   null;205.970; 85.938;153.880;277.909; 94.129;155.580;185.984;165.522;186.654;186.282;106.234;   null;   null
2001-11-24 10:00:00;167.144; 52.013;206.133;125.737;1302.100;396.840;100.271;199.366; 84.958;152.070;277.503; 95.015;153.380;185.365;166.992;184.178;188.662;105.574;   null;   null
2001-11-24 10:05:00;165.328; 51.333;206.667;124.380;1300.100;392.160;   null;202.974; 86.532;151.217;275.481; 94.188;151.680;182.072;164.198;183.142;186.178;106.170;   null;   null
2001-11-24 10:10:00;164.736; 50.153;206.200;122.383;1298.680;390.317;   null;201.178; 86.862;153.403;276.999; 94.258;154.260;182.056;166.154;186.102;189.964;106.296;   null;   null
2001-11-24 10:15:00;163.510; 51.247;206.267;123.500;1305.280;389.583; 99.951;203.154; 84.324;151.573;274.536; 92.368;150.280;183.712;166.430;186.954;187.736;105.898;   null;   null
2001-11-24 10:20:00;162.906; 51.860;203.167;121.233;1304.780;389.747;   null;203.482; 84.500;149.000;272.245; 92.760;150.260;183.038;162.794;185.902;188.144;106.716;   null;   null
2001-11-24 10:25:00;166.488; 49.867;206.700;122.437;1294.900;390.820;   null;205.010; 84.406;151.803;272.477; 95.338;152.600;180.393;166.110;185.200;186.746;106.226;   null;   null
2001-11-24 10:30:00;164.580; 52.127;204.967;122.113;1300.220;390.620; 99.903;201.722; 85.358;150.120;274.806; 95.007;150.680;182.202;164.740;183.572;185.422;105.906;   null;   null
2001-11-24 10:35:00;163.764; 51.077;205.900;122.827;1292.060;387.843;   null;203.138; 83.846;152.913;273.588; 93.278;150.720;182.352;164.294;183.664;184.580;106.976;   null;   null
2001-11-24 10:40:00;163.834; 51.233;206.533;123.223;1286.940;391.417;   null;204.892; 83.464;151.166;272.475; 93.933;153.960;180.274;164.352;182.470;186.098;105.906;   null;   null
2001-11-24 10:45:00;163.688; 50.760;204.733;120.377;1293.320;392.190;100.178;204.322; 83.740;150.727;274.975; 93.860;152.560;180.982;162.874;184.570;184.298;106.756;   null;   null
2001-11-24 10:50:00;165.648; 51.160;202.867;123.810;1287.320;390.597;   null;202.824; 85.596;151.590;269.880; 96.515;153.620;180.516;163.648;182.852;185.640;104.278;   null;   null
2001-11-24 10:55:00;160.826; 51.797;206.267;121.560;1298.100;394.976;   null;204.706; 84.148;152.627;273.353; 94.122;151.900;182.872;161.130;183.486;183.686;104.960;   null;   null
2001-11-24 11:00:00;163.648; 52.620;203.000;122.707;1291.600;392.357;101.681;202.210; 84.816;152.127;273.122; 96.025;157.340;180.632;163.028;183.534;185.348;105.182;   null;   null
2001-11-24 11:05:00;165.736; 50.860;205.467;122.253;1296.620;391.524;   null;201.348; 84.608;151.297;272.107; 94.860;151.380;181.682;162.708;184.850;187.216;105.908;   null;   null
2001-11-24 11:10:00;165.686; 51.463;208.100;121.860;1292.900;390.167;   null;203.934; 85.644;152.523;275.515; 94.571;153.040;182.638;164.486;186.372;185.294;106.292;   null;   null
2001-11-24 11:15:00;165.706; 51.050;206.667;125.510;1304.780;393.127;100.540;201.166; 85.552;150.343;271.500; 94.628;154.040;183.702;163.916;186.928;183.598;107.270;   null;   null
2001-11-24 11:20:00;168.062; 51.720;204.133;123.467;1306.900;395.637;   null;202.074; 86.284;150.533;275.244; 94.377;154.220;183.794;163.976;184.092;188.568;106.594;   null;   null
2001-11-24 11:25:00;167.576; 52.727;204.100;123.473;1308.320;396.193;   null;203.068; 85.342;152.140;273.931; 95.820;154.340;182.508;161.528;183.672;186.398;107.146;   null;   null
2001-11-24 11:30:00;165.716; 51.643;203.467;122.293;1317.800;395.663; 99.399;201.530; 85.028;152.157;273.291; 95.663;150.440;181.686;163.440;183.806;183.252;107.088;   null;   null
2001-11-24 11:35:00;165.190; 51.960;209.000;123.590;1316.900;394.680;   null;202.552; 85.452;153.337;276.897; 94.107;152.940;180.328;164.672;185.190;186.820;105.466;   null;   null
2001-11-24 11:40:00;168.124; 50.813;207.967;124.650;1316.980;393.167;   null;203.670; 85.172;152.493;275.446; 93.740;152.700;181.804;166.534;183.682;184.292;107.072;   null;   null
2001-11-24 11:45:00;163.270; 50.990;206.767;123.497;1322.080;397.190;101.592;202.536; 86.584;151.637;274.194; 94.749;152.720;181.190;163.730;183.506;185.344;106.400;   null;   null
2001-11-24 11:50:00;167.796; 51.833;206.500;123.783;1315.860;398.237;   null;201.604; 86.788;152.317;274.939; 94.651;152.260;182.522;164.652;184.412;185.298;107.062;   null;   null
2001-11-24 11:55:00;167.120; 51.657;210.333;123.897;1320.440;397.840;   null;203.290; 86.322;151.947;275.375; 94.064;152.420;182.364;165.576;184.952;186.360;105.790;   null;   null
2001-11-24 12:00:00;167.970; 51.333;209.600;124.837;1327.120;397.920;101.857;201.922; 86.194;150.303;279.903; 94.606;155.260;183.272;166.248;185.106;187.388;106.770;   null;   null
2001-11-24 12:05:00;167.324; 52.307;209.033;125.463;1334.160;395.990;   null;202.844; 89.220;153.107;271.555; 95.356;152.640;187.156;164.332;184.806;185.500;106.632;   null;   null
2001-11-24 12:10:00;170.152; 52.107;209.300;123.507;1336.340;400.037;   null;202.596; 87.272;151.103;276.894; 95.359;152.280;185.758;163.034;186.802;187.756;107.138;   null;   null
2001-11-24 12:15:00;168.864; 52.420;209.200;125.190;1337.760;399.913;101.987;202.402; 85.436;156.083;275.813; 95.150;152.520;183.764;167.246;186.764;186.268;107.598;   null;   null
2001-11-24 12:20:00;167.822; 51.410;211.933;123.340;1334.660;398.370;   null;204.700; 85.622;152.533;276.016; 94.125;153.820;184.118;165.842;186.852;187.114;107.160;   null;   null
2001-11-24 12:25:00;171.568; 51.830;211.300;125.513;1344.780;399.690;   null;201.722; 87.492;150.960;275.409; 94.588;154.780;185.544;164.556;185.216;187.620;106.554;   null;   null
2001-11-24 12:30:00;168.292; 51.073;207.700;126.280;1352.940;398.803;102.402;202.338; 86.742;151.617;278.857; 93.484;154.020;184.900;164.950;186.944;189.414;105.878;   null;   null
2001-11-24 12:35:00;170.492; 52.927;209.800;125.253;1353.140;402.380;   null;203.584; 86.790;154.583;275.338; 94.018;152.940;186.950;165.038;186.810;188.446;106.870;   null;   null
2001-11-24 12:40:00;168.110; 52.287;208.933;126.513;1352.680;399.447;   null;203.716; 88.578;154.233;275.947; 94.111;154.500;184.496;167.090;187.446;187.982;106.966;   null;   null
2001-11-24 12:45:00;167.464; 52.847;207.700;123.877;1343.640;400.023;100.903;205.318; 87.658;153.743;276.962; 93.988;154.180;184.644;164.874;186.836;188.186;106.362;   null;   null
2001-11-24 12:50:00;168.724; 53.177;210.167;124.867;1354.480;399.683;   null;203.324; 87.128;151.983;281.629; 93.775;153.680;184.734;166.602;184.896;188.906;106.126;   null;   null
2001-11-24 12:55:00;167.902; 52.483;210.967;127.177;1358.940;404.613;   null;203.788; 88.552;152.320;277.640; 95.612;152.400;186.806;164.822;188.420;191.252;106.994;   null;   null
2001-11-24 13:00:00;166.932; 51.957;213.567;125.800;1355.940;402.487;102.627;204.700; 86.512;154.473;279.057; 96.160;153.860;186.022;167.354;188.950;189.082;107.660;   null;   null
2001-11-24 13:05:00;168.098; 52.070;207.867;127.127;1355.940;405.420;   null;204.312; 87.804;151.350;277.706; 95.632;153.460;184.732;167.412;186.036;191.548;106.712;   null;   null
2001-11-24 13:10:00;168.954; 52.637;211.167;123.530;1357.540;404.747;   null;204.298; 87.872;153.783;279.463; 94.845;153.740;185.488;166.980;187.930;188.576;107.282;   null;   null
2001-11-24 13:15:00;168.248; 52.150;210.600;123.357;1358.780;402.657;102.955;203.430; 88.692;153.350;277.673; 93.299;152.980;185.886;168.154;187.586;191.776;108.668;   null;   null
2001-11-24 13:20:00;169.604; 53.217;213.867;126.943;1364.640;403.697;   null;204.438; 86.810;151.547;280.712; 93.814;154.460;186.308;168.786;188.006;192.766;107.848;   null;   null
2001-11-24 13:25:00;168.578; 52.687;211.600;127.623;1365.700;402.023;   null;204.070; 87.852;153.586;280.243; 94.563;153.380;185.446;167.264;188.096;189.924;109.074;   null;   null
2001-11-24 13:30:00;168.468; 52.503;213.100;125.150;1362.460;399.683;101.566;203.236; 86.244;151.890;280.310; 94.930;154.920;187.788;167.210;187.630;193.684;106.766;   null;   null
2001-11-24 13:35:00;170.148; 52.783;212.567;126.710;1353.240;402.100;   null;202.144; 88.700;151.850;282.845; 93.883;154.520;185.496;166.992;188.948;190.104;108.434;   null;   null
2001-11-24 13:40:00;170.116; 52.067;210.600;125.740;1354.380;399.637;   null;202.944; 87.558;152.713;281.288; 93.428;153.520;186.618;165.144;187.180;191.290;106.650;   null;   null
2001-11-24 13:45:00;168.760; 52.407;211.133;124.817;1347.240;401.284;101.961;202.842; 87.616;151.860;282.199; 95.540;153.460;185.704;167.538;188.964;190.944;108.132;   null;   null
2001-11-24 13:50:00;169.594; 53.657;213.367;125.800;1350.880;399.983;   null;203.406; 88.546;153.070;284.632; 93.520;153.580;186.084;162.294;188.684;190.726;107.514;   null;   null
2001-11-24 13:55:00;168.902; 53.020;212.500;125.377;1353.380;403.500;   null;201.868; 88.314;153.433;282.165; 94.622;154.380;187.408;166.872;190.192;192.138;109.352;   null;   null
2001-11-24 14:00:00;170.686; 52.730;211.900;125.530;1361.380;399.850;101.721;203.258; 88.876;153.447;285.139; 95.979;153.440;187.184;165.706;190.836;196.122;107.266;   null;   null
2001-11-24 14:05:00;168.198; 52.333;212.633;126.447;1366.460;399.730;   null;203.854; 87.018;155.037;286.969; 94.841;154.400;189.522;167.882;189.898;189.510;107.856;   null;   null
2001-11-24 14:10:00;170.890; 53.457;212.167;126.720;1360.360;404.207;   null;202.502; 87.600;153.140;284.404; 95.865;154.800;188.990;169.432;189.740;192.694;106.910;   null;   null
2001-11-24 14:15:00;168.350; 53.023;212.600;125.197;1356.900;403.900;101.526;204.872; 88.048;153.213;286.638; 95.282;156.100;188.376;168.764;188.820;193.244;107.504;   null;   null
2001-11-24 14:20:00;170.548; 52.503;211.267;126.133;1369.160;408.430;   null;203.284; 89.236;152.870;285.419; 93.787;154.920;188.796;170.802;188.982;194.090;108.342;   null;   null
2001-11-24 14:25:00;172.026; 53.520;211.167;126.087;1371.080;402.520;   null;202.508; 88.990;152.257;284.782; 95.204;154.760;188.698;167.916;189.278;196.040;108.910;   null;   null
2001-11-24 14:30:00;170.234; 54.043;213.567;123.950;1366.600;403.327;102.191;202.270; 87.636;153.990;286.536; 92.704;155.100;187.172;166.938;189.028;192.934;107.472;   null;   null
2001-11-24 14:35:00;169.144; 52.080;212.867;126.670;1355.540;406.343;   null;201.532; 88.642;154.623;284.332; 94.849;153.160;189.562;169.056;191.108;193.676;105.478;   null;   null
2001-11-24 14:40:00;171.610; 52.157;211.867;125.890;1364.100;404.070;   null;202.106; 88.390;150.063;285.008; 93.549;153.620;189.744;168.804;191.188;193.284;107.882;   null;   null
2001-11-24 14:45:00;169.440; 52.917;212.233;125.763;1367.580;403.167;102.646;200.318; 87.686;152.290;286.367; 94.836;152.000;188.438;170.304;189.592;192.684;107.370;   null;   null
2001-11-24 14:50:00;169.946; 52.843;211.867;127.673;1360.760;404.224;   null;205.036; 89.370;150.830;285.994; 93.422;154.420;190.474;168.450;190.162;194.004;109.730;   null;   null
2001-11-24 14:55:00;169.618; 53.210;213.967;125.583;1360.040;405.120;   null;203.986; 89.114;154.850;285.420; 95.781;153.820;191.698;169.240;190.696;195.206;107.994;   null;   null
2001-11-24 15:00:00;167.748; 52.973;213.200;125.137;1360.580;404.394;103.043;204.032; 88.706;150.417;282.950; 93.739;155.100;190.566;171.656;188.594;193.140;107.720;   null;   null
2001-11-24 15:05:00;168.904; 52.970;215.200;126.270;1355.680;402.213;   null;203.646; 87.044;153.023;284.844; 95.114;153.540;190.304;169.760;188.080;192.734;107.150;   null;   null
2001-11-24 15:10:00;169.372; 53.647;213.833;125.907;1364.580;402.493;   null;204.020; 86.862;152.503;285.560; 94.962;154.020;187.548;168.298;189.258;194.536;108.230;   null;   null
2001-11-24 15:15:00;168.454; 53.870;216.000;125.820;1354.280;401.270;103.046;204.546; 87.372;152.977;286.914; 95.251;154.680;190.264;170.168;186.806;193.330;110.410;   null;   null
2001-11-24 15:20:00;167.414; 53.603;213.800;124.567;1346.680;403.157;   null;205.168; 88.040;151.100;286.644; 94.591;151.740;190.726;168.696;188.854;194.410;107.768;   null;   null
2001-11-24 15:25:00;169.584; 52.440;212.167;127.920;1351.760;398.990;   null;202.740; 87.168;152.730;286.848; 93.585;151.620;187.566;168.452;188.770;194.660;108.760;   null;   null
2001-11-24 15:30:00;169.332; 52.750;208.600;125.300;1349.480;401.407;101.429;203.290; 88.808;152.577;285.290; 93.853;154.440;188.084;169.288;189.138;191.350;107.804;   null;   null
2001-11-24 15:35:00;169.780; 53.650;210.200;125.853;1354.560;402.287;   null;204.138; 88.456;151.947;289.115; 94.791;153.200;190.222;170.424;186.320;194.200;108.160;   null;   null
2001-11-24 15:40:00;169.700; 53.783;210.233;126.447;1344.720;400.040;   null;202.052; 88.492;153.940;287.287; 94.033;152.740;191.472;168.150;188.858;194.652;108.836;   null;   null
2001-11-24 15:45:00;170.108; 54.147;212.233;125.800;1351.780;402.797;102.472;202.704; 90.062;153.647;284.409; 95.549;152.500;189.190;168.256;189.480;194.478;107.672;   null;   null
2001-11-24 15:50:00;168.680; 52.290;211.033;127.073;1351.560;403.517;   null;204.636; 88.108;153.210;285.019; 94.085;154.760;188.530;169.852;188.132;194.138;108.352;   null;   null
2001-11-24 15:55:00;168.706; 53.393;211.967;125.167;1352.000;401.770;   null;202.142; 87.770;152.610;287.585; 95.233;152.980;189.406;169.304;188.060;192.960;108.322;   null;   null
2001-11-24 16:00:00;169.070; 52.970;210.600;126.910;1343.920;400.680;102.361;201.888; 88.192;152.890;286.983; 95.976;154.120;190.380;168.894;188.380;194.004;108.744;   null;   null
2001-11-24 16:05:00;169.380; 53.110;210.800;124.640;1341.960;399.707;   null;203.048; 87.752;151.463;283.559; 95.269;152.900;190.752;169.636;191.824;195.258;109.050;   null;   null
2001-11-24 16:10:00;169.456; 51.753;211.633;124.877;1346.000;399.987;   null;205.202; 88.522;152.516;283.770; 94.433;153.080;189.356;169.766;190.150;193.510;109.492;   null;   null
2001-11-24 16:15:00;168.728; 52.827;210.733;125.770;1354.260;401.417;101.724;200.900; 88.654;152.080;284.718; 93.288;152.560;187.850;168.866;189.032;194.495;108.336;   null;   null
2001-11-24 16:20:00;169.564; 53.667;213.500;124.943;1346.780;403.740;   null;203.916; 88.112;152.147;283.905; 94.465;153.980;189.044;168.534;187.182;   null;107.238;   null;   null
2001-11-24 16:25:00;170.456; 52.913;211.167;124.947;1339.600;401.730;   null;205.138; 87.874;151.047;285.905; 94.873;153.360;189.416;167.892;188.946;195.582;107.258;   null;   null
2001-11-24 16:30:00;168.468; 52.407;210.933;126.353;1349.520;399.003;101.089;200.272; 88.240;152.040;286.006; 93.591;152.840;188.808;168.678;188.662;194.210;108.832;   null;   null
2001-11-24 16:35:00;166.484; 53.377;210.367;125.177;1351.860;400.283;   null;203.384; 88.982;153.137;282.415; 96.063;154.860;187.084;169.240;189.006;193.575;108.038;   null;   null
2001-11-24 16:40:00;169.416; 52.553;210.967;124.440;1346.580;396.837;   null;201.080; 87.758;152.263;284.142; 94.298;153.880;185.130;169.100;187.730;192.645;108.664;   null;   null
2001-11-24 16:45:00;168.208; 52.677;210.200;125.027;1351.800;396.337;101.404;203.226; 88.682;151.490;278.655; 95.676;151.440;185.326;168.170;189.212;191.866;109.408;   null;   null
2001-11-24 16:50:00;168.570; 52.787;210.433;123.577;1345.020;397.297;   null;202.884; 88.336;147.926;280.653; 93.744;152.600;183.312;167.926;188.898;190.654;108.656;   null;   null
2001-11-24 16:55:00;167.420; 52.220;212.100;125.023;1345.580;396.776;   null;203.158; 87.502;149.883;275.843; 93.958;154.240;179.608;169.260;188.902;191.564;108.128;   null;   null
2001-11-24 17:00:00;169.456; 53.197;211.767;124.010;1348.800;396.727;100.441;200.382; 88.548;151.933;276.351; 94.449;153.220;182.602;165.766;187.448;188.572;108.154;   null;   null
2001-11-24 17:05:00;167.402; 52.070;212.133;123.383;1344.980;395.667;   null;204.744; 88.482;152.293;278.892; 93.132;153.080;181.104;164.924;188.500;191.918;107.112;   null;   null
2001-11-24 17:10:00;166.298; 52.340;210.933;125.533;1339.200;394.410;   null;202.000; 88.932;152.733;273.361; 95.763;151.620;180.844;164.302;188.166;189.954;106.094;   null;   null
2001-11-24 17:15:00;168.542; 53.323;210.667;125.937;1332.360;394.467;101.703;202.770; 86.954;150.233;273.091; 95.156;151.400;179.632;162.700;185.762;191.494;106.300;   null;   null
2001-11-24 17:20:00;167.110; 52.380;214.400;124.080;1333.440;396.760;   null;202.508; 88.252;153.453;269.765; 95.443;153.880;180.750;162.864;185.764;188.994;106.184;   null;   null
2001-11-24 17:25:00;168.688; 51.877;210.200;122.197;1331.600;396.093;   null;201.664; 88.580;152.023;270.145; 93.484;152.440;179.498;162.702;186.484;186.448;105.390;   null;   null
2001-11-24 17:30:00;167.066; 53.447;211.567;124.960;1330.740;395.380; 99.862;200.650; 88.762;150.247;270.489; 93.600;152.220;181.302;162.190;190.816;185.230;106.334;   null;   null
2001-11-24 17:35:00;166.378; 51.213;210.600;122.790;1332.280;398.383;   null;198.890; 87.344;148.744;270.693; 93.052;150.760;179.388;164.836;185.302;186.750;105.196;   null;   null
2001-11-24 17:40:00;167.164; 52.450;215.067;124.177;1334.660;393.923;   null;199.454; 87.340;150.980;271.985; 92.286;151.040;180.630;162.370;188.104;184.700;105.456;   null;   null
2001-11-24 17:45:00;168.502; 52.920;211.633;124.887;1327.780;390.783;100.371;198.760; 87.932;150.637;271.956; 92.119;150.380;181.762;163.826;185.904;185.048;107.148;   null;   null
2001-11-24 17:50:00;165.752; 51.533;210.633;122.180;1325.920;390.307;   null;200.490; 86.866;150.853;271.003; 91.011;150.240;180.830;160.482;188.210;185.202;106.830;   null;   null
2001-11-24 17:55:00;167.160; 52.293;211.633;121.127;1330.320;391.320;   null;197.786; 85.010;150.727;271.031; 93.155;150.520;180.710;163.158;190.294;185.196;105.294;   null;   null
2001-11-24 18:00:00;169.780; 52.293;209.900;122.597;1328.400;389.033; 99.174;199.104; 87.644;150.757;268.362; 94.657;151.700;181.478;163.662;186.070;182.148;105.190;   null;   null
2001-11-24 18:05:00;167.002; 51.090;209.533;123.047;1333.020;384.437;   null;199.458; 86.698;149.473;268.098; 94.034;150.040;180.990;160.986;185.966;184.690;105.598;   null;   null
2001-11-24 18:10:00;166.920; 52.280;209.800;122.613;1323.660;382.873;   null;198.284; 87.014;146.520;270.101; 93.567;151.160;181.378;164.568;186.366;183.654;106.422;   null;   null
2001-11-24 18:15:00;167.108; 52.107;207.567;123.017;1324.280;381.880; 98.115;196.202; 84.384;151.367;269.526; 93.625;151.280;180.658;164.124;187.072;183.802;106.504;   null;   null
2001-11-24 18:20:00;166.682; 53.280;210.367;123.343;1319.180;377.993;   null;195.820; 86.440;149.693;270.371; 93.350;148.920;180.002;163.982;185.888;183.316;104.778;   null;   null
2001-11-24 18:25:00;167.986; 50.660;211.200;120.763;1324.060;374.436;   null;195.710; 85.660;148.170;270.574; 90.166;147.600;181.880;164.198;185.860;183.230;106.510;   null;   null
2001-11-24 18:30:00;165.860; 51.510;210.567;120.493;1328.740;375.613; 96.759;197.356; 84.932;147.353;270.332; 92.255;149.960;182.872;161.962;186.470;182.558;103.998;   null;   null
2001-11-24 18:35:00;165.998; 51.663;209.633;121.087;1322.100;376.250;   null;197.300; 85.186;145.723;272.572; 91.243;152.200;178.928;161.366;180.868;181.480;104.834;   null;   null
2001-11-24 18:40:00;165.574; 52.017;207.900;122.043;1322.540;380.540;   null;196.974; 86.622;144.757;270.241; 91.809;148.960;179.776;161.624;185.198;185.660;106.446;   null;   null
2001-11-24 18:45:00;164.676; 50.960;207.767;122.903;1323.260;380.110; 97.152;195.854; 86.530;145.933;271.631; 90.815;150.040;181.917;163.046;184.780;182.446;105.848; 41.915;249.375
2001-11-24 18:50:00;168.490; 51.987;210.200;121.303;1320.420;379.977;   null;194.094; 84.940;145.167;269.233; 90.659;150.060;   null;162.700;184.308;184.466;106.742; 42.795;247.575
2001-11-24 18:55:00;164.374; 51.123;208.633;122.030;1319.420;380.560;   null;194.640; 86.088;144.787;270.762; 92.511;148.520;   null;164.174;185.160;184.632;106.036;   null;   null
2001-11-24 19:00:00;167.010; 50.000;207.300;121.307;1307.960;377.703; 98.148;193.148; 86.186;145.757;271.503; 89.329;148.440;182.655;163.392;184.950;182.096;105.800;   null;   null
2001-11-24 19:05:00;164.074; 52.233;208.800;121.710;1319.300;377.697;   null;194.184; 86.192;145.843;272.246; 91.171;148.700;181.392;162.974;183.934;184.312;105.672; 43.076;243.700
2001-11-24 19:10:00;164.544; 51.170;208.667;122.067;1302.040;379.227;   null;196.534; 84.842;148.767;271.504; 90.063;147.820;181.024;162.404;185.110;183.292;105.812; 41.878;248.562
2001-11-24 19:15:00;165.384; 52.103;206.800;122.107;1313.680;378.616; 96.901;193.642; 86.798;145.380;271.879; 90.381;147.320;180.216;162.102;184.772;185.360;106.304; 42.502;245.926
2001-11-24 19:20:00;164.548; 51.117;208.900;120.400;1315.360;378.383;   null;191.788; 85.970;146.240;271.916; 89.891;147.020;180.276;162.586;185.070;184.292;105.998; 41.964;246.028
2001-11-24 19:25:00;165.354; 50.680;207.867;121.380;1308.460;378.207;   null;191.244; 86.226;145.030;272.255; 90.929;145.940;181.944;165.014;183.160;186.836;105.758; 42.605;245.875
2001-11-24 19:30:00;164.368; 51.657;205.967;119.777;1305.980;378.826; 96.648;195.434; 84.124;144.187;271.885; 91.204;148.960;179.676;164.006;183.980;186.212;106.510;   null;   null
2001-11-24 19:35:00;166.668; 50.837;208.033;120.757;1309.940;375.690;   null;194.086; 85.390;147.777;271.314; 92.565;147.380;181.596;164.350;182.452;183.416;106.642; 42.620;249.143
2001-11-24 19:40:00;166.468; 51.943;204.467;120.507;1307.020;375.103;   null;192.988; 83.904;143.817;270.036; 90.395;146.520;182.574;163.560;181.844;182.658;107.390; 42.452;245.034
2001-11-24 19:45:00;164.662; 51.117;205.500;120.410;1304.080;378.080; 95.560;194.946; 85.600;145.957;268.382; 91.240;146.040;183.406;163.268;183.028;184.210;106.118; 42.302;247.952
2001-11-24 19:50:00;163.992; 50.487;207.333;122.033;1317.660;377.573;   null;195.534; 84.062;144.227;272.659; 91.550;145.040;181.710;164.472;182.716;185.000;107.628; 43.022;248.890
2001-11-24 19:55:00;165.354; 51.407;207.433;120.450;1309.300;376.670;   null;193.416; 85.244;143.917;272.591; 91.041;145.060;181.034;166.478;185.314;186.195;107.378; 42.590;246.768
2001-11-24 20:00:00;165.178; 52.123;208.067;121.057;1315.840;378.387; 96.592;194.324; 83.900;143.070;269.363; 90.239;148.420;181.110;165.444;181.546;184.096;107.362; 42.146;247.476
2001-11-24 20:05:00;163.044; 50.273;206.567;119.667;1310.280;375.390;   null;195.142; 85.678;144.507;272.390; 91.127;146.100;179.772;162.824;182.294;186.164;105.474; 42.834;247.042
2001-11-24 20:10:00;165.534; 52.203;204.267;119.583;1313.400;380.590;   null;195.702; 85.526;146.193;270.241; 91.986;146.000;181.440;162.128;182.600;184.384;106.066; 41.988;246.688
2001-11-24 20:15:00;165.384; 51.823;206.200;119.593;1309.240;383.283; 96.731;193.558; 84.342;146.457;269.939; 91.036;146.200;182.285;162.904;185.254;188.180;105.944; 42.082;246.842
2001-11-24 20:20:00;164.610; 50.670;206.233;122.373;1313.540;376.813;   null;194.872; 84.526;145.210;270.275; 89.874;146.200;180.402;163.380;183.870;187.584;106.148; 42.648;248.658
2001-11-24 20:25:00;165.380; 52.457;206.967;120.283;1314.300;378.273;   null;192.800; 85.716;147.850;274.208; 90.842;146.800;180.410;161.938;183.274;186.994;105.344; 42.126;248.536
2001-11-24 20:30:00;164.798; 51.403;205.833;120.507;1313.360;380.050; 96.877;193.686; 83.476;142.913;271.489; 90.352;145.380;182.216;164.996;182.204;186.556;105.154; 42.476;248.538
2001-11-24 20:35:00;166.012; 51.567;207.200;119.117;1313.180;377.327;   null;194.374; 85.128;145.487;270.511; 89.063;145.340;181.952;162.040;184.048;186.918;105.552; 41.590;245.638
2001-11-24 20:40:00;165.268; 52.313;207.800;122.327;1312.460;376.617;   null;194.256; 84.100;142.800;272.594; 90.938;147.760;182.148;164.534;185.058;189.548;105.062; 42.776;247.156
2001-11-24 20:45:00;165.312; 51.080;207.000;120.887;1311.640;378.583; 96.878;194.318; 84.668;145.607;274.407; 88.479;148.260;183.396;165.588;184.296;186.922;105.272; 42.626;250.198
2001-11-24 20:50:00;163.934; 51.043;205.433;119.050;1314.460;376.043;   null;192.964; 85.150;143.857;269.800; 91.546;145.120;182.918;166.060;183.464;189.388;104.516; 42.472;246.054
2001-11-24 20:55:00;164.682; 51.840;205.600;121.757;1317.120;377.057;   null;193.142; 84.524;144.050;272.090; 89.446;146.940;181.278;167.284;183.620;187.404;105.210; 42.166;244.438
2001-11-24 21:00:00;165.244; 51.740;206.000;120.617;1305.600;378.310; 96.414;193.908; 85.104;145.660;271.112; 91.245;146.320;182.824;166.460;184.070;185.812;104.872; 41.602;244.406
2001-11-24 21:05:00;164.756; 50.703;204.467;121.170;1303.540;378.953;   null;196.102; 84.756;144.357;272.561; 90.358;146.160;183.212;167.068;184.222;186.994;105.522; 42.366;244.566
2001-11-24 21:10:00;164.542; 50.403;209.600;119.637;1306.600;381.313;   null;194.280; 84.956;145.487;272.661; 90.188;145.800;184.208;166.746;181.956;183.880;104.960; 42.044;245.868
2001-11-24 21:15:00;165.468; 50.643;204.267;121.747;1305.020;379.727; 96.364;191.632; 83.708;146.270;275.318; 91.172;148.300;182.346;166.954;181.302;188.843;104.588; 42.324;242.304
2001-11-24 21:20:00;164.822; 51.210;205.733;120.767;1301.400;379.347;   null;196.474; 83.610;145.500;272.830; 88.634;146.500;184.548;165.484;180.818;188.500;106.102; 41.502;242.730
2001-11-24 21:25:00;162.578; 50.997;204.667;120.033;1298.900;378.853;   null;194.412; 84.042;143.953;274.041; 90.342;146.940;183.780;164.826;181.734;188.282;105.556; 42.424;243.366
2001-11-24 21:30:00;164.434; 50.773;207.367;121.587;1305.620;381.743; 97.321;194.432; 84.212;144.723;273.773; 90.207;145.560;184.320;165.402;180.972;188.004;104.790; 40.984;241.958
2001-11-24 21:35:00;163.198; 50.560;203.567;122.423;1294.480;379.460;   null;195.462; 83.266;147.386;273.738; 91.257;146.700;184.196;164.932;180.170;188.562;103.762; 41.418;242.458
2001-11-24 21:40:00;166.570; 50.330;204.533;119.787;1299.340;380.530;   null;195.012; 84.626;145.363;273.103; 91.352;145.520;181.538;163.760;181.892;186.458;104.292; 41.544;244.532
2001-11-24 21:45:00;163.796; 50.227;205.167;120.320;1301.000;379.767; 97.097;195.704; 83.414;146.047;274.111; 88.934;145.100;183.440;164.074;181.782;187.140;105.040; 41.992;243.092
2001-11-24 21:50:00;163.844; 51.713;205.700;120.363;1303.280;378.227;   null;194.618; 83.314;144.077;274.277; 91.262;146.320;184.864;164.886;183.584;187.290;106.090; 41.150;243.868
2001-11-24 21:55:00;164.708; 49.817;205.767;120.197;1297.480;379.460;   null;196.232; 83.138;147.320;275.216; 89.993;146.200;179.128;165.982;181.732;185.064;105.440; 41.768;245.442
2001-11-24 22:00:00;165.820; 50.970;206.933;121.360;1290.840;382.673; 97.759;195.590; 84.820;145.377;275.418; 90.832;149.560;183.152;163.380;181.198;188.458;105.786; 41.820;241.124
2001-11-24 22:05:00;166.348; 51.150;205.300;123.163;1295.400;382.033;   null;195.690; 84.854;145.693;274.445; 91.277;145.840;182.882;162.696;178.282;187.312;104.076; 42.134;242.136
2001-11-24 22:10:00;163.718; 50.423;205.467;120.470;1296.440;380.763;   null;197.016; 83.668;143.553;273.403; 89.493;145.720;183.934;163.478;179.796;185.728;105.612; 41.638;242.496
2001-11-24 22:15:00;162.674; 50.153;204.767;120.077;1295.160;382.270; 97.303;194.034; 83.568;143.673;274.713; 89.057;146.720;183.557;162.838;182.894;186.450;105.118; 41.298;243.418
2001-11-24 22:20:00;163.420; 50.007;203.300;120.070;1288.700;379.903;   null;193.208; 84.228;147.633;273.401; 88.850;147.640;181.296;164.944;180.260;186.738;104.764; 42.598;243.218
2001-11-24 22:25:00;162.372; 50.430;203.433;119.637;1297.080;379.390;   null;195.956; 84.282;146.327;272.428; 89.938;147.180;183.852;164.676;181.650;188.350;104.504; 41.706;244.546
2001-11-24 22:30:00;162.566; 50.903;205.500;119.910;1284.800;381.163; 97.089;194.910; 84.076;146.497;274.377; 89.940;146.120;181.430;166.016;181.104;187.578;104.762; 41.932;242.512
2001-11-24 22:35:00;161.162; 50.747;204.733;120.770;1289.020;378.420;   null;194.856; 85.152;146.160;272.564; 89.900;146.600;181.840;164.742;179.076;187.258;103.690; 41.692;241.708
2001-11-24 22:40:00;161.390; 51.130;202.033;118.177;1280.640;381.583;   null;191.314; 84.104;145.213;272.628; 90.586;145.100;182.558;163.370;180.272;187.336;104.174; 41.822;243.736
2001-11-24 22:45:00;162.898; 50.353;204.467;119.497;1282.120;378.463; 96.900;192.938; 84.662;143.903;272.461; 89.557;147.560;180.798;162.856;180.024;186.756;104.340; 42.438;241.044
2001-11-24 22:50:00;163.354; 48.967;203.033;120.077;1282.700;376.517;   null;192.552; 83.552;145.200;275.216; 89.660;145.500;182.052;164.188;181.528;188.792;103.560; 41.822;241.782
2001-11-24 22:55:00;163.946; 50.760;201.167;119.373;1279.860;371.683;   null;192.926; 83.796;147.017;272.225; 91.193;145.200;184.516;163.740;178.698;189.412;102.954; 41.088;241.282
2001-11-24 23:00:00;161.256; 50.970;202.667;119.580;1275.780;378.103; 95.865;191.410; 83.680;145.707;275.485; 90.514;145.720;180.790;162.526;181.484;186.818;104.424; 41.172;243.116
2001-11-24 23:05:00;163.678; 51.213;202.233;119.673;1283.840;377.823;   null;194.054; 83.048;145.900;275.552; 89.056;148.160;181.504;163.798;179.394;186.798;103.938; 41.004;243.040
2001-11-24 23:10:00;162.136; 50.907;204.767;118.960;1280.880;378.803;   null;188.200; 84.528;145.950;276.124; 89.315;144.860;182.806;163.668;180.108;187.030;103.488; 41.588;240.768
2001-11-24 23:15:00;160.150; 50.403;202.900;118.980;1279.480;373.727; 95.838;191.630; 83.580;146.957;275.519; 90.478;145.180;183.472;166.060;180.366;188.164;103.172; 41.744;243.856
2001-11-24 23:20:00;162.722; 50.217;202.400;118.750;1278.820;376.283;   null;192.540; 82.774;142.823;275.788; 89.144;143.100;184.356;164.690;179.708;186.142;102.680; 41.690;244.046
2001-11-24 23:25:00;164.144; 50.123;202.733;120.340;1283.460;377.093;   null;190.892; 83.730;146.070;276.021; 90.610;144.580;184.800;165.704;181.342;186.010;102.734; 41.392;243.174
2001-11-24 23:30:00;163.352; 52.173;204.000;118.810;1281.920;373.490; 96.546;193.858; 83.602;145.687;274.177; 89.046;146.460;185.752;164.958;179.024;183.460;103.030; 43.600;239.790
2001-11-24 23:35:00;161.606; 50.003;204.267;119.597;1285.780;375.213;   null;193.222; 82.434;144.910;274.981; 89.179;144.320;183.378;164.622;179.990;184.238;103.640;   null;   null
2001-11-24 23:40:00;163.116; 50.213;202.167;119.800;1286.940;374.263;   null;191.574; 82.398;143.087;273.002; 89.554;146.240;181.985;165.060;181.918;184.910;103.564;   null;   null
2001-11-24 23:45:00;161.460; 50.397;202.700;121.560;1282.380;375.107; 96.437;190.588; 84.474;144.020;274.813; 90.290;145.960;183.256;162.770;179.186;183.862;102.572;   null;   null
2001-11-24 23:50:00;161.148; 49.710;202.967;120.900;1285.880;376.217;   null;191.154; 84.896;144.583;273.974; 88.870;143.660;184.392;163.582;177.566;185.600;101.618;   null;   null
2001-11-24 23:55:00;161.378; 50.577;204.533;120.593;1280.000;375.250;   null;192.880; 83.700;143.847;275.184; 90.614;145.240;182.480;164.896;178.062;186.086;101.468;   null;   null
2001-11-25 00:00:00;163.024; 51.133;204.333;120.187;1284.340;374.880; 96.128;193.394; 83.266;145.290;275.016; 89.030;145.640;183.572;163.830;177.820;183.384;102.024; 40.836;241.042
2001-11-25 00:05:00;162.124; 50.867;202.700;120.163;1284.620;373.017;   null;191.140; 82.678;141.713;274.412; 89.489;147.140;183.544;165.634;178.828;182.852;102.364; 41.636;240.406
2001-11-25 00:10:00;162.566; 50.437;204.767;120.190;1288.860;371.887;   null;191.854; 83.510;146.887;273.340; 89.935;144.840;181.916;164.422;178.128;182.964;103.168; 41.035;243.035
2001-11-25 00:15:00;161.588; 50.757;203.533;120.760;1287.880;375.477; 95.590;190.824; 83.154;145.006;270.480; 89.529;144.500;181.894;166.384;178.806;180.914;101.890; 41.760;241.243
2001-11-25 00:20:00;162.806; 50.957;206.500;121.873;1282.260;374.876;   null;192.326; 82.016;145.610;273.942; 86.544;144.660;181.206;164.500;179.268;181.602;103.886; 41.738;239.220
2001-11-25 00:25:00;163.708; 50.097;202.800;119.233;1292.500;375.910;   null;192.512; 83.108;143.087;272.298; 89.129;144.780;180.368;164.046;177.422;181.014;100.656; 41.650;241.472
2001-11-25 00:30:00;161.590; 50.007;203.633;119.117;1285.280;373.853; 96.991;192.840; 82.664;146.237;269.780; 88.831;143.920;179.466;165.060;179.586;182.492;101.106; 40.940;242.302
2001-11-25 00:35:00;161.478; 50.707;202.367;119.600;1288.040;377.123;   null;192.188; 82.340;142.770;271.324; 88.704;145.040;181.406;162.942;178.796;181.840;102.234; 41.556;241.630
2001-11-25 00:40:00;161.906; 50.847;203.733;117.883;1294.100;374.877;   null;191.922; 82.734;142.530;269.939; 90.727;142.000;181.936;163.126;178.614;181.044;101.244; 41.672;240.444
2001-11-25 00:45:00;163.366; 51.140;201.100;120.023;1285.440;376.104; 96.816;190.794; 81.890;144.970;273.636; 90.170;143.360;181.690;165.396;176.994;180.068;103.448; 40.994;241.226
2001-11-25 00:50:00;161.964; 50.247;199.800;117.577;1289.900;375.983;   null;191.844; 82.334;145.607;270.548; 87.784;144.380;180.674;163.930;178.980;181.964;102.764; 41.074;240.462
2001-11-25 00:55:00;161.638; 50.513;201.267;119.700;1294.940;378.810;   null;192.844; 84.026;144.497;271.858; 88.347;143.620;183.218;167.386;178.874;180.936;102.136; 41.778;243.458
2001-11-25 01:00:00;162.260; 51.970;200.733;119.947;1286.480;378.523; 96.610;192.028; 83.118;143.667;267.425; 88.747;143.720;178.324;165.996;178.932;181.962;102.470; 41.138;241.442
2001-11-25 01:05:00;162.922; 50.080;202.833;120.250;1301.860;377.093;   null;191.612; 83.234;143.503;270.180; 87.548;142.920;180.320;167.256;180.612;183.648;102.130; 41.950;241.468
2001-11-25 01:10:00;162.158; 51.237;203.067;119.033;1292.840;371.300;   null;191.836; 83.292;145.190;268.667; 87.713;143.060;181.114;164.128;180.262;181.092;102.674; 41.536;241.636
2001-11-25 01:15:00;162.344; 50.340;203.467;118.900;1294.920;369.847; 96.804;192.724; 82.652;145.193;267.022; 88.072;143.520;180.222;163.012;178.704;183.520;104.222; 41.674;241.636
2001-11-25 01:20:00;163.866; 50.573;203.033;119.590;1297.180;373.167;   null;191.594; 83.724;144.367;267.217; 89.164;143.680;176.878;163.912;176.996;185.210;102.516; 41.336;244.880
2001-11-25 01:25:00;163.506; 50.653;203.633;120.370;1294.820;372.633;   null;190.216; 82.844;145.090;268.494; 89.728;144.920;179.334;167.216;178.442;181.442;101.898; 41.330;241.244
2001-11-25 01:30:00;163.202; 50.410;203.300;118.967;1298.180;367.417; 96.534;194.550; 84.118;147.030;266.720; 87.186;144.140;178.580;166.110;179.424;180.734;103.628; 41.762;241.990
2001-11-25 01:35:00;163.588; 51.940;203.633;118.387;1292.680;373.317;   null;194.248; 83.000;144.290;268.292; 89.447;144.040;177.950;163.446;178.794;181.102;102.666; 41.356;242.678
2001-11-25 01:40:00;162.302; 50.847;202.300;120.593;1288.400;373.753;   null;193.436; 82.212;142.397;267.956; 88.565;143.740;179.326;161.918;179.402;180.986;102.010; 41.598;244.070
2001-11-25 01:45:00;163.232; 50.623;200.067;119.470;1298.060;374.200; 96.100;196.172; 82.912;142.077;268.696; 88.134;144.460;180.113;164.680;180.994;181.306;103.050; 41.538;241.572
2001-11-25 01:50:00;163.148; 49.997;201.933;120.937;1294.940;372.500;   null;195.748; 82.536;144.260;265.873; 88.582;145.680;180.030;167.932;181.132;179.860;101.376; 40.598;242.682
2001-11-25 01:55:00;162.712; 50.773;200.200;122.530;1297.860;374.053;   null;195.040; 83.354;144.500;267.653; 88.171;145.080;180.018;165.404;179.792;180.614;102.044; 41.434;241.844
2001-11-25 02:00:00;162.416; 50.803;202.467;121.680;1294.480;373.390; 95.930;195.024; 84.130;140.730;267.016; 88.261;145.280;180.304;164.630;178.424;180.734;103.320; 40.726;242.542
2001-11-25 02:05:00;163.872; 50.170;201.400;121.467;1298.940;379.230;   null;193.696; 83.198;143.283;268.191; 87.582;145.740;176.280;165.028;179.446;179.950;102.058; 41.908;243.314
2001-11-25 02:10:00;163.628; 51.010;200.400;118.560;1301.540;378.133;   null;196.530; 83.994;141.900;268.768; 88.345;143.660;181.524;164.078;179.100;182.418;103.750; 41.968;240.546
2001-11-25 02:15:00;162.950; 52.127;203.467;121.303;1297.640;379.177; 96.045;195.604; 81.386;142.317;268.633; 89.199;146.280;181.392;165.596;179.030;180.564;102.400; 42.066;239.930
2001-11-25 02:20:00;164.306; 51.307;203.867;119.207;1301.580;373.990;   null;195.644; 83.888;144.110;268.064; 90.027;145.420;181.838;163.022;179.448;182.296;102.958; 41.262;241.564
2001-11-25 02:25:00;163.420; 52.490;200.100;120.633;1303.700;376.173;   null;193.890; 83.916;145.930;269.195; 89.149;147.160;179.012;163.158;176.802;181.870;102.542; 41.890;239.902
2001-11-25 02:30:00;164.856; 50.520;202.867;118.843;1301.640;379.430; 96.523;195.094; 84.228;145.490;266.820; 89.680;145.580;179.858;164.348;182.508;180.724;101.804; 40.768;243.020
2001-11-25 02:35:00;164.164; 51.400;203.167;120.643;1299.280;376.780;   null;196.570; 82.676;144.133;267.592; 89.882;150.080;179.696;164.988;178.546;182.356;103.130; 40.868;241.810
2001-11-25 02:40:00;164.516; 51.363;201.867;120.253;1305.780;377.970;   null;195.074; 81.578;146.053;266.183; 88.088;146.780;182.068;166.948;177.444;181.588;102.564; 41.278;241.562
2001-11-25 02:45:00;165.070; 50.927;201.100;121.630;1307.160;377.343; 97.266;195.368; 84.830;145.350;266.317; 91.775;148.360;178.670;163.624;181.032;182.216;103.110; 41.328;242.198
2001-11-25 02:50:00;163.442; 50.190;200.900;120.790;1313.760;382.660;   null;196.964; 82.608;144.637;268.164; 89.490;146.440;178.982;162.180;176.676;184.190;102.942; 41.966;240.064
2001-11-25 02:55:00;165.188; 49.840;200.900;118.870;1312.660;376.957;   null;195.918; 82.520;145.267;266.309; 90.689;148.500;180.824;163.416;179.456;182.674;102.604; 41.446;239.774
2001-11-25 03:00:00;166.112; 51.737;199.033;119.670;1307.320;380.583; 97.181;196.244; 81.130;145.980;264.973; 90.640;148.880;180.468;161.514;179.492;181.524;103.736; 41.182;240.960
2001-11-25 03:05:00;163.166; 51.187;203.733;120.520;1311.440;379.453;   null;194.858; 81.948;145.097;266.015; 89.767;148.380;180.216;163.528;179.762;181.178;104.120; 41.152;240.588
2001-11-25 03:10:00;165.788; 50.607;203.867;120.100;1314.000;382.367;   null;196.402; 82.546;145.863;267.224; 90.779;147.500;179.204;162.948;179.628;179.450;103.550; 41.664;240.038
2001-11-25 03:15:00;163.108; 51.417;201.633;120.963;1309.040;380.747; 97.670;199.134; 82.554;146.513;269.066; 90.841;148.660;182.382;165.212;177.670;182.498;103.460; 41.626;240.582
2001-11-25 03:20:00;165.484; 51.093;199.800;121.207;1306.760;380.860;   null;197.486; 83.044;144.497;267.425; 89.931;150.440;179.380;165.146;178.844;183.178;104.502; 41.616;243.012
2001-11-25 03:25:00;163.256; 51.063;201.433;121.370;1309.100;382.767;   null;198.928; 83.626;144.980;268.935; 91.485;150.660;179.656;164.718;177.100;182.784;103.612; 41.556;241.092
2001-11-25 03:30:00;165.876; 52.663;201.700;123.057;1306.480;376.670; 96.948;197.940; 84.126;145.560;265.100; 90.555;148.780;178.394;163.776;177.770;181.772;104.000; 41.206;241.586
2001-11-25 03:35:00;163.090; 51.210;203.033;121.893;1313.860;378.403;   null;196.470; 82.838;145.890;265.578; 90.565;148.340;180.538;161.968;177.944;186.264;104.782; 40.834;241.216
2001-11-25 03:40:00;164.862; 52.070;202.000;121.767;1308.900;380.680;   null;198.174; 81.724;145.640;268.394; 91.560;150.320;179.548;162.236;177.434;183.594;104.352; 41.382;239.622
2001-11-25 03:45:00;165.948; 50.123;200.233;121.453;1318.320;380.093; 97.116;196.094; 82.480;146.293;269.608; 91.244;150.080;180.664;162.774;179.600;180.190;103.044; 40.158;241.162
2001-11-25 03:50:00;163.190; 52.513;203.700;121.507;1301.440;379.873;   null;193.756; 82.228;144.073;267.385; 91.735;149.640;180.878;159.602;175.756;183.732;104.116; 41.018;242.352
2001-11-25 03:55:00;165.052; 51.500;202.633;120.350;1301.980;380.413;   null;196.098; 82.898;146.003;267.183; 90.936;150.680;178.298;161.986;178.836;182.634;104.498; 41.590;238.504
2001-11-25 04:00:00;163.546; 51.523;200.633;120.693;1301.040;379.387; 96.935;196.808; 82.870;144.883;270.380; 91.668;147.760;181.752;161.154;176.854;182.512;103.488; 41.168;240.626
2001-11-25 04:05:00;162.754; 51.930;203.600;122.067;1296.360;379.403;   null;195.460; 82.686;146.093;267.196; 91.758;149.120;181.802;162.632;176.962;182.048;104.306; 41.614;240.952
2001-11-25 04:10:00;164.420; 52.123;203.667;121.867;1299.000;380.640;   null;197.466; 82.854;146.807;269.435; 91.615;147.820;183.418;163.518;176.580;182.348;104.526; 40.924;240.962
2001-11-25 04:15:00;165.056; 51.623;202.567;121.083;1300.980;379.703; 97.964;198.740; 82.458;145.217;267.890; 90.833;150.160;179.512;162.794;176.842;182.084;105.222; 40.872;240.340
2001-11-25 04:20:00;162.652; 49.893;202.900;122.267;1300.080;377.587;   null;199.280; 82.278;146.507;268.702; 92.106;149.000;178.882;161.014;175.630;182.154;103.998; 41.746;237.520
2001-11-25 04:25:00;165.462; 52.547;199.800;121.160;1296.120;376.410;   null;199.222; 80.534;145.683;264.832; 91.745;150.260;179.952;162.444;176.840;181.304;103.020; 41.370;241.036
2001-11-25 04:30:00;165.830; 52.813;200.067;122.367;1300.440;379.354; 97.203;197.674; 83.908;145.690;267.352; 92.666;149.080;180.420;161.182;177.628;182.064;103.706; 41.686;239.666
2001-11-25 04:35:00;162.606; 51.503;200.100;119.897;1298.900;379.680;   null;196.558; 82.372;145.390;264.503; 91.017;149.680;176.486;162.984;178.030;182.218;104.794; 40.992;240.624
2001-11-25 04:40:00;165.714; 51.777;203.333;120.587;1297.200;378.210;   null;199.954; 81.542;146.927;265.141; 90.814;147.040;181.260;161.600;178.686;180.720;104.440; 41.854;241.912
2001-11-25 04:45:00;163.830; 51.740;201.100;122.487;1296.640;379.420; 97.149;198.720; 82.324;143.573;267.062; 91.653;147.960;181.212;161.098;176.836;181.946;104.980; 41.536;241.080
2001-11-25 04:50:00;163.310; 51.697;202.600;123.343;1300.300;379.140;   null;197.508; 82.308;146.880;265.242; 91.203;149.200;178.825;162.238;176.034;182.968;104.436; 41.164;240.556
2001-11-25 04:55:00;164.002; 51.447;201.500;120.683;1299.780;380.783;   null;197.516; 83.098;147.513;264.764; 92.864;150.160;176.942;161.118;176.124;179.764;104.338; 40.754;241.316
2001-11-25 05:00:00;164.086; 51.003;200.267;119.523;1295.740;380.467; 96.964;197.476; 83.376;145.723;267.318; 93.437;148.840;179.436;160.314;175.794;179.620;104.606; 41.734;242.734
2001-11-25 05:05:00;164.866; 51.337;202.267;120.753;1299.900;378.903;   null;199.086; 81.444;146.503;267.075; 91.097;149.040;177.544;164.646;175.324;179.506;103.712; 40.538;241.438
2001-11-25 05:10:00;162.276; 51.847;199.500;120.260;1300.680;376.903;   null;199.050; 82.756;145.300;267.216; 92.192;149.280;177.820;161.990;175.818;181.612;103.158; 41.088;240.834
2001-11-25 05:15:00;164.024; 51.617;202.133;119.190;1294.820;382.203; 97.250;198.180; 82.420;146.977;266.437; 92.090;148.480;178.724;161.696;176.568;180.104;105.422; 40.510;243.672
2001-11-25 05:20:00;164.616; 52.793;202.967;122.667;1290.100;381.330;   null;200.106; 82.780;144.913;264.722; 92.942;149.600;181.980;160.024;177.802;180.716;104.548; 41.216;241.132
2001-11-25 05:25:00;165.056; 51.890;199.100;120.383;1295.680;379.023;   null;198.148; 83.514;145.520;267.351; 91.172;148.820;177.736;161.446;176.374;180.156;105.684; 40.988;241.776
2001-11-25 05:30:00;163.350; 51.563;204.367;121.380;1299.620;378.830; 97.691;198.908; 83.160;146.943;268.786; 90.757;148.120;178.332;160.712;175.496;183.220;104.468; 41.544;239.256
2001-11-25 05:35:00;165.860; 52.293;202.567;120.597;1289.520;377.063;   null;199.616; 81.330;145.080;266.100; 91.964;148.480;180.536;160.852;175.496;183.084;104.518; 41.724;240.858
2001-11-25 05:40:00;162.784; 51.337;203.000;123.607;1289.460;379.717;   null;198.310; 82.512;144.023;266.665; 91.594;149.120;178.840;160.740;176.658;181.962;103.422; 41.338;240.988
2001-11-25 05:45:00;160.680; 50.313;200.533;122.023;1286.100;380.097; 98.507;201.054; 82.968;145.373;262.704; 92.506;150.300;176.638;162.040;176.634;180.570;105.114; 41.384;242.300
2001-11-25 05:50:00;163.496; 50.663;200.433;122.010;1290.080;379.240;   null;198.460; 82.984;146.997;267.413; 90.480;149.020;180.546;162.426;176.584;180.918;104.028; 41.704;240.188
2001-11-25 05:55:00;165.082; 50.817;203.467;121.437;1291.920;379.533;   null;200.016; 82.102;147.230;267.090; 92.893;148.680;179.650;160.846;177.714;179.128;103.850; 41.580;241.194
2001-11-25 06:00:00;163.274; 51.537;200.700;120.827;1287.820;382.717; 97.751;200.266; 82.604;147.813;266.620; 94.279;150.900;178.990;159.316;175.854;182.776;104.416; 41.504;241.956
2001-11-25 06:05:00;164.512; 49.677;201.833;121.273;1284.740;382.220;   null;199.534; 84.770;146.603;266.190; 92.308;148.160;179.682;159.564;175.602;185.420;104.730; 41.822;240.930
2001-11-25 06:10:00;162.734; 51.647;202.900;120.040;1287.440;385.200;   null;199.904; 82.324;148.073;267.325; 91.743;150.860;178.632;161.736;177.388;185.034;104.536; 41.110;238.804
2001-11-25 06:15:00;164.530; 51.013;198.833;122.100;1287.800;380.093; 97.685;200.406; 81.944;147.207;266.055; 91.589;151.840;178.723;163.262;179.506;181.946;105.378; 40.728;239.750
2001-11-25 06:20:00;163.622; 49.693;202.967;120.987;1281.220;382.333;   null;199.230; 82.556;146.840;268.135; 93.356;149.560;178.126;160.604;178.736;183.276;104.982; 41.824;239.044
2001-11-25 06:25:00;165.076; 51.947;200.467;119.457;1284.660;380.193;   null;199.986; 82.864;148.340;265.377; 92.850;151.540;177.277;159.880;177.506;181.576;103.154; 41.300;240.378
2001-11-25 06:30:00;164.204; 51.080;202.700;120.697;1283.160;384.697; 99.129;203.274; 83.156;149.483;268.069; 92.507;151.540;179.424;164.532;176.290;181.832;104.068; 41.160;240.682
2001-11-25 06:35:00;162.962; 52.217;202.633;121.800;1290.100;385.980;   null;199.032; 83.956;150.137;266.518; 93.287;149.200;179.663;159.392;179.112;181.142;104.342; 41.106;241.990
2001-11-25 06:40:00;163.874; 52.013;203.133;121.553;1289.080;383.160;   null;201.446; 82.566;148.663;265.805; 92.856;151.660;179.692;164.068;176.904;180.302;104.682; 41.494;241.394
2001-11-25 06:45:00;163.304; 50.787;201.567;121.183;1288.480;384.460; 98.908;200.156; 83.116;151.097;267.324; 93.356;150.040;179.164;163.750;180.024;182.716;104.648; 41.706;240.792
2001-11-25 06:50:00;163.138; 51.680;202.333;122.027;1289.200;383.970;   null;201.086; 83.072;152.113;268.131; 91.411;150.100;177.100;163.744;178.850;181.796;104.826; 40.780;242.436
2001-11-25 06:55:00;164.414; 51.567;203.033;121.643;1297.260;386.824;   null;200.054; 82.332;149.993;266.351; 93.635;150.300;179.065;162.996;179.472;181.694;104.478; 41.368;240.302
2001-11-25 07:00:00;163.518; 51.670;203.867;122.550;1291.820;386.543;100.410;201.544; 83.536;151.463;266.653; 94.585;149.700;179.550;162.516;178.356;182.374;104.570; 40.370;241.794
2001-11-25 07:05:00;162.636; 50.893;203.667;122.190;1290.920;386.147;   null;202.998; 83.466;150.017;267.420; 93.083;150.580;178.476;162.206;178.018;183.114;104.720; 41.492;240.920
2001-11-25 07:10:00;163.524; 51.157;204.667;123.597;1283.360;386.563;   null;204.266; 82.826;151.033;266.115; 94.275;149.740;179.688;162.770;181.072;182.086;104.404; 40.962;239.904
2001-11-25 07:15:00;164.006; 50.693;203.500;121.663;1288.900;387.950;100.900;200.588; 84.064;150.213;269.368; 92.098;150.680;178.508;161.016;182.290;182.162;103.908; 41.132;237.610
2001-11-25 07:20:00;163.142; 51.340;203.367;120.900;1288.440;389.063;   null;199.640; 83.910;150.254;268.399; 94.375;151.760;179.517;160.932;178.438;182.366;103.780; 41.298;240.870
2001-11-25 07:25:00;164.246; 51.620;204.200;122.047;1286.660;391.310;   null;201.306; 83.794;150.917;268.802; 93.533;151.080;178.884;163.068;181.464;181.398;105.208; 41.584;241.902
2001-11-25 07:30:00;164.692; 51.803;204.767;122.793;1299.680;390.203;100.998;205.316; 83.616;151.557;266.358; 93.364;149.940;179.548;160.476;180.280;185.034;105.620; 40.906;241.004
2001-11-25 07:35:00;163.044; 51.983;201.267;124.650;1288.280;391.224;   null;203.918; 83.072;151.870;270.753; 93.779;150.740;178.686;162.900;179.102;181.466;103.968; 40.872;243.184
2001-11-25 07:40:00;163.930; 51.510;206.000;121.857;1288.020;390.573;   null;204.618; 82.914;151.997;268.472; 92.475;148.860;178.725;163.352;180.614;185.538;104.668; 41.254;240.136
2001-11-25 07:45:00;162.340; 51.210;202.733;121.540;1287.540;394.400;100.623;205.014; 82.824;151.423;266.566; 92.226;149.660;181.876;162.464;184.402;184.848;105.388; 41.850;238.364
2001-11-25 07:50:00;165.184; 50.627;202.467;121.923;1284.280;392.793;   null;203.190; 84.960;150.027;270.251; 92.681;150.700;182.040;161.406;181.674;182.616;105.206; 41.064;241.886
2001-11-25 07:55:00;166.050; 52.067;201.200;121.207;1286.600;391.020;   null;205.306; 83.592;152.960;267.331; 94.281;149.360;182.304;162.828;180.818;183.332;106.584; 41.326;242.150
2001-11-25 08:00:00;162.450; 51.700;201.967;123.137;1282.480;390.867;101.266;206.664; 83.966;149.270;267.089; 93.467;148.940;179.892;161.456;180.818;185.652;106.298; 41.680;241.544
2001-11-25 08:05:00;165.104; 50.887;205.167;123.040;1285.380;391.807;   null;203.228; 81.790;151.730;270.716; 91.292;153.600;181.675;165.192;181.788;185.868;104.738; 41.280;242.372
2001-11-25 08:10:00;164.738; 51.947;204.233;123.230;1280.780;390.770;   null;202.786; 83.704;150.140;268.802; 91.361;149.600;182.230;163.008;181.856;183.116;105.720; 42.246;244.840
2001-11-25 08:15:00;165.170; 51.013;204.700;121.650;1291.080;393.793;101.137;202.326; 83.892;150.067;270.448; 92.378;149.420;182.755;164.756;183.220;185.168;105.858; 41.946;245.168
2001-11-25 08:20:00;164.264; 50.983;203.233;120.183;1286.660;389.246;   null;202.002; 84.660;145.973;270.885; 91.877;149.080;187.215;162.302;180.778;187.530;106.764; 42.486;247.418
2001-11-25 08:25:00;164.780; 52.323;202.000;120.420;1286.360;389.350;   null;202.900; 84.072;148.343;272.863; 93.439;149.000;176.920;164.652;184.488;187.670;106.698; 42.554;246.472
2001-11-25 08:30:00;164.684; 51.047;202.933;122.140;1281.020;390.447; 99.793;201.742; 84.860;150.287;270.650; 92.761;150.760;182.812;164.834;183.374;186.838;107.266; 42.328;247.636
2001-11-25 08:35:00;167.774; 50.770;200.533;122.120;1291.740;385.010;   null;200.892; 84.512;148.737;269.334; 91.052;151.140;184.448;163.854;185.112;188.574;106.650; 43.020;248.766
2001-11-25 08:40:00;164.240; 50.963;203.633;124.107;1290.380;387.687;   null;198.848; 82.650;147.763;272.393; 92.819;152.000;182.332;164.104;183.290;187.846;107.442; 42.150;249.630
2001-11-25 08:45:00;164.830; 51.000;203.100;121.567;1286.280;384.557; 98.781;198.102; 85.178;146.607;271.149; 93.131;151.820;182.578;164.194;183.250;187.134;107.970; 42.464;249.574
2001-11-25 08:50:00;164.064; 51.927;203.867;121.870;1281.560;388.077;   null;199.676; 83.282;148.743;273.871; 91.767;152.260;182.304;167.264;185.504;186.344;107.724; 42.426;248.264
2001-11-25 08:55:00;165.152; 51.960;203.200;122.253;1282.260;384.493;   null;202.578; 82.790;151.197;273.703; 89.661;150.420;184.578;162.802;184.440;188.196;106.976; 42.240;250.374
2001-11-25 09:00:00;161.466; 51.087;203.600;122.893;1290.980;385.533; 99.847;202.194; 84.378;150.213;269.564; 92.307;151.220;183.042;164.138;184.710;187.770;107.026; 42.596;248.706
2001-11-25 09:05:00;164.970; 51.810;204.033;122.853;1291.540;385.787;   null;201.026; 85.664;147.423;274.543; 92.502;150.320;183.664;166.252;182.630;188.416;106.974; 43.074;249.030
2001-11-25 09:10:00;164.648; 52.357;203.600;122.117;1293.840;383.137;   null;200.646; 84.688;148.633;274.071; 93.713;150.660;183.552;166.618;183.316;187.964;106.758; 42.718;248.148
2001-11-25 09:15:00;164.320; 50.997;203.833;121.237;1287.520;383.290; 99.781;198.612; 85.836;150.050;271.482; 94.588;149.340;183.658;165.552;181.378;186.480;107.746; 42.414;247.950
2001-11-25 09:20:00;162.810; 51.713;202.767;120.850;1292.700;382.487;   null;199.822; 82.902;149.117;271.987; 94.689;149.360;185.862;166.128;182.037;186.834;105.370; 42.694;247.552
2001-11-25 09:25:00;164.826; 50.883;202.500;121.050;1298.480;382.890;   null;199.176; 84.098;147.820;274.373; 93.755;149.820;185.070;166.086;183.174;190.186;106.970; 42.866;247.674
2001-11-25 09:30:00;162.002; 51.107;203.600;121.860;1294.040;379.097; 99.365;202.294; 85.178;147.340;270.969; 92.544;150.840;186.858;166.784;183.992;186.634;106.716; 42.390;248.946
2001-11-25 09:35:00;165.170; 51.927;204.333;122.917;1307.020;383.637;   null;199.744; 85.362;147.503;269.554; 93.110;149.460;184.654;165.498;182.368;189.658;108.122; 42.310;249.006
2001-11-25 09:40:00;164.190; 51.450;203.433;122.157;1296.500;381.377;   null;201.494; 86.590;150.117;275.415; 91.593;150.640;183.580;165.954;183.712;188.648;107.670; 42.602;251.350
2001-11-25 09:45:00;161.398; 51.290;201.833;121.583;1304.500;381.727; 99.242;200.000; 84.526;149.310;273.630; 93.546;150.140;185.762;164.550;182.190;189.034;107.870; 42.950;248.470
2001-11-25 09:50:00;165.446; 50.967;201.200;120.110;1301.760;384.313;   null;200.296; 84.402;147.453;272.582; 91.489;151.560;185.848;166.434;184.870;185.854;108.632; 42.244;247.982
2001-11-25 09:55:00;163.502; 51.240;203.300;123.383;1300.400;384.260;   null;199.390; 85.232;148.017;274.571; 93.979;150.440;185.610;167.344;185.326;190.690;106.772; 42.838;248.950
2001-11-25 10:00:00;163.576; 49.997;202.933;120.793;1298.840;380.740; 99.264;199.290; 83.330;149.623;272.549; 93.602;150.220;185.424;167.010;184.038;185.470;108.872; 42.986;249.198
2001-11-25 10:05:00;163.084; 51.283;201.867;122.893;1295.060;382.813;   null;200.106; 85.238;149.347;275.987; 92.476;150.560;184.010;166.686;184.944;187.750;107.322; 43.206;252.042
2001-11-25 10:10:00;163.302; 50.703;203.267;122.387;1292.540;381.610;   null;201.836; 85.686;149.693;271.638; 93.075;151.300;185.320;167.642;183.262;186.542;108.890; 43.106;250.826
2001-11-25 10:15:00;164.412; 50.453;203.900;120.207;1295.040;382.933; 99.419;199.412; 84.040;150.963;274.032; 93.756;151.260;185.976;167.088;181.978;187.512;107.466; 43.010;248.440
2001-11-25 10:20:00;163.686; 51.093;203.333;119.993;1298.860;384.153;   null;199.226; 85.020;150.350;270.796; 93.572;150.480;186.172;168.922;184.506;188.074;106.506; 42.708;247.526
2001-11-25 10:25:00;164.306; 51.400;202.300;124.143;1301.940;381.863;   null;200.408; 84.730;150.863;274.501; 93.900;149.440;184.288;168.264;182.846;188.416;106.464; 42.996;249.894
2001-11-25 10:30:00;165.360; 52.267;206.100;121.683;1297.940;382.970;100.035;199.096; 84.918;147.900;273.291; 93.979;151.340;183.766;167.576;184.666;187.298;106.898; 43.646;248.048
2001-11-25 10:35:00;165.136; 51.817;205.167;119.853;1307.700;385.747;   null;197.724; 83.308;148.283;272.042; 92.430;150.980;183.976;168.067;185.204;188.070;107.096; 42.822;246.978
2001-11-25 10:40:00;163.222; 50.840;204.300;122.207;1291.680;385.667;   null;198.784; 85.166;150.023;273.324; 94.882;149.540;183.774;166.202;184.322;187.976;105.876; 42.528;250.158
2001-11-25 10:45:00;165.534; 51.300;202.433;122.720;1300.740;384.676; 98.721;200.104; 84.302;148.057;275.077; 93.421;151.220;181.496;167.366;183.090;189.012;106.482; 42.402;250.756
2001-11-25 10:50:00;163.544; 51.403;203.667;121.413;1304.160;385.027;   null;198.112; 84.760;148.717;273.394; 92.414;153.340;184.370;166.310;183.798;187.536;106.600; 42.280;249.268
2001-11-25 10:55:00;161.916; 50.123;204.533;120.550;1305.820;386.897;   null;200.442; 83.784;148.783;273.125; 91.025;149.980;186.780;167.620;183.808;189.582;107.046; 42.814;249.530
2001-11-25 11:00:00;165.384; 51.197;205.000;120.967;1309.140;382.183;100.041;202.054; 86.274;149.073;274.202; 93.625;152.160;182.216;165.826;182.730;187.012;107.118; 42.334;248.868
2001-11-25 11:05:00;162.166; 51.390;205.467;121.170;1297.680;381.797;   null;200.808; 84.158;151.583;273.259; 93.407;150.780;185.855;165.290;183.316;189.104;106.688; 43.478;250.496
2001-11-25 11:10:00;165.036; 52.543;205.767;122.323;1307.700;386.837;   null;201.572; 85.524;148.823;274.405; 93.043;149.500;186.714;165.348;183.642;190.316;106.720; 42.870;248.308
2001-11-25 11:15:00;164.328; 50.470;208.000;124.920;1305.040;387.157;100.058;199.582; 83.952;148.837;274.065; 93.556;150.020;182.176;164.630;183.326;187.658;106.112; 42.896;249.744
2001-11-25 11:20:00;166.144; 51.027;207.767;122.947;1297.700;386.513;   null;201.288; 84.224;146.910;273.628; 91.086;151.020;183.306;165.776;186.040;187.584;108.166; 43.044;250.530
2001-11-25 11:25:00;163.316; 51.263;202.867;122.187;1296.280;388.873;   null;199.592; 84.276;151.493;274.605; 92.655;148.860;184.825;167.704;186.024;187.982;106.892; 42.994;251.560
2001-11-25 11:30:00;163.838; 51.263;204.133;122.127;1303.420;387.447; 99.719;201.724; 85.208;149.933;273.728; 93.381;150.000;   null;165.150;184.236;187.962;106.680; 42.356;247.708
2001-11-25 11:35:00;164.370; 50.043;204.567;122.813;1311.200;386.230;   null;199.432; 83.740;149.073;274.537; 92.487;149.920;183.323;166.186;182.750;187.042;107.036; 43.346;249.490
2001-11-25 11:40:00;164.176; 51.483;207.500;122.420;1303.560;387.520;   null;199.090; 85.324;150.350;274.068; 94.309;152.220;183.898;165.298;183.726;188.962;106.206; 43.090;248.836
2001-11-25 11:45:00;164.298; 51.480;205.833;120.347;1301.220;388.340; 99.491;198.958; 84.606;147.977;274.066; 92.553;149.840;187.692;165.680;183.364;188.944;106.176; 42.584;250.246
2001-11-25 11:50:00;165.020; 51.983;205.300;123.983;1302.840;388.580;   null;200.382; 86.024;149.083;274.941; 91.906;150.400;186.558;166.488;183.544;187.222;105.796; 43.142;248.686

