DATETIME,ESOI,ATHN,MXCO,ROME,AATB,LMKS,DRBS,MOSC,NEWK,KIEL,CALG,OULU,APTY,FSMT,INVK,NAIN,PWNK,THUL,SOPB,SOPO
2001-11-24 00:55:00,167.432,52.31,210.967,127.92,1354.5,406.38,,211.416,88.752,156.66,294.84,98.319,157.88,194.388,173.524,195.028,196.59,110.338,,
2001-11-24 01:00:00,168.002,51.633,213.867,125.983,1353.68,405.067,104.801,211.204,89.124,157.61,294.13,97.814,159.5,194.878,173.826,194.552,196.832,110.632,,
2001-11-24 01:05:00,168.936,52.4,214.5,128.03,1363.38,403.62,,210.548,89.788,155.543,292.267,99.409,157.38,193.326,176.622,193.714,197.756,110.454,,
2001-11-24 01:10:00,168.202,51.513,211.667,126.777,1354.06,408.483,,209.184,88.898,156.467,292.861,96.99,157.94,193.482,174.414,193.75,196.756,112.002,,
2001-11-24 01:15:00,167.516,51.81,209.6,126.107,1353.54,404.07,103.419,209.964,90.918,156.107,295.385,99.365,158.92,195.56,177.788,193.524,197.956,111.928,,
2001-11-24 01:20:00,167.278,51.85,211.167,126.21,1352.5,405.373,,210.464,89.882,157.36,294.015,98.173,158.4,192.772,172.806,192.468,199.316,111.41,,
2001-11-24 01:25:00,168.644,53.297,210.133,125.857,1361.52,405.68,,211.794,88.49,157.523,294.444,96.889,160.34,196.178,174.76,195.082,195.822,110.98,,
2001-11-24 01:30:00,169.43,52.403,212.2,125.457,1361.82,405.753,104.294,209.568,89.352,158.25,293.47,98.805,158.7,194.998,174.146,195.046,199.125,110.78,,
2001-11-24 01:35:00,168.542,50.97,210.8,127.58,1360.6,401.18,,210.408,90.344,156.937,295.486,96.637,157.34,194.308,174.074,195.806,195.04,112.136,,
2001-11-24 01:40:00,168.194,51.94,212.1,126.843,1359.36,408.513,,212.39,88.798,157.263,294.726,98.471,159.04,194.824,172.916,193.032,198.802,111.882,,
2001-11-24 01:45:00,168.392,52.593,212.6,125.657,1366.48,403.317,103.816,209.864,89.68,156.43,295.685,97.849,159.5,193.64,176.628,192.44,197.17,112.046,,
2001-11-24 01:50:00,170.236,52.583,210.567,125.56,1364.08,405.913,,211.704,88.788,156.333,295.189,98.127,159.08,193.96,173.184,193.082,198.678,111.206,,
2001-11-24 01:55:00,169.162,50.853,209.2,127.46,1356.6,407.267,,211.398,89.616,157.983,294.991,96.771,158.16,194.86,175.312,193.096,197.304,112.93,,
2001-11-24 02:00:00,171.874,51.757,212.533,126.127,1369.32,407.437,103.791,212.234,89.2,156.35,293.435,99.601,160.12,193.91,174.402,194.614,196.642,110.552,,
2001-11-24 02:05:00,168.734,52.163,211.167,127.62,1366.84,405.97,,215.296,91.496,157.097,295.256,97.302,158.46,195.5,172.11,195.96,196.26,110.792,,
2001-11-24 02:10:00,168.554,51.887,211.867,128.313,1360.24,407.097,,209.51,89.69,158.203,292.821,100.033,159.62,193.836,174.676,195.464,196.804,111.154,,
2001-11-24 02:15:00,168.72,51.403,211.867,126.82,1367.42,404.557,103.018,212.588,91.564,156.7,294.891,98.252,159.8,193.812,175.216,196.12,197.554,112.332,,
2001-11-24 02:20:00,168.06,52.847,210.367,125.757,1363.86,407.674,,212.864,90.038,157.033,294.974,96.466,160.0,194.26,174.466,195.624,196.194,111.666,,
2001-11-24 02:25:00,169.292,51.903,211.7,126.193,1369.44,408.037,,210.382,91.314,156.407,296.051,97.943,158.66,192.952,174.442,194.056,195.732,111.698,,
2001-11-24 02:30:00,170.082,53.177,212.867,126.943,1355.44,408.707,102.314,211.576,88.94,154.87,293.665,97.677,158.66,193.328,172.64,194.074,199.778,110.706,,
2001-11-24 02:35:00,168.042,53.783,211.633,126.63,1364.74,407.31,,210.464,90.582,157.51,295.953,96.723,160.14,194.924,175.06,193.612,198.964,113.186,,
2001-11-24 02:40:00,170.012,50.797,213.3,126.993,1363.22,410.217,,212.208,90.05,158.117,293.997,97.741,159.84,194.986,176.164,192.644,196.216,111.23,,
2001-11-24 02:45:00,170.2,52.543,211.567,126.007,1366.76,409.973,104.086,212.672,89.534,155.48,291.226,97.688,157.16,194.186,173.14,194.414,198.09,110.598,,
2001-11-24 02:50:00,168.586,52.31,211.267,126.54,1357.3,408.337,,212.15,89.794,157.967,296.252,98.463,155.38,193.948,171.306,192.716,196.97,112.498,,
2001-11-24 02:55:00,170.508,52.493,211.1,126.03,1362.22,405.74,,208.964,89.562,154.57,292.918,96.788,159.1,193.824,177.18,193.478,197.336,111.314,,
2001-11-24 03:00:00,172.654,51.953,212.267,128.057,1366.8,410.597,104.068,210.25,89.738,157.887,294.044,99.613,159.44,194.994,172.91,191.948,196.57,111.506,,
2001-11-24 03:05:00,170.432,51.6,212.7,124.327,1368.26,408.543,,211.982,89.166,156.413,293.379,97.82,158.44,194.964,174.224,192.468,197.11,110.938,,
2001-11-24 03:10:00,169.764,51.543,212.433,125.16,1357.22,407.31,,212.774,90.87,158.143,293.445,97.137,160.24,194.51,174.922,193.214,197.994,111.43,,
2001-11-24 03:15:00,169.714,53.03,212.767,129.41,1365.22,407.633,104.329,211.626,89.762,157.537,295.571,96.161,161.42,191.91,172.192,194.684,195.59,111.808,,
2001-11-24 03:20:00,169.644,52.85,211.033,127.06,1360.08,407.84,,211.25,89.102,158.0,294.874,97.486,160.02,196.038,172.51,192.824,200.166,110.474,,
2001-11-24 03:25:00,168.852,53.633,212.8,125.73,1364.7,407.747,,211.36,89.572,158.92,294.325,98.049,159.24,195.088,175.328,193.828,197.372,111.9,,
2001-11-24 03:30:00,168.982,52.29,211.9,125.833,1357.86,408.1,104.602,210.922,89.862,157.73,293.841,98.735,157.9,194.346,173.892,194.368,198.706,111.234,,
2001-11-24 03:35:00,169.092,53.047,212.267,125.593,1371.26,408.983,,210.746,89.19,157.1,293.674,97.892,160.4,194.266,173.606,194.376,197.78,111.426,,
2001-11-24 03:40:00,171.346,52.397,211.667,127.083,1365.14,412.973,,211.234,89.17,156.877,294.288,97.116,161.04,196.062,173.282,192.836,196.96,111.404,,
2001-11-24 03:45:00,169.704,52.667,212.833,125.343,1359.56,409.557,103.977,211.956,89.29,157.687,294.04,97.797,158.26,194.166,173.348,195.85,195.802,111.204,,
2001-11-24 03:50:00,170.492,52.47,211.5,127.62,1362.52,410.153,,215.71,88.858,156.503,294.207,96.816,158.88,195.91,173.858,195.704,196.684,111.474,,
2001-11-24 03:55:00,170.494,51.553,212.7,125.29,1369.34,407.59,,213.942,88.782,159.41,292.923,98.201,159.32,196.14,174.63,194.734,196.852,112.032,,
2001-11-24 04:00:00,167.77,52.6,210.9,128.373,1364.86,411.477,104.294,211.412,89.116,157.1,294.521,98.689,162.66,195.756,175.28,194.15,196.648,111.628,,
2001-11-24 04:05:00,170.202,52.55,212.8,126.023,1356.08,410.44,,211.432,90.708,158.313,295.219,97.08,159.58,192.736,173.734,194.006,196.798,111.492,,
2001-11-24 04:10:00,169.022,51.407,210.967,126.763,1363.92,408.563,,211.6,89.592,154.217,292.957,97.373,161.2,193.498,175.156,193.132,197.2,111.996,,
2001-11-24 04:15:00,169.904,52.41,211.8,126.043,1371.28,411.527,104.363,211.614,89.032,157.85,294.473,98.372,159.9,195.71,177.532,193.902,197.942,112.208,,
2001-11-24 04:20:00,169.576,52.15,209.667,126.727,1364.1,410.603,,214.524,89.218,156.607,294.988,96.913,159.8,193.418,174.644,192.096,198.122,111.528,,
2001-11-24 04:25:00,170.096,52.35,212.333,125.787,1366.98,411.05,,213.99,89.524,159.42,295.238,98.74,158.68,192.61,177.35,191.198,197.608,111.72,,
2001-11-24 04:30:00,169.922,53.93,211.967,126.323,1367.82,414.797,104.001,212.15,89.3,158.507,294.404,99.131,160.1,194.713,175.57,193.278,197.82,110.736,,
2001-11-24 04:35:00,169.47,53.1,211.633,126.287,1366.8,409.603,,211.712,89.908,159.847,293.689,99.203,160.12,194.51,175.164,193.328,195.918,112.018,,
2001-11-24 04:40:00,171.32,53.917,213.033,129.13,1361.1,413.34,,213.006,88.958,156.734,297.318,98.629,160.4,196.496,175.69,192.0,196.982,111.21,,
2001-11-24 04:45:00,171.06,52.757,211.7,127.157,1365.4,407.233,104.092,210.396,89.708,158.377,298.72,97.737,158.16,195.662,175.4,194.164,200.108,111.65,,
2001-11-24 04:50:00,171.436,51.493,212.567,125.977,1367.08,410.743,,214.164,89.728,157.183,294.07,98.175,160.6,194.468,174.494,193.83,197.878,112.502,,
2001-11-24 04:55:00,169.184,53.57,208.833,127.73,1361.64,408.81,,213.602,89.69,156.06,292.985,97.575,160.8,193.846,173.99,192.188,198.07,112.376,,
2001-11-24 05:00:00,170.558,52.59,212.6,124.813,1362.44,406.583,103.312,212.018,89.128,156.993,294.4,98.495,160.84,193.934,175.608,194.206,196.474,111.508,,
2001-11-24 05:05:00,172.348,52.653,212.2,127.52,1364.6,411.97,,213.054,89.422,157.553,294.0,96.522,160.42,195.402,174.836,193.012,197.708,112.52,,
2001-11-24 05:10:00,169.708,52.063,211.767,126.373,1360.8,410.127,,213.826,89.502,158.947,292.731,99.134,159.7,194.57,175.024,191.922,196.878,111.894,,
2001-11-24 05:15:00,168.772,53.573,212.0,125.34,1366.12,409.977,104.642,213.768,90.48,156.083,292.898,98.059,159.08,194.598,174.922,193.278,198.138,111.818,,
2001-11-24 05:20:00,169.842,53.07,212.333,127.047,1361.42,415.973,,211.8,88.594,159.437,294.449,99.355,159.78,194.126,173.546,194.374,197.164,112.248,,
2001-11-24 05:25:00,170.486,53.783,210.7,126.877,1365.02,409.927,,212.556,89.792,157.757,295.416,98.757,158.66,195.23,174.916,193.084,196.294,111.2,,
2001-11-24 05:30:00,170.884,53.02,211.0,125.827,1364.42,414.923,103.095,211.824,88.474,157.273,296.518,97.389,158.82,194.368,174.93,194.882,197.978,112.24,,
2001-11-24 05:35:00,168.304,51.457,213.267,126.793,1358.76,410.8,,212.47,88.762,157.507,297.57,99.845,160.26,194.296,174.614,193.128,199.32,112.918,,
2001-11-24 05:40:00,170.976,53.34,212.233,126.877,1361.0,408.887,,210.16,88.278,157.46,298.906,98.851,161.42,195.89,177.568,193.492,195.544,113.008,,
2001-11-24 05:45:00,168.688,52.34,209.867,129.313,1366.36,409.017,103.983,210.114,89.914,156.92,297.837,99.581,160.16,193.074,173.3,193.326,199.696,111.772,,
2001-11-24 05:50:00,168.95,53.21,212.933,126.343,1364.08,409.63,,212.562,90.192,157.8,294.744,99.635,159.78,194.278,172.686,191.72,196.466,112.804,,
2001-11-24 05:55:00,167.574,52.647,212.0,126.123,1360.38,405.477,,210.668,88.918,157.547,296.968,98.833,159.48,193.718,174.908,192.526,198.176,112.05,,
2001-11-24 06:00:00,168.746,51.723,210.233,124.377,1356.14,406.357,103.44,214.07,90.356,158.827,295.213,98.368,160.54,195.342,174.076,191.686,196.374,109.444,,
2001-11-24 06:05:00,169.616,52.747,207.133,124.84,1355.22,406.667,,214.254,89.208,158.587,292.002,97.297,158.4,195.336,176.086,192.396,199.036,109.676,,
2001-11-24 06:10:00,168.886,51.893,211.533,127.623,1351.08,408.463,,210.594,90.118,157.19,293.421,98.488,159.76,194.64,175.384,191.29,197.944,111.182,,
2001-11-24 06:15:00,168.254,53.673,212.9,126.943,1350.32,404.89,104.045,212.58,88.27,155.3,293.621,100.754,158.36,193.35,174.836,191.23,195.928,107.138,,
2001-11-24 06:20:00,169.43,51.73,210.033,126.39,1357.24,408.72,,212.104,87.226,157.513,293.923,98.354,158.84,191.852,171.83,185.926,194.312,105.866,,
2001-11-24 06:25:00,170.186,51.0,213.733,125.47,1351.62,408.47,,212.368,86.92,156.89,293.053,96.858,157.54,189.556,171.338,183.84,189.874,107.244,,
2001-11-24 06:30:00,170.106,52.797,212.667,127.993,1351.94,407.95,104.475,212.216,87.29,158.117,290.118,97.713,156.54,188.266,171.506,185.74,190.648,106.754,,
2001-11-24 06:35:00,169.324,51.49,212.533,127.537,1358.08,411.483,,211.156,87.174,154.814,285.9,96.21,157.7,186.798,172.248,184.532,190.403,106.868,,
2001-11-24 06:40:00,171.706,52.1,211.2,127.503,1355.66,409.25,,210.644,89.5,157.663,286.134,97.952,157.66,188.172,172.054,186.728,,108.358,,
2001-11-24 06:45:00,170.574,53.2,209.233,128.08,1357.42,411.313,103.952,208.324,88.844,157.697,287.248,98.115,156.88,188.784,170.794,189.96,192.52,107.314,,
2001-11-24 06:50:00,170.532,53.027,209.0,126.067,1363.32,406.157,,209.816,87.49,156.414,288.688,96.5,158.02,191.026,171.208,187.078,192.998,108.13,,
2001-11-24 06:55:00,170.814,52.79,209.5,126.85,1362.18,409.227,,207.848,86.038,156.073,283.797,95.648,155.38,190.89,169.798,185.252,190.124,107.934,,
2001-11-24 07:00:00,171.762,52.41,211.6,126.967,1370.1,409.787,104.257,208.778,87.824,154.553,283.333,95.097,157.54,187.722,171.806,186.948,189.844,107.406,,
2001-11-24 07:05:00,172.454,52.763,210.633,127.177,1363.46,409.857,,208.576,88.094,155.96,281.459,96.281,157.9,188.622,172.572,189.198,192.048,107.008,,
2001-11-24 07:10:00,170.486,53.61,208.567,129.413,1364.96,411.887,,209.578,88.476,157.003,286.224,96.048,156.52,188.088,171.872,189.66,190.96,108.31,,
2001-11-24 07:15:00,171.782,54.223,211.867,126.94,1372.36,410.92,103.396,212.382,86.618,157.717,286.15,96.722,156.16,190.0,169.414,192.138,193.798,109.302,,
2001-11-24 07:20:00,170.892,53.54,211.1,127.337,1369.94,406.653,,210.946,87.692,159.01,285.955,94.879,159.38,188.522,170.648,193.028,190.28,109.556,,
2001-11-24 07:25:00,170.878,52.533,210.967,127.69,1361.08,404.04,,210.112,86.126,156.457,287.633,97.254,156.38,192.76,169.556,189.12,189.14,108.698,,
2001-11-24 07:30:00,169.922,53.04,210.567,126.27,1354.9,403.683,103.746,211.398,88.542,157.323,284.694,97.632,156.46,190.17,172.024,189.842,191.52,108.982,,
2001-11-24 07:35:00,168.924,51.67,209.633,127.443,1356.42,403.127,,207.868,87.06,157.73,286.803,97.038,157.72,190.276,170.29,189.242,194.296,109.052,,
2001-11-24 07:40:00,169.786,53.19,209.733,127.883,1358.34,407.763,,208.478,87.478,156.557,287.407,95.994,157.44,189.916,172.642,192.392,193.68,110.072,,
2001-11-24 07:45:00,167.804,53.593,212.533,125.95,1366.26,407.613,104.213,210.558,88.122,157.943,286.508,96.341,158.88,189.496,170.28,191.106,192.088,109.788,,
2001-11-24 07:50:00,168.792,52.503,209.0,126.177,1361.76,405.45,,208.456,88.332,157.163,282.94,97.154,157.54,189.684,171.696,188.828,193.404,109.6,,
2001-11-24 07:55:00,171.224,53.537,212.633,126.277,1372.2,406.377,,208.548,87.776,154.987,282.371,97.493,158.6,188.132,170.506,188.902,192.414,109.688,,
2001-11-24 08:00:00,170.806,52.043,208.933,124.83,1366.04,407.83,103.336,209.852,86.698,156.91,282.778,98.531,156.44,188.868,169.052,189.084,190.706,109.324,,
2001-11-24 08:05:00,172.148,52.91,209.1,125.733,1368.16,405.773,,208.828,88.242,154.907,282.072,96.653,156.06,187.358,172.59,189.918,190.092,108.908,,
2001-11-24 08:10:00,169.8,52.233,211.267,127.053,1370.44,405.61,,209.052,88.528,155.253,282.575,96.523,156.72,187.98,170.192,189.83,193.21,109.398,,
2001-11-24 08:15:00,168.332,53.137,212.633,128.017,1361.1,407.677,103.029,206.938,86.286,156.563,279.923,98.365,157.28,187.944,171.876,186.95,191.2,108.742,,
2001-11-24 08:20:00,168.872,50.97,210.9,124.63,1362.28,405.907,,209.92,87.032,157.063,281.096,95.892,158.18,187.262,170.274,188.868,190.74,108.17,,
2001-11-24 08:25:00,171.072,51.793,209.567,126.563,1361.18,405.616,,208.288,87.042,154.073,281.87,95.127,156.36,186.594,168.912,188.51,190.004,108.804,,
2001-11-24 08:30:00,168.154,51.73,210.167,123.723,1353.36,401.947,103.289,206.994,85.466,156.963,286.172,98.149,156.74,187.294,166.948,187.018,191.804,108.374,,
2001-11-24 08:35:00,170.17,51.217,210.033,124.72,1354.1,400.067,,210.124,88.074,157.323,283.618,95.692,155.86,188.244,168.77,190.156,190.44,108.304,,
2001-11-24 08:40:00,169.054,52.793,210.0,126.48,1346.2,400.587,,210.042,87.59,158.747,283.584,96.225,156.32,185.57,168.668,188.662,192.023,108.156,,
2001-11-24 08:45:00,167.838,52.867,211.0,124.94,1346.52,400.343,104.415,206.228,89.068,156.28,282.816,96.085,157.48,187.014,167.278,192.008,192.022,108.188,,
2001-11-24 08:50:00,167.39,51.723,210.533,126.213,1346.1,400.417,,207.64,87.09,155.497,282.95,94.626,157.4,189.696,169.044,189.316,191.01,109.056,,
2001-11-24 08:55:00,169.324,50.923,211.467,126.797,1342.62,399.263,,209.34,87.636,155.003,280.66,95.81,157.62,188.434,166.622,192.662,191.864,109.252,,
2001-11-24 09:00:00,167.812,51.027,209.367,125.407,1346.36,400.303,103.724,209.786,88.106,154.033,281.13,96.497,156.32,188.322,169.716,186.972,191.678,109.412,,
2001-11-24 09:05:00,168.846,51.727,208.433,125.927,1337.82,398.367,,207.992,87.962,154.067,279.184,96.652,157.46,186.124,167.482,193.108,192.34,109.23,,
2001-11-24 09:10:00,168.976,52.137,209.267,125.57,1333.56,398.71,,208.466,88.186,152.887,278.276,95.292,154.6,187.214,170.18,190.142,191.76,108.052,,
2001-11-24 09:15:00,166.508,51.143,208.3,124.837,1328.26,401.33,102.566,207.672,88.034,154.853,279.422,96.241,155.82,186.364,165.788,192.198,191.446,109.558,,
2001-11-24 09:20:00,166.828,51.367,208.7,124.453,1321.38,399.91,,209.348,88.586,154.687,279.823,96.53,155.64,185.606,167.504,191.062,190.33,108.276,,
2001-11-24 09:25:00,165.81,52.173,211.6,125.177,1313.76,399.51,,207.916,86.91,153.43,275.988,96.03,156.78,188.082,167.03,187.39,190.692,109.182,,
2001-11-24 09:30:00,167.746,52.323,209.8,125.21,1310.16,404.433,102.671,206.732,85.572,155.187,276.392,96.677,156.46,183.96,166.776,188.926,191.28,108.92,,
2001-11-24 09:35:00,167.852,52.79,209.767,124.12,1307.08,399.333,,206.032,87.518,156.007,278.075,95.137,158.7,185.566,166.828,189.69,189.382,109.846,,
2001-11-24 09:40:00,165.986,51.71,208.367,123.907,1313.38,400.243,,208.324,86.164,152.693,277.57,96.96,156.52,185.728,167.032,188.454,187.704,108.954,,
2001-11-24 09:45:00,168.788,50.527,208.3,124.653,1319.44,400.227,102.726,206.674,86.574,156.043,276.796,96.189,154.6,182.188,162.822,185.258,187.796,107.93,,
2001-11-24 09:50:00,169.22,52.053,208.6,125.45,1329.22,397.91,,205.456,84.858,154.263,276.729,94.045,154.96,184.754,165.736,185.7,192.072,107.24,,
2001-11-24 09:55:00,167.254,51.383,206.833,124.717,1314.0,394.89,,205.97,85.938,153.88,277.909,94.129,155.58,185.984,165.522,186.654,186.282,106.234,,
2001-11-24 10:00:00,167.144,52.013,206.133,125.737,1302.1,396.84,100.271,199.366,84.958,152.07,277.503,95.015,153.38,185.365,166.992,184.178,188.662,105.574,,
2001-11-24 10:05:00,165.328,51.333,206.667,124.38,1300.1,392.16,,202.974,86.532,151.217,275.481,94.188,151.68,182.072,164.198,183.142,186.178,106.17,,
2001-11-24 10:10:00,164.736,50.153,206.2,122.383,1298.68,390.317,,201.178,86.862,153.403,276.999,94.258,154.26,182.056,166.154,186.102,189.964,106.296,,
2001-11-24 10:15:00,163.51,51.247,206.267,123.5,1305.28,389.583,99.951,203.154,84.324,151.573,274.536,92.368,150.28,183.712,166.43,186.954,187.736,105.898,,
2001-11-24 10:20:00,162.906,51.86,203.167,121.233,1304.78,389.747,,203.482,84.5,149.0,272.245,92.76,150.26,183.038,162.794,185.902,188.144,106.716,,
2001-11-24 10:25:00,166.488,49.867,206.7,122.437,1294.9,390.82,,205.01,84.406,151.803,272.477,95.338,152.6,180.393,166.11,185.2,186.746,106.226,,
2001-11-24 10:30:00,164.58,52.127,204.967,122.113,1300.22,390.62,99.903,201.722,85.358,150.12,274.806,95.007,150.68,182.202,164.74,183.572,185.422,105.906,,
2001-11-24 10:35:00,163.764,51.077,205.9,122.827,1292.06,387.843,,203.138,83.846,152.913,273.588,93.278,150.72,182.352,164.294,183.664,184.58,106.976,,
2001-11-24 10:40:00,163.834,51.233,206.533,123.223,1286.94,391.417,,204.892,83.464,151.166,272.475,93.933,153.96,180.274,164.352,182.47,186.098,105.906,,
2001-11-24 10:45:00,163.688,50.76,204.733,120.377,1293.32,392.19,100.178,204.322,83.74,150.727,274.975,93.86,152.56,180.982,162.874,184.57,184.298,106.756,,
2001-11-24 10:50:00,165.648,51.16,202.867,123.81,1287.32,390.597,,202.824,85.596,151.59,269.88,96.515,153.62,180.516,163.648,182.852,185.64,104.278,,
2001-11-24 10:55:00,160.826,51.797,206.267,121.56,1298.1,394.976,,204.706,84.148,152.627,273.353,94.122,151.9,182.872,161.13,183.486,183.686,104.96,,
2001-11-24 11:00:00,163.648,52.62,203.0,122.707,1291.6,392.357,101.681,202.21,84.816,152.127,273.122,96.025,157.34,180.632,163.028,183.534,185.348,105.182,,
2001-11-24 11:05:00,165.736,50.86,205.467,122.253,1296.62,391.524,,201.348,84.608,151.297,272.107,94.86,151.38,181.682,162.708,184.85,187.216,105.908,,
2001-11-24 11:10:00,165.686,51.463,208.1,121.86,1292.9,390.167,,203.934,85.644,152.523,275.515,94.571,153.04,182.638,164.486,186.372,185.294,106.292,,
2001-11-24 11:15:00,165.706,51.05,206.667,125.51,1304.78,393.127,100.54,201.166,85.552,150.343,271.5,94.628,154.04,183.702,163.916,186.928,183.598,107.27,,
2001-11-24 11:20:00,168.062,51.72,204.133,123.467,1306.9,395.637,,202.074,86.284,150.533,275.244,94.377,154.22,183.794,163.976,184.092,188.568,106.594,,
2001-11-24 11:25:00,167.576,52.727,204.1,123.473,1308.32,396.193,,203.068,85.342,152.14,273.931,95.82,154.34,182.508,161.528,183.672,186.398,107.146,,
2001-11-24 11:30:00,165.716,51.643,203.467,122.293,1317.8,395.663,99.399,201.53,85.028,152.157,273.291,95.663,150.44,181.686,163.44,183.806,183.252,107.088,,
2001-11-24 11:35:00,165.19,51.96,209.0,123.59,1316.9,394.68,,202.552,85.452,153.337,276.897,94.107,152.94,180.328,164.672,185.19,186.82,105.466,,
2001-11-24 11:40:00,168.124,50.813,207.967,124.65,1316.98,393.167,,203.67,85.172,152.493,275.446,93.74,152.7,181.804,166.534,183.682,184.292,107.072,,
2001-11-24 11:45:00,163.27,50.99,206.767,123.497,1322.08,397.19,101.592,202.536,86.584,151.637,274.194,94.749,152.72,181.19,163.73,183.506,185.344,106.4,,
2001-11-24 11:50:00,167.796,51.833,206.5,123.783,1315.86,398.237,,201.604,86.788,152.317,274.939,94.651,152.26,182.522,164.652,184.412,185.298,107.062,,
2001-11-24 11:55:00,167.12,51.657,210.333,123.897,1320.44,397.84,,203.29,86.322,151.947,275.375,94.064,152.42,182.364,165.576,184.952,186.36,105.79,,
2001-11-24 12:00:00,167.97,51.333,209.6,124.837,1327.12,397.92,101.857,201.922,86.194,150.303,279.903,94.606,155.26,183.272,166.248,185.106,187.388,106.77,,
2001-11-24 12:05:00,167.324,52.307,209.033,125.463,1334.16,395.99,,202.844,89.22,153.107,271.555,95.356,152.64,187.156,164.332,184.806,185.5,106.632,,
2001-11-24 12:10:00,170.152,52.107,209.3,123.507,1336.34,400.037,,202.596,87.272,151.103,276.894,95.359,152.28,185.758,163.034,186.802,187.756,107.138,,
2001-11-24 12:15:00,168.864,52.42,209.2,125.19,1337.76,399.913,101.987,202.402,85.436,156.083,275.813,95.15,152.52,183.764,167.246,186.764,186.268,107.598,,
2001-11-24 12:20:00,167.822,51.41,211.933,123.34,1334.66,398.37,,204.7,85.622,152.533,276.016,94.125,153.82,184.118,165.842,186.852,187.114,107.16,,
2001-11-24 12:25:00,171.568,51.83,211.3,125.513,1344.78,399.69,,201.722,87.492,150.96,275.409,94.588,154.78,185.544,164.556,185.216,187.62,106.554,,
2001-11-24 12:30:00,168.292,51.073,207.7,126.28,1352.94,398.803,102.402,202.338,86.742,151.617,278.857,93.484,154.02,184.9,164.95,186.944,189.414,105.878,,
2001-11-24 12:35:00,170.492,52.927,209.8,125.253,1353.14,402.38,,203.584,86.79,154.583,275.338,94.018,152.94,186.95,165.038,186.81,188.446,106.87,,
2001-11-24 12:40:00,168.11,52.287,208.933,126.513,1352.68,399.447,,203.716,88.578,154.233,275.947,94.111,154.5,184.496,167.09,187.446,187.982,106.966,,
2001-11-24 12:45:00,167.464,52.847,207.7,123.877,1343.64,400.023,100.903,205.318,87.658,153.743,276.962,93.988,154.18,184.644,164.874,186.836,188.186,106.362,,
2001-11-24 12:50:00,168.724,53.177,210.167,124.867,1354.48,399.683,,203.324,87.128,151.983,281.629,93.775,153.68,184.734,166.602,184.896,188.906,106.126,,
2001-11-24 12:55:00,167.902,52.483,210.967,127.177,1358.94,404.613,,203.788,88.552,152.32,277.64,95.612,152.4,186.806,164.822,188.42,191.252,106.994,,
2001-11-24 13:00:00,166.932,51.957,213.567,125.8,1355.94,402.487,102.627,204.7,86.512,154.473,279.057,96.16,153.86,186.022,167.354,188.95,189.082,107.66,,
2001-11-24 13:05:00,168.098,52.07,207.867,127.127,1355.94,405.42,,204.312,87.804,151.35,277.706,95.632,153.46,184.732,167.412,186.036,191.548,106.712,,
2001-11-24 13:10:00,168.954,52.637,211.167,123.53,1357.54,404.747,,204.298,87.872,153.783,279.463,94.845,153.74,185.488,166.98,187.93,188.576,107.282,,
2001-11-24 13:15:00,168.248,52.15,210.6,123.357,1358.78,402.657,102.955,203.43,88.692,153.35,277.673,93.299,152.98,185.886,168.154,187.586,191.776,108.668,,
2001-11-24 13:20:00,169.604,53.217,213.867,126.943,1364.64,403.697,,204.438,86.81,151.547,280.712,93.814,154.46,186.308,168.786,188.006,192.766,107.848,,
2001-11-24 13:25:00,168.578,52.687,211.6,127.623,1365.7,402.023,,204.07,87.852,153.586,280.243,94.563,153.38,185.446,167.264,188.096,189.924,109.074,,
2001-11-24 13:30:00,168.468,52.503,213.1,125.15,1362.46,399.683,101.566,203.236,86.244,151.89,280.31,94.93,154.92,187.788,167.21,187.63,193.684,106.766,,
2001-11-24 13:35:00,170.148,52.783,212.567,126.71,1353.24,402.1,,202.144,88.7,151.85,282.845,93.883,154.52,185.496,166.992,188.948,190.104,108.434,,
2001-11-24 13:40:00,170.116,52.067,210.6,125.74,1354.38,399.637,,202.944,87.558,152.713,281.288,93.428,153.52,186.618,165.144,187.18,191.29,106.65,,
2001-11-24 13:45:00,168.76,52.407,211.133,124.817,1347.24,401.284,101.961,202.842,87.616,151.86,282.199,95.54,153.46,185.704,167.538,188.964,190.944,108.132,,
2001-11-24 13:50:00,169.594,53.657,213.367,125.8,1350.88,399.983,,203.406,88.546,153.07,284.632,93.52,153.58,186.084,162.294,188.684,190.726,107.514,,
2001-11-24 13:55:00,168.902,53.02,212.5,125.377,1353.38,403.5,,201.868,88.314,153.433,282.165,94.622,154.38,187.408,166.872,190.192,192.138,109.352,,
2001-11-24 14:00:00,170.686,52.73,211.9,125.53,1361.38,399.85,101.721,203.258,88.876,153.447,285.139,95.979,153.44,187.184,165.706,190.836,196.122,107.266,,
2001-11-24 14:05:00,168.198,52.333,212.633,126.447,1366.46,399.73,,203.854,87.018,155.037,286.969,94.841,154.4,189.522,167.882,189.898,189.51,107.856,,
2001-11-24 14:10:00,170.89,53.457,212.167,126.72,1360.36,404.207,,202.502,87.6,153.14,284.404,95.865,154.8,188.99,169.432,189.74,192.694,106.91,,
2001-11-24 14:15:00,168.35,53.023,212.6,125.197,1356.9,403.9,101.526,204.872,88.048,153.213,286.638,95.282,156.1,188.376,168.764,188.82,193.244,107.504,,
2001-11-24 14:20:00,170.548,52.503,211.267,126.133,1369.16,408.43,,203.284,89.236,152.87,285.419,93.787,154.92,188.796,170.802,188.982,194.09,108.342,,
2001-11-24 14:25:00,172.026,53.52,211.167,126.087,1371.08,402.52,,202.508,88.99,152.257,284.782,95.204,154.76,188.698,167.916,189.278,196.04,108.91,,
2001-11-24 14:30:00,170.234,54.043,213.567,123.95,1366.6,403.327,102.191,202.27,87.636,153.99,286.536,92.704,155.1,187.172,166.938,189.028,192.934,107.472,,
2001-11-24 14:35:00,169.144,52.08,212.867,126.67,1355.54,406.343,,201.532,88.642,154.623,284.332,94.849,153.16,189.562,169.056,191.108,193.676,105.478,,
2001-11-24 14:40:00,171.61,52.157,211.867,125.89,1364.1,404.07,,202.106,88.39,150.063,285.008,93.549,153.62,189.744,168.804,191.188,193.284,107.882,,
2001-11-24 14:45:00,169.44,52.917,212.233,125.763,1367.58,403.167,102.646,200.318,87.686,152.29,286.367,94.836,152.0,188.438,170.304,189.592,192.684,107.37,,
2001-11-24 14:50:00,169.946,52.843,211.867,127.673,1360.76,404.224,,205.036,89.37,150.83,285.994,93.422,154.42,190.474,168.45,190.162,194.004,109.73,,
2001-11-24 14:55:00,169.618,53.21,213.967,125.583,1360.04,405.12,,203.986,89.114,154.85,285.42,95.781,153.82,191.698,169.24,190.696,195.206,107.994,,
2001-11-24 15:00:00,167.748,52.973,213.2,125.137,1360.58,404.394,103.043,204.032,88.706,150.417,282.95,93.739,155.1,190.566,171.656,188.594,193.14,107.72,,
2001-11-24 15:05:00,168.904,52.97,215.2,126.27,1355.68,402.213,,203.646,87.044,153.023,284.844,95.114,153.54,190.304,169.76,188.08,192.734,107.15,,
2001-11-24 15:10:00,169.372,53.647,213.833,125.907,1364.58,402.493,,204.02,86.862,152.503,285.56,94.962,154.02,187.548,168.298,189.258,194.536,108.23,,
2001-11-24 15:15:00,168.454,53.87,216.0,125.82,1354.28,401.27,103.046,204.546,87.372,152.977,286.914,95.251,154.68,190.264,170.168,186.806,193.33,110.41,,
2001-11-24 15:20:00,167.414,53.603,213.8,124.567,1346.68,403.157,,205.168,88.04,151.1,286.644,94.591,151.74,190.726,168.696,188.854,194.41,107.768,,
2001-11-24 15:25:00,169.584,52.44,212.167,127.92,1351.76,398.99,,202.74,87.168,152.73,286.848,93.585,151.62,187.566,168.452,188.77,194.66,108.76,,
2001-11-24 15:30:00,169.332,52.75,208.6,125.3,1349.48,401.407,101.429,203.29,88.808,152.577,285.29,93.853,154.44,188.084,169.288,189.138,191.35,107.804,,
2001-11-24 15:35:00,169.78,53.65,210.2,125.853,1354.56,402.287,,204.138,88.456,151.947,289.115,94.791,153.2,190.222,170.424,186.32,194.2,108.16,,
2001-11-24 15:40:00,169.7,53.783,210.233,126.447,1344.72,400.04,,202.052,88.492,153.94,287.287,94.033,152.74,191.472,168.15,188.858,194.652,108.836,,
2001-11-24 15:45:00,170.108,54.147,212.233,125.8,1351.78,402.797,102.472,202.704,90.062,153.647,284.409,95.549,152.5,189.19,168.256,189.48,194.478,107.672,,
2001-11-24 15:50:00,168.68,52.29,211.033,127.073,1351.56,403.517,,204.636,88.108,153.21,285.019,94.085,154.76,188.53,169.852,188.132,194.138,108.352,,
2001-11-24 15:55:00,168.706,53.393,211.967,125.167,1352.0,401.77,,202.142,87.77,152.61,287.585,95.233,152.98,189.406,169.304,188.06,192.96,108.322,,
2001-11-24 16:00:00,169.07,52.97,210.6,126.91,1343.92,400.68,102.361,201.888,88.192,152.89,286.983,95.976,154.12,190.38,168.894,188.38,194.004,108.744,,
2001-11-24 16:05:00,169.38,53.11,210.8,124.64,1341.96,399.707,,203.048,87.752,151.463,283.559,95.269,152.9,190.752,169.636,191.824,195.258,109.05,,
2001-11-24 16:10:00,169.456,51.753,211.633,124.877,1346.0,399.987,,205.202,88.522,152.516,283.77,94.433,153.08,189.356,169.766,190.15,193.51,109.492,,
2001-11-24 16:15:00,168.728,52.827,210.733,125.77,1354.26,401.417,101.724,200.9,88.654,152.08,284.718,93.288,152.56,187.85,168.866,189.032,194.495,108.336,,
2001-11-24 16:20:00,169.564,53.667,213.5,124.943,1346.78,403.74,,203.916,88.112,152.147,283.905,94.465,153.98,189.044,168.534,187.182,,107.238,,
2001-11-24 16:25:00,170.456,52.913,211.167,124.947,1339.6,401.73,,205.138,87.874,151.047,285.905,94.873,153.36,189.416,167.892,188.946,195.582,107.258,,
2001-11-24 16:30:00,168.468,52.407,210.933,126.353,1349.52,399.003,101.089,200.272,88.24,152.04,286.006,93.591,152.84,188.808,168.678,188.662,194.21,108.832,,
2001-11-24 16:35:00,166.484,53.377,210.367,125.177,1351.86,400.283,,203.384,88.982,153.137,282.415,96.063,154.86,187.084,169.24,189.006,193.575,108.038,,
2001-11-24 16:40:00,169.416,52.553,210.967,124.44,1346.58,396.837,,201.08,87.758,152.263,284.142,94.298,153.88,185.13,169.1,187.73,192.645,108.664,,
2001-11-24 16:45:00,168.208,52.677,210.2,125.027,1351.8,396.337,101.404,203.226,88.682,151.49,278.655,95.676,151.44,185.326,168.17,189.212,191.866,109.408,,
2001-11-24 16:50:00,168.57,52.787,210.433,123.577,1345.02,397.297,,202.884,88.336,147.926,280.653,93.744,152.6,183.312,167.926,188.898,190.654,108.656,,
2001-11-24 16:55:00,167.42,52.22,212.1,125.023,1345.58,396.776,,203.158,87.502,149.883,275.843,93.958,154.24,179.608,169.26,188.902,191.564,108.128,,
2001-11-24 17:00:00,169.456,53.197,211.767,124.01,1348.8,396.727,100.441,200.382,88.548,151.933,276.351,94.449,153.22,182.602,165.766,187.448,188.572,108.154,,
2001-11-24 17:05:00,167.402,52.07,212.133,123.383,1344.98,395.667,,204.744,88.482,152.293,278.892,93.132,153.08,181.104,164.924,188.5,191.918,107.112,,
2001-11-24 17:10:00,166.298,52.34,210.933,125.533,1339.2,394.41,,202.0,88.932,152.733,273.361,95.763,151.62,180.844,164.302,188.166,189.954,106.094,,
2001-11-24 17:15:00,168.542,53.323,210.667,125.937,1332.36,394.467,101.703,202.77,86.954,150.233,273.091,95.156,151.4,179.632,162.7,185.762,191.494,106.3,,
2001-11-24 17:20:00,167.11,52.38,214.4,124.08,1333.44,396.76,,202.508,88.252,153.453,269.765,95.443,153.88,180.75,162.864,185.764,188.994,106.184,,
2001-11-24 17:25:00,168.688,51.877,210.2,122.197,1331.6,396.093,,201.664,88.58,152.023,270.145,93.484,152.44,179.498,162.702,186.484,186.448,105.39,,
2001-11-24 17:30:00,167.066,53.447,211.567,124.96,1330.74,395.38,99.862,200.65,88.762,150.247,270.489,93.6,152.22,181.302,162.19,190.816,185.23,106.334,,
2001-11-24 17:35:00,166.378,51.213,210.6,122.79,1332.28,398.383,,198.89,87.344,148.744,270.693,93.052,150.76,179.388,164.836,185.302,186.75,105.196,,
2001-11-24 17:40:00,167.164,52.45,215.067,124.177,1334.66,393.923,,199.454,87.34,150.98,271.985,92.286,151.04,180.63,162.37,188.104,184.7,105.456,,
2001-11-24 17:45:00,168.502,52.92,211.633,124.887,1327.78,390.783,100.371,198.76,87.932,150.637,271.956,92.119,150.38,181.762,163.826,185.904,185.048,107.148,,
2001-11-24 17:50:00,165.752,51.533,210.633,122.18,1325.92,390.307,,200.49,86.866,150.853,271.003,91.011,150.24,180.83,160.482,188.21,185.202,106.83,,
2001-11-24 17:55:00,167.16,52.293,211.633,121.127,1330.32,391.32,,197.786,85.01,150.727,271.031,93.155,150.52,180.71,163.158,190.294,185.196,105.294,,
2001-11-24 18:00:00,169.78,52.293,209.9,122.597,1328.4,389.033,99.174,199.104,87.644,150.757,268.362,94.657,151.7,181.478,163.662,186.07,182.148,105.19,,
2001-11-24 18:05:00,167.002,51.09,209.533,123.047,1333.02,384.437,,199.458,86.698,149.473,268.098,94.034,150.04,180.99,160.986,185.966,184.69,105.598,,
2001-11-24 18:10:00,166.92,52.28,209.8,122.613,1323.66,382.873,,198.284,87.014,146.52,270.101,93.567,151.16,181.378,164.568,186.366,183.654,106.422,,
2001-11-24 18:15:00,167.108,52.107,207.567,123.017,1324.28,381.88,98.115,196.202,84.384,151.367,269.526,93.625,151.28,180.658,164.124,187.072,183.802,106.504,,
2001-11-24 18:20:00,166.682,53.28,210.367,123.343,1319.18,377.993,,195.82,86.44,149.693,270.371,93.35,148.92,180.002,163.982,185.888,183.316,104.778,,
2001-11-24 18:25:00,167.986,50.66,211.2,120.763,1324.06,374.436,,195.71,85.66,148.17,270.574,90.166,147.6,181.88,164.198,185.86,183.23,106.51,,
2001-11-24 18:30:00,165.86,51.51,210.567,120.493,1328.74,375.613,96.759,197.356,84.932,147.353,270.332,92.255,149.96,182.872,161.962,186.47,182.558,103.998,,
2001-11-24 18:35:00,165.998,51.663,209.633,121.087,1322.1,376.25,,197.3,85.186,145.723,272.572,91.243,152.2,178.928,161.366,180.868,181.48,104.834,,
2001-11-24 18:40:00,165.574,52.017,207.9,122.043,1322.54,380.54,,196.974,86.622,144.757,270.241,91.809,148.96,179.776,161.624,185.198,185.66,106.446,,
2001-11-24 18:45:00,164.676,50.96,207.767,122.903,1323.26,380.11,97.152,195.854,86.53,145.933,271.631,90.815,150.04,181.917,163.046,184.78,182.446,105.848,41.915,249.375
2001-11-24 18:50:00,168.49,51.987,210.2,121.303,1320.42,379.977,,194.094,84.94,145.167,269.233,90.659,150.06,,162.7,184.308,184.466,106.742,42.795,247.575
2001-11-24 18:55:00,164.374,51.123,208.633,122.03,1319.42,380.56,,194.64,86.088,144.787,270.762,92.511,148.52,,164.174,185.16,184.632,106.036,,
2001-11-24 19:00:00,167.01,50.0,207.3,121.307,1307.96,377.703,98.148,193.148,86.186,145.757,271.503,89.329,148.44,182.655,163.392,184.95,182.096,105.8,,
2001-11-24 19:05:00,164.074,52.233,208.8,121.71,1319.3,377.697,,194.184,86.192,145.843,272.246,91.171,148.7,181.392,162.974,183.934,184.312,105.672,43.076,243.7
2001-11-24 19:10:00,164.544,51.17,208.667,122.067,1302.04,379.227,,196.534,84.842,148.767,271.504,90.063,147.82,181.024,162.404,185.11,183.292,105.812,41.878,248.562
2001-11-24 19:15:00,165.384,52.103,206.8,122.107,1313.68,378.616,96.901,193.642,86.798,145.38,271.879,90.381,147.32,180.216,162.102,184.772,185.36,106.304,42.502,245.926
2001-11-24 19:20:00,164.548,51.117,208.9,120.4,1315.36,378.383,,191.788,85.97,146.24,271.916,89.891,147.02,180.276,162.586,185.07,184.292,105.998,41.964,246.028
2001-11-24 19:25:00,165.354,50.68,207.867,121.38,1308.46,378.207,,191.244,86.226,145.03,272.255,90.929,145.94,181.944,165.014,183.16,186.836,105.758,42.605,245.875
2001-11-24 19:30:00,164.368,51.657,205.967,119.777,1305.98,378.826,96.648,195.434,84.124,144.187,271.885,91.204,148.96,179.676,164.006,183.98,186.212,106.51,,
2001-11-24 19:35:00,166.668,50.837,208.033,120.757,1309.94,375.69,,194.086,85.39,147.777,271.314,92.565,147.38,181.596,164.35,182.452,183.416,106.642,42.62,249.143
2001-11-24 19:40:00,166.468,51.943,204.467,120.507,1307.02,375.103,,192.988,83.904,143.817,270.036,90.395,146.52,182.574,163.56,181.844,182.658,107.39,42.452,245.034
2001-11-24 19:45:00,164.662,51.117,205.5,120.41,1304.08,378.08,95.56,194.946,85.6,145.957,268.382,91.24,146.04,183.406,163.268,183.028,184.21,106.118,42.302,247.952
2001-11-24 19:50:00,163.992,50.487,207.333,122.033,1317.66,377.573,,195.534,84.062,144.227,272.659,91.55,145.04,181.71,164.472,182.716,185.0,107.628,43.022,248.89
2001-11-24 19:55:00,165.354,51.407,207.433,120.45,1309.3,376.67,,193.416,85.244,143.917,272.591,91.041,145.06,181.034,166.478,185.314,186.195,107.378,42.59,246.768
2001-11-24 20:00:00,165.178,52.123,208.067,121.057,1315.84,378.387,96.592,194.324,83.9,143.07,269.363,90.239,148.42,181.11,165.444,181.546,184.096,107.362,42.146,247.476
2001-11-24 20:05:00,163.044,50.273,206.567,119.667,1310.28,375.39,,195.142,85.678,144.507,272.39,91.127,146.1,179.772,162.824,182.294,186.164,105.474,42.834,247.042
2001-11-24 20:10:00,165.534,52.203,204.267,119.583,1313.4,380.59,,195.702,85.526,146.193,270.241,91.986,146.0,181.44,162.128,182.6,184.384,106.066,41.988,246.688
2001-11-24 20:15:00,165.384,51.823,206.2,119.593,1309.24,383.283,96.731,193.558,84.342,146.457,269.939,91.036,146.2,182.285,162.904,185.254,188.18,105.944,42.082,246.842
2001-11-24 20:20:00,164.61,50.67,206.233,122.373,1313.54,376.813,,194.872,84.526,145.21,270.275,89.874,146.2,180.402,163.38,183.87,187.584,106.148,42.648,248.658
2001-11-24 20:25:00,165.38,52.457,206.967,120.283,1314.3,378.273,,192.8,85.716,147.85,274.208,90.842,146.8,180.41,161.938,183.274,186.994,105.344,42.126,248.536
2001-11-24 20:30:00,164.798,51.403,205.833,120.507,1313.36,380.05,96.877,193.686,83.476,142.913,271.489,90.352,145.38,182.216,164.996,182.204,186.556,105.154,42.476,248.538
2001-11-24 20:35:00,166.012,51.567,207.2,119.117,1313.18,377.327,,194.374,85.128,145.487,270.511,89.063,145.34,181.952,162.04,184.048,186.918,105.552,41.59,245.638
2001-11-24 20:40:00,165.268,52.313,207.8,122.327,1312.46,376.617,,194.256,84.1,142.8,272.594,90.938,147.76,182.148,164.534,185.058,189.548,105.062,42.776,247.156
2001-11-24 20:45:00,165.312,51.08,207.0,120.887,1311.64,378.583,96.878,194.318,84.668,145.607,274.407,88.479,148.26,183.396,165.588,184.296,186.922,105.272,42.626,250.198
2001-11-24 20:50:00,163.934,51.043,205.433,119.05,1314.46,376.043,,192.964,85.15,143.857,269.8,91.546,145.12,182.918,166.06,183.464,189.388,104.516,42.472,246.054
2001-11-24 20:55:00,164.682,51.84,205.6,121.757,1317.12,377.057,,193.142,84.524,144.05,272.09,89.446,146.94,181.278,167.284,183.62,187.404,105.21,42.166,244.438
2001-11-24 21:00:00,165.244,51.74,206.0,120.617,1305.6,378.31,96.414,193.908,85.104,145.66,271.112,91.245,146.32,182.824,166.46,184.07,185.812,104.872,41.602,244.406
2001-11-24 21:05:00,164.756,50.703,204.467,121.17,1303.54,378.953,,196.102,84.756,144.357,272.561,90.358,146.16,183.212,167.068,184.222,186.994,105.522,42.366,244.566
2001-11-24 21:10:00,164.542,50.403,209.6,119.637,1306.6,381.313,,194.28,84.956,145.487,272.661,90.188,145.8,184.208,166.746,181.956,183.88,104.96,42.044,245.868
2001-11-24 21:15:00,165.468,50.643,204.267,121.747,1305.02,379.727,96.364,191.632,83.708,146.27,275.318,91.172,148.3,182.346,166.954,181.302,188.843,104.588,42.324,242.304
2001-11-24 21:20:00,164.822,51.21,205.733,120.767,1301.4,379.347,,196.474,83.61,145.5,272.83,88.634,146.5,184.548,165.484,180.818,188.5,106.102,41.502,242.73
2001-11-24 21:25:00,162.578,50.997,204.667,120.033,1298.9,378.853,,194.412,84.042,143.953,274.041,90.342,146.94,183.78,164.826,181.734,188.282,105.556,42.424,243.366
2001-11-24 21:30:00,164.434,50.773,207.367,121.587,1305.62,381.743,97.321,194.432,84.212,144.723,273.773,90.207,145.56,184.32,165.402,180.972,188.004,104.79,40.984,241.958
2001-11-24 21:35:00,163.198,50.56,203.567,122.423,1294.48,379.46,,195.462,83.266,147.386,273.738,91.257,146.7,184.196,164.932,180.17,188.562,103.762,41.418,242.458
2001-11-24 21:40:00,166.57,50.33,204.533,119.787,1299.34,380.53,,195.012,84.626,145.363,273.103,91.352,145.52,181.538,163.76,181.892,186.458,104.292,41.544,244.532
2001-11-24 21:45:00,163.796,50.227,205.167,120.32,1301.0,379.767,97.097,195.704,83.414,146.047,274.111,88.934,145.1,183.44,164.074,181.782,187.14,105.04,41.992,243.092
2001-11-24 21:50:00,163.844,51.713,205.7,120.363,1303.28,378.227,,194.618,83.314,144.077,274.277,91.262,146.32,184.864,164.886,183.584,187.29,106.09,41.15,243.868
2001-11-24 21:55:00,164.708,49.817,205.767,120.197,1297.48,379.46,,196.232,83.138,147.32,275.216,89.993,146.2,179.128,165.982,181.732,185.064,105.44,41.768,245.442
2001-11-24 22:00:00,165.82,50.97,206.933,121.36,1290.84,382.673,97.759,195.59,84.82,145.377,275.418,90.832,149.56,183.152,163.38,181.198,188.458,105.786,41.82,241.124
2001-11-24 22:05:00,166.348,51.15,205.3,123.163,1295.4,382.033,,195.69,84.854,145.693,274.445,91.277,145.84,182.882,162.696,178.282,187.312,104.076,42.134,242.136
2001-11-24 22:10:00,163.718,50.423,205.467,120.47,1296.44,380.763,,197.016,83.668,143.553,273.403,89.493,145.72,183.934,163.478,179.796,185.728,105.612,41.638,242.496
2001-11-24 22:15:00,162.674,50.153,204.767,120.077,1295.16,382.27,97.303,194.034,83.568,143.673,274.713,89.057,146.72,183.557,162.838,182.894,186.45,105.118,41.298,243.418
2001-11-24 22:20:00,163.42,50.007,203.3,120.07,1288.7,379.903,,193.208,84.228,147.633,273.401,88.85,147.64,181.296,164.944,180.26,186.738,104.764,42.598,243.218
2001-11-24 22:25:00,162.372,50.43,203.433,119.637,1297.08,379.39,,195.956,84.282,146.327,272.428,89.938,147.18,183.852,164.676,181.65,188.35,104.504,41.706,244.546
2001-11-24 22:30:00,162.566,50.903,205.5,119.91,1284.8,381.163,97.089,194.91,84.076,146.497,274.377,89.94,146.12,181.43,166.016,181.104,187.578,104.762,41.932,242.512
2001-11-24 22:35:00,161.162,50.747,204.733,120.77,1289.02,378.42,,194.856,85.152,146.16,272.564,89.9,146.6,181.84,164.742,179.076,187.258,103.69,41.692,241.708
2001-11-24 22:40:00,161.39,51.13,202.033,118.177,1280.64,381.583,,191.314,84.104,145.213,272.628,90.586,145.1,182.558,163.37,180.272,187.336,104.174,41.822,243.736
2001-11-24 22:45:00,162.898,50.353,204.467,119.497,1282.12,378.463,96.9,192.938,84.662,143.903,272.461,89.557,147.56,180.798,162.856,180.024,186.756,104.34,42.438,241.044
2001-11-24 22:50:00,163.354,48.967,203.033,120.077,1282.7,376.517,,192.552,83.552,145.2,275.216,89.66,145.5,182.052,164.188,181.528,188.792,103.56,41.822,241.782
2001-11-24 22:55:00,163.946,50.76,201.167,119.373,1279.86,371.683,,192.926,83.796,147.017,272.225,91.193,145.2,184.516,163.74,178.698,189.412,102.954,41.088,241.282
2001-11-24 23:00:00,161.256,50.97,202.667,119.58,1275.78,378.103,95.865,191.41,83.68,145.707,275.485,90.514,145.72,180.79,162.526,181.484,186.818,104.424,41.172,243.116
2001-11-24 23:05:00,163.678,51.213,202.233,119.673,1283.84,377.823,,194.054,83.048,145.9,275.552,89.056,148.16,181.504,163.798,179.394,186.798,103.938,41.004,243.04
2001-11-24 23:10:00,162.136,50.907,204.767,118.96,1280.88,378.803,,188.2,84.528,145.95,276.124,89.315,144.86,182.806,163.668,180.108,187.03,103.488,41.588,240.768
2001-11-24 23:15:00,160.15,50.403,202.9,118.98,1279.48,373.727,95.838,191.63,83.58,146.957,275.519,90.478,145.18,183.472,166.06,180.366,188.164,103.172,41.744,243.856
2001-11-24 23:20:00,162.722,50.217,202.4,118.75,1278.82,376.283,,192.54,82.774,142.823,275.788,89.144,143.1,184.356,164.69,179.708,186.142,102.68,41.69,244.046
2001-11-24 23:25:00,164.144,50.123,202.733,120.34,1283.46,377.093,,190.892,83.73,146.07,276.021,90.61,144.58,184.8,165.704,181.342,186.01,102.734,41.392,243.174
2001-11-24 23:30:00,163.352,52.173,204.0,118.81,1281.92,373.49,96.546,193.858,83.602,145.687,274.177,89.046,146.46,185.752,164.958,179.024,183.46,103.03,43.6,239.79
2001-11-24 23:35:00,161.606,50.003,204.267,119.597,1285.78,375.213,,193.222,82.434,144.91,274.981,89.179,144.32,183.378,164.622,179.99,184.238,103.64,,
2001-11-24 23:40:00,163.116,50.213,202.167,119.8,1286.94,374.263,,191.574,82.398,143.087,273.002,89.554,146.24,181.985,165.06,181.918,184.91,103.564,,
2001-11-24 23:45:00,161.46,50.397,202.7,121.56,1282.38,375.107,96.437,190.588,84.474,144.02,274.813,90.29,145.96,183.256,162.77,179.186,183.862,102.572,,
2001-11-24 23:50:00,161.148,49.71,202.967,120.9,1285.88,376.217,,191.154,84.896,144.583,273.974,88.87,143.66,184.392,163.582,177.566,185.6,101.618,,
2001-11-24 23:55:00,161.378,50.577,204.533,120.593,1280.0,375.25,,192.88,83.7,143.847,275.184,90.614,145.24,182.48,164.896,178.062,186.086,101.468,,
2001-11-25 00:00:00,163.024,51.133,204.333,120.187,1284.34,374.88,96.128,193.394,83.266,145.29,275.016,89.03,145.64,183.572,163.83,177.82,183.384,102.024,40.836,241.042
2001-11-25 00:05:00,162.124,50.867,202.7,120.163,1284.62,373.017,,191.14,82.678,141.713,274.412,89.489,147.14,183.544,165.634,178.828,182.852,102.364,41.636,240.406
2001-11-25 00:10:00,162.566,50.437,204.767,120.19,1288.86,371.887,,191.854,83.51,146.887,273.34,89.935,144.84,181.916,164.422,178.128,182.964,103.168,41.035,243.035
2001-11-25 00:15:00,161.588,50.757,203.533,120.76,1287.88,375.477,95.59,190.824,83.154,145.006,270.48,89.529,144.5,181.894,166.384,178.806,180.914,101.89,41.76,241.243
2001-11-25 00:20:00,162.806,50.957,206.5,121.873,1282.26,374.876,,192.326,82.016,145.61,273.942,86.544,144.66,181.206,164.5,179.268,181.602,103.886,41.738,239.22
2001-11-25 00:25:00,163.708,50.097,202.8,119.233,1292.5,375.91,,192.512,83.108,143.087,272.298,89.129,144.78,180.368,164.046,177.422,181.014,100.656,41.65,241.472
2001-11-25 00:30:00,161.59,50.007,203.633,119.117,1285.28,373.853,96.991,192.84,82.664,146.237,269.78,88.831,143.92,179.466,165.06,179.586,182.492,101.106,40.94,242.302
2001-11-25 00:35:00,161.478,50.707,202.367,119.6,1288.04,377.123,,192.188,82.34,142.77,271.324,88.704,145.04,181.406,162.942,178.796,181.84,102.234,41.556,241.63
2001-11-25 00:40:00,161.906,50.847,203.733,117.883,1294.1,374.877,,191.922,82.734,142.53,269.939,90.727,142.0,181.936,163.126,178.614,181.044,101.244,41.672,240.444
2001-11-25 00:45:00,163.366,51.14,201.1,120.023,1285.44,376.104,96.816,190.794,81.89,144.97,273.636,90.17,143.36,181.69,165.396,176.994,180.068,103.448,40.994,241.226
2001-11-25 00:50:00,161.964,50.247,199.8,117.577,1289.9,375.983,,191.844,82.334,145.607,270.548,87.784,144.38,180.674,163.93,178.98,181.964,102.764,41.074,240.462
2001-11-25 00:55:00,161.638,50.513,201.267,119.7,1294.94,378.81,,192.844,84.026,144.497,271.858,88.347,143.62,183.218,167.386,178.874,180.936,102.136,41.778,243.458
2001-11-25 01:00:00,162.26,51.97,200.733,119.947,1286.48,378.523,96.61,192.028,83.118,143.667,267.425,88.747,143.72,178.324,165.996,178.932,181.962,102.47,41.138,241.442
2001-11-25 01:05:00,162.922,50.08,202.833,120.25,1301.86,377.093,,191.612,83.234,143.503,270.18,87.548,142.92,180.32,167.256,180.612,183.648,102.13,41.95,241.468
2001-11-25 01:10:00,162.158,51.237,203.067,119.033,1292.84,371.3,,191.836,83.292,145.19,268.667,87.713,143.06,181.114,164.128,180.262,181.092,102.674,41.536,241.636
2001-11-25 01:15:00,162.344,50.34,203.467,118.9,1294.92,369.847,96.804,192.724,82.652,145.193,267.022,88.072,143.52,180.222,163.012,178.704,183.52,104.222,41.674,241.636
2001-11-25 01:20:00,163.866,50.573,203.033,119.59,1297.18,373.167,,191.594,83.724,144.367,267.217,89.164,143.68,176.878,163.912,176.996,185.21,102.516,41.336,244.88
2001-11-25 01:25:00,163.506,50.653,203.633,120.37,1294.82,372.633,,190.216,82.844,145.09,268.494,89.728,144.92,179.334,167.216,178.442,181.442,101.898,41.33,241.244
2001-11-25 01:30:00,163.202,50.41,203.3,118.967,1298.18,367.417,96.534,194.55,84.118,147.03,266.72,87.186,144.14,178.58,166.11,179.424,180.734,103.628,41.762,241.99
2001-11-25 01:35:00,163.588,51.94,203.633,118.387,1292.68,373.317,,194.248,83.0,144.29,268.292,89.447,144.04,177.95,163.446,178.794,181.102,102.666,41.356,242.678
2001-11-25 01:40:00,162.302,50.847,202.3,120.593,1288.4,373.753,,193.436,82.212,142.397,267.956,88.565,143.74,179.326,161.918,179.402,180.986,102.01,41.598,244.07
2001-11-25 01:45:00,163.232,50.623,200.067,119.47,1298.06,374.2,96.1,196.172,82.912,142.077,268.696,88.134,144.46,180.113,164.68,180.994,181.306,103.05,41.538,241.572
2001-11-25 01:50:00,163.148,49.997,201.933,120.937,1294.94,372.5,,195.748,82.536,144.26,265.873,88.582,145.68,180.03,167.932,181.132,179.86,101.376,40.598,242.682
2001-11-25 01:55:00,162.712,50.773,200.2,122.53,1297.86,374.053,,195.04,83.354,144.5,267.653,88.171,145.08,180.018,165.404,179.792,180.614,102.044,41.434,241.844
2001-11-25 02:00:00,162.416,50.803,202.467,121.68,1294.48,373.39,95.93,195.024,84.13,140.73,267.016,88.261,145.28,180.304,164.63,178.424,180.734,103.32,40.726,242.542
2001-11-25 02:05:00,163.872,50.17,201.4,121.467,1298.94,379.23,,193.696,83.198,143.283,268.191,87.582,145.74,176.28,165.028,179.446,179.95,102.058,41.908,243.314
2001-11-25 02:10:00,163.628,51.01,200.4,118.56,1301.54,378.133,,196.53,83.994,141.9,268.768,88.345,143.66,181.524,164.078,179.1,182.418,103.75,41.968,240.546
2001-11-25 02:15:00,162.95,52.127,203.467,121.303,1297.64,379.177,96.045,195.604,81.386,142.317,268.633,89.199,146.28,181.392,165.596,179.03,180.564,102.4,42.066,239.93
2001-11-25 02:20:00,164.306,51.307,203.867,119.207,1301.58,373.99,,195.644,83.888,144.11,268.064,90.027,145.42,181.838,163.022,179.448,182.296,102.958,41.262,241.564
2001-11-25 02:25:00,163.42,52.49,200.1,120.633,1303.7,376.173,,193.89,83.916,145.93,269.195,89.149,147.16,179.012,163.158,176.802,181.87,102.542,41.89,239.902
2001-11-25 02:30:00,164.856,50.52,202.867,118.843,1301.64,379.43,96.523,195.094,84.228,145.49,266.82,89.68,145.58,179.858,164.348,182.508,180.724,101.804,40.768,243.02
2001-11-25 02:35:00,164.164,51.4,203.167,120.643,1299.28,376.78,,196.57,82.676,144.133,267.592,89.882,150.08,179.696,164.988,178.546,182.356,103.13,40.868,241.81
2001-11-25 02:40:00,164.516,51.363,201.867,120.253,1305.78,377.97,,195.074,81.578,146.053,266.183,88.088,146.78,182.068,166.948,177.444,181.588,102.564,41.278,241.562
2001-11-25 02:45:00,165.07,50.927,201.1,121.63,1307.16,377.343,97.266,195.368,84.83,145.35,266.317,91.775,148.36,178.67,163.624,181.032,182.216,103.11,41.328,242.198
2001-11-25 02:50:00,163.442,50.19,200.9,120.79,1313.76,382.66,,196.964,82.608,144.637,268.164,89.49,146.44,178.982,162.18,176.676,184.19,102.942,41.966,240.064
2001-11-25 02:55:00,165.188,49.84,200.9,118.87,1312.66,376.957,,195.918,82.52,145.267,266.309,90.689,148.5,180.824,163.416,179.456,182.674,102.604,41.446,239.774
2001-11-25 03:00:00,166.112,51.737,199.033,119.67,1307.32,380.583,97.181,196.244,81.13,145.98,264.973,90.64,148.88,180.468,161.514,179.492,181.524,103.736,41.182,240.96
2001-11-25 03:05:00,163.166,51.187,203.733,120.52,1311.44,379.453,,194.858,81.948,145.097,266.015,89.767,148.38,180.216,163.528,179.762,181.178,104.12,41.152,240.588
2001-11-25 03:10:00,165.788,50.607,203.867,120.1,1314.0,382.367,,196.402,82.546,145.863,267.224,90.779,147.5,179.204,162.948,179.628,179.45,103.55,41.664,240.038
2001-11-25 03:15:00,163.108,51.417,201.633,120.963,1309.04,380.747,97.67,199.134,82.554,146.513,269.066,90.841,148.66,182.382,165.212,177.67,182.498,103.46,41.626,240.582
2001-11-25 03:20:00,165.484,51.093,199.8,121.207,1306.76,380.86,,197.486,83.044,144.497,267.425,89.931,150.44,179.38,165.146,178.844,183.178,104.502,41.616,243.012
2001-11-25 03:25:00,163.256,51.063,201.433,121.37,1309.1,382.767,,198.928,83.626,144.98,268.935,91.485,150.66,179.656,164.718,177.1,182.784,103.612,41.556,241.092
2001-11-25 03:30:00,165.876,52.663,201.7,123.057,1306.48,376.67,96.948,197.94,84.126,145.56,265.1,90.555,148.78,178.394,163.776,177.77,181.772,104.0,41.206,241.586
2001-11-25 03:35:00,163.09,51.21,203.033,121.893,1313.86,378.403,,196.47,82.838,145.89,265.578,90.565,148.34,180.538,161.968,177.944,186.264,104.782,40.834,241.216
2001-11-25 03:40:00,164.862,52.07,202.0,121.767,1308.9,380.68,,198.174,81.724,145.64,268.394,91.56,150.32,179.548,162.236,177.434,183.594,104.352,41.382,239.622
2001-11-25 03:45:00,165.948,50.123,200.233,121.453,1318.32,380.093,97.116,196.094,82.48,146.293,269.608,91.244,150.08,180.664,162.774,179.6,180.19,103.044,40.158,241.162
2001-11-25 03:50:00,163.19,52.513,203.7,121.507,1301.44,379.873,,193.756,82.228,144.073,267.385,91.735,149.64,180.878,159.602,175.756,183.732,104.116,41.018,242.352
2001-11-25 03:55:00,165.052,51.5,202.633,120.35,1301.98,380.413,,196.098,82.898,146.003,267.183,90.936,150.68,178.298,161.986,178.836,182.634,104.498,41.59,238.504
2001-11-25 04:00:00,163.546,51.523,200.633,120.693,1301.04,379.387,96.935,196.808,82.87,144.883,270.38,91.668,147.76,181.752,161.154,176.854,182.512,103.488,41.168,240.626
2001-11-25 04:05:00,162.754,51.93,203.6,122.067,1296.36,379.403,,195.46,82.686,146.093,267.196,91.758,149.12,181.802,162.632,176.962,182.048,104.306,41.614,240.952
2001-11-25 04:10:00,164.42,52.123,203.667,121.867,1299.0,380.64,,197.466,82.854,146.807,269.435,91.615,147.82,183.418,163.518,176.58,182.348,104.526,40.924,240.962
2001-11-25 04:15:00,165.056,51.623,202.567,121.083,1300.98,379.703,97.964,198.74,82.458,145.217,267.89,90.833,150.16,179.512,162.794,176.842,182.084,105.222,40.872,240.34
2001-11-25 04:20:00,162.652,49.893,202.9,122.267,1300.08,377.587,,199.28,82.278,146.507,268.702,92.106,149.0,178.882,161.014,175.63,182.154,103.998,41.746,237.52
2001-11-25 04:25:00,165.462,52.547,199.8,121.16,1296.12,376.41,,199.222,80.534,145.683,264.832,91.745,150.26,179.952,162.444,176.84,181.304,103.02,41.37,241.036
2001-11-25 04:30:00,165.83,52.813,200.067,122.367,1300.44,379.354,97.203,197.674,83.908,145.69,267.352,92.666,149.08,180.42,161.182,177.628,182.064,103.706,41.686,239.666
2001-11-25 04:35:00,162.606,51.503,200.1,119.897,1298.9,379.68,,196.558,82.372,145.39,264.503,91.017,149.68,176.486,162.984,178.03,182.218,104.794,40.992,240.624
2001-11-25 04:40:00,165.714,51.777,203.333,120.587,1297.2,378.21,,199.954,81.542,146.927,265.141,90.814,147.04,181.26,161.6,178.686,180.72,104.44,41.854,241.912
2001-11-25 04:45:00,163.83,51.74,201.1,122.487,1296.64,379.42,97.149,198.72,82.324,143.573,267.062,91.653,147.96,181.212,161.098,176.836,181.946,104.98,41.536,241.08
2001-11-25 04:50:00,163.31,51.697,202.6,123.343,1300.3,379.14,,197.508,82.308,146.88,265.242,91.203,149.2,178.825,162.238,176.034,182.968,104.436,41.164,240.556
2001-11-25 04:55:00,164.002,51.447,201.5,120.683,1299.78,380.783,,197.516,83.098,147.513,264.764,92.864,150.16,176.942,161.118,176.124,179.764,104.338,40.754,241.316
2001-11-25 05:00:00,164.086,51.003,200.267,119.523,1295.74,380.467,96.964,197.476,83.376,145.723,267.318,93.437,148.84,179.436,160.314,175.794,179.62,104.606,41.734,242.734
2001-11-25 05:05:00,164.866,51.337,202.267,120.753,1299.9,378.903,,199.086,81.444,146.503,267.075,91.097,149.04,177.544,164.646,175.324,179.506,103.712,40.538,241.438
2001-11-25 05:10:00,162.276,51.847,199.5,120.26,1300.68,376.903,,199.05,82.756,145.3,267.216,92.192,149.28,177.82,161.99,175.818,181.612,103.158,41.088,240.834
2001-11-25 05:15:00,164.024,51.617,202.133,119.19,1294.82,382.203,97.25,198.18,82.42,146.977,266.437,92.09,148.48,178.724,161.696,176.568,180.104,105.422,40.51,243.672
2001-11-25 05:20:00,164.616,52.793,202.967,122.667,1290.1,381.33,,200.106,82.78,144.913,264.722,92.942,149.6,181.98,160.024,177.802,180.716,104.548,41.216,241.132
2001-11-25 05:25:00,165.056,51.89,199.1,120.383,1295.68,379.023,,198.148,83.514,145.52,267.351,91.172,148.82,177.736,161.446,176.374,180.156,105.684,40.988,241.776
2001-11-25 05:30:00,163.35,51.563,204.367,121.38,1299.62,378.83,97.691,198.908,83.16,146.943,268.786,90.757,148.12,178.332,160.712,175.496,183.22,104.468,41.544,239.256
2001-11-25 05:35:00,165.86,52.293,202.567,120.597,1289.52,377.063,,199.616,81.33,145.08,266.1,91.964,148.48,180.536,160.852,175.496,183.084,104.518,41.724,240.858
2001-11-25 05:40:00,162.784,51.337,203.0,123.607,1289.46,379.717,,198.31,82.512,144.023,266.665,91.594,149.12,178.84,160.74,176.658,181.962,103.422,41.338,240.988
2001-11-25 05:45:00,160.68,50.313,200.533,122.023,1286.1,380.097,98.507,201.054,82.968,145.373,262.704,92.506,150.3,176.638,162.04,176.634,180.57,105.114,41.384,242.3
2001-11-25 05:50:00,163.496,50.663,200.433,122.01,1290.08,379.24,,198.46,82.984,146.997,267.413,90.48,149.02,180.546,162.426,176.584,180.918,104.028,41.704,240.188
2001-11-25 05:55:00,165.082,50.817,203.467,121.437,1291.92,379.533,,200.016,82.102,147.23,267.09,92.893,148.68,179.65,160.846,177.714,179.128,103.85,41.58,241.194
2001-11-25 06:00:00,163.274,51.537,200.7,120.827,1287.82,382.717,97.751,200.266,82.604,147.813,266.62,94.279,150.9,178.99,159.316,175.854,182.776,104.416,41.504,241.956
2001-11-25 06:05:00,164.512,49.677,201.833,121.273,1284.74,382.22,,199.534,84.77,146.603,266.19,92.308,148.16,179.682,159.564,175.602,185.42,104.73,41.822,240.93
2001-11-25 06:10:00,162.734,51.647,202.9,120.04,1287.44,385.2,,199.904,82.324,148.073,267.325,91.743,150.86,178.632,161.736,177.388,185.034,104.536,41.11,238.804
2001-11-25 06:15:00,164.53,51.013,198.833,122.1,1287.8,380.093,97.685,200.406,81.944,147.207,266.055,91.589,151.84,178.723,163.262,179.506,181.946,105.378,40.728,239.75
2001-11-25 06:20:00,163.622,49.693,202.967,120.987,1281.22,382.333,,199.23,82.556,146.84,268.135,93.356,149.56,178.126,160.604,178.736,183.276,104.982,41.824,239.044
2001-11-25 06:25:00,165.076,51.947,200.467,119.457,1284.66,380.193,,199.986,82.864,148.34,265.377,92.85,151.54,177.277,159.88,177.506,181.576,103.154,41.3,240.378
2001-11-25 06:30:00,164.204,51.08,202.7,120.697,1283.16,384.697,99.129,203.274,83.156,149.483,268.069,92.507,151.54,179.424,164.532,176.29,181.832,104.068,41.16,240.682
2001-11-25 06:35:00,162.962,52.217,202.633,121.8,1290.1,385.98,,199.032,83.956,150.137,266.518,93.287,149.2,179.663,159.392,179.112,181.142,104.342,41.106,241.99
2001-11-25 06:40:00,163.874,52.013,203.133,121.553,1289.08,383.16,,201.446,82.566,148.663,265.805,92.856,151.66,179.692,164.068,176.904,180.302,104.682,41.494,241.394
2001-11-25 06:45:00,163.304,50.787,201.567,121.183,1288.48,384.46,98.908,200.156,83.116,151.097,267.324,93.356,150.04,179.164,163.75,180.024,182.716,104.648,41.706,240.792
2001-11-25 06:50:00,163.138,51.68,202.333,122.027,1289.2,383.97,,201.086,83.072,152.113,268.131,91.411,150.1,177.1,163.744,178.85,181.796,104.826,40.78,242.436
2001-11-25 06:55:00,164.414,51.567,203.033,121.643,1297.26,386.824,,200.054,82.332,149.993,266.351,93.635,150.3,179.065,162.996,179.472,181.694,104.478,41.368,240.302
2001-11-25 07:00:00,163.518,51.67,203.867,122.55,1291.82,386.543,100.41,201.544,83.536,151.463,266.653,94.585,149.7,179.55,162.516,178.356,182.374,104.57,40.37,241.794
2001-11-25 07:05:00,162.636,50.893,203.667,122.19,1290.92,386.147,,202.998,83.466,150.017,267.42,93.083,150.58,178.476,162.206,178.018,183.114,104.72,41.492,240.92
2001-11-25 07:10:00,163.524,51.157,204.667,123.597,1283.36,386.563,,204.266,82.826,151.033,266.115,94.275,149.74,179.688,162.77,181.072,182.086,104.404,40.962,239.904
2001-11-25 07:15:00,164.006,50.693,203.5,121.663,1288.9,387.95,100.9,200.588,84.064,150.213,269.368,92.098,150.68,178.508,161.016,182.29,182.162,103.908,41.132,237.61
2001-11-25 07:20:00,163.142,51.34,203.367,120.9,1288.44,389.063,,199.64,83.91,150.254,268.399,94.375,151.76,179.517,160.932,178.438,182.366,103.78,41.298,240.87
2001-11-25 07:25:00,164.246,51.62,204.2,122.047,1286.66,391.31,,201.306,83.794,150.917,268.802,93.533,151.08,178.884,163.068,181.464,181.398,105.208,41.584,241.902
2001-11-25 07:30:00,164.692,51.803,204.767,122.793,1299.68,390.203,100.998,205.316,83.616,151.557,266.358,93.364,149.94,179.548,160.476,180.28,185.034,105.62,40.906,241.004
2001-11-25 07:35:00,163.044,51.983,201.267,124.65,1288.28,391.224,,203.918,83.072,151.87,270.753,93.779,150.74,178.686,162.9,179.102,181.466,103.968,40.872,243.184
2001-11-25 07:40:00,163.93,51.51,206.0,121.857,1288.02,390.573,,204.618,82.914,151.997,268.472,92.475,148.86,178.725,163.352,180.614,185.538,104.668,41.254,240.136
2001-11-25 07:45:00,162.34,51.21,202.733,121.54,1287.54,394.4,100.623,205.014,82.824,151.423,266.566,92.226,149.66,181.876,162.464,184.402,184.848,105.388,41.85,238.364
2001-11-25 07:50:00,165.184,50.627,202.467,121.923,1284.28,392.793,,203.19,84.96,150.027,270.251,92.681,150.7,182.04,161.406,181.674,182.616,105.206,41.064,241.886
2001-11-25 07:55:00,166.05,52.067,201.2,121.207,1286.6,391.02,,205.306,83.592,152.96,267.331,94.281,149.36,182.304,162.828,180.818,183.332,106.584,41.326,242.15
2001-11-25 08:00:00,162.45,51.7,201.967,123.137,1282.48,390.867,101.266,206.664,83.966,149.27,267.089,93.467,148.94,179.892,161.456,180.818,185.652,106.298,41.68,241.544
2001-11-25 08:05:00,165.104,50.887,205.167,123.04,1285.38,391.807,,203.228,81.79,151.73,270.716,91.292,153.6,181.675,165.192,181.788,185.868,104.738,41.28,242.372
2001-11-25 08:10:00,164.738,51.947,204.233,123.23,1280.78,390.77,,202.786,83.704,150.14,268.802,91.361,149.6,182.23,163.008,181.856,183.116,105.72,42.246,244.84
2001-11-25 08:15:00,165.17,51.013,204.7,121.65,1291.08,393.793,101.137,202.326,83.892,150.067,270.448,92.378,149.42,182.755,164.756,183.22,185.168,105.858,41.946,245.168
2001-11-25 08:20:00,164.264,50.983,203.233,120.183,1286.66,389.246,,202.002,84.66,145.973,270.885,91.877,149.08,187.215,162.302,180.778,187.53,106.764,42.486,247.418
2001-11-25 08:25:00,164.78,52.323,202.0,120.42,1286.36,389.35,,202.9,84.072,148.343,272.863,93.439,149.0,176.92,164.652,184.488,187.67,106.698,42.554,246.472
2001-11-25 08:30:00,164.684,51.047,202.933,122.14,1281.02,390.447,99.793,201.742,84.86,150.287,270.65,92.761,150.76,182.812,164.834,183.374,186.838,107.266,42.328,247.636
2001-11-25 08:35:00,167.774,50.77,200.533,122.12,1291.74,385.01,,200.892,84.512,148.737,269.334,91.052,151.14,184.448,163.854,185.112,188.574,106.65,43.02,248.766
2001-11-25 08:40:00,164.24,50.963,203.633,124.107,1290.38,387.687,,198.848,82.65,147.763,272.393,92.819,152.0,182.332,164.104,183.29,187.846,107.442,42.15,249.63
2001-11-25 08:45:00,164.83,51.0,203.1,121.567,1286.28,384.557,98.781,198.102,85.178,146.607,271.149,93.131,151.82,182.578,164.194,183.25,187.134,107.97,42.464,249.574
2001-11-25 08:50:00,164.064,51.927,203.867,121.87,1281.56,388.077,,199.676,83.282,148.743,273.871,91.767,152.26,182.304,167.264,185.504,186.344,107.724,42.426,248.264
2001-11-25 08:55:00,165.152,51.96,203.2,122.253,1282.26,384.493,,202.578,82.79,151.197,273.703,89.661,150.42,184.578,162.802,184.44,188.196,106.976,42.24,250.374
2001-11-25 09:00:00,161.466,51.087,203.6,122.893,1290.98,385.533,99.847,202.194,84.378,150.213,269.564,92.307,151.22,183.042,164.138,184.71,187.77,107.026,42.596,248.706
2001-11-25 09:05:00,164.97,51.81,204.033,122.853,1291.54,385.787,,201.026,85.664,147.423,274.543,92.502,150.32,183.664,166.252,182.63,188.416,106.974,43.074,249.03
2001-11-25 09:10:00,164.648,52.357,203.6,122.117,1293.84,383.137,,200.646,84.688,148.633,274.071,93.713,150.66,183.552,166.618,183.316,187.964,106.758,42.718,248.148
2001-11-25 09:15:00,164.32,50.997,203.833,121.237,1287.52,383.29,99.781,198.612,85.836,150.05,271.482,94.588,149.34,183.658,165.552,181.378,186.48,107.746,42.414,247.95
2001-11-25 09:20:00,162.81,51.713,202.767,120.85,1292.7,382.487,,199.822,82.902,149.117,271.987,94.689,149.36,185.862,166.128,182.037,186.834,105.37,42.694,247.552
2001-11-25 09:25:00,164.826,50.883,202.5,121.05,1298.48,382.89,,199.176,84.098,147.82,274.373,93.755,149.82,185.07,166.086,183.174,190.186,106.97,42.866,247.674
2001-11-25 09:30:00,162.002,51.107,203.6,121.86,1294.04,379.097,99.365,202.294,85.178,147.34,270.969,92.544,150.84,186.858,166.784,183.992,186.634,106.716,42.39,248.946
2001-11-25 09:35:00,165.17,51.927,204.333,122.917,1307.02,383.637,,199.744,85.362,147.503,269.554,93.11,149.46,184.654,165.498,182.368,189.658,108.122,42.31,249.006
2001-11-25 09:40:00,164.19,51.45,203.433,122.157,1296.5,381.377,,201.494,86.59,150.117,275.415,91.593,150.64,183.58,165.954,183.712,188.648,107.67,42.602,251.35
2001-11-25 09:45:00,161.398,51.29,201.833,121.583,1304.5,381.727,99.242,200.0,84.526,149.31,273.63,93.546,150.14,185.762,164.55,182.19,189.034,107.87,42.95,248.47
2001-11-25 09:50:00,165.446,50.967,201.2,120.11,1301.76,384.313,,200.296,84.402,147.453,272.582,91.489,151.56,185.848,166.434,184.87,185.854,108.632,42.244,247.982
2001-11-25 09:55:00,163.502,51.24,203.3,123.383,1300.4,384.26,,199.39,85.232,148.017,274.571,93.979,150.44,185.61,167.344,185.326,190.69,106.772,42.838,248.95
2001-11-25 10:00:00,163.576,49.997,202.933,120.793,1298.84,380.74,99.264,199.29,83.33,149.623,272.549,93.602,150.22,185.424,167.01,184.038,185.47,108.872,42.986,249.198
2001-11-25 10:05:00,163.084,51.283,201.867,122.893,1295.06,382.813,,200.106,85.238,149.347,275.987,92.476,150.56,184.01,166.686,184.944,187.75,107.322,43.206,252.042
2001-11-25 10:10:00,163.302,50.703,203.267,122.387,1292.54,381.61,,201.836,85.686,149.693,271.638,93.075,151.3,185.32,167.642,183.262,186.542,108.89,43.106,250.826
2001-11-25 10:15:00,164.412,50.453,203.9,120.207,1295.04,382.933,99.419,199.412,84.04,150.963,274.032,93.756,151.26,185.976,167.088,181.978,187.512,107.466,43.01,248.44
2001-11-25 10:20:00,163.686,51.093,203.333,119.993,1298.86,384.153,,199.226,85.02,150.35,270.796,93.572,150.48,186.172,168.922,184.506,188.074,106.506,42.708,247.526
2001-11-25 10:25:00,164.306,51.4,202.3,124.143,1301.94,381.863,,200.408,84.73,150.863,274.501,93.9,149.44,184.288,168.264,182.846,188.416,106.464,42.996,249.894
2001-11-25 10:30:00,165.36,52.267,206.1,121.683,1297.94,382.97,100.035,199.096,84.918,147.9,273.291,93.979,151.34,183.766,167.576,184.666,187.298,106.898,43.646,248.048
2001-11-25 10:35:00,165.136,51.817,205.167,119.853,1307.7,385.747,,197.724,83.308,148.283,272.042,92.43,150.98,183.976,168.067,185.204,188.07,107.096,42.822,246.978
2001-11-25 10:40:00,163.222,50.84,204.3,122.207,1291.68,385.667,,198.784,85.166,150.023,273.324,94.882,149.54,183.774,166.202,184.322,187.976,105.876,42.528,250.158
2001-11-25 10:45:00,165.534,51.3,202.433,122.72,1300.74,384.676,98.721,200.104,84.302,148.057,275.077,93.421,151.22,181.496,167.366,183.09,189.012,106.482,42.402,250.756
2001-11-25 10:50:00,163.544,51.403,203.667,121.413,1304.16,385.027,,198.112,84.76,148.717,273.394,92.414,153.34,184.37,166.31,183.798,187.536,106.6,42.28,249.268
2001-11-25 10:55:00,161.916,50.123,204.533,120.55,1305.82,386.897,,200.442,83.784,148.783,273.125,91.025,149.98,186.78,167.62,183.808,189.582,107.046,42.814,249.53
2001-11-25 11:00:00,165.384,51.197,205.0,120.967,1309.14,382.183,100.041,202.054,86.274,149.073,274.202,93.625,152.16,182.216,165.826,182.73,187.012,107.118,42.334,248.868
2001-11-25 11:05:00,162.166,51.39,205.467,121.17,1297.68,381.797,,200.808,84.158,151.583,273.259,93.407,150.78,185.855,165.29,183.316,189.104,106.688,43.478,250.496
2001-11-25 11:10:00,165.036,52.543,205.767,122.323,1307.7,386.837,,201.572,85.524,148.823,274.405,93.043,149.5,186.714,165.348,183.642,190.316,106.72,42.87,248.308
2001-11-25 11:15:00,164.328,50.47,208.0,124.92,1305.04,387.157,100.058,199.582,83.952,148.837,274.065,93.556,150.02,182.176,164.63,183.326,187.658,106.112,42.896,249.744
2001-11-25 11:20:00,166.144,51.027,207.767,122.947,1297.7,386.513,,201.288,84.224,146.91,273.628,91.086,151.02,183.306,165.776,186.04,187.584,108.166,43.044,250.53
2001-11-25 11:25:00,163.316,51.263,202.867,122.187,1296.28,388.873,,199.592,84.276,151.493,274.605,92.655,148.86,184.825,167.704,186.024,187.982,106.892,42.994,251.56
2001-11-25 11:30:00,163.838,51.263,204.133,122.127,1303.42,387.447,99.719,201.724,85.208,149.933,273.728,93.381,150.0,,165.15,184.236,187.962,106.68,42.356,247.708
2001-11-25 11:35:00,164.37,50.043,204.567,122.813,1311.2,386.23,,199.432,83.74,149.073,274.537,92.487,149.92,183.323,166.186,182.75,187.042,107.036,43.346,249.49
2001-11-25 11:40:00,164.176,51.483,207.5,122.42,1303.56,387.52,,199.09,85.324,150.35,274.068,94.309,152.22,183.898,165.298,183.726,188.962,106.206,43.09,248.836
2001-11-25 11:45:00,164.298,51.48,205.833,120.347,1301.22,388.34,99.491,198.958,84.606,147.977,274.066,92.553,149.84,187.692,165.68,183.364,188.944,106.176,42.584,250.246
2001-11-25 11:50:00,165.02,51.983,205.3,123.983,1302.84,388.58,,200.382,86.024,149.083,274.941,91.906,150.4,186.558,166.488,183.544,187.222,105.796,43.142,248.686
