DATETIME,ESOI,ATHN,MXCO,ROME,AATB,LMKS,DRBS,MOSC,NEWK,KIEL,CALG,OULU,APTY,FSMT,INVK,NAIN,PWNK,THUL,SOPB,SOPO
2002-05-23 05:50:00,166.334,50.61,210.133,124.817,1328.9,403.927,102.51851291666671,206.49,87.322,152.77,288.889,95.491,157.06,198.08,172.17,186.796,196.286,109.318,44.11,256.786
2002-05-23 05:55:00,166.176,52.03,207.367,125.687,1324.88,404.917,102.8591683333334,208.214,87.276,152.344,288.32,96.463,157.62,194.668,171.112,189.038,194.008,111.004,43.954,259.054
2002-05-23 06:00:00,167.388,52.643,207.633,124.473,1320.66,405.167,102.608,205.998,86.886,151.71,289.892,96.425,158.56,197.426,173.51,187.5,193.744,111.76,44.288,257.072
2002-05-23 06:05:00,165.904,50.13,206.767,122.003,1329.2,402.25,102.08513708333327,208.72,87.27,153.327,291.398,95.413,156.2,195.354,171.39,186.154,192.618,110.292,44.042,256.224
2002-05-23 06:10:00,168.472,51.32,208.4,122.85,1326.68,402.91,102.12284916666667,205.968,87.352,153.783,291.04,96.397,155.52,194.434,174.108,187.452,191.874,109.526,44.058,258.254
2002-05-23 06:15:00,166.056,51.123,206.333,121.713,1326.98,404.97,102.503,205.864,86.784,150.54,290.677,94.05,157.22,195.972,171.266,189.046,194.024,109.62,44.214,256.648
2002-05-23 06:20:00,167.638,50.873,207.067,123.05,1328.74,402.777,102.86725541666658,209.956,87.392,154.973,288.992,97.176,157.26,197.556,171.838,186.884,194.462,111.12,44.388,258.47
2002-05-23 06:25:00,167.144,50.92,207.7,122.313,1320.76,405.413,102.2459166666667,208.078,86.442,151.843,290.54,96.472,154.84,196.536,173.55,191.106,193.48,110.8,44.812,256.188
2002-05-23 06:30:00,165.53,51.36,209.267,123.243,1330.4,404.39,102.882,206.482,87.492,153.467,289.0,97.705,157.68,196.624,172.734,188.404,192.958,110.552,44.21,256.948
2002-05-23 06:35:00,166.808,52.017,207.6,123.36,1317.12,404.063,103.01220458333347,209.164,87.354,153.613,289.215,95.796,157.9,197.384,171.334,188.326,194.958,109.66,44.752,260.442
2002-05-23 06:40:00,166.088,51.16,207.633,124.3,1322.96,406.527,102.47827500000008,208.288,86.79,151.633,288.35,95.754,156.46,196.652,172.72,187.874,193.31,110.858,44.71,256.698
2002-05-23 06:45:00,168.386,52.773,209.4,122.123,1325.36,408.41,102.558,208.552,87.946,154.477,292.364,95.911,156.48,195.99,173.262,188.944,194.66,110.48,44.48,258.71
2002-05-23 06:50:00,166.018,52.323,208.9,123.143,1317.46,405.483,102.66454374999995,208.128,87.828,150.187,288.105,95.641,156.7,195.734,172.156,189.424,193.712,111.174,44.59,257.24
2002-05-23 06:55:00,166.542,50.327,208.633,122.027,1327.32,402.167,102.61735125000001,209.746,87.334,153.25,289.681,97.303,156.94,199.576,172.866,189.034,195.386,110.794,44.296,256.18
2002-05-23 07:00:00,167.616,51.15,210.133,123.38,1313.833,402.42,102.622,204.062,86.558,153.197,289.785,95.059,157.86,200.172,172.32,189.144,193.45,112.046,44.484,258.108
2002-05-23 07:05:00,166.634,50.997,209.933,121.547,1322.76,404.887,102.65669416666665,206.376,87.332,151.58,289.644,95.653,156.96,197.268,174.824,190.784,193.164,111.516,44.36,257.542
2002-05-23 07:10:00,168.102,51.043,207.267,124.453,1329.16,403.113,102.65967291666666,208.162,87.484,152.94,289.215,97.175,157.24,198.596,173.72,188.356,194.914,109.552,45.036,256.03
2002-05-23 07:15:00,167.024,52.237,205.367,123.713,1328.52,400.643,101.809,206.998,87.768,153.84,287.173,95.395,157.78,195.686,173.26,188.554,192.548,111.418,44.23,256.266
2002-05-23 07:20:00,168.244,51.81,205.867,125.413,1325.02,403.923,102.55521125000001,206.402,86.608,154.977,290.969,94.271,157.38,197.09,173.342,188.542,195.904,111.224,44.814,256.246
2002-05-23 07:25:00,167.39,51.07,207.3,126.48,1320.64,405.233,102.99026624999999,206.51,88.248,154.19,288.861,96.169,158.36,199.498,172.626,189.744,194.826,110.484,44.616,258.056
2002-05-23 07:30:00,169.306,51.693,210.733,124.083,1332.12,407.52,102.476,206.74,86.094,153.817,286.278,97.982,157.22,195.486,176.418,188.368,196.606,111.768,45.156,258.482
2002-05-23 07:35:00,167.238,50.8,208.8,125.053,1326.86,403.01,102.95174541666661,207.508,87.636,153.353,290.824,95.684,159.16,196.234,171.606,188.242,194.376,111.836,44.836,258.462
2002-05-23 07:40:00,168.318,51.883,209.333,126.103,1328.46,404.743,102.72810791666664,210.442,88.02,154.043,289.247,94.987,157.54,197.202,172.932,189.252,191.832,110.818,44.792,259.25
2002-05-23 07:45:00,165.292,51.307,207.833,123.053,1331.74,409.28,102.755,211.1,86.652,155.253,290.931,95.651,158.24,195.74,171.216,188.592,192.82,111.822,45.21,256.542
2002-05-23 07:50:00,168.55,53.22,208.733,123.27,1329.6,407.057,102.66775166666673,210.33,87.452,154.2,289.466,97.072,157.1,196.978,172.108,188.716,192.144,111.284,44.286,257.512
2002-05-23 07:55:00,167.238,51.417,207.1,123.95,1336.58,409.196,102.8058408333334,210.678,88.728,152.117,286.242,95.711,157.62,197.98,174.986,189.914,192.23,110.296,44.766,258.026
2002-05-23 08:00:00,168.288,51.003,206.533,125.007,1329.52,404.093,101.928,209.228,86.866,152.22,288.75,98.659,158.58,198.096,174.37,187.804,192.52,111.786,44.622,257.182
2002-05-23 08:05:00,166.15,51.417,208.133,123.28,1325.76,406.343,103.0747408333334,207.752,87.578,153.76,290.934,98.112,159.74,199.8,174.09,188.076,195.646,110.604,44.334,256.246
2002-05-23 08:10:00,166.636,51.563,207.167,122.703,1331.74,404.047,103.41418041666675,209.728,88.614,153.667,286.779,98.482,157.62,195.506,174.494,188.164,194.198,111.462,44.568,260.534
2002-05-23 08:15:00,167.92,52.133,206.733,123.743,1335.0,407.813,104.035,208.392,87.734,153.337,289.463,96.515,156.82,197.252,174.292,188.8,195.066,111.802,44.904,257.992
2002-05-23 08:20:00,166.134,49.66,207.933,123.143,1326.48,406.393,103.0424479166667,210.748,87.472,156.197,288.172,96.044,157.2,194.968,172.23,189.69,194.686,110.91,44.21,259.168
2002-05-23 08:25:00,164.488,52.207,205.233,121.963,1332.54,407.053,103.12233374999997,210.012,87.128,154.3,290.505,96.04,159.14,196.552,172.454,189.6,194.198,110.088,44.344,259.504
2002-05-23 08:30:00,165.77,51.92,208.933,124.893,1330.18,405.9,103.457,205.444,88.728,154.25,285.455,95.633,158.46,195.58,171.802,190.268,194.062,111.05,44.316,256.786
2002-05-23 08:35:00,168.216,51.94,207.633,124.667,1325.36,406.317,102.94556499999995,207.384,87.71,154.953,287.926,95.328,158.28,194.828,173.86,190.934,193.44,110.93,44.256,257.308
2002-05-23 08:40:00,165.568,52.993,211.7,125.49,1336.12,407.767,103.07565458333329,209.136,87.664,153.26,283.412,96.289,160.04,195.486,174.822,187.462,192.82,109.84,44.838,259.642
2002-05-23 08:45:00,166.546,51.857,207.833,123.61,1330.96,405.49,102.524,209.266,88.258,153.633,287.777,96.853,155.14,195.386,174.368,189.286,193.448,110.38,44.564,258.232
2002-05-23 08:50:00,165.966,51.213,207.867,124.06,1329.18,409.297,102.8993833333334,206.876,88.03,155.083,288.885,95.598,158.06,195.452,174.994,190.424,193.17,110.262,44.558,257.868
2002-05-23 08:55:00,164.356,50.267,209.5,122.687,1328.18,409.583,102.9530020833333,208.53,87.514,155.74,286.415,95.174,157.78,193.738,174.058,188.468,194.492,111.292,44.846,258.44
2002-05-23 09:00:00,167.922,51.37,206.733,122.6,1332.64,406.18,103.824,208.376,88.77,154.747,287.235,97.237,156.22,196.164,173.588,189.068,194.638,110.588,44.492,261.068
2002-05-23 09:05:00,167.516,51.193,207.967,124.1,1332.88,407.14,103.13785999999996,208.098,88.91,155.277,290.964,96.122,159.42,194.742,174.406,190.752,192.33,111.758,44.188,258.956
2002-05-23 09:10:00,167.478,52.02,206.833,123.763,1334.98,408.29,102.69535500000003,210.318,87.76,152.387,288.387,96.683,155.42,194.76,174.908,187.572,193.326,111.118,44.714,258.346
2002-05-23 09:15:00,167.346,50.927,207.833,123.223,1333.28,405.763,102.855,209.5,87.838,153.62,290.389,97.685,158.5,196.496,174.756,191.554,191.53,110.684,44.364,260.346
2002-05-23 09:20:00,165.634,50.27,207.867,121.783,1336.5,408.403,103.13075708333334,210.274,87.766,154.423,288.346,97.46,157.94,194.754,173.814,189.344,193.148,110.348,44.874,259.832
2002-05-23 09:25:00,167.072,51.36,208.3,124.437,1338.94,404.777,103.14667833333331,207.096,88.052,155.257,285.835,96.615,158.1,195.83,173.324,192.57,195.018,110.624,43.644,259.106
2002-05-23 09:30:00,166.7,50.423,205.433,125.617,1337.02,406.033,103.362,207.818,88.27,155.83,287.162,97.375,157.84,196.482,170.934,188.992,194.426,110.682,44.31,259.926
2002-05-23 09:35:00,167.602,51.423,205.467,124.687,1329.5,411.283,102.87415458333334,209.946,89.946,152.38,285.363,96.189,157.2,197.64,171.474,189.668,192.884,111.868,44.822,258.206
2002-05-23 09:40:00,168.406,52.163,209.167,122.527,1339.68,405.42,103.32194791666664,210.956,87.952,152.967,286.512,99.294,156.78,196.384,172.522,190.042,195.73,110.766,45.532,260.11
2002-05-23 09:45:00,167.586,52.01,209.267,127.48,1328.9,406.253,103.07,209.044,88.72,153.577,290.283,96.638,157.1,198.088,175.122,191.066,195.136,111.556,44.46,261.786
2002-05-23 09:50:00,167.002,50.64,209.867,122.723,1335.1,408.953,103.43036125000002,208.618,89.67,156.693,289.207,97.319,158.58,194.318,174.094,191.064,194.25,111.834,44.856,259.344
2002-05-23 09:55:00,164.294,50.813,209.9,124.683,1338.6,407.777,103.45558041666669,206.478,87.742,154.64,292.114,95.997,157.34,198.192,173.414,192.612,197.464,111.048,44.858,264.184
2002-05-23 10:00:00,164.736,51.983,211.233,125.733,1333.68,407.99,104.184,213.45,88.23,154.677,289.993,98.373,157.82,194.76,172.92,188.146,193.968,112.052,44.578,262.158
2002-05-23 10:05:00,168.33,52.03,207.0,124.497,1333.88,409.407,103.49987749999985,208.198,89.628,154.424,287.276,99.412,158.48,196.658,173.652,189.766,197.134,110.276,45.212,260.296
2002-05-23 10:10:00,164.952,51.373,210.433,122.66,1340.64,406.373,103.63664874999994,207.902,89.558,156.317,289.426,96.104,158.96,195.588,172.814,190.984,193.866,112.45,45.37,263.84
2002-05-23 10:15:00,167.668,51.13,206.5,123.67,1331.84,406.56,103.592,207.664,88.868,154.617,289.674,96.09,159.02,197.97,172.606,190.13,196.466,110.702,45.694,262.35
2002-05-23 10:20:00,167.336,51.727,208.567,126.013,1339.0,409.63,103.39929166666666,208.774,88.248,153.39,288.346,97.883,155.92,195.012,173.268,192.174,194.984,110.272,45.112,263.184
2002-05-23 10:25:00,167.662,50.89,206.133,125.163,1330.48,407.067,103.5439970833332,207.224,89.718,156.043,289.318,98.49,157.78,197.444,173.258,191.576,194.96,111.226,45.484,262.416
2002-05-23 10:30:00,166.036,50.633,208.0,126.64,1335.74,406.44,103.299,207.842,88.468,155.44,288.705,96.915,158.88,194.992,172.828,190.986,194.63,111.7,45.234,261.626
2002-05-23 10:35:00,167.278,51.533,208.4,125.163,1337.02,408.833,103.78978916666672,209.768,89.204,155.06,288.351,98.614,157.54,196.66,172.916,192.774,194.766,111.36,46.018,264.952
2002-05-23 10:40:00,166.554,51.177,207.967,124.77,1336.78,409.737,103.67760791666669,206.454,88.012,156.26,288.315,97.682,159.72,195.412,173.668,192.416,194.724,111.408,45.202,262.764
2002-05-23 10:45:00,167.314,52.58,210.533,125.367,1340.52,409.53,104.341,209.64,89.672,155.08,286.601,97.572,160.86,197.354,172.936,192.556,193.508,111.902,44.74,263.468
2002-05-23 10:50:00,168.104,51.077,210.1,123.477,1329.56,407.88,103.63456916666672,211.628,89.586,153.077,286.566,96.862,158.12,195.508,172.678,193.702,193.874,112.332,45.006,260.82
2002-05-23 10:55:00,166.78,50.413,210.967,124.07,1321.2,409.403,103.81344874999999,211.306,88.626,158.167,288.423,99.113,158.6,192.93,172.364,192.64,193.852,112.146,45.064,261.116
2002-05-23 11:00:00,167.158,51.763,208.6,122.49,1319.38,403.133,104.259,210.494,87.422,157.323,287.808,98.806,160.9,193.066,170.764,192.568,194.212,112.084,44.416,260.932
2002-05-23 11:05:00,166.038,50.907,209.367,122.903,1320.78,405.417,103.47265833333338,207.958,88.278,156.13,285.842,98.147,159.52,193.51,171.802,192.984,194.26,111.24,44.116,259.95
2002-05-23 11:10:00,167.212,51.557,209.333,124.157,1324.56,406.21,103.10085625000009,208.386,87.152,156.49,287.318,98.196,159.76,191.828,168.482,189.574,193.498,111.816,44.966,257.834
2002-05-23 11:15:00,165.67,51.077,208.1,122.213,1317.26,407.58,103.55,208.388,87.628,154.637,286.272,98.811,159.74,192.462,170.594,189.922,194.694,111.144,44.394,258.542
2002-05-23 11:20:00,164.848,51.457,206.533,123.45,1308.62,405.21,103.06342541666668,210.246,89.154,154.977,287.741,97.772,159.22,189.508,169.74,191.366,192.046,111.784,44.286,259.41
2002-05-23 11:25:00,164.888,50.947,207.767,123.85,1303.5,402.56,102.98763541666675,209.976,87.828,154.946,285.348,96.956,159.48,191.442,167.038,193.044,192.44,110.634,45.084,259.092
2002-05-23 11:30:00,163.836,50.017,210.367,122.197,1295.14,400.1,101.847,206.024,87.416,155.067,285.24,97.004,158.76,191.038,166.486,190.636,195.118,109.882,44.888,256.252
2002-05-23 11:35:00,165.892,50.823,210.233,123.863,1284.72,400.74,102.77822000000016,209.238,88.372,154.777,282.94,96.524,156.98,187.68,163.75,193.054,192.168,109.448,44.322,260.314
2002-05-23 11:40:00,164.572,49.24,207.633,124.03,1270.84,403.287,102.87438666666671,207.038,88.478,154.78,275.128,97.433,157.96,189.192,162.896,190.088,194.886,109.582,44.82,258.144
2002-05-23 11:45:00,164.176,51.287,210.7,121.33,1267.26,401.097,103.484,208.09,88.8,154.253,278.532,97.354,157.82,188.868,164.848,190.212,193.732,108.382,45.002,259.914
2002-05-23 11:50:00,164.468,50.24,206.767,121.427,1269.18,402.847,102.49735750000002,205.364,88.518,154.214,274.926,95.985,156.92,187.062,166.718,188.41,192.766,109.122,44.672,259.272
2002-05-23 11:55:00,162.8,48.897,210.533,120.23,1267.1,396.8,101.77784916666666,206.036,87.634,153.413,273.744,96.435,154.6,186.502,164.746,188.072,191.634,106.964,45.114,262.014
2002-05-23 12:00:00,161.848,50.45,208.467,119.543,1268.06,396.3,101.225,203.884,87.718,151.76,276.502,96.205,154.84,184.434,164.982,185.166,190.722,105.602,44.762,260.34
2002-05-23 12:05:00,162.642,48.203,206.067,121.553,1272.18,395.207,100.43531458333338,199.97,87.04,149.993,281.695,94.248,150.74,189.59,167.13,185.678,190.536,107.16,45.07,257.174
2002-05-23 12:10:00,164.602,49.083,205.033,122.39,1271.3,395.307,100.69022833333344,201.4,87.746,152.093,281.658,93.699,153.0,186.808,165.01,183.428,189.87,105.894,44.2,257.046
2002-05-23 12:15:00,164.732,49.703,207.7,120.67,1272.88,398.41,101.27,204.518,87.144,153.143,276.492,95.078,153.88,186.144,166.162,183.526,188.284,106.462,43.468,251.734
2002-05-23 12:20:00,165.008,49.563,209.9,119.933,1276.76,399.247,101.08967000000008,202.752,87.176,150.823,277.314,95.349,153.8,186.878,162.624,187.862,190.306,106.362,43.362,248.438
2002-05-23 12:25:00,164.72,51.293,206.733,122.687,1281.38,400.503,101.25960041666681,204.626,88.258,152.813,277.624,95.065,153.34,188.296,166.828,188.994,189.982,106.676,43.368,251.088
2002-05-23 12:30:00,164.528,50.947,207.767,122.973,1277.6,401.067,101.319,205.674,86.718,151.4,280.057,93.916,155.2,188.122,167.104,186.17,191.84,106.852,42.568,251.328
2002-05-23 12:35:00,164.928,50.677,207.7,122.503,1291.22,401.0,101.49709125000001,201.712,88.396,152.76,277.814,92.253,155.36,186.49,168.32,189.16,191.07,108.606,44.166,252.342
2002-05-23 12:40:00,163.61,50.307,206.733,122.017,1294.8,399.576,100.98269791666662,204.932,87.668,152.417,281.364,95.834,154.06,189.362,164.746,188.024,192.092,107.864,43.442,252.478
2002-05-23 12:45:00,164.272,52.893,210.133,125.163,1298.78,404.03,102.636,205.328,88.138,150.617,280.864,94.251,154.04,190.188,166.062,189.894,193.542,109.008,44.182,255.904
2002-05-23 12:50:00,165.898,51.033,208.533,123.297,1306.78,402.787,101.77385583333329,203.204,86.904,151.493,282.437,94.725,155.06,191.88,165.708,191.318,192.904,108.068,44.658,253.686
2002-05-23 12:55:00,169.656,50.763,208.867,123.857,1319.12,402.613,101.54887916666674,205.634,86.05,152.087,281.195,92.799,153.16,192.274,169.086,190.568,193.804,107.286,42.918,254.226
2002-05-23 13:00:00,166.816,51.357,210.767,124.477,1310.22,404.07,101.514,205.488,89.68,153.423,282.302,95.066,153.86,191.974,167.956,188.252,191.94,109.62,43.92,253.324
2002-05-23 13:05:00,167.488,51.383,211.233,123.833,1311.66,406.593,101.8913022916667,202.664,86.976,153.42,283.13,95.545,154.94,191.802,167.548,189.302,191.85,108.51,44.036,256.54
2002-05-23 13:10:00,165.52,51.137,209.067,123.05,1310.48,403.123,102.09259270833329,204.126,88.304,152.76,281.123,95.981,153.8,192.678,168.55,189.712,192.22,108.716,44.664,257.662
2002-05-23 13:15:00,166.42,51.123,207.567,123.49,1309.36,399.48,101.133,201.492,87.526,152.463,281.811,94.029,155.1,192.02,169.87,190.194,192.652,105.622,43.924,254.15
2002-05-23 13:20:00,166.64,51.777,207.833,123.647,1303.6,401.637,101.525205625,203.888,88.084,150.82,277.433,94.901,152.2,190.872,168.784,188.67,192.136,107.29,43.872,256.612
2002-05-23 13:25:00,167.24,52.113,208.867,123.433,1315.2,402.513,101.59082708333334,202.79,88.488,149.4,275.473,93.842,154.62,190.31,168.014,187.67,191.362,108.406,43.992,253.868
2002-05-23 13:30:00,165.226,50.62,206.633,124.107,1311.28,399.047,101.67,205.682,86.438,148.673,278.146,94.135,155.54,189.258,167.164,187.74,189.274,106.996,44.01,256.192
2002-05-23 13:35:00,166.668,50.28,205.767,123.14,1303.6,400.477,101.2091475,203.602,86.432,151.526,275.507,92.778,154.18,187.692,165.418,186.894,190.484,108.782,43.06,253.328
2002-05-23 13:40:00,166.63,49.693,207.333,121.577,1304.86,403.116,101.54672458333341,203.634,86.634,149.31,275.899,94.909,154.3,188.46,165.926,186.416,190.86,107.516,42.896,250.02
2002-05-23 13:45:00,166.118,49.373,206.467,121.733,1293.82,403.35,102.269,203.602,84.998,151.413,278.395,94.483,155.86,188.674,164.68,187.076,187.716,109.614,43.056,249.506
2002-05-23 13:50:00,164.814,50.513,205.567,123.117,1307.14,399.637,101.09215875000007,202.998,87.678,149.21,278.039,94.473,154.32,187.474,164.186,185.878,188.126,107.086,42.032,250.002
2002-05-23 13:55:00,164.57,49.98,204.233,121.497,1289.7,398.92,101.24250833333339,204.372,85.23,151.743,274.415,93.752,153.76,187.04,166.026,184.286,187.908,108.326,42.324,247.572
2002-05-23 14:00:00,165.254,49.873,205.0,123.987,1298.38,397.49,101.306,200.1,86.772,151.287,273.239,94.47,154.28,186.92,164.754,186.162,186.956,107.776,42.642,249.616
2002-05-23 14:05:00,162.63,50.24,203.1,121.18,1291.98,400.047,101.31873583333332,201.318,86.452,152.967,273.503,95.323,152.98,187.362,164.728,184.694,190.35,108.812,42.862,248.044
2002-05-23 14:10:00,164.574,49.787,203.0,122.337,1292.12,400.47,101.26135166666671,204.004,86.382,151.433,273.361,93.902,153.56,186.346,163.364,183.408,188.918,108.088,42.384,248.634
2002-05-23 14:15:00,165.156,50.527,201.9,122.17,1298.74,399.867,101.385,203.74,85.97,149.477,273.682,95.087,154.16,187.18,162.8,184.154,186.812,109.496,42.628,246.984
2002-05-23 14:20:00,162.748,51.33,206.433,121.467,1294.94,398.333,101.48060375000003,204.084,85.268,152.2,275.39,94.848,155.34,185.912,163.358,184.254,189.294,107.692,42.404,248.822
2002-05-23 14:25:00,165.428,52.013,205.1,122.777,1283.08,400.94,101.30965416666675,202.87,85.784,151.173,274.381,96.337,154.94,185.252,162.236,185.634,189.33,107.23,42.6,245.338
2002-05-23 14:30:00,162.696,50.29,205.533,122.093,1289.7,402.807,101.759,203.994,87.282,150.983,272.826,94.57,154.54,184.566,163.916,182.058,188.3,109.076,43.064,245.214
2002-05-23 14:35:00,166.188,50.81,202.433,124.453,1282.22,399.633,101.28937875000011,204.342,85.596,150.633,275.64,95.39,155.02,186.238,163.944,184.236,188.636,108.822,42.292,244.518
2002-05-23 14:40:00,164.624,50.667,205.633,122.573,1278.88,399.41,101.54939374999996,201.602,85.762,154.033,275.07,95.861,152.34,185.464,163.494,186.894,188.77,108.984,42.848,245.46
2002-05-23 14:45:00,163.222,50.247,204.067,122.887,1281.82,396.617,101.435,204.29,85.992,150.957,272.919,95.489,153.26,187.566,163.246,188.066,189.606,108.514,42.17,248.188
2002-05-23 14:50:00,163.77,51.233,204.6,123.45,1277.22,398.723,101.5660595833333,205.884,86.804,152.523,274.086,94.081,156.18,185.014,165.61,188.968,190.086,107.83,41.592,246.528
2002-05-23 14:55:00,162.974,51.223,201.533,121.44,1277.54,401.02,101.3487945833334,200.96,88.026,151.473,272.008,95.35,154.6,184.582,165.208,188.02,190.064,107.496,42.582,245.752
2002-05-23 15:00:00,163.24,50.337,202.967,120.56,1272.48,397.04,100.98,202.422,86.104,150.877,272.057,96.796,155.54,187.936,164.176,186.566,188.234,107.446,41.832,244.548
2002-05-23 15:05:00,162.46,49.773,203.833,121.83,1272.32,399.023,101.30257708333342,203.634,85.73,150.86,271.256,94.025,153.6,184.97,164.4,187.752,188.54,107.094,41.676,245.482
2002-05-23 15:10:00,163.224,49.36,203.5,121.66,1267.0,400.75,101.36802208333351,201.68,85.694,151.597,270.778,96.371,153.62,184.356,162.958,187.576,186.986,107.204,42.34,243.522
2002-05-23 15:15:00,162.376,50.003,201.033,121.18,1267.82,398.374,102.055,199.508,84.586,153.397,271.027,95.013,153.04,184.734,162.416,188.268,185.166,106.842,41.36,243.244
2002-05-23 15:20:00,163.756,50.343,199.933,120.34,1270.82,397.817,101.08393208333337,204.93,86.284,152.17,270.28,95.752,153.42,183.35,160.676,187.192,184.87,105.868,41.772,240.02
2002-05-23 15:25:00,162.776,49.44,204.1,120.807,1261.52,399.277,101.18456000000008,204.744,85.404,150.08,271.967,95.435,152.82,183.726,161.902,187.364,184.366,106.77,41.756,244.252
2002-05-23 15:30:00,163.548,49.867,202.733,118.693,1263.5,394.576,100.644,202.012,86.33,152.4,270.098,93.902,154.6,183.022,162.16,181.146,185.416,106.394,41.824,243.734
2002-05-23 15:35:00,163.584,48.8,199.933,119.33,1267.48,391.29,100.26738333333334,201.97,84.99,149.89,271.57,93.789,152.16,186.414,162.758,181.49,185.19,104.816,41.976,244.856
2002-05-23 15:40:00,161.846,50.08,202.8,119.603,1262.48,387.373,100.07213708333339,198.77,84.374,148.84,271.458,94.671,154.42,181.968,166.35,184.214,184.694,106.022,41.844,245.49
2002-05-23 15:45:00,162.48,49.007,201.433,120.443,1264.96,386.317,100.412,199.736,80.772,150.777,269.295,95.648,151.3,181.776,163.3,182.39,185.444,104.468,41.538,242.51
2002-05-23 15:50:00,161.712,49.81,202.9,119.167,1260.64,384.677,99.99502041666665,197.37,83.89,149.313,270.799,92.712,152.56,182.782,162.278,181.178,184.322,105.662,41.596,247.098
2002-05-23 15:55:00,161.028,49.603,202.167,119.487,1267.04,386.127,100.09734708333326,202.056,83.814,149.733,268.692,92.815,152.3,185.16,162.422,181.104,183.736,106.608,41.61,241.526
2002-05-23 16:00:00,163.802,49.677,201.633,119.713,1269.02,388.936,98.981,200.898,82.69,152.1,272.202,93.64,150.32,185.396,162.912,180.002,183.706,105.61,41.866,242.614
2002-05-23 16:05:00,166.296,49.717,202.167,119.923,1280.9,388.16,99.97834749999988,200.694,82.786,152.63,269.791,92.709,150.96,188.516,162.792,179.194,185.694,106.374,42.002,243.422
2002-05-23 16:10:00,161.976,49.31,201.433,121.907,1284.16,390.87,99.81564833333343,201.468,81.86,148.643,272.924,92.002,150.46,186.438,166.136,179.416,184.044,104.624,41.464,241.572
2002-05-23 16:15:00,163.658,49.517,199.4,119.38,1279.1,388.52,99.009,200.052,81.192,146.26,270.175,92.203,150.18,187.064,163.6,180.898,182.59,105.362,40.868,241.498
2002-05-23 16:20:00,165.262,49.697,200.567,120.55,1278.46,393.243,99.76314624999999,201.79,83.612,146.873,272.631,91.281,150.54,187.144,164.522,178.152,182.984,105.794,41.444,240.652
2002-05-23 16:25:00,164.794,50.723,198.2,119.957,1290.74,391.733,99.75504250000006,201.28,84.18,149.323,272.76,91.998,149.7,187.88,164.484,179.826,180.508,104.962,40.962,242.21
2002-05-23 16:30:00,165.538,51.07,199.733,121.34,1289.24,392.223,99.707,200.706,84.564,147.463,269.767,91.13,149.84,187.78,164.926,177.93,184.818,105.034,41.254,239.778
2002-05-23 16:35:00,161.818,50.31,201.6,121.32,1295.32,393.003,99.95916416666677,202.76,82.966,145.62,271.394,91.418,150.82,185.592,163.922,179.056,183.072,104.184,41.77,240.448
2002-05-23 16:40:00,164.344,50.563,198.7,122.677,1295.02,394.303,99.97980000000005,200.168,83.712,146.987,272.256,91.467,150.38,186.034,161.952,180.582,183.24,103.654,41.564,240.512
2002-05-23 16:45:00,163.13,50.313,202.5,121.31,1286.96,395.843,100.252,198.4,84.48,149.813,268.758,92.192,151.5,184.348,163.808,178.514,184.396,106.098,41.55,242.222
2002-05-23 16:50:00,161.5,50.47,201.133,121.537,1286.3,397.05,100.72309979166671,199.328,83.836,148.843,270.524,93.745,151.86,185.642,163.55,180.386,182.5,105.01,41.052,241.324
2002-05-23 16:55:00,163.74,50.307,201.933,121.53,1295.02,394.07,100.12373625000009,200.826,83.99,146.95,269.252,92.764,151.16,185.326,164.596,179.66,183.274,104.122,41.446,241.374
2002-05-23 17:00:00,163.0,49.79,200.933,121.733,1291.42,392.763,99.915,197.798,85.178,149.47,269.655,93.546,149.84,183.818,165.062,178.762,184.85,104.668,40.88,241.57
2002-05-23 17:05:00,165.18,49.647,203.133,120.413,1297.28,393.663,99.76741875000005,199.236,84.768,149.427,271.611,92.469,148.82,184.344,162.434,180.96,183.754,103.746,40.532,240.86
2002-05-23 17:10:00,161.978,49.957,201.833,122.967,1296.86,391.613,99.9086545833333,198.908,82.846,147.967,272.741,93.758,151.02,184.4,161.456,179.418,182.164,104.708,41.188,244.846
2002-05-23 17:15:00,162.654,50.077,202.9,121.257,1296.3,396.193,100.45,199.324,83.062,148.947,269.495,90.952,151.72,185.34,164.906,180.008,183.08,105.064,41.728,243.7
2002-05-23 17:20:00,165.172,50.387,203.667,121.873,1292.6,393.91,99.85395999999997,198.888,84.106,147.52,270.885,94.13,150.6,184.094,163.25,180.476,181.92,105.914,41.848,242.48
2002-05-23 17:25:00,163.948,50.273,201.3,122.48,1289.48,398.216,101.03276250000005,201.072,84.64,148.0,270.722,91.726,152.92,184.584,164.116,182.282,184.428,106.116,41.39,242.964
2002-05-23 17:30:00,162.932,49.087,200.233,119.763,1287.3,394.617,101.345,201.286,84.602,149.193,272.379,92.097,152.18,184.988,163.888,178.212,184.284,105.018,41.63,243.978
2002-05-23 17:35:00,164.486,49.787,202.2,123.397,1285.68,394.15,100.35919416666665,205.586,83.644,148.31,273.295,92.289,150.7,184.414,165.176,180.786,183.172,104.616,42.29,241.85
2002-05-23 17:40:00,163.108,49.837,202.767,122.12,1282.04,394.12,100.6353691666668,203.21,84.21,149.543,270.97,92.087,151.74,185.396,163.69,182.596,184.898,104.834,41.694,242.076
2002-05-23 17:45:00,165.436,50.213,203.433,121.023,1295.84,394.787,99.848,201.446,85.194,148.403,269.117,93.897,152.06,184.802,164.99,180.556,182.914,106.606,41.562,244.826
2002-05-23 17:50:00,165.26,51.27,201.733,121.757,1283.06,393.31,100.34542249999998,201.216,83.974,149.68,269.589,94.013,152.82,184.374,165.22,178.07,185.142,106.104,41.844,244.832
2002-05-23 17:55:00,165.042,49.883,203.967,122.713,1291.08,397.44,100.79638875,200.166,83.48,147.927,269.518,92.55,152.16,184.034,163.16,179.378,182.804,106.98,42.04,241.584
2002-05-23 18:00:00,164.708,50.397,202.867,121.293,1288.9,395.677,100.726,203.92,83.558,149.797,270.361,95.676,152.58,184.652,165.024,182.59,182.328,105.142,42.102,244.002
2002-05-23 18:05:00,163.444,50.483,202.167,120.953,1288.68,397.69,101.14610958333338,203.518,85.262,149.083,273.692,93.77,155.4,186.01,163.294,179.672,183.018,106.828,42.018,244.908
2002-05-23 18:10:00,164.446,49.693,206.133,121.873,1289.14,397.51,101.10611958333338,205.46,84.264,150.763,273.166,93.788,155.04,187.284,164.24,180.12,185.116,106.94,41.608,243.114
2002-05-23 18:15:00,162.786,49.837,204.767,123.523,1286.34,397.673,100.725,201.41,83.282,149.417,271.983,93.962,152.78,184.974,164.766,181.354,184.87,104.064,42.242,245.358
2002-05-23 18:20:00,162.948,49.747,204.067,122.083,1278.38,401.947,101.29321687500007,202.05,83.734,147.247,272.136,94.436,154.32,186.07,165.156,181.794,185.268,107.12,41.92,243.352
2002-05-23 18:25:00,162.902,49.893,202.033,119.57,1286.86,400.757,101.12114625000011,202.512,83.376,149.523,272.405,94.71,152.28,183.324,163.354,179.778,186.592,106.188,41.794,244.11
2002-05-23 18:30:00,161.578,50.017,204.7,120.763,1279.1,399.91,101.077,203.764,83.968,148.147,273.645,95.304,154.1,183.824,164.682,183.098,186.17,105.582,41.816,241.592
2002-05-23 18:35:00,163.138,50.32,203.4,121.517,1277.9,399.687,101.16814916666664,200.828,85.18,147.503,272.989,93.207,153.46,184.768,164.076,182.348,184.732,106.988,42.052,242.064
2002-05-23 18:40:00,162.206,50.23,200.267,121.127,1272.66,399.627,101.02772041666677,200.798,83.776,149.9,271.317,93.768,153.1,186.376,161.07,181.074,185.936,105.816,41.728,242.778
2002-05-23 18:45:00,163.464,51.373,203.867,122.133,1275.42,400.58,101.341,200.572,84.758,149.877,270.394,94.251,151.96,185.984,164.014,183.018,184.248,106.182,41.734,242.316
2002-05-23 18:50:00,162.758,49.933,202.233,120.943,1277.84,398.68,101.18403875000008,201.354,83.008,149.177,273.526,95.824,153.0,184.316,164.46,184.884,185.746,107.16,41.254,242.44
2002-05-23 18:55:00,163.006,50.257,202.567,120.017,1266.98,392.787,100.30882375000002,202.832,83.082,150.067,274.692,93.42,153.82,185.76,162.338,183.056,184.838,105.954,41.418,244.6
2002-05-23 19:00:00,160.704,49.643,203.1,120.537,1274.1,395.013,100.423,197.884,83.562,149.767,272.625,94.331,153.58,185.628,164.256,182.658,184.196,106.646,41.454,242.55
2002-05-23 19:05:00,162.372,49.877,202.867,120.793,1271.12,396.53,100.69439687500012,200.148,83.47,147.263,270.712,95.192,154.34,187.072,161.932,182.63,184.658,104.372,41.614,242.052
2002-05-23 19:10:00,161.348,50.34,201.833,120.807,1272.38,393.543,100.24718500000003,199.988,85.204,147.917,273.382,95.14,151.96,185.678,164.324,181.728,185.694,106.76,41.796,241.026
2002-05-23 19:15:00,162.126,48.947,204.433,119.253,1271.1,395.143,100.265,200.34,84.52,148.117,272.717,93.898,152.64,185.2,163.52,184.378,188.266,106.296,41.498,241.424
2002-05-23 19:20:00,161.228,49.717,203.0,121.3,1277.06,391.457,100.26307541666671,199.822,83.74,149.773,269.745,94.111,151.74,186.116,163.412,182.064,186.366,106.146,40.934,241.214
2002-05-23 19:25:00,160.454,49.27,203.3,119.903,1276.48,389.103,100.01163375000006,197.474,83.73,148.147,273.007,91.974,152.24,185.856,165.098,184.84,185.024,105.906,41.004,242.222
2002-05-23 19:30:00,163.342,49.833,204.6,118.23,1276.72,390.523,99.976,200.938,84.966,148.527,275.4,93.562,153.6,184.78,163.702,180.68,186.35,105.572,41.196,242.034
2002-05-23 19:35:00,162.084,48.61,201.367,120.953,1279.08,390.137,100.25548416666678,198.918,84.354,149.08,274.911,94.217,151.64,185.3,164.278,181.256,185.57,106.076,41.846,242.816
2002-05-23 19:40:00,164.498,48.833,204.733,119.16,1272.7,389.527,100.05198250000001,197.11,83.356,148.847,274.519,92.543,152.94,184.928,164.816,181.67,187.872,105.96,41.738,242.242
2002-05-23 19:45:00,162.8,48.967,203.833,119.787,1271.0,393.717,99.203,201.216,84.022,148.123,273.865,91.276,150.72,187.392,162.138,181.812,184.218,106.418,41.402,240.734
2002-05-23 19:50:00,161.88,49.84,203.633,119.587,1276.56,391.377,100.10449833333335,200.726,83.818,147.523,272.365,93.77,153.14,185.958,163.274,183.52,185.442,104.22,41.21,244.472
2002-05-23 19:55:00,162.652,50.313,204.033,119.45,1277.1,393.427,99.99830875000002,198.546,83.584,148.727,270.865,92.318,151.72,184.304,164.636,183.854,185.232,105.69,41.448,242.288
2002-05-23 20:00:00,162.866,50.13,203.567,119.657,1272.68,390.233,99.505,199.382,84.548,149.457,272.783,92.245,148.98,184.442,164.362,183.208,184.806,105.552,41.33,244.442
2002-05-23 20:05:00,164.048,49.947,200.533,120.357,1281.04,390.047,99.71921374999992,200.412,83.958,145.963,273.796,93.418,149.84,184.12,162.264,183.934,184.556,106.164,42.062,244.01
2002-05-23 20:10:00,164.5,49.167,201.7,119.523,1280.52,388.26,100.02510708333335,196.92,84.886,148.833,273.168,91.705,152.64,185.57,160.916,182.018,185.616,106.634,41.678,244.35
2002-05-23 20:15:00,162.892,51.267,200.767,121.26,1286.64,390.964,100.115,198.518,83.806,147.863,274.598,93.657,152.9,185.922,162.77,181.638,188.62,107.002,42.43,245.586
2002-05-23 20:20:00,163.758,50.51,200.867,118.923,1285.24,388.1,100.24770458333334,203.778,83.912,147.14,272.55,94.431,151.98,182.906,166.192,183.092,186.226,105.324,43.032,245.382
2002-05-23 20:25:00,163.298,49.8,200.867,118.933,1291.48,389.923,100.03992124999995,199.048,84.804,149.453,271.759,92.36,151.92,185.59,163.486,183.448,184.864,104.91,41.486,243.932
2002-05-23 20:30:00,163.154,50.707,200.4,120.167,1294.32,388.647,100.434,202.228,83.974,147.277,274.675,94.869,152.92,187.158,163.314,182.864,185.692,106.02,42.666,243.862
2002-05-23 20:35:00,163.472,50.713,202.4,119.007,1297.18,392.213,100.04389208333329,200.24,83.476,148.81,272.863,92.421,150.98,185.396,162.682,180.998,186.058,105.66,42.806,247.002
2002-05-23 20:40:00,163.512,50.417,204.733,121.297,1295.84,389.073,100.19120958333336,199.046,84.134,150.92,273.987,92.915,151.96,184.65,164.634,182.802,185.434,106.092,42.064,246.61
2002-05-23 20:45:00,160.762,50.563,200.3,120.58,1296.04,392.537,100.196,200.576,85.576,148.153,271.758,92.075,151.66,184.62,164.05,184.982,186.186,106.444,41.654,245.6
2002-05-23 20:50:00,164.594,49.99,202.633,121.36,1291.1,395.173,100.4651958333334,200.536,84.264,148.643,272.848,93.586,152.18,187.614,162.512,182.308,186.456,107.178,42.622,243.634
2002-05-23 20:55:00,164.612,49.733,204.533,119.287,1289.54,392.897,100.08574958333338,197.63,85.892,149.173,271.839,93.972,151.84,187.872,163.22,185.67,186.182,106.384,42.994,244.95
2002-05-23 21:00:00,161.808,49.67,201.467,120.03,1286.76,390.49,100.066,198.38,83.544,148.82,271.814,95.502,151.54,185.954,163.914,183.78,184.656,106.424,41.784,245.666
2002-05-23 21:05:00,164.574,50.043,204.567,119.4,1281.52,387.663,99.84367749999997,199.95,85.824,148.637,274.38,92.755,150.8,185.032,163.602,186.246,187.122,106.204,42.374,244.186
2002-05-23 21:10:00,164.704,50.103,203.833,119.923,1284.3,390.677,100.09358083333323,200.13,86.062,148.57,275.215,93.924,152.14,186.544,162.468,186.428,185.856,106.494,43.148,248.164
2002-05-23 21:15:00,162.808,50.483,204.8,121.66,1289.2,393.203,99.304,199.086,84.752,147.957,275.78,92.34,150.48,183.25,162.478,184.15,186.16,107.162,41.978,244.978
2002-05-23 21:20:00,163.536,51.283,206.333,121.06,1288.6,389.7,99.93186708333343,197.758,85.942,148.803,274.458,91.573,150.16,184.636,164.438,186.232,184.846,105.658,42.232,247.396
2002-05-23 21:25:00,163.072,49.657,205.767,121.363,1287.64,392.13,100.13798916666661,199.296,86.414,149.877,275.126,93.289,149.82,183.718,160.488,184.13,186.328,105.11,42.282,248.74
2002-05-23 21:30:00,163.488,51.473,203.533,122.027,1290.64,393.04,99.741,198.676,85.616,149.377,273.84,94.05,152.44,183.424,167.618,184.118,187.514,105.712,42.266,248.808
2002-05-23 21:35:00,162.842,48.687,205.2,121.363,1284.86,392.53,100.22499333333332,200.42,86.074,146.19,275.446,93.175,151.82,185.984,163.52,183.624,186.56,106.546,42.524,247.99
2002-05-23 21:40:00,165.12,48.33,203.533,121.04,1285.02,394.02,100.21297000000003,201.358,86.116,148.06,272.703,93.805,150.54,185.706,164.772,182.544,185.528,106.382,42.472,247.962
2002-05-23 21:45:00,162.702,49.553,203.7,121.687,1281.5,391.617,99.864,197.054,86.502,149.02,272.677,91.956,151.62,183.808,162.126,182.526,183.07,105.876,42.67,247.388
2002-05-23 21:50:00,164.004,50.983,205.833,120.86,1281.88,398.45,101.14457437500003,201.406,86.352,150.11,273.302,92.902,151.26,185.398,162.334,183.818,185.736,104.606,43.24,245.624
2002-05-23 21:55:00,164.922,49.813,203.233,123.657,1279.62,394.877,100.62530250000007,200.794,86.056,147.75,271.464,93.195,152.84,185.008,162.45,182.764,187.148,105.474,42.544,247.638
2002-05-23 22:00:00,163.418,50.887,206.033,120.77,1279.7,392.24,101.003,199.254,86.036,149.733,274.975,93.167,150.76,185.958,164.402,180.524,187.164,106.124,42.072,247.62
2002-05-23 22:05:00,163.612,49.473,203.0,122.353,1282.04,396.38,100.82185833333341,202.658,84.138,149.947,270.443,94.713,151.14,186.284,163.984,182.64,186.294,107.066,42.388,249.996
2002-05-23 22:10:00,163.952,50.323,203.233,120.377,1279.76,396.88,100.89653625000001,200.944,84.78,150.65,274.324,93.611,151.5,186.176,162.816,184.526,187.17,106.5,42.522,246.898
2002-05-23 22:15:00,163.984,50.59,204.9,121.55,1280.28,394.05,101.157,205.522,84.404,148.79,274.186,92.532,152.58,187.434,163.944,182.8,185.75,105.608,42.8,245.902
2002-05-23 22:20:00,165.364,51.27,202.1,122.983,1275.32,402.053,101.35284729166686,203.24,83.326,149.467,274.574,93.025,152.5,188.252,163.718,180.93,185.094,106.12,43.054,247.77
2002-05-23 22:25:00,164.266,50.18,203.767,122.15,1272.78,397.333,101.10033291666672,203.256,86.07,149.377,276.265,94.226,153.14,187.394,165.194,183.966,185.882,105.814,42.96,245.574
2002-05-23 22:30:00,162.962,49.227,204.267,120.777,1283.86,397.567,101.703,199.596,85.566,147.13,272.808,93.811,153.2,185.672,164.298,183.026,185.488,106.074,42.794,249.02
2002-05-23 22:35:00,163.248,50.097,204.5,120.987,1273.92,398.837,101.12874125000003,202.378,84.204,149.463,274.816,94.097,154.22,185.236,162.424,185.378,184.528,106.014,42.548,248.552
2002-05-23 22:40:00,163.722,50.94,205.5,121.333,1279.66,395.863,100.930865,201.522,85.426,151.927,275.067,94.514,153.36,185.352,163.514,181.15,186.574,106.592,42.898,248.162
2002-05-23 22:45:00,161.878,49.777,205.1,121.903,1276.78,394.217,101.721,201.542,85.854,151.327,273.378,95.134,152.86,186.978,164.598,180.296,185.972,105.388,42.742,247.768
2002-05-23 22:50:00,163.318,48.877,204.767,121.427,1272.7,396.96,101.22387791666654,201.652,85.418,153.613,275.245,93.377,152.88,188.77,163.45,184.454,187.394,106.086,42.878,246.592
2002-05-23 22:55:00,163.442,50.26,205.4,122.127,1271.58,396.567,100.94407312499996,200.95,85.688,149.597,274.692,94.455,153.1,187.334,164.24,183.338,187.016,105.258,42.704,249.414
2002-05-23 23:00:00,162.784,50.513,204.333,121.76,1272.56,398.087,101.832,201.984,85.702,151.397,278.253,94.408,152.74,189.808,164.736,183.124,189.53,106.382,42.994,246.054
2002-05-23 23:05:00,165.114,50.913,202.633,120.837,1264.56,397.2,101.14676458333336,201.844,85.046,148.877,275.01,93.487,152.44,185.374,165.296,182.946,187.662,106.594,42.448,247.738
2002-05-23 23:10:00,164.08,50.67,205.367,122.787,1278.52,397.91,101.17848708333331,200.368,84.782,148.887,274.222,95.397,151.24,185.326,164.814,184.134,189.438,106.112,42.36,247.68
2002-05-23 23:15:00,162.328,50.28,206.2,123.217,1272.84,397.313,101.323,203.22,87.47,151.387,273.118,93.65,151.92,186.114,165.778,184.712,188.126,106.326,42.156,246.742
2002-05-23 23:20:00,164.494,50.433,204.7,122.273,1269.96,396.71,101.01691083333327,199.438,85.864,151.043,275.409,95.227,153.04,187.512,165.828,181.96,187.614,106.204,42.762,250.352
2002-05-23 23:25:00,165.902,51.327,207.4,122.573,1275.58,395.68,101.01395000000004,203.134,85.37,154.253,275.34,92.813,152.0,185.338,167.312,183.338,188.122,105.866,42.952,249.54
2002-05-23 23:30:00,162.524,50.98,206.933,121.117,1268.6,398.367,102.17,202.55,84.964,149.157,276.447,93.361,152.76,185.55,165.396,183.518,189.194,107.214,42.178,248.266
2002-05-23 23:35:00,162.306,49.763,205.933,123.803,1267.36,395.633,100.69529958333327,204.198,84.546,149.247,278.071,91.782,152.72,186.338,167.122,184.266,186.398,106.858,43.018,249.024
2002-05-23 23:40:00,162.044,50.053,203.067,119.87,1271.72,397.997,101.12200375000006,202.486,85.346,150.393,277.794,93.02,150.98,185.482,164.414,185.064,188.43,106.158,42.332,248.716
2002-05-23 23:45:00,162.948,50.557,203.767,120.237,1277.0,398.073,101.713,206.586,86.058,151.567,276.491,94.134,156.02,186.32,168.228,183.946,187.836,106.19,42.968,249.426
2002-05-23 23:50:00,162.462,50.037,205.167,120.66,1271.92,399.113,101.11167375000008,200.036,85.102,151.167,272.879,94.766,153.14,188.278,166.202,183.1,187.196,105.866,42.79,247.844
2002-05-23 23:55:00,165.838,50.327,204.067,122.397,1268.8,397.53,101.06692791666671,200.984,86.412,150.6,276.87,93.716,151.94,184.66,164.812,185.586,187.652,105.852,42.788,249.834
2002-05-24 00:00:00,161.916,49.293,202.6,121.593,1274.34,399.837,100.483,205.06,85.65,151.937,276.667,94.293,153.36,188.03,167.222,186.156,187.502,106.418,42.884,250.52
2002-05-24 00:05:00,164.206,49.263,204.8,122.273,1268.54,397.47,100.94395666666665,204.918,87.374,150.213,276.152,93.865,153.3,187.09,165.754,185.882,188.342,106.15,42.728,251.646
2002-05-24 00:10:00,163.644,51.377,201.833,120.307,1275.04,398.477,100.95116125000003,205.572,86.288,151.34,273.98,93.884,151.3,185.956,166.82,186.81,186.982,105.768,43.356,249.974
2002-05-24 00:15:00,163.686,51.153,205.333,122.003,1265.74,396.653,100.45,204.56,86.646,150.666,276.909,93.115,152.94,188.058,166.95,186.256,190.68,105.968,43.502,250.692
2002-05-24 00:20:00,164.47,50.617,208.533,121.447,1267.76,396.623,100.83837583333343,203.846,85.128,150.31,277.214,92.62,152.22,188.9,165.768,185.962,187.6,107.166,42.858,253.388
2002-05-24 00:25:00,162.872,50.75,206.367,122.637,1278.1,400.753,101.1792720833334,202.956,85.106,151.703,278.525,93.968,152.14,186.488,164.024,186.194,189.364,106.6,43.378,252.166
2002-05-24 00:30:00,162.018,49.76,202.267,119.563,1274.3,398.67,100.952,203.908,86.152,151.61,276.671,93.48,153.12,187.126,168.27,184.236,187.62,105.698,43.11,251.662
2002-05-24 00:35:00,162.318,51.073,205.433,121.653,1273.22,395.64,100.55937625000003,199.18,85.866,151.027,278.942,93.501,153.58,186.734,167.306,184.9,190.496,106.19,43.182,252.346
2002-05-24 00:40:00,162.644,50.063,204.5,118.95,1276.04,398.007,100.72761916666664,204.278,85.944,148.98,279.8,93.195,153.06,188.126,166.93,184.124,188.052,106.416,43.19,251.656
2002-05-24 00:45:00,164.16,51.45,205.033,121.953,1265.62,395.233,100.867,200.056,86.216,151.107,275.848,94.671,154.06,187.346,167.05,186.214,189.012,106.594,43.522,251.318
2002-05-24 00:50:00,164.822,50.223,208.433,121.207,1270.42,396.983,100.51171625000008,202.698,86.144,150.093,280.315,91.981,152.86,187.906,167.236,186.092,189.084,107.244,42.962,252.48
2002-05-24 00:55:00,163.512,50.917,207.133,120.647,1273.98,399.1,101.07738583333338,203.044,86.056,150.14,278.152,94.168,153.02,189.322,166.5,185.758,186.284,107.214,44.202,250.474
2002-05-24 01:00:00,162.43,50.377,205.833,120.513,1273.3,396.547,100.248,203.968,85.968,151.22,279.084,93.632,153.22,185.474,165.178,183.604,190.87,105.128,43.02,252.492
2002-05-24 01:05:00,162.022,50.65,205.167,120.343,1275.36,398.95,100.99520416666667,202.782,85.476,149.307,279.564,92.773,153.94,186.762,164.458,184.512,189.484,107.158,43.626,252.966
2002-05-24 01:10:00,162.886,51.48,206.367,121.897,1273.36,400.95,101.15272958333327,201.15,85.76,150.683,276.889,93.906,153.66,189.308,165.872,185.432,190.356,107.844,42.698,251.286
2002-05-24 01:15:00,163.314,50.707,205.367,121.213,1271.14,397.043,100.201,204.094,86.536,149.643,276.481,94.629,153.7,188.492,167.038,185.294,190.566,106.8,43.47,250.124
2002-05-24 01:20:00,164.39,49.143,206.8,121.393,1272.72,397.89,100.88647624999993,203.392,85.936,148.283,277.339,93.297,153.12,188.23,167.178,183.98,189.088,106.542,43.388,252.086
2002-05-24 01:25:00,164.546,50.417,207.6,121.24,1268.04,398.987,101.16138958333322,203.008,85.568,152.22,276.478,93.56,154.3,189.692,166.388,184.402,189.486,107.124,43.52,250.088
2002-05-24 01:30:00,163.78,50.377,205.4,121.337,1271.74,399.617,99.688,202.462,87.068,150.177,277.575,94.655,154.98,186.894,166.372,187.13,188.31,105.87,42.78,252.696
2002-05-24 01:35:00,163.52,50.407,204.8,122.483,1273.08,393.597,100.70831625000002,203.498,86.658,151.787,277.918,93.197,152.92,187.72,166.754,185.486,189.176,105.858,43.058,249.908
2002-05-24 01:40:00,163.588,49.393,204.633,122.857,1279.08,393.293,100.71280291666666,203.546,86.34,149.987,278.057,94.96,155.26,185.66,165.306,185.512,188.562,106.868,43.526,253.938
2002-05-24 01:45:00,163.638,50.117,206.067,120.85,1272.12,396.3,100.059,200.642,84.83,151.527,278.503,92.567,153.98,186.076,168.672,185.426,189.778,107.046,43.09,251.442
2002-05-24 01:50:00,162.824,50.77,203.867,121.903,1267.08,394.57,100.82080541666664,201.934,86.268,149.77,279.152,94.753,155.78,188.152,164.718,183.98,189.336,106.43,43.04,252.996
2002-05-24 01:55:00,163.046,49.597,206.467,120.697,1276.26,396.267,100.8714708333334,202.418,84.878,150.383,277.064,94.814,152.74,187.784,164.43,187.374,189.504,106.736,43.756,252.468
2002-05-24 02:00:00,161.642,50.057,204.4,121.563,1273.1,395.697,101.482,203.626,85.582,151.007,277.236,92.378,155.1,187.91,165.774,188.088,190.024,108.156,43.642,252.624
2002-05-24 02:05:00,161.61,50.5,207.067,122.367,1291.26,396.57,100.73320416666665,198.84,87.386,150.073,278.677,94.239,154.0,188.7,166.124,188.192,189.148,107.422,43.062,253.612
2002-05-24 02:10:00,162.664,50.44,205.133,120.827,1273.42,395.313,100.60684333333339,198.316,86.542,150.48,278.402,95.198,152.44,188.962,164.62,184.806,190.28,106.614,43.222,251.928
2002-05-24 02:15:00,163.514,49.703,208.867,121.333,1273.82,394.61,100.557,196.774,86.596,150.57,276.177,94.588,154.38,187.82,166.666,187.896,188.792,105.9,43.172,252.82
2002-05-24 02:20:00,162.898,49.093,205.5,119.773,1272.1,397.097,100.56671125000001,200.724,86.142,151.263,280.252,94.007,152.92,187.396,165.704,186.564,190.396,107.404,43.162,253.064
2002-05-24 02:25:00,164.128,48.77,205.5,119.093,1277.22,395.37,100.49050083333336,200.26,87.926,150.903,277.822,94.15,153.4,186.896,166.152,186.034,191.94,106.966,43.764,251.756
2002-05-24 02:30:00,163.192,49.22,206.3,122.353,1277.82,392.66,101.117,199.03,87.474,149.873,278.78,93.394,153.12,188.462,167.6,186.404,190.66,106.962,43.448,251.654
2002-05-24 02:35:00,162.994,50.293,207.567,120.257,1270.18,389.463,100.47917375000002,199.166,86.212,150.153,279.02,93.926,152.36,187.784,165.166,187.638,189.894,106.856,42.182,252.342
2002-05-24 02:40:00,162.186,50.423,204.967,120.257,1278.42,393.997,100.45992666666665,198.69,86.192,149.154,278.541,93.14,151.96,188.864,166.404,187.392,189.41,106.432,43.456,252.18
2002-05-24 02:45:00,160.246,50.547,207.2,120.6,1277.98,390.78,101.023,197.818,87.02,149.76,279.669,93.668,152.52,188.86,167.306,185.704,189.214,107.596,43.82,249.854
2002-05-24 02:50:00,159.336,51.043,206.9,122.067,1283.6,394.117,99.92489708333324,194.894,86.076,147.58,281.38,93.624,153.64,190.09,166.854,186.194,187.048,107.658,42.804,254.87
2002-05-24 02:55:00,161.724,51.597,206.3,119.373,1280.68,391.963,100.12811041666671,199.098,86.288,149.753,282.953,93.983,152.7,188.982,164.366,186.72,189.342,108.284,43.496,252.046
2002-05-24 03:00:00,162.648,50.48,203.833,120.973,1275.78,395.01,100.267,199.02,85.308,150.163,280.491,95.159,151.9,187.39,167.444,185.858,188.684,108.032,43.364,250.092
2002-05-24 03:05:00,163.836,49.763,205.633,120.077,1285.46,391.113,99.78401999999997,198.07,86.95,148.473,279.704,92.857,154.64,189.658,165.79,185.86,192.206,106.73,43.752,252.978
2002-05-24 03:10:00,162.458,50.323,205.833,120.523,1278.6,388.427,100.01465624999992,201.486,86.196,148.663,280.32,93.316,153.76,188.914,165.728,184.834,191.334,108.2,43.748,250.154
2002-05-24 03:15:00,161.586,49.73,206.5,120.227,1292.72,390.623,99.397,200.796,86.554,149.133,281.891,95.19,152.48,188.334,164.602,185.94,191.724,108.292,43.146,251.278
2002-05-24 03:20:00,161.146,49.317,204.667,119.843,1282.0,389.557,99.71138666666663,199.788,87.174,148.567,280.661,93.427,153.26,189.6,165.736,185.21,191.256,107.1,43.308,254.946
2002-05-24 03:25:00,161.982,49.197,206.1,120.097,1279.04,388.083,100.14867291666658,199.22,87.872,147.607,280.628,95.009,153.48,187.76,165.068,185.176,188.346,106.986,43.24,250.68
2002-05-24 03:30:00,163.268,50.037,205.867,120.423,1282.08,392.763,99.979,196.978,86.662,150.603,282.712,93.437,154.88,188.584,167.42,185.352,191.148,107.396,43.376,251.91
2002-05-24 03:35:00,162.156,48.893,205.067,120.997,1282.44,388.743,99.60616250000001,198.032,86.292,148.63,283.909,95.171,152.94,188.818,166.082,185.41,192.004,106.49,43.054,252.744
2002-05-24 03:40:00,164.086,49.297,208.233,119.187,1283.08,392.26,100.12034458333339,199.94,88.854,148.163,278.441,92.734,154.28,188.848,165.774,186.994,189.902,107.704,42.646,253.554
2002-05-24 03:45:00,163.888,50.117,207.033,119.78,1285.3,390.877,99.401,199.472,87.082,148.61,281.994,94.514,151.72,189.556,168.402,186.158,191.45,109.0,43.446,248.8
2002-05-24 03:50:00,163.402,49.413,205.933,120.58,1281.42,388.02,99.84004333333327,200.61,86.76,149.317,281.722,93.63,154.6,190.918,168.542,185.234,190.596,106.3,43.734,251.696
2002-05-24 03:55:00,165.244,49.903,202.8,120.617,1277.94,389.963,99.8826404166666,198.72,86.424,151.007,283.327,92.654,153.46,189.41,168.44,185.306,191.132,107.158,43.548,251.026
2002-05-24 04:00:00,162.806,49.297,204.4,120.437,1284.8,391.21,99.777,202.732,88.086,149.32,283.566,94.725,153.36,191.03,167.328,185.438,191.122,107.508,43.44,249.45
2002-05-24 04:05:00,162.236,50.377,207.667,120.55,1288.14,391.313,99.74761749999992,198.95,86.648,147.273,281.242,93.461,152.16,189.688,166.148,184.7,189.472,106.958,43.49,251.798
2002-05-24 04:10:00,163.342,50.313,206.433,121.91,1278.24,392.333,99.95240874999998,199.446,87.612,149.077,283.805,93.653,152.5,188.792,166.878,184.89,191.782,107.536,43.318,254.106
2002-05-24 04:15:00,163.236,49.76,207.333,118.887,1289.96,390.84,99.002,197.754,86.486,148.6,281.482,93.433,152.22,190.67,167.916,186.266,193.1,107.702,43.358,251.566
2002-05-24 04:20:00,163.194,50.393,208.5,119.41,1285.5,389.093,99.61153541666674,200.63,87.044,148.88,282.199,94.226,154.84,189.002,169.32,184.872,193.598,107.404,43.146,249.862
2002-05-24 04:25:00,163.254,50.897,204.033,121.437,1283.92,392.263,100.13017333333327,197.724,85.41,151.56,279.123,93.746,153.38,190.922,167.704,185.644,190.344,107.356,42.614,254.122
2002-05-24 04:30:00,162.262,50.74,205.933,121.717,1288.8,392.047,99.612,200.28,86.836,150.83,284.695,93.477,153.0,191.586,166.452,188.116,191.772,106.878,43.112,250.774
2002-05-24 04:35:00,162.116,50.22,205.567,122.007,1290.92,393.71,99.80165791666667,198.822,86.53,149.057,282.814,93.971,155.22,189.482,165.522,186.706,192.07,107.556,43.154,253.296
2002-05-24 04:40:00,163.786,50.683,206.3,121.073,1284.94,390.453,99.83562874999998,200.306,86.25,149.717,283.396,94.174,152.0,189.064,167.678,188.322,190.478,108.292,43.292,252.934
2002-05-24 04:45:00,162.784,51.163,206.433,119.43,1282.32,392.253,99.793,199.99,85.428,147.773,281.105,94.687,154.16,188.306,166.452,186.07,191.294,107.518,42.694,254.038
2002-05-24 04:50:00,164.168,50.19,204.9,120.67,1288.76,391.623,99.7062479166668,200.298,88.21,149.227,284.247,92.357,153.12,192.216,167.398,187.304,188.402,108.202,43.18,252.944
2002-05-24 04:55:00,162.442,49.67,206.567,120.903,1284.28,394.02,100.19901333333331,202.318,87.254,150.097,280.013,92.903,151.34,190.862,168.802,187.542,190.24,107.71,43.11,250.322
2002-05-24 05:00:00,162.928,49.993,203.533,122.783,1283.04,393.36,98.884,199.304,86.684,148.863,283.871,93.293,153.56,189.506,168.138,184.98,190.804,106.642,43.106,252.832
2002-05-24 05:05:00,161.692,51.07,205.433,122.283,1289.72,392.547,99.59984416666664,199.35,86.99,147.573,282.878,92.6,153.16,190.798,167.062,189.25,191.766,107.862,43.388,252.968
2002-05-24 05:10:00,164.396,50.93,205.0,120.013,1289.06,393.653,99.70353875000002,202.736,86.152,147.93,282.607,93.009,152.18,189.834,166.796,186.35,189.664,108.478,43.494,253.098
2002-05-24 05:15:00,161.786,51.017,205.067,120.97,1290.38,394.043,99.376,199.018,86.484,148.96,281.446,94.007,154.62,188.272,167.038,187.236,191.112,107.108,43.394,253.988
2002-05-24 05:20:00,161.624,50.26,206.733,119.247,1280.8,391.55,99.76975875000005,198.476,87.202,150.057,284.211,95.158,154.48,189.722,168.586,186.2,194.458,107.598,43.334,252.138
2002-05-24 05:25:00,163.664,49.203,207.1,120.677,1289.16,393.767,99.68254416666667,197.616,85.686,148.083,284.521,93.58,154.66,191.698,168.502,187.708,189.546,107.906,43.39,253.366
2002-05-24 05:30:00,163.866,49.883,207.033,122.043,1294.44,392.67,100.463,200.988,86.872,149.137,285.439,93.056,152.26,189.348,170.71,183.97,191.104,107.79,43.556,252.008
2002-05-24 05:35:00,162.066,51.137,206.5,121.477,1289.28,392.863,99.49304499999995,200.07,84.97,147.753,283.458,94.574,152.78,190.578,168.328,187.368,191.53,106.418,43.586,254.548
2002-05-24 05:40:00,163.388,48.83,206.467,121.47,1283.9,391.223,99.57901291666667,200.49,86.074,148.286,283.526,94.017,153.52,191.016,165.942,186.456,191.54,107.426,43.404,255.226
2002-05-24 05:45:00,162.632,51.523,207.767,120.827,1293.46,394.147,99.487,200.834,86.374,147.22,284.547,93.856,153.14,189.802,167.812,186.768,191.494,108.11,43.706,249.888
2002-05-24 05:50:00,163.558,51.2,208.2,120.56,1295.5,392.95,99.76227041666667,200.37,87.862,149.8,282.74,93.692,154.62,191.24,167.398,183.214,193.144,108.042,43.55,254.192
2002-05-24 05:55:00,163.748,49.783,204.667,120.873,1288.96,389.093,99.45560708333332,198.224,87.73,148.637,282.5,93.847,153.26,189.37,168.554,188.054,192.426,108.47,43.0,251.512
2002-05-24 06:00:00,164.39,49.723,203.667,120.783,1292.94,390.723,99.539,202.674,85.7,148.103,282.942,93.799,152.82,189.67,169.72,188.616,189.932,108.48,43.074,252.108
2002-05-24 06:05:00,161.714,49.03,205.5,121.733,1303.46,394.62,99.90247333333323,198.996,87.172,147.72,283.623,94.096,152.56,192.302,169.444,189.278,192.708,108.378,44.154,250.682
2002-05-24 06:10:00,164.344,50.217,206.167,120.967,1289.82,393.503,99.9943112499999,201.35,87.494,149.097,283.043,93.496,155.54,192.908,169.09,186.25,190.434,108.58,42.974,252.494
2002-05-24 06:15:00,161.982,50.05,204.533,121.577,1293.06,390.447,99.866,200.71,86.392,147.727,283.108,94.498,151.26,190.728,164.93,187.012,192.672,109.288,43.856,253.066
2002-05-24 06:20:00,163.852,50.42,202.8,120.717,1295.46,395.653,99.64741249999993,200.876,86.586,148.66,283.923,93.192,152.94,191.604,169.002,185.25,191.126,107.246,43.076,251.664
2002-05-24 06:25:00,163.428,49.71,206.667,121.667,1306.42,389.26,99.79098750000007,202.176,87.316,149.17,284.739,92.974,151.6,188.992,167.116,187.868,190.824,108.126,43.186,251.644
2002-05-24 06:30:00,163.658,49.187,205.7,121.333,1293.28,393.407,99.095,202.116,85.65,148.303,283.891,94.478,153.44,191.178,167.59,187.496,192.236,106.906,43.672,254.02
2002-05-24 06:35:00,162.366,50.993,204.533,122.53,1296.04,391.684,99.65626458333341,200.012,86.09,147.407,284.566,94.458,153.68,190.25,167.116,186.116,191.374,108.324,43.012,252.114
2002-05-24 06:40:00,163.016,48.817,205.7,121.533,1291.96,394.307,99.92664166666678,201.694,86.616,151.567,282.968,94.703,151.22,190.128,166.67,186.838,189.992,108.306,43.56,253.698
2002-05-24 06:45:00,163.846,50.11,204.167,120.157,1292.92,390.183,99.149,201.844,87.69,147.21,284.808,93.248,152.28,190.2,167.62,187.67,194.586,108.044,43.75,253.134
2002-05-24 06:50:00,163.096,49.183,204.467,121.803,1292.88,392.513,99.79435583333327,200.688,87.394,147.637,284.735,94.429,152.3,190.852,168.72,186.65,194.238,108.884,44.074,250.058
2002-05-24 06:55:00,163.95,49.763,203.767,121.07,1298.06,393.29,99.57949166666671,199.528,85.154,148.607,282.358,92.784,150.58,192.52,169.424,189.782,191.344,108.384,43.402,251.632
2002-05-24 07:00:00,161.662,49.23,206.033,122.78,1298.92,394.833,99.73,200.274,87.15,148.55,285.789,95.163,152.34,190.932,170.168,185.942,189.758,109.054,43.716,252.152
2002-05-24 07:05:00,163.94,49.41,203.767,120.933,1309.04,391.73,99.5186125,201.424,86.798,147.327,285.643,93.574,152.72,191.36,166.058,186.984,192.196,108.558,43.382,252.124
2002-05-24 07:10:00,163.854,49.857,205.3,122.773,1300.08,392.733,99.76658333333339,202.186,86.594,149.527,284.63,94.461,151.42,191.206,171.616,185.314,191.628,108.396,43.742,252.758
2002-05-24 07:15:00,163.204,49.317,203.767,121.757,1308.16,393.837,99.568,202.285,86.402,151.683,285.853,94.463,153.46,191.736,170.658,185.418,193.672,109.036,43.278,251.856
2002-05-24 07:20:00,161.996,51.823,206.967,120.827,1297.62,394.72,99.7167479166667,200.013,87.438,149.703,284.151,94.13,152.78,192.258,169.752,187.624,192.572,109.144,42.998,252.81
2002-05-24 07:25:00,161.264,50.58,202.6,120.24,1304.2,392.573,99.51340041666663,204.55,86.912,149.063,285.576,94.399,152.9,192.892,169.548,183.746,193.714,107.798,43.746,255.078
2002-05-24 07:30:00,163.902,50.813,205.433,122.993,1305.7,390.477,99.761,200.83412249999995,86.896,149.747,284.457,94.905,153.42,191.734,168.538,186.084,191.012,108.984,43.514,255.774
2002-05-24 07:35:00,163.584,50.733,207.233,121.1,1303.38,394.667,99.52366125,200.117,86.282,146.977,285.678,94.201,153.04,190.556,168.648,186.162,192.216,108.294,43.21,254.442
2002-05-24 07:40:00,163.934,49.893,205.667,121.197,1304.02,394.47,99.72041291666666,201.31,87.532,151.33,285.134,94.042,153.86,190.99,168.224,185.74,193.678,108.922,43.254,254.974
2002-05-24 07:45:00,163.524,50.163,203.267,119.077,1306.34,395.85,99.188,205.13,86.504,149.896,282.621,94.699,152.88,193.022,170.062,184.606,192.738,107.61,43.194,257.366
2002-05-24 07:50:00,162.808,50.283,204.367,122.723,1303.34,396.843,99.81086458333333,202.45,87.108,148.457,287.068,93.547,153.2,192.658,167.66,186.574,192.138,107.896,43.14,254.794
2002-05-24 07:55:00,164.152,51.153,205.433,121.707,1310.0,391.933,99.71364333333341,197.708,85.878,150.53,287.536,95.098,153.58,193.276,166.564,185.696,192.928,108.796,43.698,253.282
2002-05-24 08:00:00,165.328,50.14,204.7,124.69,1307.38,395.363,99.752,200.0,86.478,150.903,287.367,95.657,152.98,191.64,169.15,186.154,191.612,109.254,43.306,252.336
2002-05-24 08:05:00,163.96,50.78,205.3,121.637,1311.36,395.1,99.7772583333334,198.836,88.078,149.077,283.842,95.79,154.26,192.25,170.986,186.502,191.87,108.524,43.3,254.266
2002-05-24 08:10:00,164.556,49.697,206.767,122.813,1307.7,393.356,99.94422499999999,200.386,87.5,148.377,285.338,93.055,155.22,193.812,170.598,186.426,192.862,108.934,42.922,252.146
2002-05-24 08:15:00,163.816,49.72,205.2,121.373,1303.6,393.017,100.03,200.226,85.428,148.943,286.622,93.728,154.44,192.606,169.658,184.296,191.786,108.996,43.218,253.638
2002-05-24 08:20:00,163.476,48.557,205.233,120.793,1302.94,394.087,99.82473541666664,204.2,87.924,148.91,283.977,94.447,151.36,192.474,170.334,184.086,193.204,107.986,44.142,252.71
2002-05-24 08:25:00,161.344,51.21,206.1,121.12,1304.98,395.637,99.80797833333335,199.778,86.178,150.023,284.927,93.554,152.36,192.492,171.352,184.812,193.042,109.424,42.972,253.438
2002-05-24 08:30:00,163.562,49.54,205.067,120.477,1311.4,393.45,99.909,200.402,84.906,150.473,283.367,94.375,154.8,192.852,169.982,183.108,190.58,108.976,43.12,255.604
2002-05-24 08:35:00,164.082,50.74,206.833,120.553,1301.52,396.287,99.81846083333345,199.478,86.738,148.427,284.922,93.943,152.92,193.594,170.454,185.338,193.46,109.562,43.712,252.784
2002-05-24 08:40:00,164.956,49.22,203.867,121.237,1310.6,394.273,99.81385583333335,202.61,85.764,149.293,286.316,93.832,153.52,194.822,168.818,184.918,192.044,109.15,43.676,252.386
2002-05-24 08:45:00,164.004,50.69,203.4,120.723,1313.0,392.793,99.303,202.304,86.496,150.82,285.334,94.62,151.9,193.752,169.446,184.322,191.458,108.522,43.702,254.086
2002-05-24 08:50:00,166.782,49.903,204.067,122.267,1309.5,394.327,99.73905541666669,204.06,87.24,149.643,286.209,94.432,152.88,191.916,170.972,182.272,193.348,109.128,43.086,254.762
2002-05-24 08:55:00,163.702,50.293,206.1,122.227,1318.56,396.39,99.90157416666672,200.46,83.93,151.313,284.926,95.083,154.1,191.294,169.608,184.446,191.108,108.888,43.42,253.986
2002-05-24 09:00:00,166.196,50.623,204.3,120.463,1309.02,395.407,99.13,204.38,86.258,148.547,286.141,94.804,153.56,192.88,170.84,184.442,194.13,108.1,43.414,255.874
2002-05-24 09:05:00,164.68,49.73,205.7,122.42,1312.68,396.013,99.90964625000008,206.707,84.976,148.39,285.532,95.154,152.76,192.328,169.41,184.546,191.274,108.484,43.426,254.582
2002-05-24 09:10:00,165.218,50.777,205.0,121.713,1308.12,394.163,99.62986874999999,202.847,86.398,149.267,284.008,94.237,152.98,195.966,169.33,185.314,192.82,108.23,42.91,255.502
2002-05-24 09:15:00,164.388,51.233,202.333,120.223,1311.8,395.547,100.539,202.29813770833317,86.002,150.523,287.598,93.535,154.24,194.854,172.234,185.496,195.024,108.86,43.682,255.25
2002-05-24 09:20:00,165.016,52.383,203.433,121.703,1314.42,398.387,100.20049791666658,204.425,83.778,149.157,287.395,94.725,152.02,194.032,173.066,183.532,192.094,108.598,44.232,252.45
2002-05-24 09:25:00,165.408,51.103,204.033,120.98,1312.1,399.417,100.14667499999989,203.43,86.92,150.273,286.316,94.272,154.92,191.52,171.224,184.654,192.954,108.134,43.532,254.344
2002-05-24 09:30:00,164.63,51.55,207.133,119.533,1315.04,397.4,99.849,203.54,86.122,150.443,283.739,95.058,152.9,195.928,171.292,186.646,194.2,108.956,43.766,253.558
2002-05-24 09:35:00,167.076,49.99,203.933,121.107,1328.02,396.56,99.88637416666664,202.026,85.424,149.43,287.3,94.354,153.12,192.678,171.65,185.862,193.344,109.174,43.176,255.264
2002-05-24 09:40:00,165.862,50.803,201.467,122.127,1322.24,394.633,99.90638166666659,201.492,84.784,151.083,286.493,94.154,151.04,194.786,171.87,187.308,191.512,107.402,43.282,255.91
2002-05-24 09:45:00,164.182,52.087,204.567,120.63,1316.78,398.517,98.993,200.158,84.766,151.423,287.165,93.527,154.22,192.256,171.43,183.964,192.54,108.776,43.358,254.554
2002-05-24 09:50:00,166.018,51.027,206.1,120.683,1321.34,398.107,100.21092458333332,204.91,85.52,150.917,285.43,94.659,153.2,193.266,170.584,185.322,190.968,109.004,43.99,253.182
2002-05-24 09:55:00,166.4,49.347,205.267,121.87,1312.48,396.353,100.08241541666672,202.116,85.828,150.014,288.486,96.41,154.2,193.68,172.746,181.908,191.986,107.636,43.546,251.966
2002-05-24 10:00:00,165.094,50.357,203.7,120.35,1318.74,396.737,100.091,201.35,86.188,150.27,285.746,94.394,152.86,192.366,171.424,184.676,191.808,107.438,43.438,252.194
2002-05-24 10:05:00,165.494,50.787,205.667,121.873,1321.06,396.677,99.76274333333336,202.48,86.416,147.567,286.259,94.505,153.56,193.04,171.876,185.652,192.668,108.22,43.212,255.404
2002-05-24 10:10:00,165.856,51.067,205.133,121.9,1317.84,395.643,100.15739458333329,206.124,85.916,149.85,285.186,93.36,151.2,191.866,169.262,183.496,192.752,108.468,44.13,255.11
2002-05-24 10:15:00,164.126,50.723,203.833,122.863,1323.82,398.377,100.188,203.308,86.568,149.19,286.955,94.636,152.5,194.418,170.604,184.222,190.438,107.538,43.402,253.456
2002-05-24 10:20:00,163.868,51.31,205.3,122.117,1329.48,398.883,100.38762041666658,205.536,85.248,149.213,288.854,94.706,154.32,191.66,172.496,182.21,191.842,109.024,44.148,255.572
2002-05-24 10:25:00,165.218,50.373,205.9,122.077,1323.88,396.483,100.74268583333333,202.032,87.388,150.073,287.126,95.859,156.02,193.606,171.498,183.908,189.128,109.962,44.618,253.044
2002-05-24 10:30:00,163.874,50.673,205.567,121.673,1323.54,398.42,99.725,203.706,85.972,149.063,289.466,93.688,152.82,194.544,172.264,182.858,191.058,110.402,43.704,253.75
2002-05-24 10:35:00,166.5,49.173,206.933,121.023,1319.78,399.907,100.82556249999989,204.246,86.88,147.593,288.623,92.248,155.52,196.81,170.938,183.768,191.212,109.066,44.294,254.122
2002-05-24 10:40:00,167.364,50.447,207.433,121.51,1328.08,402.483,101.27418208333333,205.138,86.968,149.843,286.916,96.244,154.18,192.064,171.388,181.572,189.858,110.632,44.22,253.86
2002-05-24 10:45:00,165.282,50.513,205.2,124.067,1329.88,396.72,99.941,205.58,85.226,148.563,285.76,92.554,154.06,193.276,172.076,182.896,192.696,109.418,43.144,252.096
2002-05-24 10:50:00,165.706,52.023,204.633,121.93,1329.14,397.827,100.15065083333339,204.318,85.478,150.36,285.151,95.298,154.24,194.172,169.718,182.52,190.778,109.456,43.572,252.144
2002-05-24 10:55:00,166.888,50.29,202.5,123.937,1319.92,400.336,100.80930583333321,204.842,85.316,149.98,286.269,93.069,155.1,192.464,170.828,183.11,189.44,109.366,43.912,255.008
2002-05-24 11:00:00,165.984,51.363,205.6,122.32,1320.12,398.32,99.835,206.036,86.586,151.143,286.474,95.762,154.6,193.776,171.368,182.838,189.17,108.386,43.232,254.89
2002-05-24 11:05:00,165.496,50.8,204.467,123.44,1327.4,400.843,100.98062624999983,203.444,84.144,150.487,286.406,96.138,155.56,193.6,170.654,185.008,189.082,109.38,43.862,255.568
2002-05-24 11:10:00,166.268,51.283,203.833,123.203,1325.24,401.287,100.79722916666665,207.636,86.704,151.153,285.73,94.595,155.18,193.716,171.798,183.156,190.42,107.97,42.9,254.598
2002-05-24 11:15:00,167.28,50.717,206.6,124.297,1323.72,398.623,101.913,205.628,86.338,148.207,288.533,96.109,158.7,193.246,170.316,185.086,191.134,109.524,43.284,256.256
2002-05-24 11:20:00,165.012,50.917,206.633,124.783,1325.04,404.673,101.51877979166659,205.0,85.02,152.15,284.067,95.493,155.18,194.3,172.564,184.586,190.17,108.078,43.642,256.12
2002-05-24 11:25:00,165.188,52.107,203.633,122.99,1330.56,403.51,101.38183187499997,205.42,86.328,152.033,282.295,96.391,155.32,194.75,173.918,184.512,189.896,108.288,43.854,252.98
2002-05-24 11:30:00,165.944,51.44,205.3,122.67,1332.52,401.573,100.582,205.066,85.498,151.007,284.339,95.933,154.84,193.428,170.772,183.014,189.25,108.098,43.774,253.748
2002-05-24 11:35:00,163.402,50.213,205.767,125.607,1326.68,403.833,101.64265854166665,206.298,85.69,150.833,283.251,95.945,156.58,194.45,172.904,182.92,187.826,107.942,43.774,256.524
2002-05-24 11:40:00,166.668,52.243,205.4,123.34,1324.8,402.717,102.14834625000002,207.496,85.868,153.443,283.763,94.627,157.4,193.636,171.484,183.838,188.104,108.866,44.484,254.556
2002-05-24 11:45:00,166.432,49.647,206.567,123.327,1323.2,406.246,101.016,207.528,86.336,150.507,283.662,97.612,155.5,195.26,170.192,185.146,188.008,109.526,43.798,257.054
2002-05-24 11:50:00,163.268,50.233,205.2,122.933,1330.2,402.32,101.08636479166664,207.564,85.388,150.61,283.594,94.931,155.08,192.406,172.334,180.478,190.712,109.576,43.646,254.552
2002-05-24 11:55:00,166.278,50.683,205.9,123.743,1328.24,403.263,101.81113937499998,203.894,84.782,151.82,282.469,94.693,156.38,193.022,172.994,184.712,188.266,109.586,43.39,255.49
2002-05-24 12:00:00,166.482,52.38,205.0,123.853,1322.08,404.206,101.29,206.854,86.91,152.13,282.674,94.819,155.56,190.89,170.018,183.332,187.202,110.11,44.316,257.006
2002-05-24 12:05:00,164.988,51.28,205.133,123.94,1327.62,404.343,102.17855333333327,205.972,86.354,151.96,282.539,95.048,157.64,192.076,172.476,185.97,190.274,109.316,43.634,252.512
2002-05-24 12:10:00,164.168,51.493,207.9,121.893,1327.04,406.007,102.25926374999993,208.066,86.248,152.253,282.948,96.441,158.1,192.94,169.818,184.224,189.478,108.132,43.878,255.19
2002-05-24 12:15:00,167.216,51.527,204.367,123.597,1323.12,402.92,101.45,204.878,86.314,153.677,283.972,94.28,154.82,193.216,170.786,184.586,188.144,108.79,43.674,253.806
2002-05-24 12:20:00,166.734,51.33,203.967,123.303,1318.42,403.013,101.5683822916667,204.898,86.244,152.963,284.246,95.423,155.3,191.79,170.918,184.516,191.528,108.904,43.618,255.072
2002-05-24 12:25:00,165.754,50.567,206.533,122.087,1323.1,406.98,102.29179187499993,207.55,86.15,153.357,283.633,96.809,156.4,192.39,171.234,184.376,190.594,109.172,44.326,254.698
2002-05-24 12:30:00,166.552,51.823,205.267,124.223,1326.14,402.213,102.345,205.284,85.172,152.883,281.243,96.347,154.2,190.556,172.066,185.92,191.382,109.562,44.778,255.788
2002-05-24 12:35:00,165.788,50.897,206.7,124.043,1323.76,405.897,101.82260187499989,205.704,85.836,150.603,281.823,95.617,155.82,191.584,172.752,184.306,190.298,109.396,44.096,255.714
2002-05-24 12:40:00,165.898,50.793,205.4,124.003,1323.26,404.177,102.37721624999995,206.39,85.024,153.973,281.243,96.93,156.5,191.696,169.738,187.418,190.974,109.802,43.458,254.986
2002-05-24 12:45:00,165.92,51.257,207.333,123.873,1324.58,407.053,101.866,207.814,85.812,154.267,281.209,95.504,155.3,191.968,169.824,186.796,189.88,109.254,43.048,256.726
2002-05-24 12:50:00,164.886,50.063,206.467,123.503,1328.58,404.797,102.27440833333328,208.37,85.412,152.037,280.388,95.436,158.06,192.02,172.158,188.22,187.744,110.138,44.548,257.7
2002-05-24 12:55:00,166.126,48.943,205.867,124.87,1323.8,407.453,102.53200208333328,206.162,85.128,152.44,281.14,96.22,158.2,193.624,171.268,187.51,188.754,109.318,44.19,256.088
2002-05-24 13:00:00,167.812,50.65,204.767,123.463,1323.04,405.624,102.668,207.082,85.667,153.747,280.011,97.743,158.34,193.614,171.32,188.392,189.528,109.228,44.114,254.288
2002-05-24 13:05:00,165.694,50.613,205.467,122.907,1326.1,404.944,102.55648041666662,205.01,86.624,155.243,281.516,95.165,157.64,192.758,170.934,186.092,190.856,110.288,44.156,255.982
2002-05-24 13:10:00,168.502,51.783,206.9,124.66,1323.34,407.463,102.26092624999994,208.808,85.644,153.303,281.141,95.126,156.46,192.014,172.092,185.702,190.144,109.944,43.996,255.97
2002-05-24 13:15:00,165.544,52.183,207.667,124.623,1323.96,405.683,102.676,205.228,85.318,153.187,282.886,94.259,157.04,192.376,172.19,187.016,189.71,110.224,43.5,257.504
2002-05-24 13:20:00,167.906,50.997,206.533,123.803,1325.78,408.447,102.39580458333329,205.512,85.14,152.67,280.662,98.141,157.02,191.376,170.976,186.942,189.93,109.742,44.754,258.64
2002-05-24 13:25:00,166.23,51.103,208.333,124.837,1323.54,408.487,102.52983041666651,206.1,85.842,152.097,281.243,97.944,158.74,192.89,171.558,185.922,189.464,109.134,44.312,254.48
2002-05-24 13:30:00,166.146,51.5,207.967,123.56,1315.06,407.786,102.221,209.354,85.186,154.953,279.704,98.142,156.38,191.944,172.74,186.276,190.884,108.494,43.892,255.794
2002-05-24 13:35:00,166.376,50.173,205.467,124.473,1319.6,407.287,102.28479666666672,206.94,87.106,153.337,279.293,96.526,155.98,192.534,170.726,188.184,191.752,110.064,44.354,254.786
2002-05-24 13:40:00,166.168,51.163,206.433,124.463,1323.54,409.587,102.5408608333333,207.356,85.974,154.037,282.749,97.596,157.78,191.318,171.818,186.63,191.004,109.53,44.15,256.884
2002-05-24 13:45:00,166.18,49.65,203.033,123.967,1325.8,404.797,103.263,205.322,84.58,154.797,277.959,96.19,157.04,189.924,170.82,186.748,190.312,108.38,44.352,255.014
2002-05-24 13:50:00,165.566,50.88,206.033,124.35,1330.76,409.227,102.57258916666662,206.192,86.406,154.657,281.105,95.785,157.86,192.344,171.792,186.548,192.276,110.282,43.918,256.724
2002-05-24 13:55:00,166.598,50.627,210.067,123.123,1323.38,408.743,102.04304145833338,206.926,85.982,153.13,281.997,96.575,154.88,190.298,171.47,186.544,189.926,109.742,43.914,256.066
2002-05-24 14:00:00,168.396,50.913,206.967,124.533,1320.76,408.7,103.133,207.19191250000014,85.852,155.507,286.93,96.917,159.08,192.368,173.482,185.148,189.356,109.846,44.364,255.962
2002-05-24 14:05:00,167.496,50.523,206.733,122.52,1314.12,407.933,102.36561624999992,207.82432333333344,85.9,153.19,280.763,98.337,157.0,191.338,173.554,184.918,192.404,110.72,45.064,259.014
2002-05-24 14:10:00,167.808,49.543,207.4,123.793,1320.98,410.11,102.39033541666647,206.87192583333336,85.566,156.493,282.305,97.38,157.36,189.868,172.032,188.12,188.342,110.09,43.704,254.81
2002-05-24 14:15:00,166.178,50.823,207.7,126.4,1308.3,407.84,102.477,207.32935416666672,86.892,151.736,282.271,96.22,157.04,192.582,170.126,186.988,189.142,110.384,44.318,256.222
2002-05-24 14:20:00,167.528,50.68,204.633,124.96,1324.12,408.483,102.13126583333327,206.92693000000006,86.168,153.27,282.75,95.585,155.9,190.516,170.66,185.992,191.698,110.538,43.942,258.22
2002-05-24 14:25:00,164.818,51.837,206.867,125.95,1312.38,405.283,102.53506541666665,206.91322624999987,86.574,155.414,279.223,96.568,157.38,189.44,172.046,186.684,190.142,108.646,44.188,256.816
2002-05-24 14:30:00,165.994,52.13,207.567,122.063,1313.54,407.63,102.488,206.73736499999984,85.76,152.837,279.837,94.554,156.66,188.03,170.546,185.708,192.138,109.614,44.56,258.268
2002-05-24 14:35:00,166.508,49.633,205.167,123.43,1325.16,405.697,102.27801833333336,206.73418416666675,86.682,154.483,279.321,96.289,155.8,190.342,171.804,186.636,191.274,110.168,44.79,256.92
2002-05-24 14:40:00,164.604,51.737,204.833,124.263,1311.34,406.01,102.26627666666667,206.95849249999995,87.274,152.747,279.836,95.795,156.5,191.366,170.784,188.27,190.148,109.34,44.54,258.09
2002-05-24 14:45:00,165.42,51.577,207.567,124.26,1314.86,408.83,102.593,207.74062833333338,87.422,155.517,282.408,97.566,157.94,189.23,171.042,187.84,191.346,110.556,44.73,255.222
2002-05-24 14:50:00,165.686,51.07,208.733,123.48,1309.22,405.64,102.2634670833333,206.99865583333326,85.62,154.4,278.774,95.766,156.2,189.304,170.53,188.116,190.696,110.352,43.94,256.25
2002-05-24 14:55:00,164.456,52.757,207.5,125.373,1316.94,407.11,102.52980208333342,206.63701916666665,86.512,153.517,280.797,96.488,158.28,189.87,171.806,188.902,193.182,108.396,42.932,253.384
2002-05-24 15:00:00,165.566,50.633,207.767,123.02,1310.72,403.637,102.447,210.892,86.808,153.61,282.477,97.91,158.66,189.372,173.904,189.828,190.9,109.65,44.37,256.792
2002-05-24 15:05:00,165.61,50.647,205.4,125.487,1318.68,409.843,102.41447541666663,206.452,85.592,152.567,278.363,96.74,157.5,190.074,170.512,189.552,188.732,108.454,44.216,257.958
2002-05-24 15:10:00,165.076,50.947,205.567,123.377,1316.3,409.71,102.19354083333333,206.046,87.334,154.003,278.227,97.929,156.06,189.258,170.608,188.668,191.462,108.07,44.576,257.008
2002-05-24 15:15:00,166.208,49.8,205.1,123.203,1313.74,407.54,102.19,206.856,86.678,155.043,280.625,93.969,154.62,190.254,170.34,188.584,189.866,110.064,43.906,256.698
2002-05-24 15:20:00,165.84,52.623,208.0,124.507,1317.72,407.12,102.62115666666668,208.638,89.298,150.737,280.557,95.513,158.28,192.088,168.544,188.74,192.594,109.906,45.182,257.368
2002-05-24 15:25:00,164.42,50.43,205.567,125.117,1303.42,408.917,102.23298125,208.398,86.948,152.91,280.867,94.78,155.38,191.528,170.964,187.242,193.158,111.484,44.436,255.594
2002-05-24 15:30:00,164.748,50.467,206.5,125.957,1312.94,410.313,102.724,208.718,87.926,152.957,277.612,96.73,156.96,190.8,171.598,188.224,193.944,109.914,44.706,256.584
2002-05-24 15:35:00,166.902,50.653,206.6,123.51,1310.1,406.697,102.40200416666671,207.686,88.85,152.403,283.401,95.344,156.7,191.446,171.308,188.386,192.054,109.758,43.954,257.236
2002-05-24 15:40:00,167.662,49.303,208.067,122.633,1313.72,406.49,102.30200833333332,208.262,87.128,153.39,279.802,96.925,157.4,188.794,170.444,187.58,192.256,110.052,44.656,256.572
2002-05-24 15:45:00,166.15,49.677,206.4,124.64,1315.7,408.647,101.417,205.81,86.0,154.173,280.214,95.973,156.9,189.394,170.764,188.522,190.376,109.71,44.288,258.816
2002-05-24 15:50:00,164.504,50.94,205.9,123.967,1317.04,408.58,102.47444374999998,205.66,86.392,153.447,283.128,96.742,157.84,189.406,171.884,190.262,191.398,110.278,44.658,255.868
2002-05-24 15:55:00,164.972,51.383,208.267,123.043,1319.54,407.844,102.56989624999989,205.632,85.614,156.71,283.679,96.249,157.36,190.016,172.162,188.22,192.038,110.02,44.712,257.788
2002-05-24 16:00:00,164.992,50.473,205.833,126.03,1317.46,405.687,102.984,206.014,86.098,153.64,282.579,96.665,159.42,190.19,167.954,187.65,190.944,109.614,44.148,257.238
2002-05-24 16:05:00,167.104,52.32,206.3,123.39,1310.34,406.583,102.4991425,206.852,88.34,153.68,280.349,96.62,157.3,189.794,168.81,189.936,192.428,109.106,44.13,256.758
2002-05-24 16:10:00,165.61,51.127,207.7,123.92,1315.12,408.25,102.49297250000004,209.956,87.908,153.4,279.181,97.572,156.74,189.398,169.322,189.484,191.532,110.906,44.27,257.966
2002-05-24 16:15:00,166.658,50.81,206.867,123.74,1312.08,409.213,101.67,209.202,87.098,156.243,279.251,97.626,157.06,188.714,170.296,189.364,191.582,110.898,45.312,256.016
2002-05-24 16:20:00,166.312,50.477,206.067,123.457,1312.52,409.07,102.04736999999997,205.17,86.946,155.16,282.031,97.113,155.42,189.812,169.646,187.552,191.648,110.132,44.048,255.08
2002-05-24 16:25:00,164.554,50.54,209.333,125.27,1313.52,403.627,102.4779220833334,205.238,87.364,154.907,281.414,96.13,155.74,188.144,170.198,189.18,194.446,110.136,44.638,258.218
2002-05-24 16:30:00,166.928,51.097,207.6,125.493,1311.5,411.25,102.941,207.342,87.668,153.067,281.997,96.314,158.28,192.372,169.716,189.308,190.84,111.164,44.232,255.158
2002-05-24 16:35:00,165.302,49.39,205.967,126.383,1309.34,404.46,102.43399625000002,207.186,87.652,152.183,281.655,97.339,156.66,190.448,168.202,190.19,192.104,109.968,44.886,258.024
2002-05-24 16:40:00,165.962,52.457,207.067,123.937,1312.7,408.65,102.59480874999997,207.67,87.078,153.707,282.546,97.765,158.64,189.326,169.486,189.884,191.582,110.648,44.56,259.064
2002-05-24 16:45:00,165.774,50.097,208.067,123.693,1315.1,404.75,103.028,209.61,86.884,154.453,283.231,97.304,156.66,191.404,168.186,191.956,194.63,110.56,43.646,259.59
