ESOI    ATHN    MXCO    ROME    AATB    LMKS    DRBS    MOSC    NEWK    KIEL    CALG    OULU    APTY    FSMT    INVK    NAIN    PWNK    THUL    SOPB    SOPO
2002-05-23 05:50:00;166.334; 50.610;210.133;124.817;1328.900;403.927;   null;206.490; 87.322;152.770;288.889; 95.491;157.060;198.080;172.170;186.796;196.286;109.318; 44.110;256.786
2002-05-23 05:55:00;166.176; 52.030;207.367;125.687;1324.880;404.917;   null;208.214; 87.276;152.344;288.320; 96.463;157.620;194.668;171.112;189.038;194.008;111.004; 43.954;259.054
2002-05-23 06:00:00;167.388; 52.643;207.633;124.473;1320.660;405.167;102.608;205.998; 86.886;151.710;289.892; 96.425;158.560;197.426;173.510;187.500;193.744;111.760; 44.288;257.072
2002-05-23 06:05:00;165.904; 50.130;206.767;122.003;1329.200;402.250;   null;208.720; 87.270;153.327;291.398; 95.413;156.200;195.354;171.390;186.154;192.618;110.292; 44.042;256.224
2002-05-23 06:10:00;168.472; 51.320;208.400;122.850;1326.680;402.910;   null;205.968; 87.352;153.783;291.040; 96.397;155.520;194.434;174.108;187.452;191.874;109.526; 44.058;258.254
2002-05-23 06:15:00;166.056; 51.123;206.333;121.713;1326.980;404.970;102.503;205.864; 86.784;150.540;290.677; 94.050;157.220;195.972;171.266;189.046;194.024;109.620; 44.214;256.648
2002-05-23 06:20:00;167.638; 50.873;207.067;123.050;1328.740;402.777;   null;209.956; 87.392;154.973;288.992; 97.176;157.260;197.556;171.838;186.884;194.462;111.120; 44.388;258.470
2002-05-23 06:25:00;167.144; 50.920;207.700;122.313;1320.760;405.413;   null;208.078; 86.442;151.843;290.540; 96.472;154.840;196.536;173.550;191.106;193.480;110.800; 44.812;256.188
2002-05-23 06:30:00;165.530; 51.360;209.267;123.243;1330.400;404.390;102.882;206.482; 87.492;153.467;289.000; 97.705;157.680;196.624;172.734;188.404;192.958;110.552; 44.210;256.948
2002-05-23 06:35:00;166.808; 52.017;207.600;123.360;1317.120;404.063;   null;209.164; 87.354;153.613;289.215; 95.796;157.900;197.384;171.334;188.326;194.958;109.660; 44.752;260.442
2002-05-23 06:40:00;166.088; 51.160;207.633;124.300;1322.960;406.527;   null;208.288; 86.790;151.633;288.350; 95.754;156.460;196.652;172.720;187.874;193.310;110.858; 44.710;256.698
2002-05-23 06:45:00;168.386; 52.773;209.400;122.123;1325.360;408.410;102.558;208.552; 87.946;154.477;292.364; 95.911;156.480;195.990;173.262;188.944;194.660;110.480; 44.480;258.710
2002-05-23 06:50:00;166.018; 52.323;208.900;123.143;1317.460;405.483;   null;208.128; 87.828;150.187;288.105; 95.641;156.700;195.734;172.156;189.424;193.712;111.174; 44.590;257.240
2002-05-23 06:55:00;166.542; 50.327;208.633;122.027;1327.320;402.167;   null;209.746; 87.334;153.250;289.681; 97.303;156.940;199.576;172.866;189.034;195.386;110.794; 44.296;256.180
2002-05-23 07:00:00;167.616; 51.150;210.133;123.380;1313.833;402.420;102.622;204.062; 86.558;153.197;289.785; 95.059;157.860;200.172;172.320;189.144;193.450;112.046; 44.484;258.108
2002-05-23 07:05:00;166.634; 50.997;209.933;121.547;1322.760;404.887;   null;206.376; 87.332;151.580;289.644; 95.653;156.960;197.268;174.824;190.784;193.164;111.516; 44.360;257.542
2002-05-23 07:10:00;168.102; 51.043;207.267;124.453;1329.160;403.113;   null;208.162; 87.484;152.940;289.215; 97.175;157.240;198.596;173.720;188.356;194.914;109.552; 45.036;256.030
2002-05-23 07:15:00;167.024; 52.237;205.367;123.713;1328.520;400.643;101.809;206.998; 87.768;153.840;287.173; 95.395;157.780;195.686;173.260;188.554;192.548;111.418; 44.230;256.266
2002-05-23 07:20:00;168.244; 51.810;205.867;125.413;1325.020;403.923;   null;206.402; 86.608;154.977;290.969; 94.271;157.380;197.090;173.342;188.542;195.904;111.224; 44.814;256.246
2002-05-23 07:25:00;167.390; 51.070;207.300;126.480;1320.640;405.233;   null;206.510; 88.248;154.190;288.861; 96.169;158.360;199.498;172.626;189.744;194.826;110.484; 44.616;258.056
2002-05-23 07:30:00;169.306; 51.693;210.733;124.083;1332.120;407.520;102.476;206.740; 86.094;153.817;286.278; 97.982;157.220;195.486;176.418;188.368;196.606;111.768; 45.156;258.482
2002-05-23 07:35:00;167.238; 50.800;208.800;125.053;1326.860;403.010;   null;207.508; 87.636;153.353;290.824; 95.684;159.160;196.234;171.606;188.242;194.376;111.836; 44.836;258.462
2002-05-23 07:40:00;168.318; 51.883;209.333;126.103;1328.460;404.743;   null;210.442; 88.020;154.043;289.247; 94.987;157.540;197.202;172.932;189.252;191.832;110.818; 44.792;259.250
2002-05-23 07:45:00;165.292; 51.307;207.833;123.053;1331.740;409.280;102.755;211.100; 86.652;155.253;290.931; 95.651;158.240;195.740;171.216;188.592;192.820;111.822; 45.210;256.542
2002-05-23 07:50:00;168.550; 53.220;208.733;123.270;1329.600;407.057;   null;210.330; 87.452;154.200;289.466; 97.072;157.100;196.978;172.108;188.716;192.144;111.284; 44.286;257.512
2002-05-23 07:55:00;167.238; 51.417;207.100;123.950;1336.580;409.196;   null;210.678; 88.728;152.117;286.242; 95.711;157.620;197.980;174.986;189.914;192.230;110.296; 44.766;258.026
2002-05-23 08:00:00;168.288; 51.003;206.533;125.007;1329.520;404.093;101.928;209.228; 86.866;152.220;288.750; 98.659;158.580;198.096;174.370;187.804;192.520;111.786; 44.622;257.182
2002-05-23 08:05:00;166.150; 51.417;208.133;123.280;1325.760;406.343;   null;207.752; 87.578;153.760;290.934; 98.112;159.740;199.800;174.090;188.076;195.646;110.604; 44.334;256.246
2002-05-23 08:10:00;166.636; 51.563;207.167;122.703;1331.740;404.047;   null;209.728; 88.614;153.667;286.779; 98.482;157.620;195.506;174.494;188.164;194.198;111.462; 44.568;260.534
2002-05-23 08:15:00;167.920; 52.133;206.733;123.743;1335.000;407.813;104.035;208.392; 87.734;153.337;289.463; 96.515;156.820;197.252;174.292;188.800;195.066;111.802; 44.904;257.992
2002-05-23 08:20:00;166.134; 49.660;207.933;123.143;1326.480;406.393;   null;210.748; 87.472;156.197;288.172; 96.044;157.200;194.968;172.230;189.690;194.686;110.910; 44.210;259.168
2002-05-23 08:25:00;164.488; 52.207;205.233;121.963;1332.540;407.053;   null;210.012; 87.128;154.300;290.505; 96.040;159.140;196.552;172.454;189.600;194.198;110.088; 44.344;259.504
2002-05-23 08:30:00;165.770; 51.920;208.933;124.893;1330.180;405.900;103.457;205.444; 88.728;154.250;285.455; 95.633;158.460;195.580;171.802;190.268;194.062;111.050; 44.316;256.786
2002-05-23 08:35:00;168.216; 51.940;207.633;124.667;1325.360;406.317;   null;207.384; 87.710;154.953;287.926; 95.328;158.280;194.828;173.860;190.934;193.440;110.930; 44.256;257.308
2002-05-23 08:40:00;165.568; 52.993;211.700;125.490;1336.120;407.767;   null;209.136; 87.664;153.260;283.412; 96.289;160.040;195.486;174.822;187.462;192.820;109.840; 44.838;259.642
2002-05-23 08:45:00;166.546; 51.857;207.833;123.610;1330.960;405.490;102.524;209.266; 88.258;153.633;287.777; 96.853;155.140;195.386;174.368;189.286;193.448;110.380; 44.564;258.232
2002-05-23 08:50:00;165.966; 51.213;207.867;124.060;1329.180;409.297;   null;206.876; 88.030;155.083;288.885; 95.598;158.060;195.452;174.994;190.424;193.170;110.262; 44.558;257.868
2002-05-23 08:55:00;164.356; 50.267;209.500;122.687;1328.180;409.583;   null;208.530; 87.514;155.740;286.415; 95.174;157.780;193.738;174.058;188.468;194.492;111.292; 44.846;258.440
2002-05-23 09:00:00;167.922; 51.370;206.733;122.600;1332.640;406.180;103.824;208.376; 88.770;154.747;287.235; 97.237;156.220;196.164;173.588;189.068;194.638;110.588; 44.492;261.068
2002-05-23 09:05:00;167.516; 51.193;207.967;124.100;1332.880;407.140;   null;208.098; 88.910;155.277;290.964; 96.122;159.420;194.742;174.406;190.752;192.330;111.758; 44.188;258.956
2002-05-23 09:10:00;167.478; 52.020;206.833;123.763;1334.980;408.290;   null;210.318; 87.760;152.387;288.387; 96.683;155.420;194.760;174.908;187.572;193.326;111.118; 44.714;258.346
2002-05-23 09:15:00;167.346; 50.927;207.833;123.223;1333.280;405.763;102.855;209.500; 87.838;153.620;290.389; 97.685;158.500;196.496;174.756;191.554;191.530;110.684; 44.364;260.346
2002-05-23 09:20:00;165.634; 50.270;207.867;121.783;1336.500;408.403;   null;210.274; 87.766;154.423;288.346; 97.460;157.940;194.754;173.814;189.344;193.148;110.348; 44.874;259.832
2002-05-23 09:25:00;167.072; 51.360;208.300;124.437;1338.940;404.777;   null;207.096; 88.052;155.257;285.835; 96.615;158.100;195.830;173.324;192.570;195.018;110.624; 43.644;259.106
2002-05-23 09:30:00;166.700; 50.423;205.433;125.617;1337.020;406.033;103.362;207.818; 88.270;155.830;287.162; 97.375;157.840;196.482;170.934;188.992;194.426;110.682; 44.310;259.926
2002-05-23 09:35:00;167.602; 51.423;205.467;124.687;1329.500;411.283;   null;209.946; 89.946;152.380;285.363; 96.189;157.200;197.640;171.474;189.668;192.884;111.868; 44.822;258.206
2002-05-23 09:40:00;168.406; 52.163;209.167;122.527;1339.680;405.420;   null;210.956; 87.952;152.967;286.512; 99.294;156.780;196.384;172.522;190.042;195.730;110.766; 45.532;260.110
2002-05-23 09:45:00;167.586; 52.010;209.267;127.480;1328.900;406.253;103.070;209.044; 88.720;153.577;290.283; 96.638;157.100;198.088;175.122;191.066;195.136;111.556; 44.460;261.786
2002-05-23 09:50:00;167.002; 50.640;209.867;122.723;1335.100;408.953;   null;208.618; 89.670;156.693;289.207; 97.319;158.580;194.318;174.094;191.064;194.250;111.834; 44.856;259.344
2002-05-23 09:55:00;164.294; 50.813;209.900;124.683;1338.600;407.777;   null;206.478; 87.742;154.640;292.114; 95.997;157.340;198.192;173.414;192.612;197.464;111.048; 44.858;264.184
2002-05-23 10:00:00;164.736; 51.983;211.233;125.733;1333.680;407.990;104.184;213.450; 88.230;154.677;289.993; 98.373;157.820;194.760;172.920;188.146;193.968;112.052; 44.578;262.158
2002-05-23 10:05:00;168.330; 52.030;207.000;124.497;1333.880;409.407;   null;208.198; 89.628;154.424;287.276; 99.412;158.480;196.658;173.652;189.766;197.134;110.276; 45.212;260.296
2002-05-23 10:10:00;164.952; 51.373;210.433;122.660;1340.640;406.373;   null;207.902; 89.558;156.317;289.426; 96.104;158.960;195.588;172.814;190.984;193.866;112.450; 45.370;263.840
2002-05-23 10:15:00;167.668; 51.130;206.500;123.670;1331.840;406.560;103.592;207.664; 88.868;154.617;289.674; 96.090;159.020;197.970;172.606;190.130;196.466;110.702; 45.694;262.350
2002-05-23 10:20:00;167.336; 51.727;208.567;126.013;1339.000;409.630;   null;208.774; 88.248;153.390;288.346; 97.883;155.920;195.012;173.268;192.174;194.984;110.272; 45.112;263.184
2002-05-23 10:25:00;167.662; 50.890;206.133;125.163;1330.480;407.067;   null;207.224; 89.718;156.043;289.318; 98.490;157.780;197.444;173.258;191.576;194.960;111.226; 45.484;262.416
2002-05-23 10:30:00;166.036; 50.633;208.000;126.640;1335.740;406.440;103.299;207.842; 88.468;155.440;288.705; 96.915;158.880;194.992;172.828;190.986;194.630;111.700; 45.234;261.626
2002-05-23 10:35:00;167.278; 51.533;208.400;125.163;1337.020;408.833;   null;209.768; 89.204;155.060;288.351; 98.614;157.540;196.660;172.916;192.774;194.766;111.360; 46.018;264.952
2002-05-23 10:40:00;166.554; 51.177;207.967;124.770;1336.780;409.737;   null;206.454; 88.012;156.260;288.315; 97.682;159.720;195.412;173.668;192.416;194.724;111.408; 45.202;262.764
2002-05-23 10:45:00;167.314; 52.580;210.533;125.367;1340.520;409.530;104.341;209.640; 89.672;155.080;286.601; 97.572;160.860;197.354;172.936;192.556;193.508;111.902; 44.740;263.468
2002-05-23 10:50:00;168.104; 51.077;210.100;123.477;1329.560;407.880;   null;211.628; 89.586;153.077;286.566; 96.862;158.120;195.508;172.678;193.702;193.874;112.332; 45.006;260.820
2002-05-23 10:55:00;166.780; 50.413;210.967;124.070;1321.200;409.403;   null;211.306; 88.626;158.167;288.423; 99.113;158.600;192.930;172.364;192.640;193.852;112.146; 45.064;261.116
2002-05-23 11:00:00;167.158; 51.763;208.600;122.490;1319.380;403.133;104.259;210.494; 87.422;157.323;287.808; 98.806;160.900;193.066;170.764;192.568;194.212;112.084; 44.416;260.932
2002-05-23 11:05:00;166.038; 50.907;209.367;122.903;1320.780;405.417;   null;207.958; 88.278;156.130;285.842; 98.147;159.520;193.510;171.802;192.984;194.260;111.240; 44.116;259.950
2002-05-23 11:10:00;167.212; 51.557;209.333;124.157;1324.560;406.210;   null;208.386; 87.152;156.490;287.318; 98.196;159.760;191.828;168.482;189.574;193.498;111.816; 44.966;257.834
2002-05-23 11:15:00;165.670; 51.077;208.100;122.213;1317.260;407.580;103.550;208.388; 87.628;154.637;286.272; 98.811;159.740;192.462;170.594;189.922;194.694;111.144; 44.394;258.542
2002-05-23 11:20:00;164.848; 51.457;206.533;123.450;1308.620;405.210;   null;210.246; 89.154;154.977;287.741; 97.772;159.220;189.508;169.740;191.366;192.046;111.784; 44.286;259.410
2002-05-23 11:25:00;164.888; 50.947;207.767;123.850;1303.500;402.560;   null;209.976; 87.828;154.946;285.348; 96.956;159.480;191.442;167.038;193.044;192.440;110.634; 45.084;259.092
2002-05-23 11:30:00;163.836; 50.017;210.367;122.197;1295.140;400.100;101.847;206.024; 87.416;155.067;285.240; 97.004;158.760;191.038;166.486;190.636;195.118;109.882; 44.888;256.252
2002-05-23 11:35:00;165.892; 50.823;210.233;123.863;1284.720;400.740;   null;209.238; 88.372;154.777;282.940; 96.524;156.980;187.680;163.750;193.054;192.168;109.448; 44.322;260.314
2002-05-23 11:40:00;164.572; 49.240;207.633;124.030;1270.840;403.287;   null;207.038; 88.478;154.780;275.128; 97.433;157.960;189.192;162.896;190.088;194.886;109.582; 44.820;258.144
2002-05-23 11:45:00;164.176; 51.287;210.700;121.330;1267.260;401.097;103.484;208.090; 88.800;154.253;278.532; 97.354;157.820;188.868;164.848;190.212;193.732;108.382; 45.002;259.914
2002-05-23 11:50:00;164.468; 50.240;206.767;121.427;1269.180;402.847;   null;205.364; 88.518;154.214;274.926; 95.985;156.920;187.062;166.718;188.410;192.766;109.122; 44.672;259.272
2002-05-23 11:55:00;162.800; 48.897;210.533;120.230;1267.100;396.800;   null;206.036; 87.634;153.413;273.744; 96.435;154.600;186.502;164.746;188.072;191.634;106.964; 45.114;262.014
2002-05-23 12:00:00;161.848; 50.450;208.467;119.543;1268.060;396.300;101.225;203.884; 87.718;151.760;276.502; 96.205;154.840;184.434;164.982;185.166;190.722;105.602; 44.762;260.340
2002-05-23 12:05:00;162.642; 48.203;206.067;121.553;1272.180;395.207;   null;199.970; 87.040;149.993;281.695; 94.248;150.740;189.590;167.130;185.678;190.536;107.160; 45.070;257.174
2002-05-23 12:10:00;164.602; 49.083;205.033;122.390;1271.300;395.307;   null;201.400; 87.746;152.093;281.658; 93.699;153.000;186.808;165.010;183.428;189.870;105.894; 44.200;257.046
2002-05-23 12:15:00;164.732; 49.703;207.700;120.670;1272.880;398.410;101.270;204.518; 87.144;153.143;276.492; 95.078;153.880;186.144;166.162;183.526;188.284;106.462; 43.468;251.734
2002-05-23 12:20:00;165.008; 49.563;209.900;119.933;1276.760;399.247;   null;202.752; 87.176;150.823;277.314; 95.349;153.800;186.878;162.624;187.862;190.306;106.362; 43.362;248.438
2002-05-23 12:25:00;164.720; 51.293;206.733;122.687;1281.380;400.503;   null;204.626; 88.258;152.813;277.624; 95.065;153.340;188.296;166.828;188.994;189.982;106.676; 43.368;251.088
2002-05-23 12:30:00;164.528; 50.947;207.767;122.973;1277.600;401.067;101.319;205.674; 86.718;151.400;280.057; 93.916;155.200;188.122;167.104;186.170;191.840;106.852; 42.568;251.328
2002-05-23 12:35:00;164.928; 50.677;207.700;122.503;1291.220;401.000;   null;201.712; 88.396;152.760;277.814; 92.253;155.360;186.490;168.320;189.160;191.070;108.606; 44.166;252.342
2002-05-23 12:40:00;163.610; 50.307;206.733;122.017;1294.800;399.576;   null;204.932; 87.668;152.417;281.364; 95.834;154.060;189.362;164.746;188.024;192.092;107.864; 43.442;252.478
2002-05-23 12:45:00;164.272; 52.893;210.133;125.163;1298.780;404.030;102.636;205.328; 88.138;150.617;280.864; 94.251;154.040;190.188;166.062;189.894;193.542;109.008; 44.182;255.904
2002-05-23 12:50:00;165.898; 51.033;208.533;123.297;1306.780;402.787;   null;203.204; 86.904;151.493;282.437; 94.725;155.060;191.880;165.708;191.318;192.904;108.068; 44.658;253.686
2002-05-23 12:55:00;169.656; 50.763;208.867;123.857;1319.120;402.613;   null;205.634; 86.050;152.087;281.195; 92.799;153.160;192.274;169.086;190.568;193.804;107.286; 42.918;254.226
2002-05-23 13:00:00;166.816; 51.357;210.767;124.477;1310.220;404.070;101.514;205.488; 89.680;153.423;282.302; 95.066;153.860;191.974;167.956;188.252;191.940;109.620; 43.920;253.324
2002-05-23 13:05:00;167.488; 51.383;211.233;123.833;1311.660;406.593;   null;202.664; 86.976;153.420;283.130; 95.545;154.940;191.802;167.548;189.302;191.850;108.510; 44.036;256.540
2002-05-23 13:10:00;165.520; 51.137;209.067;123.050;1310.480;403.123;   null;204.126; 88.304;152.760;281.123; 95.981;153.800;192.678;168.550;189.712;192.220;108.716; 44.664;257.662
2002-05-23 13:15:00;166.420; 51.123;207.567;123.490;1309.360;399.480;101.133;201.492; 87.526;152.463;281.811; 94.029;155.100;192.020;169.870;190.194;192.652;105.622; 43.924;254.150
2002-05-23 13:20:00;166.640; 51.777;207.833;123.647;1303.600;401.637;   null;203.888; 88.084;150.820;277.433; 94.901;152.200;190.872;168.784;188.670;192.136;107.290; 43.872;256.612
2002-05-23 13:25:00;167.240; 52.113;208.867;123.433;1315.200;402.513;   null;202.790; 88.488;149.400;275.473; 93.842;154.620;190.310;168.014;187.670;191.362;108.406; 43.992;253.868
2002-05-23 13:30:00;165.226; 50.620;206.633;124.107;1311.280;399.047;101.670;205.682; 86.438;148.673;278.146; 94.135;155.540;189.258;167.164;187.740;189.274;106.996; 44.010;256.192
2002-05-23 13:35:00;166.668; 50.280;205.767;123.140;1303.600;400.477;   null;203.602; 86.432;151.526;275.507; 92.778;154.180;187.692;165.418;186.894;190.484;108.782; 43.060;253.328
2002-05-23 13:40:00;166.630; 49.693;207.333;121.577;1304.860;403.116;   null;203.634; 86.634;149.310;275.899; 94.909;154.300;188.460;165.926;186.416;190.860;107.516; 42.896;250.020
2002-05-23 13:45:00;166.118; 49.373;206.467;121.733;1293.820;403.350;102.269;203.602; 84.998;151.413;278.395; 94.483;155.860;188.674;164.680;187.076;187.716;109.614; 43.056;249.506
2002-05-23 13:50:00;164.814; 50.513;205.567;123.117;1307.140;399.637;   null;202.998; 87.678;149.210;278.039; 94.473;154.320;187.474;164.186;185.878;188.126;107.086; 42.032;250.002
2002-05-23 13:55:00;164.570; 49.980;204.233;121.497;1289.700;398.920;   null;204.372; 85.230;151.743;274.415; 93.752;153.760;187.040;166.026;184.286;187.908;108.326; 42.324;247.572
2002-05-23 14:00:00;165.254; 49.873;205.000;123.987;1298.380;397.490;101.306;200.100; 86.772;151.287;273.239; 94.470;154.280;186.920;164.754;186.162;186.956;107.776; 42.642;249.616
2002-05-23 14:05:00;162.630; 50.240;203.100;121.180;1291.980;400.047;   null;201.318; 86.452;152.967;273.503; 95.323;152.980;187.362;164.728;184.694;190.350;108.812; 42.862;248.044
2002-05-23 14:10:00;164.574; 49.787;203.000;122.337;1292.120;400.470;   null;204.004; 86.382;151.433;273.361; 93.902;153.560;186.346;163.364;183.408;188.918;108.088; 42.384;248.634
2002-05-23 14:15:00;165.156; 50.527;201.900;122.170;1298.740;399.867;101.385;203.740; 85.970;149.477;273.682; 95.087;154.160;187.180;162.800;184.154;186.812;109.496; 42.628;246.984
2002-05-23 14:20:00;162.748; 51.330;206.433;121.467;1294.940;398.333;   null;204.084; 85.268;152.200;275.390; 94.848;155.340;185.912;163.358;184.254;189.294;107.692; 42.404;248.822
2002-05-23 14:25:00;165.428; 52.013;205.100;122.777;1283.080;400.940;   null;202.870; 85.784;151.173;274.381; 96.337;154.940;185.252;162.236;185.634;189.330;107.230; 42.600;245.338
2002-05-23 14:30:00;162.696; 50.290;205.533;122.093;1289.700;402.807;101.759;203.994; 87.282;150.983;272.826; 94.570;154.540;184.566;163.916;182.058;188.300;109.076; 43.064;245.214
2002-05-23 14:35:00;166.188; 50.810;202.433;124.453;1282.220;399.633;   null;204.342; 85.596;150.633;275.640; 95.390;155.020;186.238;163.944;184.236;188.636;108.822; 42.292;244.518
2002-05-23 14:40:00;164.624; 50.667;205.633;122.573;1278.880;399.410;   null;201.602; 85.762;154.033;275.070; 95.861;152.340;185.464;163.494;186.894;188.770;108.984; 42.848;245.460
2002-05-23 14:45:00;163.222; 50.247;204.067;122.887;1281.820;396.617;101.435;204.290; 85.992;150.957;272.919; 95.489;153.260;187.566;163.246;188.066;189.606;108.514; 42.170;248.188
2002-05-23 14:50:00;163.770; 51.233;204.600;123.450;1277.220;398.723;   null;205.884; 86.804;152.523;274.086; 94.081;156.180;185.014;165.610;188.968;190.086;107.830; 41.592;246.528
2002-05-23 14:55:00;162.974; 51.223;201.533;121.440;1277.540;401.020;   null;200.960; 88.026;151.473;272.008; 95.350;154.600;184.582;165.208;188.020;190.064;107.496; 42.582;245.752
2002-05-23 15:00:00;163.240; 50.337;202.967;120.560;1272.480;397.040;100.980;202.422; 86.104;150.877;272.057; 96.796;155.540;187.936;164.176;186.566;188.234;107.446; 41.832;244.548
2002-05-23 15:05:00;162.460; 49.773;203.833;121.830;1272.320;399.023;   null;203.634; 85.730;150.860;271.256; 94.025;153.600;184.970;164.400;187.752;188.540;107.094; 41.676;245.482
2002-05-23 15:10:00;163.224; 49.360;203.500;121.660;1267.000;400.750;   null;201.680; 85.694;151.597;270.778; 96.371;153.620;184.356;162.958;187.576;186.986;107.204; 42.340;243.522
2002-05-23 15:15:00;162.376; 50.003;201.033;121.180;1267.820;398.374;102.055;199.508; 84.586;153.397;271.027; 95.013;153.040;184.734;162.416;188.268;185.166;106.842; 41.360;243.244
2002-05-23 15:20:00;163.756; 50.343;199.933;120.340;1270.820;397.817;   null;204.930; 86.284;152.170;270.280; 95.752;153.420;183.350;160.676;187.192;184.870;105.868; 41.772;240.020
2002-05-23 15:25:00;162.776; 49.440;204.100;120.807;1261.520;399.277;   null;204.744; 85.404;150.080;271.967; 95.435;152.820;183.726;161.902;187.364;184.366;106.770; 41.756;244.252
2002-05-23 15:30:00;163.548; 49.867;202.733;118.693;1263.500;394.576;100.644;202.012; 86.330;152.400;270.098; 93.902;154.600;183.022;162.160;181.146;185.416;106.394; 41.824;243.734
2002-05-23 15:35:00;163.584; 48.800;199.933;119.330;1267.480;391.290;   null;201.970; 84.990;149.890;271.570; 93.789;152.160;186.414;162.758;181.490;185.190;104.816; 41.976;244.856
2002-05-23 15:40:00;161.846; 50.080;202.800;119.603;1262.480;387.373;   null;198.770; 84.374;148.840;271.458; 94.671;154.420;181.968;166.350;184.214;184.694;106.022; 41.844;245.490
2002-05-23 15:45:00;162.480; 49.007;201.433;120.443;1264.960;386.317;100.412;199.736; 80.772;150.777;269.295; 95.648;151.300;181.776;163.300;182.390;185.444;104.468; 41.538;242.510
2002-05-23 15:50:00;161.712; 49.810;202.900;119.167;1260.640;384.677;   null;197.370; 83.890;149.313;270.799; 92.712;152.560;182.782;162.278;181.178;184.322;105.662; 41.596;247.098
2002-05-23 15:55:00;161.028; 49.603;202.167;119.487;1267.040;386.127;   null;202.056; 83.814;149.733;268.692; 92.815;152.300;185.160;162.422;181.104;183.736;106.608; 41.610;241.526
2002-05-23 16:00:00;163.802; 49.677;201.633;119.713;1269.020;388.936; 98.981;200.898; 82.690;152.100;272.202; 93.640;150.320;185.396;162.912;180.002;183.706;105.610; 41.866;242.614
2002-05-23 16:05:00;166.296; 49.717;202.167;119.923;1280.900;388.160;   null;200.694; 82.786;152.630;269.791; 92.709;150.960;188.516;162.792;179.194;185.694;106.374; 42.002;243.422
2002-05-23 16:10:00;161.976; 49.310;201.433;121.907;1284.160;390.870;   null;201.468; 81.860;148.643;272.924; 92.002;150.460;186.438;166.136;179.416;184.044;104.624; 41.464;241.572
2002-05-23 16:15:00;163.658; 49.517;199.400;119.380;1279.100;388.520; 99.009;200.052; 81.192;146.260;270.175; 92.203;150.180;187.064;163.600;180.898;182.590;105.362; 40.868;241.498
2002-05-23 16:20:00;165.262; 49.697;200.567;120.550;1278.460;393.243;   null;201.790; 83.612;146.873;272.631; 91.281;150.540;187.144;164.522;178.152;182.984;105.794; 41.444;240.652
2002-05-23 16:25:00;164.794; 50.723;198.200;119.957;1290.740;391.733;   null;201.280; 84.180;149.323;272.760; 91.998;149.700;187.880;164.484;179.826;180.508;104.962; 40.962;242.210
2002-05-23 16:30:00;165.538; 51.070;199.733;121.340;1289.240;392.223; 99.707;200.706; 84.564;147.463;269.767; 91.130;149.840;187.780;164.926;177.930;184.818;105.034; 41.254;239.778
2002-05-23 16:35:00;161.818; 50.310;201.600;121.320;1295.320;393.003;   null;202.760; 82.966;145.620;271.394; 91.418;150.820;185.592;163.922;179.056;183.072;104.184; 41.770;240.448
2002-05-23 16:40:00;164.344; 50.563;198.700;122.677;1295.020;394.303;   null;200.168; 83.712;146.987;272.256; 91.467;150.380;186.034;161.952;180.582;183.240;103.654; 41.564;240.512
2002-05-23 16:45:00;163.130; 50.313;202.500;121.310;1286.960;395.843;100.252;198.400; 84.480;149.813;268.758; 92.192;151.500;184.348;163.808;178.514;184.396;106.098; 41.550;242.222
2002-05-23 16:50:00;161.500; 50.470;201.133;121.537;1286.300;397.050;   null;199.328; 83.836;148.843;270.524; 93.745;151.860;185.642;163.550;180.386;182.500;105.010; 41.052;241.324
2002-05-23 16:55:00;163.740; 50.307;201.933;121.530;1295.020;394.070;   null;200.826; 83.990;146.950;269.252; 92.764;151.160;185.326;164.596;179.660;183.274;104.122; 41.446;241.374
2002-05-23 17:00:00;163.000; 49.790;200.933;121.733;1291.420;392.763; 99.915;197.798; 85.178;149.470;269.655; 93.546;149.840;183.818;165.062;178.762;184.850;104.668; 40.880;241.570
2002-05-23 17:05:00;165.180; 49.647;203.133;120.413;1297.280;393.663;   null;199.236; 84.768;149.427;271.611; 92.469;148.820;184.344;162.434;180.960;183.754;103.746; 40.532;240.860
2002-05-23 17:10:00;161.978; 49.957;201.833;122.967;1296.860;391.613;   null;198.908; 82.846;147.967;272.741; 93.758;151.020;184.400;161.456;179.418;182.164;104.708; 41.188;244.846
2002-05-23 17:15:00;162.654; 50.077;202.900;121.257;1296.300;396.193;100.450;199.324; 83.062;148.947;269.495; 90.952;151.720;185.340;164.906;180.008;183.080;105.064; 41.728;243.700
2002-05-23 17:20:00;165.172; 50.387;203.667;121.873;1292.600;393.910;   null;198.888; 84.106;147.520;270.885; 94.130;150.600;184.094;163.250;180.476;181.920;105.914; 41.848;242.480
2002-05-23 17:25:00;163.948; 50.273;201.300;122.480;1289.480;398.216;   null;201.072; 84.640;148.000;270.722; 91.726;152.920;184.584;164.116;182.282;184.428;106.116; 41.390;242.964
2002-05-23 17:30:00;162.932; 49.087;200.233;119.763;1287.300;394.617;101.345;201.286; 84.602;149.193;272.379; 92.097;152.180;184.988;163.888;178.212;184.284;105.018; 41.630;243.978
2002-05-23 17:35:00;164.486; 49.787;202.200;123.397;1285.680;394.150;   null;205.586; 83.644;148.310;273.295; 92.289;150.700;184.414;165.176;180.786;183.172;104.616; 42.290;241.850
2002-05-23 17:40:00;163.108; 49.837;202.767;122.120;1282.040;394.120;   null;203.210; 84.210;149.543;270.970; 92.087;151.740;185.396;163.690;182.596;184.898;104.834; 41.694;242.076
2002-05-23 17:45:00;165.436; 50.213;203.433;121.023;1295.840;394.787; 99.848;201.446; 85.194;148.403;269.117; 93.897;152.060;184.802;164.990;180.556;182.914;106.606; 41.562;244.826
2002-05-23 17:50:00;165.260; 51.270;201.733;121.757;1283.060;393.310;   null;201.216; 83.974;149.680;269.589; 94.013;152.820;184.374;165.220;178.070;185.142;106.104; 41.844;244.832
2002-05-23 17:55:00;165.042; 49.883;203.967;122.713;1291.080;397.440;   null;200.166; 83.480;147.927;269.518; 92.550;152.160;184.034;163.160;179.378;182.804;106.980; 42.040;241.584
2002-05-23 18:00:00;164.708; 50.397;202.867;121.293;1288.900;395.677;100.726;203.920; 83.558;149.797;270.361; 95.676;152.580;184.652;165.024;182.590;182.328;105.142; 42.102;244.002
2002-05-23 18:05:00;163.444; 50.483;202.167;120.953;1288.680;397.690;   null;203.518; 85.262;149.083;273.692; 93.770;155.400;186.010;163.294;179.672;183.018;106.828; 42.018;244.908
2002-05-23 18:10:00;164.446; 49.693;206.133;121.873;1289.140;397.510;   null;205.460; 84.264;150.763;273.166; 93.788;155.040;187.284;164.240;180.120;185.116;106.940; 41.608;243.114
2002-05-23 18:15:00;162.786; 49.837;204.767;123.523;1286.340;397.673;100.725;201.410; 83.282;149.417;271.983; 93.962;152.780;184.974;164.766;181.354;184.870;104.064; 42.242;245.358
2002-05-23 18:20:00;162.948; 49.747;204.067;122.083;1278.380;401.947;   null;202.050; 83.734;147.247;272.136; 94.436;154.320;186.070;165.156;181.794;185.268;107.120; 41.920;243.352
2002-05-23 18:25:00;162.902; 49.893;202.033;119.570;1286.860;400.757;   null;202.512; 83.376;149.523;272.405; 94.710;152.280;183.324;163.354;179.778;186.592;106.188; 41.794;244.110
2002-05-23 18:30:00;161.578; 50.017;204.700;120.763;1279.100;399.910;101.077;203.764; 83.968;148.147;273.645; 95.304;154.100;183.824;164.682;183.098;186.170;105.582; 41.816;241.592
2002-05-23 18:35:00;163.138; 50.320;203.400;121.517;1277.900;399.687;   null;200.828; 85.180;147.503;272.989; 93.207;153.460;184.768;164.076;182.348;184.732;106.988; 42.052;242.064
2002-05-23 18:40:00;162.206; 50.230;200.267;121.127;1272.660;399.627;   null;200.798; 83.776;149.900;271.317; 93.768;153.100;186.376;161.070;181.074;185.936;105.816; 41.728;242.778
2002-05-23 18:45:00;163.464; 51.373;203.867;122.133;1275.420;400.580;101.341;200.572; 84.758;149.877;270.394; 94.251;151.960;185.984;164.014;183.018;184.248;106.182; 41.734;242.316
2002-05-23 18:50:00;162.758; 49.933;202.233;120.943;1277.840;398.680;   null;201.354; 83.008;149.177;273.526; 95.824;153.000;184.316;164.460;184.884;185.746;107.160; 41.254;242.440
2002-05-23 18:55:00;163.006; 50.257;202.567;120.017;1266.980;392.787;   null;202.832; 83.082;150.067;274.692; 93.420;153.820;185.760;162.338;183.056;184.838;105.954; 41.418;244.600
2002-05-23 19:00:00;160.704; 49.643;203.100;120.537;1274.100;395.013;100.423;197.884; 83.562;149.767;272.625; 94.331;153.580;185.628;164.256;182.658;184.196;106.646; 41.454;242.550
2002-05-23 19:05:00;162.372; 49.877;202.867;120.793;1271.120;396.530;   null;200.148; 83.470;147.263;270.712; 95.192;154.340;187.072;161.932;182.630;184.658;104.372; 41.614;242.052
2002-05-23 19:10:00;161.348; 50.340;201.833;120.807;1272.380;393.543;   null;199.988; 85.204;147.917;273.382; 95.140;151.960;185.678;164.324;181.728;185.694;106.760; 41.796;241.026
2002-05-23 19:15:00;162.126; 48.947;204.433;119.253;1271.100;395.143;100.265;200.340; 84.520;148.117;272.717; 93.898;152.640;185.200;163.520;184.378;188.266;106.296; 41.498;241.424
2002-05-23 19:20:00;161.228; 49.717;203.000;121.300;1277.060;391.457;   null;199.822; 83.740;149.773;269.745; 94.111;151.740;186.116;163.412;182.064;186.366;106.146; 40.934;241.214
2002-05-23 19:25:00;160.454; 49.270;203.300;119.903;1276.480;389.103;   null;197.474; 83.730;148.147;273.007; 91.974;152.240;185.856;165.098;184.840;185.024;105.906; 41.004;242.222
2002-05-23 19:30:00;163.342; 49.833;204.600;118.230;1276.720;390.523; 99.976;200.938; 84.966;148.527;275.400; 93.562;153.600;184.780;163.702;180.680;186.350;105.572; 41.196;242.034
2002-05-23 19:35:00;162.084; 48.610;201.367;120.953;1279.080;390.137;   null;198.918; 84.354;149.080;274.911; 94.217;151.640;185.300;164.278;181.256;185.570;106.076; 41.846;242.816
2002-05-23 19:40:00;164.498; 48.833;204.733;119.160;1272.700;389.527;   null;197.110; 83.356;148.847;274.519; 92.543;152.940;184.928;164.816;181.670;187.872;105.960; 41.738;242.242
2002-05-23 19:45:00;162.800; 48.967;203.833;119.787;1271.000;393.717; 99.203;201.216; 84.022;148.123;273.865; 91.276;150.720;187.392;162.138;181.812;184.218;106.418; 41.402;240.734
2002-05-23 19:50:00;161.880; 49.840;203.633;119.587;1276.560;391.377;   null;200.726; 83.818;147.523;272.365; 93.770;153.140;185.958;163.274;183.520;185.442;104.220; 41.210;244.472
2002-05-23 19:55:00;162.652; 50.313;204.033;119.450;1277.100;393.427;   null;198.546; 83.584;148.727;270.865; 92.318;151.720;184.304;164.636;183.854;185.232;105.690; 41.448;242.288
2002-05-23 20:00:00;162.866; 50.130;203.567;119.657;1272.680;390.233; 99.505;199.382; 84.548;149.457;272.783; 92.245;148.980;184.442;164.362;183.208;184.806;105.552; 41.330;244.442
2002-05-23 20:05:00;164.048; 49.947;200.533;120.357;1281.040;390.047;   null;200.412; 83.958;145.963;273.796; 93.418;149.840;184.120;162.264;183.934;184.556;106.164; 42.062;244.010
2002-05-23 20:10:00;164.500; 49.167;201.700;119.523;1280.520;388.260;   null;196.920; 84.886;148.833;273.168; 91.705;152.640;185.570;160.916;182.018;185.616;106.634; 41.678;244.350
2002-05-23 20:15:00;162.892; 51.267;200.767;121.260;1286.640;390.964;100.115;198.518; 83.806;147.863;274.598; 93.657;152.900;185.922;162.770;181.638;188.620;107.002; 42.430;245.586
2002-05-23 20:20:00;163.758; 50.510;200.867;118.923;1285.240;388.100;   null;203.778; 83.912;147.140;272.550; 94.431;151.980;182.906;166.192;183.092;186.226;105.324; 43.032;245.382
2002-05-23 20:25:00;163.298; 49.800;200.867;118.933;1291.480;389.923;   null;199.048; 84.804;149.453;271.759; 92.360;151.920;185.590;163.486;183.448;184.864;104.910; 41.486;243.932
2002-05-23 20:30:00;163.154; 50.707;200.400;120.167;1294.320;388.647;100.434;202.228; 83.974;147.277;274.675; 94.869;152.920;187.158;163.314;182.864;185.692;106.020; 42.666;243.862
2002-05-23 20:35:00;163.472; 50.713;202.400;119.007;1297.180;392.213;   null;200.240; 83.476;148.810;272.863; 92.421;150.980;185.396;162.682;180.998;186.058;105.660; 42.806;247.002
2002-05-23 20:40:00;163.512; 50.417;204.733;121.297;1295.840;389.073;   null;199.046; 84.134;150.920;273.987; 92.915;151.960;184.650;164.634;182.802;185.434;106.092; 42.064;246.610
2002-05-23 20:45:00;160.762; 50.563;200.300;120.580;1296.040;392.537;100.196;200.576; 85.576;148.153;271.758; 92.075;151.660;184.620;164.050;184.982;186.186;106.444; 41.654;245.600
2002-05-23 20:50:00;164.594; 49.990;202.633;121.360;1291.100;395.173;   null;200.536; 84.264;148.643;272.848; 93.586;152.180;187.614;162.512;182.308;186.456;107.178; 42.622;243.634
2002-05-23 20:55:00;164.612; 49.733;204.533;119.287;1289.540;392.897;   null;197.630; 85.892;149.173;271.839; 93.972;151.840;187.872;163.220;185.670;186.182;106.384; 42.994;244.950
2002-05-23 21:00:00;161.808; 49.670;201.467;120.030;1286.760;390.490;100.066;198.380; 83.544;148.820;271.814; 95.502;151.540;185.954;163.914;183.780;184.656;106.424; 41.784;245.666
2002-05-23 21:05:00;164.574; 50.043;204.567;119.400;1281.520;387.663;   null;199.950; 85.824;148.637;274.380; 92.755;150.800;185.032;163.602;186.246;187.122;106.204; 42.374;244.186
2002-05-23 21:10:00;164.704; 50.103;203.833;119.923;1284.300;390.677;   null;200.130; 86.062;148.570;275.215; 93.924;152.140;186.544;162.468;186.428;185.856;106.494; 43.148;248.164
2002-05-23 21:15:00;162.808; 50.483;204.800;121.660;1289.200;393.203; 99.304;199.086; 84.752;147.957;275.780; 92.340;150.480;183.250;162.478;184.150;186.160;107.162; 41.978;244.978
2002-05-23 21:20:00;163.536; 51.283;206.333;121.060;1288.600;389.700;   null;197.758; 85.942;148.803;274.458; 91.573;150.160;184.636;164.438;186.232;184.846;105.658; 42.232;247.396
2002-05-23 21:25:00;163.072; 49.657;205.767;121.363;1287.640;392.130;   null;199.296; 86.414;149.877;275.126; 93.289;149.820;183.718;160.488;184.130;186.328;105.110; 42.282;248.740
2002-05-23 21:30:00;163.488; 51.473;203.533;122.027;1290.640;393.040; 99.741;198.676; 85.616;149.377;273.840; 94.050;152.440;183.424;167.618;184.118;187.514;105.712; 42.266;248.808
2002-05-23 21:35:00;162.842; 48.687;205.200;121.363;1284.860;392.530;   null;200.420; 86.074;146.190;275.446; 93.175;151.820;185.984;163.520;183.624;186.560;106.546; 42.524;247.990
2002-05-23 21:40:00;165.120; 48.330;203.533;121.040;1285.020;394.020;   null;201.358; 86.116;148.060;272.703; 93.805;150.540;185.706;164.772;182.544;185.528;106.382; 42.472;247.962
2002-05-23 21:45:00;162.702; 49.553;203.700;121.687;1281.500;391.617; 99.864;197.054; 86.502;149.020;272.677; 91.956;151.620;183.808;162.126;182.526;183.070;105.876; 42.670;247.388
2002-05-23 21:50:00;164.004; 50.983;205.833;120.860;1281.880;398.450;   null;201.406; 86.352;150.110;273.302; 92.902;151.260;185.398;162.334;183.818;185.736;104.606; 43.240;245.624
2002-05-23 21:55:00;164.922; 49.813;203.233;123.657;1279.620;394.877;   null;200.794; 86.056;147.750;271.464; 93.195;152.840;185.008;162.450;182.764;187.148;105.474; 42.544;247.638
2002-05-23 22:00:00;163.418; 50.887;206.033;120.770;1279.700;392.240;101.003;199.254; 86.036;149.733;274.975; 93.167;150.760;185.958;164.402;180.524;187.164;106.124; 42.072;247.620
2002-05-23 22:05:00;163.612; 49.473;203.000;122.353;1282.040;396.380;   null;202.658; 84.138;149.947;270.443; 94.713;151.140;186.284;163.984;182.640;186.294;107.066; 42.388;249.996
2002-05-23 22:10:00;163.952; 50.323;203.233;120.377;1279.760;396.880;   null;200.944; 84.780;150.650;274.324; 93.611;151.500;186.176;162.816;184.526;187.170;106.500; 42.522;246.898
2002-05-23 22:15:00;163.984; 50.590;204.900;121.550;1280.280;394.050;101.157;205.522; 84.404;148.790;274.186; 92.532;152.580;187.434;163.944;182.800;185.750;105.608; 42.800;245.902
2002-05-23 22:20:00;165.364; 51.270;202.100;122.983;1275.320;402.053;   null;203.240; 83.326;149.467;274.574; 93.025;152.500;188.252;163.718;180.930;185.094;106.120; 43.054;247.770
2002-05-23 22:25:00;164.266; 50.180;203.767;122.150;1272.780;397.333;   null;203.256; 86.070;149.377;276.265; 94.226;153.140;187.394;165.194;183.966;185.882;105.814; 42.960;245.574
2002-05-23 22:30:00;162.962; 49.227;204.267;120.777;1283.860;397.567;101.703;199.596; 85.566;147.130;272.808; 93.811;153.200;185.672;164.298;183.026;185.488;106.074; 42.794;249.020
2002-05-23 22:35:00;163.248; 50.097;204.500;120.987;1273.920;398.837;   null;202.378; 84.204;149.463;274.816; 94.097;154.220;185.236;162.424;185.378;184.528;106.014; 42.548;248.552
2002-05-23 22:40:00;163.722; 50.940;205.500;121.333;1279.660;395.863;   null;201.522; 85.426;151.927;275.067; 94.514;153.360;185.352;163.514;181.150;186.574;106.592; 42.898;248.162
2002-05-23 22:45:00;161.878; 49.777;205.100;121.903;1276.780;394.217;101.721;201.542; 85.854;151.327;273.378; 95.134;152.860;186.978;164.598;180.296;185.972;105.388; 42.742;247.768
2002-05-23 22:50:00;163.318; 48.877;204.767;121.427;1272.700;396.960;   null;201.652; 85.418;153.613;275.245; 93.377;152.880;188.770;163.450;184.454;187.394;106.086; 42.878;246.592
2002-05-23 22:55:00;163.442; 50.260;205.400;122.127;1271.580;396.567;   null;200.950; 85.688;149.597;274.692; 94.455;153.100;187.334;164.240;183.338;187.016;105.258; 42.704;249.414
2002-05-23 23:00:00;162.784; 50.513;204.333;121.760;1272.560;398.087;101.832;201.984; 85.702;151.397;278.253; 94.408;152.740;189.808;164.736;183.124;189.530;106.382; 42.994;246.054
2002-05-23 23:05:00;165.114; 50.913;202.633;120.837;1264.560;397.200;   null;201.844; 85.046;148.877;275.010; 93.487;152.440;185.374;165.296;182.946;187.662;106.594; 42.448;247.738
2002-05-23 23:10:00;164.080; 50.670;205.367;122.787;1278.520;397.910;   null;200.368; 84.782;148.887;274.222; 95.397;151.240;185.326;164.814;184.134;189.438;106.112; 42.360;247.680
2002-05-23 23:15:00;162.328; 50.280;206.200;123.217;1272.840;397.313;101.323;203.220; 87.470;151.387;273.118; 93.650;151.920;186.114;165.778;184.712;188.126;106.326; 42.156;246.742
2002-05-23 23:20:00;164.494; 50.433;204.700;122.273;1269.960;396.710;   null;199.438; 85.864;151.043;275.409; 95.227;153.040;187.512;165.828;181.960;187.614;106.204; 42.762;250.352
2002-05-23 23:25:00;165.902; 51.327;207.400;122.573;1275.580;395.680;   null;203.134; 85.370;154.253;275.340; 92.813;152.000;185.338;167.312;183.338;188.122;105.866; 42.952;249.540
2002-05-23 23:30:00;162.524; 50.980;206.933;121.117;1268.600;398.367;102.170;202.550; 84.964;149.157;276.447; 93.361;152.760;185.550;165.396;183.518;189.194;107.214; 42.178;248.266
2002-05-23 23:35:00;162.306; 49.763;205.933;123.803;1267.360;395.633;   null;204.198; 84.546;149.247;278.071; 91.782;152.720;186.338;167.122;184.266;186.398;106.858; 43.018;249.024
2002-05-23 23:40:00;162.044; 50.053;203.067;119.870;1271.720;397.997;   null;202.486; 85.346;150.393;277.794; 93.020;150.980;185.482;164.414;185.064;188.430;106.158; 42.332;248.716
2002-05-23 23:45:00;162.948; 50.557;203.767;120.237;1277.000;398.073;101.713;206.586; 86.058;151.567;276.491; 94.134;156.020;186.320;168.228;183.946;187.836;106.190; 42.968;249.426
2002-05-23 23:50:00;162.462; 50.037;205.167;120.660;1271.920;399.113;   null;200.036; 85.102;151.167;272.879; 94.766;153.140;188.278;166.202;183.100;187.196;105.866; 42.790;247.844
2002-05-23 23:55:00;165.838; 50.327;204.067;122.397;1268.800;397.530;   null;200.984; 86.412;150.600;276.870; 93.716;151.940;184.660;164.812;185.586;187.652;105.852; 42.788;249.834
2002-05-24 00:00:00;161.916; 49.293;202.600;121.593;1274.340;399.837;100.483;205.060; 85.650;151.937;276.667; 94.293;153.360;188.030;167.222;186.156;187.502;106.418; 42.884;250.520
2002-05-24 00:05:00;164.206; 49.263;204.800;122.273;1268.540;397.470;   null;204.918; 87.374;150.213;276.152; 93.865;153.300;187.090;165.754;185.882;188.342;106.150; 42.728;251.646
2002-05-24 00:10:00;163.644; 51.377;201.833;120.307;1275.040;398.477;   null;205.572; 86.288;151.340;273.980; 93.884;151.300;185.956;166.820;186.810;186.982;105.768; 43.356;249.974
2002-05-24 00:15:00;163.686; 51.153;205.333;122.003;1265.740;396.653;100.450;204.560; 86.646;150.666;276.909; 93.115;152.940;188.058;166.950;186.256;190.680;105.968; 43.502;250.692
2002-05-24 00:20:00;164.470; 50.617;208.533;121.447;1267.760;396.623;   null;203.846; 85.128;150.310;277.214; 92.620;152.220;188.900;165.768;185.962;187.600;107.166; 42.858;253.388
2002-05-24 00:25:00;162.872; 50.750;206.367;122.637;1278.100;400.753;   null;202.956; 85.106;151.703;278.525; 93.968;152.140;186.488;164.024;186.194;189.364;106.600; 43.378;252.166
2002-05-24 00:30:00;162.018; 49.760;202.267;119.563;1274.300;398.670;100.952;203.908; 86.152;151.610;276.671; 93.480;153.120;187.126;168.270;184.236;187.620;105.698; 43.110;251.662
2002-05-24 00:35:00;162.318; 51.073;205.433;121.653;1273.220;395.640;   null;199.180; 85.866;151.027;278.942; 93.501;153.580;186.734;167.306;184.900;190.496;106.190; 43.182;252.346
2002-05-24 00:40:00;162.644; 50.063;204.500;118.950;1276.040;398.007;   null;204.278; 85.944;148.980;279.800; 93.195;153.060;188.126;166.930;184.124;188.052;106.416; 43.190;251.656
2002-05-24 00:45:00;164.160; 51.450;205.033;121.953;1265.620;395.233;100.867;200.056; 86.216;151.107;275.848; 94.671;154.060;187.346;167.050;186.214;189.012;106.594; 43.522;251.318
2002-05-24 00:50:00;164.822; 50.223;208.433;121.207;1270.420;396.983;   null;202.698; 86.144;150.093;280.315; 91.981;152.860;187.906;167.236;186.092;189.084;107.244; 42.962;252.480
2002-05-24 00:55:00;163.512; 50.917;207.133;120.647;1273.980;399.100;   null;203.044; 86.056;150.140;278.152; 94.168;153.020;189.322;166.500;185.758;186.284;107.214; 44.202;250.474
2002-05-24 01:00:00;162.430; 50.377;205.833;120.513;1273.300;396.547;100.248;203.968; 85.968;151.220;279.084; 93.632;153.220;185.474;165.178;183.604;190.870;105.128; 43.020;252.492
2002-05-24 01:05:00;162.022; 50.650;205.167;120.343;1275.360;398.950;   null;202.782; 85.476;149.307;279.564; 92.773;153.940;186.762;164.458;184.512;189.484;107.158; 43.626;252.966
2002-05-24 01:10:00;162.886; 51.480;206.367;121.897;1273.360;400.950;   null;201.150; 85.760;150.683;276.889; 93.906;153.660;189.308;165.872;185.432;190.356;107.844; 42.698;251.286
2002-05-24 01:15:00;163.314; 50.707;205.367;121.213;1271.140;397.043;100.201;204.094; 86.536;149.643;276.481; 94.629;153.700;188.492;167.038;185.294;190.566;106.800; 43.470;250.124
2002-05-24 01:20:00;164.390; 49.143;206.800;121.393;1272.720;397.890;   null;203.392; 85.936;148.283;277.339; 93.297;153.120;188.230;167.178;183.980;189.088;106.542; 43.388;252.086
2002-05-24 01:25:00;164.546; 50.417;207.600;121.240;1268.040;398.987;   null;203.008; 85.568;152.220;276.478; 93.560;154.300;189.692;166.388;184.402;189.486;107.124; 43.520;250.088
2002-05-24 01:30:00;163.780; 50.377;205.400;121.337;1271.740;399.617; 99.688;202.462; 87.068;150.177;277.575; 94.655;154.980;186.894;166.372;187.130;188.310;105.870; 42.780;252.696
2002-05-24 01:35:00;163.520; 50.407;204.800;122.483;1273.080;393.597;   null;203.498; 86.658;151.787;277.918; 93.197;152.920;187.720;166.754;185.486;189.176;105.858; 43.058;249.908
2002-05-24 01:40:00;163.588; 49.393;204.633;122.857;1279.080;393.293;   null;203.546; 86.340;149.987;278.057; 94.960;155.260;185.660;165.306;185.512;188.562;106.868; 43.526;253.938
2002-05-24 01:45:00;163.638; 50.117;206.067;120.850;1272.120;396.300;100.059;200.642; 84.830;151.527;278.503; 92.567;153.980;186.076;168.672;185.426;189.778;107.046; 43.090;251.442
2002-05-24 01:50:00;162.824; 50.770;203.867;121.903;1267.080;394.570;   null;201.934; 86.268;149.770;279.152; 94.753;155.780;188.152;164.718;183.980;189.336;106.430; 43.040;252.996
2002-05-24 01:55:00;163.046; 49.597;206.467;120.697;1276.260;396.267;   null;202.418; 84.878;150.383;277.064; 94.814;152.740;187.784;164.430;187.374;189.504;106.736; 43.756;252.468
2002-05-24 02:00:00;161.642; 50.057;204.400;121.563;1273.100;395.697;101.482;203.626; 85.582;151.007;277.236; 92.378;155.100;187.910;165.774;188.088;190.024;108.156; 43.642;252.624
2002-05-24 02:05:00;161.610; 50.500;207.067;122.367;1291.260;396.570;   null;198.840; 87.386;150.073;278.677; 94.239;154.000;188.700;166.124;188.192;189.148;107.422; 43.062;253.612
2002-05-24 02:10:00;162.664; 50.440;205.133;120.827;1273.420;395.313;   null;198.316; 86.542;150.480;278.402; 95.198;152.440;188.962;164.620;184.806;190.280;106.614; 43.222;251.928
2002-05-24 02:15:00;163.514; 49.703;208.867;121.333;1273.820;394.610;100.557;196.774; 86.596;150.570;276.177; 94.588;154.380;187.820;166.666;187.896;188.792;105.900; 43.172;252.820
2002-05-24 02:20:00;162.898; 49.093;205.500;119.773;1272.100;397.097;   null;200.724; 86.142;151.263;280.252; 94.007;152.920;187.396;165.704;186.564;190.396;107.404; 43.162;253.064
2002-05-24 02:25:00;164.128; 48.770;205.500;119.093;1277.220;395.370;   null;200.260; 87.926;150.903;277.822; 94.150;153.400;186.896;166.152;186.034;191.940;106.966; 43.764;251.756
2002-05-24 02:30:00;163.192; 49.220;206.300;122.353;1277.820;392.660;101.117;199.030; 87.474;149.873;278.780; 93.394;153.120;188.462;167.600;186.404;190.660;106.962; 43.448;251.654
2002-05-24 02:35:00;162.994; 50.293;207.567;120.257;1270.180;389.463;   null;199.166; 86.212;150.153;279.020; 93.926;152.360;187.784;165.166;187.638;189.894;106.856; 42.182;252.342
2002-05-24 02:40:00;162.186; 50.423;204.967;120.257;1278.420;393.997;   null;198.690; 86.192;149.154;278.541; 93.140;151.960;188.864;166.404;187.392;189.410;106.432; 43.456;252.180
2002-05-24 02:45:00;160.246; 50.547;207.200;120.600;1277.980;390.780;101.023;197.818; 87.020;149.760;279.669; 93.668;152.520;188.860;167.306;185.704;189.214;107.596; 43.820;249.854
2002-05-24 02:50:00;159.336; 51.043;206.900;122.067;1283.600;394.117;   null;194.894; 86.076;147.580;281.380; 93.624;153.640;190.090;166.854;186.194;187.048;107.658; 42.804;254.870
2002-05-24 02:55:00;161.724; 51.597;206.300;119.373;1280.680;391.963;   null;199.098; 86.288;149.753;282.953; 93.983;152.700;188.982;164.366;186.720;189.342;108.284; 43.496;252.046
2002-05-24 03:00:00;162.648; 50.480;203.833;120.973;1275.780;395.010;100.267;199.020; 85.308;150.163;280.491; 95.159;151.900;187.390;167.444;185.858;188.684;108.032; 43.364;250.092
2002-05-24 03:05:00;163.836; 49.763;205.633;120.077;1285.460;391.113;   null;198.070; 86.950;148.473;279.704; 92.857;154.640;189.658;165.790;185.860;192.206;106.730; 43.752;252.978
2002-05-24 03:10:00;162.458; 50.323;205.833;120.523;1278.600;388.427;   null;201.486; 86.196;148.663;280.320; 93.316;153.760;188.914;165.728;184.834;191.334;108.200; 43.748;250.154
2002-05-24 03:15:00;161.586; 49.730;206.500;120.227;1292.720;390.623; 99.397;200.796; 86.554;149.133;281.891; 95.190;152.480;188.334;164.602;185.940;191.724;108.292; 43.146;251.278
2002-05-24 03:20:00;161.146; 49.317;204.667;119.843;1282.000;389.557;   null;199.788; 87.174;148.567;280.661; 93.427;153.260;189.600;165.736;185.210;191.256;107.100; 43.308;254.946
2002-05-24 03:25:00;161.982; 49.197;206.100;120.097;1279.040;388.083;   null;199.220; 87.872;147.607;280.628; 95.009;153.480;187.760;165.068;185.176;188.346;106.986; 43.240;250.680
2002-05-24 03:30:00;163.268; 50.037;205.867;120.423;1282.080;392.763; 99.979;196.978; 86.662;150.603;282.712; 93.437;154.880;188.584;167.420;185.352;191.148;107.396; 43.376;251.910
2002-05-24 03:35:00;162.156; 48.893;205.067;120.997;1282.440;388.743;   null;198.032; 86.292;148.630;283.909; 95.171;152.940;188.818;166.082;185.410;192.004;106.490; 43.054;252.744
2002-05-24 03:40:00;164.086; 49.297;208.233;119.187;1283.080;392.260;   null;199.940; 88.854;148.163;278.441; 92.734;154.280;188.848;165.774;186.994;189.902;107.704; 42.646;253.554
2002-05-24 03:45:00;163.888; 50.117;207.033;119.780;1285.300;390.877; 99.401;199.472; 87.082;148.610;281.994; 94.514;151.720;189.556;168.402;186.158;191.450;109.000; 43.446;248.800
2002-05-24 03:50:00;163.402; 49.413;205.933;120.580;1281.420;388.020;   null;200.610; 86.760;149.317;281.722; 93.630;154.600;190.918;168.542;185.234;190.596;106.300; 43.734;251.696
2002-05-24 03:55:00;165.244; 49.903;202.800;120.617;1277.940;389.963;   null;198.720; 86.424;151.007;283.327; 92.654;153.460;189.410;168.440;185.306;191.132;107.158; 43.548;251.026
2002-05-24 04:00:00;162.806; 49.297;204.400;120.437;1284.800;391.210; 99.777;202.732; 88.086;149.320;283.566; 94.725;153.360;191.030;167.328;185.438;191.122;107.508; 43.440;249.450
2002-05-24 04:05:00;162.236; 50.377;207.667;120.550;1288.140;391.313;   null;198.950; 86.648;147.273;281.242; 93.461;152.160;189.688;166.148;184.700;189.472;106.958; 43.490;251.798
2002-05-24 04:10:00;163.342; 50.313;206.433;121.910;1278.240;392.333;   null;199.446; 87.612;149.077;283.805; 93.653;152.500;188.792;166.878;184.890;191.782;107.536; 43.318;254.106
2002-05-24 04:15:00;163.236; 49.760;207.333;118.887;1289.960;390.840; 99.002;197.754; 86.486;148.600;281.482; 93.433;152.220;190.670;167.916;186.266;193.100;107.702; 43.358;251.566
2002-05-24 04:20:00;163.194; 50.393;208.500;119.410;1285.500;389.093;   null;200.630; 87.044;148.880;282.199; 94.226;154.840;189.002;169.320;184.872;193.598;107.404; 43.146;249.862
2002-05-24 04:25:00;163.254; 50.897;204.033;121.437;1283.920;392.263;   null;197.724; 85.410;151.560;279.123; 93.746;153.380;190.922;167.704;185.644;190.344;107.356; 42.614;254.122
2002-05-24 04:30:00;162.262; 50.740;205.933;121.717;1288.800;392.047; 99.612;200.280; 86.836;150.830;284.695; 93.477;153.000;191.586;166.452;188.116;191.772;106.878; 43.112;250.774
2002-05-24 04:35:00;162.116; 50.220;205.567;122.007;1290.920;393.710;   null;198.822; 86.530;149.057;282.814; 93.971;155.220;189.482;165.522;186.706;192.070;107.556; 43.154;253.296
2002-05-24 04:40:00;163.786; 50.683;206.300;121.073;1284.940;390.453;   null;200.306; 86.250;149.717;283.396; 94.174;152.000;189.064;167.678;188.322;190.478;108.292; 43.292;252.934
2002-05-24 04:45:00;162.784; 51.163;206.433;119.430;1282.320;392.253; 99.793;199.990; 85.428;147.773;281.105; 94.687;154.160;188.306;166.452;186.070;191.294;107.518; 42.694;254.038
2002-05-24 04:50:00;164.168; 50.190;204.900;120.670;1288.760;391.623;   null;200.298; 88.210;149.227;284.247; 92.357;153.120;192.216;167.398;187.304;188.402;108.202; 43.180;252.944
2002-05-24 04:55:00;162.442; 49.670;206.567;120.903;1284.280;394.020;   null;202.318; 87.254;150.097;280.013; 92.903;151.340;190.862;168.802;187.542;190.240;107.710; 43.110;250.322
2002-05-24 05:00:00;162.928; 49.993;203.533;122.783;1283.040;393.360; 98.884;199.304; 86.684;148.863;283.871; 93.293;153.560;189.506;168.138;184.980;190.804;106.642; 43.106;252.832
2002-05-24 05:05:00;161.692; 51.070;205.433;122.283;1289.720;392.547;   null;199.350; 86.990;147.573;282.878; 92.600;153.160;190.798;167.062;189.250;191.766;107.862; 43.388;252.968
2002-05-24 05:10:00;164.396; 50.930;205.000;120.013;1289.060;393.653;   null;202.736; 86.152;147.930;282.607; 93.009;152.180;189.834;166.796;186.350;189.664;108.478; 43.494;253.098
2002-05-24 05:15:00;161.786; 51.017;205.067;120.970;1290.380;394.043; 99.376;199.018; 86.484;148.960;281.446; 94.007;154.620;188.272;167.038;187.236;191.112;107.108; 43.394;253.988
2002-05-24 05:20:00;161.624; 50.260;206.733;119.247;1280.800;391.550;   null;198.476; 87.202;150.057;284.211; 95.158;154.480;189.722;168.586;186.200;194.458;107.598; 43.334;252.138
2002-05-24 05:25:00;163.664; 49.203;207.100;120.677;1289.160;393.767;   null;197.616; 85.686;148.083;284.521; 93.580;154.660;191.698;168.502;187.708;189.546;107.906; 43.390;253.366
2002-05-24 05:30:00;163.866; 49.883;207.033;122.043;1294.440;392.670;100.463;200.988; 86.872;149.137;285.439; 93.056;152.260;189.348;170.710;183.970;191.104;107.790; 43.556;252.008
2002-05-24 05:35:00;162.066; 51.137;206.500;121.477;1289.280;392.863;   null;200.070; 84.970;147.753;283.458; 94.574;152.780;190.578;168.328;187.368;191.530;106.418; 43.586;254.548
2002-05-24 05:40:00;163.388; 48.830;206.467;121.470;1283.900;391.223;   null;200.490; 86.074;148.286;283.526; 94.017;153.520;191.016;165.942;186.456;191.540;107.426; 43.404;255.226
2002-05-24 05:45:00;162.632; 51.523;207.767;120.827;1293.460;394.147; 99.487;200.834; 86.374;147.220;284.547; 93.856;153.140;189.802;167.812;186.768;191.494;108.110; 43.706;249.888
2002-05-24 05:50:00;163.558; 51.200;208.200;120.560;1295.500;392.950;   null;200.370; 87.862;149.800;282.740; 93.692;154.620;191.240;167.398;183.214;193.144;108.042; 43.550;254.192
2002-05-24 05:55:00;163.748; 49.783;204.667;120.873;1288.960;389.093;   null;198.224; 87.730;148.637;282.500; 93.847;153.260;189.370;168.554;188.054;192.426;108.470; 43.000;251.512
2002-05-24 06:00:00;164.390; 49.723;203.667;120.783;1292.940;390.723; 99.539;202.674; 85.700;148.103;282.942; 93.799;152.820;189.670;169.720;188.616;189.932;108.480; 43.074;252.108
2002-05-24 06:05:00;161.714; 49.030;205.500;121.733;1303.460;394.620;   null;198.996; 87.172;147.720;283.623; 94.096;152.560;192.302;169.444;189.278;192.708;108.378; 44.154;250.682
2002-05-24 06:10:00;164.344; 50.217;206.167;120.967;1289.820;393.503;   null;201.350; 87.494;149.097;283.043; 93.496;155.540;192.908;169.090;186.250;190.434;108.580; 42.974;252.494
2002-05-24 06:15:00;161.982; 50.050;204.533;121.577;1293.060;390.447; 99.866;200.710; 86.392;147.727;283.108; 94.498;151.260;190.728;164.930;187.012;192.672;109.288; 43.856;253.066
2002-05-24 06:20:00;163.852; 50.420;202.800;120.717;1295.460;395.653;   null;200.876; 86.586;148.660;283.923; 93.192;152.940;191.604;169.002;185.250;191.126;107.246; 43.076;251.664
2002-05-24 06:25:00;163.428; 49.710;206.667;121.667;1306.420;389.260;   null;202.176; 87.316;149.170;284.739; 92.974;151.600;188.992;167.116;187.868;190.824;108.126; 43.186;251.644
2002-05-24 06:30:00;163.658; 49.187;205.700;121.333;1293.280;393.407; 99.095;202.116; 85.650;148.303;283.891; 94.478;153.440;191.178;167.590;187.496;192.236;106.906; 43.672;254.020
2002-05-24 06:35:00;162.366; 50.993;204.533;122.530;1296.040;391.684;   null;200.012; 86.090;147.407;284.566; 94.458;153.680;190.250;167.116;186.116;191.374;108.324; 43.012;252.114
2002-05-24 06:40:00;163.016; 48.817;205.700;121.533;1291.960;394.307;   null;201.694; 86.616;151.567;282.968; 94.703;151.220;190.128;166.670;186.838;189.992;108.306; 43.560;253.698
2002-05-24 06:45:00;163.846; 50.110;204.167;120.157;1292.920;390.183; 99.149;201.844; 87.690;147.210;284.808; 93.248;152.280;190.200;167.620;187.670;194.586;108.044; 43.750;253.134
2002-05-24 06:50:00;163.096; 49.183;204.467;121.803;1292.880;392.513;   null;200.688; 87.394;147.637;284.735; 94.429;152.300;190.852;168.720;186.650;194.238;108.884; 44.074;250.058
2002-05-24 06:55:00;163.950; 49.763;203.767;121.070;1298.060;393.290;   null;199.528; 85.154;148.607;282.358; 92.784;150.580;192.520;169.424;189.782;191.344;108.384; 43.402;251.632
2002-05-24 07:00:00;161.662; 49.230;206.033;122.780;1298.920;394.833; 99.730;200.274; 87.150;148.550;285.789; 95.163;152.340;190.932;170.168;185.942;189.758;109.054; 43.716;252.152
2002-05-24 07:05:00;163.940; 49.410;203.767;120.933;1309.040;391.730;   null;201.424; 86.798;147.327;285.643; 93.574;152.720;191.360;166.058;186.984;192.196;108.558; 43.382;252.124
2002-05-24 07:10:00;163.854; 49.857;205.300;122.773;1300.080;392.733;   null;202.186; 86.594;149.527;284.630; 94.461;151.420;191.206;171.616;185.314;191.628;108.396; 43.742;252.758
2002-05-24 07:15:00;163.204; 49.317;203.767;121.757;1308.160;393.837; 99.568;202.285; 86.402;151.683;285.853; 94.463;153.460;191.736;170.658;185.418;193.672;109.036; 43.278;251.856
2002-05-24 07:20:00;161.996; 51.823;206.967;120.827;1297.620;394.720;   null;200.013; 87.438;149.703;284.151; 94.130;152.780;192.258;169.752;187.624;192.572;109.144; 42.998;252.810
2002-05-24 07:25:00;161.264; 50.580;202.600;120.240;1304.200;392.573;   null;204.550; 86.912;149.063;285.576; 94.399;152.900;192.892;169.548;183.746;193.714;107.798; 43.746;255.078
2002-05-24 07:30:00;163.902; 50.813;205.433;122.993;1305.700;390.477; 99.761;   null; 86.896;149.747;284.457; 94.905;153.420;191.734;168.538;186.084;191.012;108.984; 43.514;255.774
2002-05-24 07:35:00;163.584; 50.733;207.233;121.100;1303.380;394.667;   null;200.117; 86.282;146.977;285.678; 94.201;153.040;190.556;168.648;186.162;192.216;108.294; 43.210;254.442
2002-05-24 07:40:00;163.934; 49.893;205.667;121.197;1304.020;394.470;   null;201.310; 87.532;151.330;285.134; 94.042;153.860;190.990;168.224;185.740;193.678;108.922; 43.254;254.974
2002-05-24 07:45:00;163.524; 50.163;203.267;119.077;1306.340;395.850; 99.188;205.130; 86.504;149.896;282.621; 94.699;152.880;193.022;170.062;184.606;192.738;107.610; 43.194;257.366
2002-05-24 07:50:00;162.808; 50.283;204.367;122.723;1303.340;396.843;   null;202.450; 87.108;148.457;287.068; 93.547;153.200;192.658;167.660;186.574;192.138;107.896; 43.140;254.794
2002-05-24 07:55:00;164.152; 51.153;205.433;121.707;1310.000;391.933;   null;197.708; 85.878;150.530;287.536; 95.098;153.580;193.276;166.564;185.696;192.928;108.796; 43.698;253.282
2002-05-24 08:00:00;165.328; 50.140;204.700;124.690;1307.380;395.363; 99.752;200.000; 86.478;150.903;287.367; 95.657;152.980;191.640;169.150;186.154;191.612;109.254; 43.306;252.336
2002-05-24 08:05:00;163.960; 50.780;205.300;121.637;1311.360;395.100;   null;198.836; 88.078;149.077;283.842; 95.790;154.260;192.250;170.986;186.502;191.870;108.524; 43.300;254.266
2002-05-24 08:10:00;164.556; 49.697;206.767;122.813;1307.700;393.356;   null;200.386; 87.500;148.377;285.338; 93.055;155.220;193.812;170.598;186.426;192.862;108.934; 42.922;252.146
2002-05-24 08:15:00;163.816; 49.720;205.200;121.373;1303.600;393.017;100.030;200.226; 85.428;148.943;286.622; 93.728;154.440;192.606;169.658;184.296;191.786;108.996; 43.218;253.638
2002-05-24 08:20:00;163.476; 48.557;205.233;120.793;1302.940;394.087;   null;204.200; 87.924;148.910;283.977; 94.447;151.360;192.474;170.334;184.086;193.204;107.986; 44.142;252.710
2002-05-24 08:25:00;161.344; 51.210;206.100;121.120;1304.980;395.637;   null;199.778; 86.178;150.023;284.927; 93.554;152.360;192.492;171.352;184.812;193.042;109.424; 42.972;253.438
2002-05-24 08:30:00;163.562; 49.540;205.067;120.477;1311.400;393.450; 99.909;200.402; 84.906;150.473;283.367; 94.375;154.800;192.852;169.982;183.108;190.580;108.976; 43.120;255.604
2002-05-24 08:35:00;164.082; 50.740;206.833;120.553;1301.520;396.287;   null;199.478; 86.738;148.427;284.922; 93.943;152.920;193.594;170.454;185.338;193.460;109.562; 43.712;252.784
2002-05-24 08:40:00;164.956; 49.220;203.867;121.237;1310.600;394.273;   null;202.610; 85.764;149.293;286.316; 93.832;153.520;194.822;168.818;184.918;192.044;109.150; 43.676;252.386
2002-05-24 08:45:00;164.004; 50.690;203.400;120.723;1313.000;392.793; 99.303;202.304; 86.496;150.820;285.334; 94.620;151.900;193.752;169.446;184.322;191.458;108.522; 43.702;254.086
2002-05-24 08:50:00;166.782; 49.903;204.067;122.267;1309.500;394.327;   null;204.060; 87.240;149.643;286.209; 94.432;152.880;191.916;170.972;182.272;193.348;109.128; 43.086;254.762
2002-05-24 08:55:00;163.702; 50.293;206.100;122.227;1318.560;396.390;   null;200.460; 83.930;151.313;284.926; 95.083;154.100;191.294;169.608;184.446;191.108;108.888; 43.420;253.986
2002-05-24 09:00:00;166.196; 50.623;204.300;120.463;1309.020;395.407; 99.130;204.380; 86.258;148.547;286.141; 94.804;153.560;192.880;170.840;184.442;194.130;108.100; 43.414;255.874
2002-05-24 09:05:00;164.680; 49.730;205.700;122.420;1312.680;396.013;   null;206.707; 84.976;148.390;285.532; 95.154;152.760;192.328;169.410;184.546;191.274;108.484; 43.426;254.582
2002-05-24 09:10:00;165.218; 50.777;205.000;121.713;1308.120;394.163;   null;202.847; 86.398;149.267;284.008; 94.237;152.980;195.966;169.330;185.314;192.820;108.230; 42.910;255.502
2002-05-24 09:15:00;164.388; 51.233;202.333;120.223;1311.800;395.547;100.539;   null; 86.002;150.523;287.598; 93.535;154.240;194.854;172.234;185.496;195.024;108.860; 43.682;255.250
2002-05-24 09:20:00;165.016; 52.383;203.433;121.703;1314.420;398.387;   null;204.425; 83.778;149.157;287.395; 94.725;152.020;194.032;173.066;183.532;192.094;108.598; 44.232;252.450
2002-05-24 09:25:00;165.408; 51.103;204.033;120.980;1312.100;399.417;   null;203.430; 86.920;150.273;286.316; 94.272;154.920;191.520;171.224;184.654;192.954;108.134; 43.532;254.344
2002-05-24 09:30:00;164.630; 51.550;207.133;119.533;1315.040;397.400; 99.849;203.540; 86.122;150.443;283.739; 95.058;152.900;195.928;171.292;186.646;194.200;108.956; 43.766;253.558
2002-05-24 09:35:00;167.076; 49.990;203.933;121.107;1328.020;396.560;   null;202.026; 85.424;149.430;287.300; 94.354;153.120;192.678;171.650;185.862;193.344;109.174; 43.176;255.264
2002-05-24 09:40:00;165.862; 50.803;201.467;122.127;1322.240;394.633;   null;201.492; 84.784;151.083;286.493; 94.154;151.040;194.786;171.870;187.308;191.512;107.402; 43.282;255.910
2002-05-24 09:45:00;164.182; 52.087;204.567;120.630;1316.780;398.517; 98.993;200.158; 84.766;151.423;287.165; 93.527;154.220;192.256;171.430;183.964;192.540;108.776; 43.358;254.554
2002-05-24 09:50:00;166.018; 51.027;206.100;120.683;1321.340;398.107;   null;204.910; 85.520;150.917;285.430; 94.659;153.200;193.266;170.584;185.322;190.968;109.004; 43.990;253.182
2002-05-24 09:55:00;166.400; 49.347;205.267;121.870;1312.480;396.353;   null;202.116; 85.828;150.014;288.486; 96.410;154.200;193.680;172.746;181.908;191.986;107.636; 43.546;251.966
2002-05-24 10:00:00;165.094; 50.357;203.700;120.350;1318.740;396.737;100.091;201.350; 86.188;150.270;285.746; 94.394;152.860;192.366;171.424;184.676;191.808;107.438; 43.438;252.194
2002-05-24 10:05:00;165.494; 50.787;205.667;121.873;1321.060;396.677;   null;202.480; 86.416;147.567;286.259; 94.505;153.560;193.040;171.876;185.652;192.668;108.220; 43.212;255.404
2002-05-24 10:10:00;165.856; 51.067;205.133;121.900;1317.840;395.643;   null;206.124; 85.916;149.850;285.186; 93.360;151.200;191.866;169.262;183.496;192.752;108.468; 44.130;255.110
2002-05-24 10:15:00;164.126; 50.723;203.833;122.863;1323.820;398.377;100.188;203.308; 86.568;149.190;286.955; 94.636;152.500;194.418;170.604;184.222;190.438;107.538; 43.402;253.456
2002-05-24 10:20:00;163.868; 51.310;205.300;122.117;1329.480;398.883;   null;205.536; 85.248;149.213;288.854; 94.706;154.320;191.660;172.496;182.210;191.842;109.024; 44.148;255.572
2002-05-24 10:25:00;165.218; 50.373;205.900;122.077;1323.880;396.483;   null;202.032; 87.388;150.073;287.126; 95.859;156.020;193.606;171.498;183.908;189.128;109.962; 44.618;253.044
2002-05-24 10:30:00;163.874; 50.673;205.567;121.673;1323.540;398.420; 99.725;203.706; 85.972;149.063;289.466; 93.688;152.820;194.544;172.264;182.858;191.058;110.402; 43.704;253.750
2002-05-24 10:35:00;166.500; 49.173;206.933;121.023;1319.780;399.907;   null;204.246; 86.880;147.593;288.623; 92.248;155.520;196.810;170.938;183.768;191.212;109.066; 44.294;254.122
2002-05-24 10:40:00;167.364; 50.447;207.433;121.510;1328.080;402.483;   null;205.138; 86.968;149.843;286.916; 96.244;154.180;192.064;171.388;181.572;189.858;110.632; 44.220;253.860
2002-05-24 10:45:00;165.282; 50.513;205.200;124.067;1329.880;396.720; 99.941;205.580; 85.226;148.563;285.760; 92.554;154.060;193.276;172.076;182.896;192.696;109.418; 43.144;252.096
2002-05-24 10:50:00;165.706; 52.023;204.633;121.930;1329.140;397.827;   null;204.318; 85.478;150.360;285.151; 95.298;154.240;194.172;169.718;182.520;190.778;109.456; 43.572;252.144
2002-05-24 10:55:00;166.888; 50.290;202.500;123.937;1319.920;400.336;   null;204.842; 85.316;149.980;286.269; 93.069;155.100;192.464;170.828;183.110;189.440;109.366; 43.912;255.008
2002-05-24 11:00:00;165.984; 51.363;205.600;122.320;1320.120;398.320; 99.835;206.036; 86.586;151.143;286.474; 95.762;154.600;193.776;171.368;182.838;189.170;108.386; 43.232;254.890
2002-05-24 11:05:00;165.496; 50.800;204.467;123.440;1327.400;400.843;   null;203.444; 84.144;150.487;286.406; 96.138;155.560;193.600;170.654;185.008;189.082;109.380; 43.862;255.568
2002-05-24 11:10:00;166.268; 51.283;203.833;123.203;1325.240;401.287;   null;207.636; 86.704;151.153;285.730; 94.595;155.180;193.716;171.798;183.156;190.420;107.970; 42.900;254.598
2002-05-24 11:15:00;167.280; 50.717;206.600;124.297;1323.720;398.623;101.913;205.628; 86.338;148.207;288.533; 96.109;158.700;193.246;170.316;185.086;191.134;109.524; 43.284;256.256
2002-05-24 11:20:00;165.012; 50.917;206.633;124.783;1325.040;404.673;   null;205.000; 85.020;152.150;284.067; 95.493;155.180;194.300;172.564;184.586;190.170;108.078; 43.642;256.120
2002-05-24 11:25:00;165.188; 52.107;203.633;122.990;1330.560;403.510;   null;205.420; 86.328;152.033;282.295; 96.391;155.320;194.750;173.918;184.512;189.896;108.288; 43.854;252.980
2002-05-24 11:30:00;165.944; 51.440;205.300;122.670;1332.520;401.573;100.582;205.066; 85.498;151.007;284.339; 95.933;154.840;193.428;170.772;183.014;189.250;108.098; 43.774;253.748
2002-05-24 11:35:00;163.402; 50.213;205.767;125.607;1326.680;403.833;   null;206.298; 85.690;150.833;283.251; 95.945;156.580;194.450;172.904;182.920;187.826;107.942; 43.774;256.524
2002-05-24 11:40:00;166.668; 52.243;205.400;123.340;1324.800;402.717;   null;207.496; 85.868;153.443;283.763; 94.627;157.400;193.636;171.484;183.838;188.104;108.866; 44.484;254.556
2002-05-24 11:45:00;166.432; 49.647;206.567;123.327;1323.200;406.246;101.016;207.528; 86.336;150.507;283.662; 97.612;155.500;195.260;170.192;185.146;188.008;109.526; 43.798;257.054
2002-05-24 11:50:00;163.268; 50.233;205.200;122.933;1330.200;402.320;   null;207.564; 85.388;150.610;283.594; 94.931;155.080;192.406;172.334;180.478;190.712;109.576; 43.646;254.552
2002-05-24 11:55:00;166.278; 50.683;205.900;123.743;1328.240;403.263;   null;203.894; 84.782;151.820;282.469; 94.693;156.380;193.022;172.994;184.712;188.266;109.586; 43.390;255.490
2002-05-24 12:00:00;166.482; 52.380;205.000;123.853;1322.080;404.206;101.290;206.854; 86.910;152.130;282.674; 94.819;155.560;190.890;170.018;183.332;187.202;110.110; 44.316;257.006
2002-05-24 12:05:00;164.988; 51.280;205.133;123.940;1327.620;404.343;   null;205.972; 86.354;151.960;282.539; 95.048;157.640;192.076;172.476;185.970;190.274;109.316; 43.634;252.512
2002-05-24 12:10:00;164.168; 51.493;207.900;121.893;1327.040;406.007;   null;208.066; 86.248;152.253;282.948; 96.441;158.100;192.940;169.818;184.224;189.478;108.132; 43.878;255.190
2002-05-24 12:15:00;167.216; 51.527;204.367;123.597;1323.120;402.920;101.450;204.878; 86.314;153.677;283.972; 94.280;154.820;193.216;170.786;184.586;188.144;108.790; 43.674;253.806
2002-05-24 12:20:00;166.734; 51.330;203.967;123.303;1318.420;403.013;   null;204.898; 86.244;152.963;284.246; 95.423;155.300;191.790;170.918;184.516;191.528;108.904; 43.618;255.072
2002-05-24 12:25:00;165.754; 50.567;206.533;122.087;1323.100;406.980;   null;207.550; 86.150;153.357;283.633; 96.809;156.400;192.390;171.234;184.376;190.594;109.172; 44.326;254.698
2002-05-24 12:30:00;166.552; 51.823;205.267;124.223;1326.140;402.213;102.345;205.284; 85.172;152.883;281.243; 96.347;154.200;190.556;172.066;185.920;191.382;109.562; 44.778;255.788
2002-05-24 12:35:00;165.788; 50.897;206.700;124.043;1323.760;405.897;   null;205.704; 85.836;150.603;281.823; 95.617;155.820;191.584;172.752;184.306;190.298;109.396; 44.096;255.714
2002-05-24 12:40:00;165.898; 50.793;205.400;124.003;1323.260;404.177;   null;206.390; 85.024;153.973;281.243; 96.930;156.500;191.696;169.738;187.418;190.974;109.802; 43.458;254.986
2002-05-24 12:45:00;165.920; 51.257;207.333;123.873;1324.580;407.053;101.866;207.814; 85.812;154.267;281.209; 95.504;155.300;191.968;169.824;186.796;189.880;109.254; 43.048;256.726
2002-05-24 12:50:00;164.886; 50.063;206.467;123.503;1328.580;404.797;   null;208.370; 85.412;152.037;280.388; 95.436;158.060;192.020;172.158;188.220;187.744;110.138; 44.548;257.700
2002-05-24 12:55:00;166.126; 48.943;205.867;124.870;1323.800;407.453;   null;206.162; 85.128;152.440;281.140; 96.220;158.200;193.624;171.268;187.510;188.754;109.318; 44.190;256.088
2002-05-24 13:00:00;167.812; 50.650;204.767;123.463;1323.040;405.624;102.668;207.082; 85.667;153.747;280.011; 97.743;158.340;193.614;171.320;188.392;189.528;109.228; 44.114;254.288
2002-05-24 13:05:00;165.694; 50.613;205.467;122.907;1326.100;404.944;   null;205.010; 86.624;155.243;281.516; 95.165;157.640;192.758;170.934;186.092;190.856;110.288; 44.156;255.982
2002-05-24 13:10:00;168.502; 51.783;206.900;124.660;1323.340;407.463;   null;208.808; 85.644;153.303;281.141; 95.126;156.460;192.014;172.092;185.702;190.144;109.944; 43.996;255.970
2002-05-24 13:15:00;165.544; 52.183;207.667;124.623;1323.960;405.683;102.676;205.228; 85.318;153.187;282.886; 94.259;157.040;192.376;172.190;187.016;189.710;110.224; 43.500;257.504
2002-05-24 13:20:00;167.906; 50.997;206.533;123.803;1325.780;408.447;   null;205.512; 85.140;152.670;280.662; 98.141;157.020;191.376;170.976;186.942;189.930;109.742; 44.754;258.640
2002-05-24 13:25:00;166.230; 51.103;208.333;124.837;1323.540;408.487;   null;206.100; 85.842;152.097;281.243; 97.944;158.740;192.890;171.558;185.922;189.464;109.134; 44.312;254.480
2002-05-24 13:30:00;166.146; 51.500;207.967;123.560;1315.060;407.786;102.221;209.354; 85.186;154.953;279.704; 98.142;156.380;191.944;172.740;186.276;190.884;108.494; 43.892;255.794
2002-05-24 13:35:00;166.376; 50.173;205.467;124.473;1319.600;407.287;   null;206.940; 87.106;153.337;279.293; 96.526;155.980;192.534;170.726;188.184;191.752;110.064; 44.354;254.786
2002-05-24 13:40:00;166.168; 51.163;206.433;124.463;1323.540;409.587;   null;207.356; 85.974;154.037;282.749; 97.596;157.780;191.318;171.818;186.630;191.004;109.530; 44.150;256.884
2002-05-24 13:45:00;166.180; 49.650;203.033;123.967;1325.800;404.797;103.263;205.322; 84.580;154.797;277.959; 96.190;157.040;189.924;170.820;186.748;190.312;108.380; 44.352;255.014
2002-05-24 13:50:00;165.566; 50.880;206.033;124.350;1330.760;409.227;   null;206.192; 86.406;154.657;281.105; 95.785;157.860;192.344;171.792;186.548;192.276;110.282; 43.918;256.724
2002-05-24 13:55:00;166.598; 50.627;210.067;123.123;1323.380;408.743;   null;206.926; 85.982;153.130;281.997; 96.575;154.880;190.298;171.470;186.544;189.926;109.742; 43.914;256.066
2002-05-24 14:00:00;168.396; 50.913;206.967;124.533;1320.760;408.700;103.133;   null; 85.852;155.507;286.930; 96.917;159.080;192.368;173.482;185.148;189.356;109.846; 44.364;255.962
2002-05-24 14:05:00;167.496; 50.523;206.733;122.520;1314.120;407.933;   null;   null; 85.900;153.190;280.763; 98.337;157.000;191.338;173.554;184.918;192.404;110.720; 45.064;259.014
2002-05-24 14:10:00;167.808; 49.543;207.400;123.793;1320.980;410.110;   null;   null; 85.566;156.493;282.305; 97.380;157.360;189.868;172.032;188.120;188.342;110.090; 43.704;254.810
2002-05-24 14:15:00;166.178; 50.823;207.700;126.400;1308.300;407.840;102.477;   null; 86.892;151.736;282.271; 96.220;157.040;192.582;170.126;186.988;189.142;110.384; 44.318;256.222
2002-05-24 14:20:00;167.528; 50.680;204.633;124.960;1324.120;408.483;   null;   null; 86.168;153.270;282.750; 95.585;155.900;190.516;170.660;185.992;191.698;110.538; 43.942;258.220
2002-05-24 14:25:00;164.818; 51.837;206.867;125.950;1312.380;405.283;   null;   null; 86.574;155.414;279.223; 96.568;157.380;189.440;172.046;186.684;190.142;108.646; 44.188;256.816
2002-05-24 14:30:00;165.994; 52.130;207.567;122.063;1313.540;407.630;102.488;   null; 85.760;152.837;279.837; 94.554;156.660;188.030;170.546;185.708;192.138;109.614; 44.560;258.268
2002-05-24 14:35:00;166.508; 49.633;205.167;123.430;1325.160;405.697;   null;   null; 86.682;154.483;279.321; 96.289;155.800;190.342;171.804;186.636;191.274;110.168; 44.790;256.920
2002-05-24 14:40:00;164.604; 51.737;204.833;124.263;1311.340;406.010;   null;   null; 87.274;152.747;279.836; 95.795;156.500;191.366;170.784;188.270;190.148;109.340; 44.540;258.090
2002-05-24 14:45:00;165.420; 51.577;207.567;124.260;1314.860;408.830;102.593;   null; 87.422;155.517;282.408; 97.566;157.940;189.230;171.042;187.840;191.346;110.556; 44.730;255.222
2002-05-24 14:50:00;165.686; 51.070;208.733;123.480;1309.220;405.640;   null;   null; 85.620;154.400;278.774; 95.766;156.200;189.304;170.530;188.116;190.696;110.352; 43.940;256.250
2002-05-24 14:55:00;164.456; 52.757;207.500;125.373;1316.940;407.110;   null;   null; 86.512;153.517;280.797; 96.488;158.280;189.870;171.806;188.902;193.182;108.396; 42.932;253.384
2002-05-24 15:00:00;165.566; 50.633;207.767;123.020;1310.720;403.637;102.447;210.892; 86.808;153.610;282.477; 97.910;158.660;189.372;173.904;189.828;190.900;109.650; 44.370;256.792
2002-05-24 15:05:00;165.610; 50.647;205.400;125.487;1318.680;409.843;   null;206.452; 85.592;152.567;278.363; 96.740;157.500;190.074;170.512;189.552;188.732;108.454; 44.216;257.958
2002-05-24 15:10:00;165.076; 50.947;205.567;123.377;1316.300;409.710;   null;206.046; 87.334;154.003;278.227; 97.929;156.060;189.258;170.608;188.668;191.462;108.070; 44.576;257.008
2002-05-24 15:15:00;166.208; 49.800;205.100;123.203;1313.740;407.540;102.190;206.856; 86.678;155.043;280.625; 93.969;154.620;190.254;170.340;188.584;189.866;110.064; 43.906;256.698
2002-05-24 15:20:00;165.840; 52.623;208.000;124.507;1317.720;407.120;   null;208.638; 89.298;150.737;280.557; 95.513;158.280;192.088;168.544;188.740;192.594;109.906; 45.182;257.368
2002-05-24 15:25:00;164.420; 50.430;205.567;125.117;1303.420;408.917;   null;208.398; 86.948;152.910;280.867; 94.780;155.380;191.528;170.964;187.242;193.158;111.484; 44.436;255.594
2002-05-24 15:30:00;164.748; 50.467;206.500;125.957;1312.940;410.313;102.724;208.718; 87.926;152.957;277.612; 96.730;156.960;190.800;171.598;188.224;193.944;109.914; 44.706;256.584
2002-05-24 15:35:00;166.902; 50.653;206.600;123.510;1310.100;406.697;   null;207.686; 88.850;152.403;283.401; 95.344;156.700;191.446;171.308;188.386;192.054;109.758; 43.954;257.236
2002-05-24 15:40:00;167.662; 49.303;208.067;122.633;1313.720;406.490;   null;208.262; 87.128;153.390;279.802; 96.925;157.400;188.794;170.444;187.580;192.256;110.052; 44.656;256.572
2002-05-24 15:45:00;166.150; 49.677;206.400;124.640;1315.700;408.647;101.417;205.810; 86.000;154.173;280.214; 95.973;156.900;189.394;170.764;188.522;190.376;109.710; 44.288;258.816
2002-05-24 15:50:00;164.504; 50.940;205.900;123.967;1317.040;408.580;   null;205.660; 86.392;153.447;283.128; 96.742;157.840;189.406;171.884;190.262;191.398;110.278; 44.658;255.868
2002-05-24 15:55:00;164.972; 51.383;208.267;123.043;1319.540;407.844;   null;205.632; 85.614;156.710;283.679; 96.249;157.360;190.016;172.162;188.220;192.038;110.020; 44.712;257.788
2002-05-24 16:00:00;164.992; 50.473;205.833;126.030;1317.460;405.687;102.984;206.014; 86.098;153.640;282.579; 96.665;159.420;190.190;167.954;187.650;190.944;109.614; 44.148;257.238
2002-05-24 16:05:00;167.104; 52.320;206.300;123.390;1310.340;406.583;   null;206.852; 88.340;153.680;280.349; 96.620;157.300;189.794;168.810;189.936;192.428;109.106; 44.130;256.758
2002-05-24 16:10:00;165.610; 51.127;207.700;123.920;1315.120;408.250;   null;209.956; 87.908;153.400;279.181; 97.572;156.740;189.398;169.322;189.484;191.532;110.906; 44.270;257.966
2002-05-24 16:15:00;166.658; 50.810;206.867;123.740;1312.080;409.213;101.670;209.202; 87.098;156.243;279.251; 97.626;157.060;188.714;170.296;189.364;191.582;110.898; 45.312;256.016
2002-05-24 16:20:00;166.312; 50.477;206.067;123.457;1312.520;409.070;   null;205.170; 86.946;155.160;282.031; 97.113;155.420;189.812;169.646;187.552;191.648;110.132; 44.048;255.080
2002-05-24 16:25:00;164.554; 50.540;209.333;125.270;1313.520;403.627;   null;205.238; 87.364;154.907;281.414; 96.130;155.740;188.144;170.198;189.180;194.446;110.136; 44.638;258.218
2002-05-24 16:30:00;166.928; 51.097;207.600;125.493;1311.500;411.250;102.941;207.342; 87.668;153.067;281.997; 96.314;158.280;192.372;169.716;189.308;190.840;111.164; 44.232;255.158
2002-05-24 16:35:00;165.302; 49.390;205.967;126.383;1309.340;404.460;   null;207.186; 87.652;152.183;281.655; 97.339;156.660;190.448;168.202;190.190;192.104;109.968; 44.886;258.024
2002-05-24 16:40:00;165.962; 52.457;207.067;123.937;1312.700;408.650;   null;207.670; 87.078;153.707;282.546; 97.765;158.640;189.326;169.486;189.884;191.582;110.648; 44.560;259.064
2002-05-24 16:45:00;165.774; 50.097;208.067;123.693;1315.100;404.750;103.028;209.610; 86.884;154.453;283.231; 97.304;156.660;191.404;168.186;191.956;194.630;110.560; 43.646;259.590

